3.05311331772e-18
2.4968753121e-07
9.98750498958e-07
2.2471900259e-06
3.99500798303e-06
6.2422069898e-06
8.98879041413e-06
1.22347623724e-05
1.59801277295e-05
2.02248920987e-05
2.49690618421e-05
3.021264407e-05
3.59556466421e-05
4.21980781657e-05
4.8939947998e-05
5.61812662442e-05
6.39220437589e-05
7.21622921453e-05
8.09020237559e-05
9.01412516924e-05
9.98799898053e-05
0.000110118252695
0.00012085605571
0.000132093414951
0.000143830347265
0.000156066870251
0.000168803002256
0.00018203876238
0.000195774170471
0.000210009247126
0.000224744013695
0.000239978492276
0.00025571270572
0.000271946677628
0.000288680432351
0.000305913994992
0.000323647391406
0.000341880648197
0.000360613792723
0.000379846853093
0.000399579858168
0.000419812837562
0.000440545821639
0.000461778841519
0.000483511929073
0.000505745116924
0.000528478438449
0.000551711927781
0.000575445619803
0.000599679550153
0.000624413755224
0.000649648272164
0.000675383138874
0.00070161839401
0.000728354076985
0.000755590227965
0.000783326887873
0.000811564098389
0.000840301901946
0.000869540341738
0.000899279461712
0.000929519306574
0.000960259921787
0.000991501353572
0.00102324364891
0.00105548685553
0.00108823102194
0.00112147619738
0.00115522243188
0.0011894697762
0.00122421828188
0.00125946800122
0.00129521898727
0.00133147129384
0.00136822497551
0.00140548008762
0.00144323668628
0.00148149482834
0.00152025457143
0.00155951597394
0.00159927909504
0.00163954399462
0.00168031073338
0.00172157937277
0.00176334997498
0.00180562260302
0.00184839732061
0.00189167419226
0.00193545328327
0.00197973465966
0.00202451838826
0.00206980453665
0.00211559317317
0.00216188436695
0.00220867818788
0.00225597470661
0.00230377399458
0.00235207612398
0.00240088116779
0.00245018919976
0.0025000002944
0.002550314527
0.00260113197363
0.00265245271113
0.00270427681711
0.00275660436995
0.00280943544883
0.00286277013369
0.00291660850523
0.00297095064496
0.00302579663515
0.00308114655885
0.00313700049989
0.00319335854288
0.0032502207732
0.00330758727704
0.00336545814134
0.00342383345384
0.00348271330305
0.00354209777827
0.00360198696958
0.00366238096786
0.00372327986476
0.00378468375271
0.00384659272493
0.00390900687545
0.00397192629905
0.00403535109133
0.00409928134866
0.0041637171682
0.00422865864791
0.00429410588654
0.00436005898363
0.00442651803949
0.00449348315526
0.00456095443285
0.00462893197497
0.00469741588513
0.00476640626762
0.00483590322754
0.00490590687079
0.00497641730405
0.00504743463483
0.00511895897139
0.00519099042284
0.00526352909907
0.00533657511076
0.00541012856941
0.00548418958731
0.00555875827757
0.00563383475409
0.00570941913158
0.00578551152555
0.00586211205233
0.00593922082905
0.00601683797365
0.00609496360487
0.00617359784228
0.00625274080624
0.00633239261794
0.00641255339937
0.00649322327333
0.00657440236345
0.00665609079416
0.00673828869072
0.0068209961792
0.00690421338648
0.00698794044027
0.00707217746909
0.00715692460229
0.00724218197004
0.00732794970333
0.00741422793397
0.00750101679459
0.00758831641866
0.00767612694047
0.00776444849512
0.00785328121856
0.00794262524756
0.00803248071972
0.00812284777347
0.00821372654807
0.00830511718362
0.00839701982104
0.0084894346021
0.0085823616694
0.00867580116637
0.00876975323727
0.00886421802723
0.0089591956822
0.00905468634895
0.00915069017513
0.0092472073092
0.00934423790049
0.00944178209916
0.00953984005622
0.00963841192352
0.00973749785377
0.00983709800051
0.00993721251815
0.0100378415619
0.010138985288
0.0102406438533
0.0103428174155
0.0104455061335
0.0105487101667
0.0106524296755
0.0107566648212
0.0108614157658
0.0109666826723
0.0110724657045
0.0111787650272
0.0112855808058
0.0113929132068
0.0115007623975
0.011609128546
0.0117180118213
0.0118274123934
0.011937330433
0.0120477661118
0.0121587196022
0.0122701910776
0.0123821807124
0.0124946886816
0.0126077151613
0.0127212603284
0.0128353243606
0.0129499074366
0.013065009736
0.0131806314392
0.0132967727275
0.0134134337832
0.0135306147893
0.0136483159298
0.0137665373897
0.0138852793546
0.0140045420113
0.0141243255473
0.0142446301511
0.014365456012
0.0144868033204
0.0146086722673
0.0147310630448
0.014853975846
0.0149774108646
0.0151013682955
0.0152258483343
0.0153508511778
0.0154763770232
0.0156024260692
0.015728998515
0.0158560945609
0.0159837144081
0.0161118582586
0.0162405263155
0.0163697187826
0.0164994358649
0.0166296777681
0.016760444699
0.0168917368651
0.017023554475
0.0171558977382
0.0172887668652
0.0174221620672
0.0175560835566
0.0176905315466
0.0178255062514
0.0179610078861
0.0180970366667
0.0182335928102
0.0183706765345
0.0185082880586
0.0186464276022
0.0187850953862
0.0189242916322
0.0190640165629
0.019204270402
0.0193450533741
0.0194863657047
0.0196282076203
0.0197705793484
0.0199134811174
0.0200569131568
0.0202008756968
0.0203453689688
0.020490393205
0.0206359486389
0.0207820355045
0.0209286540372
0.0210758044731
0.0212234870494
0.0213717020042
0.0215204495767
0.0216697300069
0.021819543536
0.0219698904061
0.0221207708603
0.0222721851425
0.022424133498
0.0225766161726
0.0227296334135
0.0228831854688
0.0230372725874
0.0231918950194
0.0233470530159
0.0235027468289
0.0236589767115
0.0238157429178
0.0239730457028
0.0241308853227
0.0242892620346
0.0244481760965
0.0246076277678
0.0247676173084
0.0249281449797
0.0250892110438
0.025250815764
0.0254129594045
0.0255756422308
0.025738864509
0.0259026265066
0.0260669284921
0.0262317707347
0.0263971535052
0.0265630770749
0.0267295417164
0.0268965477035
0.0270640953107
0.0272321848138
0.0274008164897
0.027569990616
0.0277397074718
0.0279099673369
0.0280807704925
0.0282521172205
0.0284240078042
0.0285964425277
0.0287694216764
0.0289429455367
0.0291170143959
0.0292916285426
0.0294667882663
0.0296424938579
0.0298187456089
0.0299955438124
0.0301728887622
0.0303507807534
0.030529220082
0.0307082070454
0.0308877419418
0.0310678250707
0.0312484567326
0.0314296372292
0.0316113668631
0.0317936459382
0.0319764747595
0.0321598536331
0.0323437828661
0.032528262767
0.032713293645
0.0328988758108
0.0330850095761
0.0332716952537
0.0334589331576
0.0336467236028
0.0338350669056
0.0340239633832
0.0342134133544
0.0344034171386
0.0345939750567
0.0347850874307
0.0349767545836
0.0351689768397
0.0353617545244
0.0355550879644
0.0357489774872
0.035943423422
0.0361384260986
0.0363339858484
0.0365301030038
0.0367267778984
0.0369240108669
0.0371218022453
0.0373201523708
0.0375190615817
0.0377185302174
0.0379185586188
0.0381191471277
0.0383202960872
0.0385220058416
0.0387242767365
0.0389271091185
0.0391305033356
0.039334459737
0.0395389786729
0.039744060495
0.039949705556
0.04015591421
0.0403626868121
0.040570023719
0.0407779252883
0.0409863918789
0.041195423851
0.0414050215661
0.0416151853868
0.041825915677
0.0420372128019
0.042249077128
0.0424615090228
0.0426745088554
0.0428880769959
0.0431022138159
0.043316919688
0.0435321949863
0.043748040086
0.0439644553637
0.0441814411973
0.0443989979659
0.0446171260499
0.044835825831
0.0450550976923
0.045274942018
0.0454953591937
0.0457163496064
0.0459379136442
0.0461600516968
0.0463827641549
0.0466060514107
0.0468299138576
0.0470543518906
0.0472793659057
0.0475049563004
0.0477311234735
0.0479578678251
0.0481851897567
0.0484130896711
0.0486415679726
0.0488706250665
0.0491002613599
0.049330477261
0.0495612731793
0.0497926495258
0.0500246067129
0.0502571451542
0.0504902652649
0.0507239674614
0.0509582521616
0.0511931197847
0.0514285707514
0.0516646054836
0.0519012244048
0.0521384279398
0.0523762165149
0.0526145905577
0.0528535504972
0.0530930967639
0.0533332297898
0.0535739500081
0.0538152578536
0.0540571537624
0.0542996381722
0.0545427115221
0.0547863742525
0.0550306268054
0.0552754696242
0.0555209031537
0.0557669278403
0.0560135441318
0.0562607524774
0.0565085533278
0.0567569471352
0.0570059343533
0.0572555154374
0.0575056908439
0.0577564610311
0.0580078264586
0.0582597875876
0.0585123448807
0.0587654988021
0.0590192498174
0.0592735983938
0.059528545
0.0597840901063
0.0600402341845
0.0602969777078
0.060554321151
0.0608122649907
0.0610708097046
0.0613299557723
0.0615897036749
0.0618500538948
0.0621110069164
0.0623725632253
0.0626347233088
0.0628974876559
0.0631608567571
0.0634248311043
0.0636894111912
0.0639545975131
0.0642203905669
0.064486790851
0.0647537988655
0.0650214151121
0.0652896400941
0.0655584743164
0.0658279182856
0.0660979725099
0.0663686374992
0.0666399137649
0.0669118018201
0.0671843021797
0.0674574153601
0.0677311418795
0.0680054822575
0.0682804370157
0.0685560066772
0.0688321917668
0.069108992811
0.0693864103381
0.0696644448778
0.069943096962
0.0702223671237
0.0705022558982
0.070782763822
0.0710638914338
0.0713456392737
0.0716280078836
0.0719109978072
0.07219460959
0.0724788437792
0.0727637009235
0.0730491815739
0.0733352862826
0.073622015604
0.0739093700941
0.0741973503107
0.0744859568132
0.0747751901632
0.0750650509239
0.0753555396601
0.0756466569387
0.0759384033283
0.0762307793993
0.076523785724
0.0768174228765
0.0771116914328
0.0774065919706
0.0777021250695
0.0779982913111
0.0782950912787
0.0785925255574
0.0788905947345
0.0791892993989
0.0794886401414
0.0797886175549
0.0800892322339
0.080390484775
0.0806923757767
0.0809949058393
0.0812980755653
0.0816018855587
0.0819063364259
0.0822114287748
0.0825171632155
0.0828235403602
0.0831305608226
0.0834382252189
0.0837465341668
0.0840554882863
0.0843650881992
0.0846753345295
0.0849862279029
0.0852977689474
0.0856099582928
0.085922796571
0.086236284416
0.0865504224637
0.0868652113521
0.0871806517212
0.0874967442131
0.087813489472
0.0881308881441
0.0884489408776
0.088767648323
0.0890870111326
0.089407029961
0.0897277054648
0.0900490383028
0.0903710291359
0.0906936786269
0.0910169874411
0.0913409562456
0.0916655857098
0.0919908765053
0.0923168293057
0.0926434447869
0.0929707236269
0.0932986665059
0.0936272741063
0.0939565471126
0.0942864862116
0.0946170920924
0.094948365446
0.095280306966
0.0956129173479
0.0959461972897
0.0962801474915
0.0966147686556
0.0969500614868
0.0972860266919
0.0976226649801
0.0979599770629
0.0982979636541
0.0986366254697
0.0989759632281
0.0993159776501
0.0996566694586
0.0999980393789
0.100340088139
0.100682816468
0.1010262251
0.101370314768
0.10171508621
0.102060540166
0.102406677377
0.102753498587
0.103101004544
0.103449195997
0.103798073696
0.104147638396
0.104497890854
0.104848831828
0.10520046208
0.105552782373
0.105905793474
0.106259496152
0.106613891177
0.106968979323
0.107324761368
0.107681238089
0.108038410268
0.108396278688
0.108754844137
0.109114107403
0.109474069278
0.109834730555
0.110196092032
0.110558154507
0.110920918784
0.111284385665
0.111648555959
0.112013430475
0.112379010025
0.112745295425
0.113112287492
0.113479987046
0.113848394912
0.114217511914
0.114587338881
0.114957876644
0.115329126037
0.115701087897
0.116073763062
0.116447152376
0.116821256683
0.117196076831
0.11757161367
0.117947868054
0.118324840837
0.11870253288
0.119080945045
0.119460078194
0.119839933197
0.120220510922
0.120601812244
0.120983838038
0.121366589182
0.12175006656
0.122134271055
0.122519203555
0.12290486495
0.123291256135
0.123678378005
0.124066231459
0.124454817401
0.124844136735
0.12523419037
0.125624979218
0.126016504192
0.12640876621
0.126801766193
0.127195505064
0.127589983749
0.127985203179
0.128381164286
0.128777868006
0.129175315279
0.129573507045
0.129972444252
0.130372127846
0.13077255878
0.131173738008
0.131575666489
0.131978345184
0.132381775056
0.132785957075
0.13319089221
0.133596581436
0.13400302573
0.134410226073
0.134818183449
0.135226898845
0.135636373252
0.136046607665
0.136457603079
0.136869360496
0.13728188092
0.137695165359
0.138109214823
0.138524030327
0.138939612887
0.139355963527
0.139773083269
0.140190973142
0.140609634179
0.141029067412
0.141449273883
0.141870254631
0.142292010704
0.14271454315
0.143137853022
0.143561941377
0.143986809275
0.144412457778
0.144838887954
0.145266100875
0.145694097615
0.146122879251
0.146552446867
0.146982801547
0.14741394438
0.147845876461
0.148278598885
0.148712112753
0.14914641917
0.149581519244
0.150017414087
0.150454104815
0.150891592547
0.151329878407
0.151768963522
0.152208849024
0.152649536048
0.153091025733
0.153533319222
0.153976417663
0.154420322205
0.154865034006
0.155310554223
0.155756884019
0.156204024562
0.156651977024
0.157100742578
0.157550322406
0.158000717689
0.158451929617
0.15890395938
0.159356808175
0.159810477201
0.160264967665
0.160720280773
0.161176417738
0.161633379779
0.162091168116
0.162549783975
0.163009228586
0.163469503184
0.163930609006
0.164392547297
0.164855319304
0.165318926278
0.165783369476
0.166248650159
0.166714769592
0.167181729044
0.167649529791
0.16811817311
0.168587660286
0.169057992606
0.169529171363
0.170001197853
0.170474073379
0.170947799247
0.171422376768
0.171897807258
0.172374092037
0.172851232431
0.17332922977
0.173808085388
0.174287800625
0.174768376826
0.175249815339
0.17573211752
0.176215284726
0.176699318322
0.177184219677
0.177669990165
0.178156631164
0.178644144058
0.179132530237
0.179621791093
0.180111928026
0.180602942441
0.181094835745
0.181587609355
0.182081264688
0.182575803169
0.18307122623
0.183567535304
0.184064731832
0.18456281726
0.185061793039
0.185561660625
0.18606242148
0.186564077071
0.18706662887
0.187570078356
0.188074427011
0.188579676325
0.189085827792
0.189592882911
0.19010084319
0.190609710137
0.191119485271
0.191630170114
0.192141766193
0.192654275043
0.193167698202
0.193682037216
0.194197293637
0.19471346902
0.195230564929
0.195748582931
0.196267524602
0.196787391522
0.197308185277
0.197829907458
0.198352559666
0.198876143503
0.19940066058
0.199926112514
0.200452500927
0.200979827447
0.201508093711
0.202037301359
0.202567452038
0.203098547402
0.20363058911
0.204163578831
0.204697518235
0.205232409002
0.205768252818
0.206305051374
0.206842806369
0.207381519508
0.207921192503
0.208461827071
0.209003424938
0.209545987835
0.2100895175
0.210634015678
0.21117948412
0.211725924586
0.212273338839
0.212821728653
0.213371095807
0.213921442085
0.214472769282
0.215025079197
0.215578373636
0.216132654415
0.216687923354
0.217244182282
0.217801433033
0.218359677451
0.218918917385
0.219479154694
0.22004039124
0.220602628897
0.221165869543
0.221730115066
0.22229536736
0.222861628325
0.223428899873
0.223997183919
0.224566482389
0.225136797214
0.225708130334
0.226280483698
0.226853859261
0.227428258986
0.228003684845
0.228580138816
0.229157622887
0.229736139053
0.230315689318
0.230896275692
0.231477900195
0.232060564855
0.232644271707
0.233229022797
0.233814820175
0.234401665903
0.23498956205
0.235578510694
0.23616851392
0.236759573825
0.237351692509
0.237944872087
0.238539114678
0.239134422411
0.239730797424
0.240328241865
0.240926757889
0.24152634766
0.242127013353
0.242728757149
0.243331581241
0.243935487829
0.244540479123
0.245146557343
0.245753724716
0.246361983481
0.246971335884
0.247581784182
0.248193330641
0.248805977536
0.249419727153
0.250034581785
0.250650543739
0.251267615326
0.251885798872
0.25250509671
0.253125511184
0.253747044647
0.254369699463
0.254993478005
0.255618382657
0.256244415813
0.256871579878
0.257499877266
0.258129310401
0.258759881719
0.259391593665
0.260024448696
0.260658449279
0.261293597891
0.26192989702
0.262567349166
0.263205956838
0.263845722556
0.264486648854
0.265128738272
0.265771993366
0.266416416699
0.267062010849
0.267708778403
0.268356721959
0.269005844128
0.269656147532
0.270307634803
0.270960308587
0.27161417154
0.272269226332
0.272925475641
0.27358292216
0.274241568593
0.274901417657
0.275562472078
0.276224734599
0.276888207971
0.27755289496
0.278218798342
0.278885920908
0.27955426546
0.280223834814
0.280894631796
0.281566659248
0.282239920023
0.282914416987
0.28359015302
0.284267131014
0.284945353875
0.285624824522
0.286305545886
0.286987520914
0.287670752565
0.288355243811
0.289040997639
0.289728017049
0.290416305056
0.291105864686
0.291796698983
0.292488811001
0.293182203812
0.293876880499
0.294572844162
0.295270097914
0.295968644883
0.296668488212
0.297369631057
0.29807207659
0.298775828
0.299480888487
0.300187261268
0.300894949577
0.30160395666
0.302314285781
0.303025940218
0.303738923265
0.304453238232
0.305168888445
0.305885877245
0.306604207989
0.30732388405
0.30804490882
0.308767285704
0.309491018124
0.310216109519
0.310942563345
0.311670383075
0.312399572197
0.313130134218
0.313862072661
0.314595391067
0.315330092993
0.316066182015
0.316803661724
0.317542535733
0.318282807668
0.319024481175
0.31976755992
0.320512047583
0.321257947865
0.322005264484
0.322754001179
0.323504161705
0.324255749836
0.325008769365
0.325763224106
0.326519117889
0.327276454566
0.328035238006
0.328795472099
0.329557160755
0.330320307902
0.33108491749
0.331850993488
0.332618539884
0.333387560689
0.334158059933
0.334930041665
0.335703509959
0.336478468905
0.337254922617
0.338032875231
0.338812330901
0.339593293805
0.340375768143
0.341159758135
0.341945268024
0.342732302074
0.343520864574
0.344310959832
0.345102592181
0.345895765976
0.346690485594
0.347486755437
0.348284579928
0.349083963516
0.34988491067
0.350687425887
0.351491513684
0.352297178605
0.353104425217
0.35391325811
0.354723681902
0.355535701234
0.35634932077
0.357164545203
0.357981379249
0.358799827649
0.359619895171
0.360441586609
0.361264906783
0.362089860538
0.362916452747
0.363744688309
0.364574572151
0.365406109224
0.366239304511
0.367074163017
0.367910689781
0.368748889863
0.369588768358
0.370430330383
0.371273581089
0.372118525652
0.372965169279
0.373813517205
0.374663574695
0.375515347045
0.376368839577
0.377224057648
0.378081006642
0.378939691974
0.379800119092
0.380662293473
0.381526220625
0.382391906089
0.383259355437
0.384128574274
0.384999568236
0.385872342992
0.386746904245
0.387623257728
0.388501409211
0.389381364496
0.390263129418
0.391146709848
0.39203211169
0.392919340883
0.393808403401
0.394699305254
0.395592052487
0.39648665118
0.39738310745
0.398281427451
0.399181617373
0.400083683442
0.400987631924
0.40189346912
0.40280120137
0.403710835053
0.404622376584
0.405535832421
0.406451209058
0.407368513028
0.408287750908
0.40920892931
0.410132054891
0.411057134345
0.411984174411
0.412913181867
0.413844163534
0.414777126274
0.415712076994
0.416649022641
0.417587970209
0.418528926732
0.419471899291
0.42041689501
0.421363921058
0.42231298465
0.423264093047
0.424217253553
0.425172473523
0.426129760357
0.4270891215
0.428050564447
0.429014096743
0.429979725977
0.43094745979
0.431917305872
0.432889271963
0.433863365853
0.434839595382
0.435817968442
0.436798492977
0.437781176982
0.438766028506
0.439753055651
0.44074226657
0.441733669474
0.442727272626
0.443723084344
0.444721113003
0.445721367033
0.446723854921
0.44772858521
0.448735566502
0.449744807458
0.450756316794
0.45177010329
0.452786175783
0.45380454317
0.45482521441
0.455848198524
0.456873504595
0.457901141767
0.458931119248
0.459963446312
0.460998132295
0.462035186599
0.463074618692
0.464116438108
0.465160654448
0.466207277381
0.467256316645
0.468307782044
0.469361683456
0.470418030826
0.471476834172
0.472538103583
0.473601849221
0.474668081319
0.475736810187
0.476808046208
0.477881799841
0.47895808162
0.480036902158
0.481118272143
0.482202202344
0.483288703608
0.484377786861
0.485469463113
0.486563743454
0.487660639055
0.488760161173
0.489862321148
0.490967130405
0.492074600455
0.493184742898
0.494297569419
0.495413091793
0.496531321884
0.497652271648
0.498775953133
0.499902378476
0.501031559912
0.502163509767
0.503298240465
0.504435764525
0.505576094566
0.506719243302
0.507865223549
0.509014048224
0.510165730345
0.511320283035
0.512477719518
0.513638053125
0.514801297294
0.515967465571
0.517136571608
0.51830862917
0.519483652133
0.520661654483
0.521842650324
0.523026653871
0.524213679457
0.525403741533
0.52659685467
0.527793033556
0.528992293005
0.530194647951
0.531400113455
0.532608704701
0.533820437003
0.535035325804
0.536253386676
0.537474635323
0.538699087585
0.539926759435
0.541157666982
0.542391826476
0.543629254304
0.544869966998
0.54611398123
0.54736131382
0.548611981733
0.549866002084
0.551123392136
0.552384169308
0.553648351169
0.554915955448
0.556187000029
0.557461502957
0.558739482439
0.560020956846
0.561305944715
0.56259446475
0.563886535827
0.565182176992
0.566481407468
0.567784246653
0.569090714123
0.570400829639
0.571714613142
0.57303208476
0.57435326481
0.575678173799
0.577006832428
0.578339261594
0.57967548239
0.581015516114
0.582359384265
0.583707108548
0.585058710879
0.586414213385
0.587773638408
0.589137008507
0.590504346463
0.591875675278
0.593251018185
0.594630398642
0.596013840344
0.597401367219
0.598793003436
0.600188773408
0.601588701791
0.602992813494
0.604401133676
0.605813687755
0.607230501408
0.608651600577
0.610077011471
0.611506760572
0.612940874636
0.6143793807
0.615822306083
0.617269678393
0.61872152553
0.62017787569
0.62163875737
0.623104199371
0.624574230806
0.6260488811
0.627528179998
0.629012157568
0.63050084421
0.631994270654
0.63349246797
0.634995467573
0.636503301227
0.63801600105
0.639533599522
0.641056129487
0.642583624162
0.644116117142
0.645653642403
0.647196234314
0.648743927638
0.650296757541
0.651854759596
0.653417969794
0.654986424545
0.656560160692
0.658139215509
0.659723626718
0.661313432489
0.66290867145
0.664509382696
0.666115605795
0.667727380796
0.669344748238
0.670967749158
0.672596425101
0.674230818126
0.675870970816
0.677516926288
0.679168728202
0.680826420769
0.682490048763
0.68415965753
0.685835292998
0.687517001688
0.689204830721
0.690898827838
0.692599041399
0.694305520406
0.696018314506
0.697737474009
0.699463049894
0.70119509383
0.70293365818
0.70467879602
0.706430561151
0.708189008113
0.709954192196
0.711726169461
0.713504996748
0.715290731697
0.717083432758
0.718883159213
0.720689971188
0.72250392967
0.724325096528
0.726153534526
0.727989307346
0.729832479602
0.731683116862
0.733541285666
0.73540705355
0.73728048906
0.739161661779
0.741050642348
0.742947502486
0.744852315014
0.746765153881
0.748686094184
0.750615212199
0.752552585399
0.754498292489
0.756452413427
0.758415029454
0.760386223122
0.762366078326
0.764354680332
0.766352115811
0.768358472867
0.770373841074
0.772398311512
0.774431976794
0.776474931114
0.778527270274
0.78058909173
0.782660494626
0.784741579841
0.786832450028
0.788933209655
0.791043965059
0.793164824481
0.795295898124
0.797437298196
0.799589138967
0.801751536814
0.803924610286
0.80610848015
0.808303269458
0.810509103601
0.812726110377
0.814954420052
0.817194165428
0.819445481911
0.821708507585
0.823983383286
0.826270252676
0.828569262325
0.830880561796
0.833204303724
0.83554064391
0.837889741414
0.840251758646
0.842626861468
0.845015219297
0.84741700521
0.84983239606
0.852261572585
0.854704719533
0.857162025785
0.859633684484
0.862119893173
0.864620853934
0.867136773533
0.869667863576
0.872214340667
0.874776426573
0.877354348397
0.879948338762
0.882558635993
0.885185484323
0.887829134089
0.890489841955
0.893167871131
0.895863491613
0.898576980425
0.90130862188
0.904058707847
0.906827538037
0.909615420299
0.912422670928
0.915249614996
0.918096586692
0.920963929687
0.923851997507
0.926761153936
0.929691773434
0.932644241579
0.935618955535
0.93861632454
0.941636770425
0.944680728161
0.94774864644
0.95084098828
0.953958231678
0.957100870289
0.960269414154
0.963464390465
0.966686344387
0.969935839918
0.973213460811
0.976519811554
0.979855518411
0.983221230533
0.986617621141
0.99004538879
0.99350525872
0.996997984301
1.00052434858
1.00408516592
1.00768128382
1.01131358477
1.01498298835
1.01869045342
1.02243698049
1.02622361433
1.03005144669
1.03392161937
1.03783532743
1.04179382275
1.04579841786
1.04985049013
1.05395148635
1.05810292766
1.06230641507
1.06656363535
1.07087636767
1.07524649079
1.07967599099
1.08416697092
1.08872165929
1.09334242172
1.09803177279
1.10279238942
1.10762712594
1.11253903095
1.11753136625
1.12260762835
1.12777157267
1.13302724117
1.13837899384
1.14383154475
1.1493900036
1.15505992366
1.16084735751
1.16675892202
1.17280187471
1.17898420385
1.18531473546
1.19180326144
1.19846069384
1.20529925233
1.21233269403
1.21957659778
1.22704871968
1.23476944281
1.2427623537
1.25105499162
1.25967983877
1.2686756526
1.27808929654
1.28797831628
1.29841466783
1.30949029157
1.32132577849
1.33408449587
1.34799699603
1.36340641215
1.38086125384
1.40132954327
1.42675898881
1.46048103954
1.48411523262
1.48974968649
1.4913476807
1.4918993618
1.4916051657
1.49140810652
1.49068445453
1.49019400788
1.48911727186
1.48881965796
1.48727837709
1.48658730775
1.48616516226
1.48503310656
1.4837183052
1.48266698749
1.48167261393
1.48075198881
1.47977047487
1.47885599323
1.47781689836
1.4766977652
1.47556448436
1.47447613334
1.47359295535
1.47288384185
1.47242326857
1.47186025935
1.47004264234
1.46836914866
1.46731664018
1.46699352991
1.46686483559
1.46461151027
1.46310746948
1.46266040048
1.46282733365
1.46021096188
1.45902567192
1.45946198951
1.45750203313
1.45574864789
1.45599446712
1.454521595
1.45261306922
1.45308368613
1.45111891894
1.44963464337
1.45060286123
1.44752938709
1.44699092259
1.44655176494
1.44425844659
1.44546347229
1.44234343444
1.44197256256
1.44097074612
1.43918758049
1.44002444556
1.43690844542
1.43811510098
1.43496061824
1.43509911303
1.43319476923
1.43247416116
1.43137914121
1.43008127851
1.42974083454
1.42786837468
1.4279783794
1.4256643539
1.42607857606
1.42358816074
1.42408191145
1.42148570534
1.4218775523
1.41952083275
1.4196964445
1.41757713559
1.41726549535
1.41570614452
1.41482944316
1.41402251445
1.41246076807
1.4126227793
1.41014670496
1.41130538044
1.4079519436
1.40972867047
1.40599376391
1.40647947375
1.40428318091
1.40351348575
1.40304832609
1.40094838475
1.40241705038
1.39876377203
1.39990490542
1.39705859547
1.39640923779
1.39602796547
1.39376301353
1.39577618524
1.39169542507
1.39185572198
1.39047350057
1.38879746309
1.39044654313
1.38659599031
1.38697360668
1.3853817873
1.38373566977
1.38560545656
1.38159981266
1.38164548112
1.38067460079
1.37855718572
1.38049960721
1.37678920096
1.37603842424
1.37670850528
1.37348130559
1.37399274449
1.3724863723
1.37056652748
1.3724544081
1.36885403056
1.3678898359
1.3694778633
1.3655908604
1.36540568145
1.36536880568
1.36251683273
1.36306273256
1.36173601806
1.35956511223
1.36076845171
1.35832140652
1.35663892999
1.35838079124
1.35515822078
1.35377563114
1.35587583679
1.3520634039
1.3508720088
1.35303671499
1.34904960322
1.3479486831
1.35005279291
1.34609817622
1.34497681107
1.3469985285
1.34319158948
1.34196891856
1.34390474254
1.34043304581
1.33898757971
1.3406016282
1.3377536309
1.33598359603
1.33696963099
1.33518006781
1.33301174723
1.33342115849
1.33289792996
1.33013683159
1.32996408077
1.33091671459
1.32737373057
1.32663395973
1.32883454113
1.32479636623
1.32344358508
1.32475138535
1.32256549893
1.32043466955
1.32064447829
1.3208508923
1.31767649292
1.31703933897
1.31933857062
1.31526450059
1.31378737471
1.31466087597
1.31340231548
1.3108798364
1.31058872048
1.31248445537
1.30841260965
1.30715082396
1.30821464356
1.30661569246
1.30420206197
1.30390016954
1.305959108
1.30185421572
1.30046632568
1.30124168455
1.30046405671
1.2976533716
1.29702092338
1.29898789445
1.29559790056
1.29376596607
1.29383806727
1.29500989371
1.29131432529
1.29010286407
1.29093453342
1.2901076216
1.28731357212
1.28657740811
1.28822525315
1.28563264871
1.28347268703
1.28313600453
1.28541015686
1.28143870735
1.27970300137
1.2796909696
1.28142543798
1.27746961477
1.27600721451
1.27625082691
1.27713689631
1.2736131388
1.27233234189
1.27278093014
1.27326682401
1.26986692899
1.26866574253
1.26918715404
1.2694103706
1.26615233502
1.26497987809
1.26548792079
1.2658013153
1.26249794746
1.26127394078
1.26164671675
1.26237390471
1.25892309881
1.257589979
1.25778113615
1.2591389903
1.25541470836
1.25390824626
1.25386669374
1.25615615712
1.25204925687
1.25026907813
1.24993038957
1.25183548092
1.24885176042
1.24669906244
1.24603235524
1.24716610697
1.24594570605
1.24324772107
1.24222261821
1.24269913822
1.24356408899
1.23996472114
1.23851472346
1.23841027768
1.24073587569
1.23697118178
1.23497166248
1.23434691028
1.23543712136
1.2344379275
1.23163277949
1.23048666166
1.23066483524
1.23256299747
1.22862383477
1.22687402551
1.22637983426
1.22761564162
1.22623596778
1.22358398325
1.22247032141
1.22262119607
1.22469829043
1.22075037582
1.21891347228
1.2183030824
1.21921774788
1.21875939218
1.2157792691
1.21446434898
1.2143173367
1.2162828973
1.21339340642
1.21111818871
1.2101743729
1.21047055382
1.21231468502
1.20837687125
1.20659070186
1.20595005771
1.20669105144
1.20694203092
1.2036751532
1.20219282335
1.20179834117
1.20303714116
1.20195359029
1.19912985302
1.19784612109
1.19762709664
1.19918095274
1.19714692346
1.19466850565
1.19352429155
1.19343045941
1.19521146577
1.19262047538
1.19029700324
1.18922285623
1.18919099928
1.19112052751
1.18826819686
1.18598494756
1.18492137407
1.18487776271
1.18673972851
1.18407566676
1.18173605217
1.1806277564
1.18050427143
1.18211016587
1.18000606377
1.17754027046
1.17634443317
1.17609920678
1.1774051764
1.17615937104
1.17341924248
1.17207530227
1.17165310987
1.17253584528
1.17262950367
1.16942711905
1.16787116549
1.1672402864
1.16771002842
1.16942216167
1.16559847182
1.16374393373
1.1628696375
1.16294370986
1.16490716909
1.16204748571
1.15974665262
1.15858526187
1.15828886994
1.15933324989
1.15896764851
1.15594301034
1.15442482374
1.15377191109
1.15412230339
1.15638702275
1.1524877622
1.15045871239
1.14943090032
1.14924482124
1.15046941527
1.14957967208
1.146738781
1.14527749467
1.14463799848
1.14495180876
1.14710039286
1.1434750098
1.14139724138
1.14030924234
1.14001425152
1.14094360502
1.14116273893
1.13791446752
1.13627205171
1.13545983314
1.13547660081
1.13707865956
1.13516383973
1.13263484272
1.13128471738
1.1306943387
1.13101590029
1.13321508166
1.12968097255
1.1275415422
1.12638513605
1.12596316262
1.12654373561
1.12809703353
1.1244343558
1.12254902574
1.1215278605
1.12122907719
1.1220099376
1.12268666349
1.11937408319
1.11763336927
1.11669347127
1.11647015752
1.11739428529
1.11775610558
1.1144955844
1.11280087981
1.11188777429
1.11168531336
1.11265093647
1.1130342527
1.10971256218
1.10800573126
1.10707356301
1.10682938661
1.1076637333
1.10848887167
1.10504504054
1.10326790981
1.10227446506
1.10194060104
1.10255465123
1.10407477534
1.1005004848
1.09859352331
1.09750236504
1.09704925209
1.09743321783
1.09953906747
1.09621708027
1.09404105428
1.09279389153
1.09218118189
1.09229279356
1.09380353406
1.09213078399
1.08958806143
1.08814298343
1.08735004455
1.08720317596
1.0881369353
1.08870621983
1.08538012534
1.08362413898
1.08260531086
1.0821878141
1.08257275016
1.08466249785
1.08145959491
1.07925268254
1.07796166736
1.07727182135
1.07722225789
1.07829520145
1.07816371534
1.07516555271
1.07350082713
1.07251794144
1.07210812962
1.07246535596
1.0744918124
1.07160308937
1.06930869051
1.06796339542
1.06720906269
1.06704823342
1.06784770529
1.06895886845
1.0655239049
1.06366496548
1.06254312278
1.06197037251
1.06203565986
1.0633167741
1.06263752488
1.05979086418
1.05818256323
1.05721263261
1.05677846506
1.05703912704
1.05877003316
1.05673842432
1.05425257716
1.05279635581
1.0519251663
1.05158320323
1.05197601228
1.05395911044
1.05113893396
1.04885765544
1.04748901576
1.04667518877
1.04638668266
1.04686054919
1.04898292162
1.04579456863
1.04357862869
1.04223906084
1.04144007229
1.04115653349
1.04161967556
1.04369050449
1.04061262285
1.03838308265
1.03702878247
1.03620764179
1.03588443263
1.0362562613
1.03811612287
1.03565842522
1.03330353694
1.03188094359
1.03099862839
1.03059516896
1.030815783
1.03231446632
1.03099743283
1.02836750799
1.0268169448
1.02583694693
1.02532328465
1.02536494475
1.0264279816
1.02673247599
1.02360395659
1.02184571655
1.02072609832
1.02007094944
1.01990673604
1.02051067813
1.02255799197
1.01912737736
1.01703171475
1.01571967319
1.01489690278
1.01452493376
1.01475066155
1.01621749144
1.01515514771
1.01244286765
1.01085056927
1.00982278752
1.00923382069
1.00913066607
1.00981769615
1.01167784182
1.00820010772
1.00617191615
1.00488291294
1.0040615924
1.00366889664
1.00383042489
1.00508158567
1.00472345749
1.0018390207
1.00016186198
0.999065424179
0.998394438877
0.998161137054
0.998564208436
1.00029508335
0.998137834975
0.99577653334
0.994311048526
0.993344684049
0.992783218708
0.992674414759
0.993283419009
0.995153879552
0.991993896063
0.98990873085
0.988570126285
0.987687117164
0.98719799791
0.987173346482
0.987925709496
0.989343242591
0.986125393731
0.984180513285
0.982909450047
0.982070597378
0.981618093327
0.981634455363
0.982464526172
0.983794848391
0.980501035638
0.978579600229
0.977320696053
0.97648595729
0.976029573834
0.976029562135
0.976814083797
0.97844458173
0.975069877547
0.973092095306
0.971800755736
0.970935681104
0.970440287523
0.970375986972
0.971019468274
0.973104217306
0.969871275504
0.96773129068
0.966357381624
0.965426499469
0.964858063175
0.964685424987
0.965101837793
0.966748458426
0.964896841007
0.962504899369
0.961001029867
0.959973780133
0.959308728024
0.959010072384
0.959207797063
0.960383373927
0.960535179875
0.957540167925
0.955794134561
0.954617486162
0.953821972667
0.953371724614
0.953333423566
0.953972385757
0.955914543376
0.952904676588
0.950770281231
0.949384080023
0.948426662758
0.947810119757
0.947548618394
0.947776513672
0.948956825398
0.948930434249
0.946069264073
0.944350414895
0.943178651172
0.94237415614
0.941898179881
0.941803735376
0.942307140726
0.94410161257
0.941954012701
0.939615446374
0.938129622453
0.937096237226
0.936399072853
0.936027872166
0.936065788512
0.936804519422
0.93857503174
0.935432692409
0.933400146667
0.932052837536
0.931107256756
0.930480901172
0.930180852298
0.930312264309
0.931230043488
0.932406635667
0.929234676279
0.927351455081
0.926077647877
0.925179157916
0.924589050691
0.924322033956
0.924491045793
0.925464855543
0.926287710206
0.923271968453
0.921442109783
0.92019143524
0.919304229758
0.918717630733
0.918445812478
0.918595702479
0.919512154444
0.920618374653
0.917550565965
0.915675474447
0.914398225787
0.9134874934
0.912873206989
0.91256154009
0.912641677304
0.913399982598
0.915090042144
0.912070723161
0.910052551383
0.90869943592
0.907731647864
0.907060853561
0.906679062859
0.906650763161
0.907191616865
0.908976922563
0.906939849349
0.904613361967
0.903117842862
0.902053786277
0.901296432976
0.900816295829
0.90064780727
0.900924996888
0.90205652689
0.902178742818
0.899412023835
0.897690030372
0.896485594045
0.895613584849
0.89501590923
0.894698630377
0.894737838264
0.895366124849
0.897071702844
0.894640519948
0.892504652824
0.891081028146
0.890053238243
0.88931456046
0.888839671654
0.888660662221
0.888899224072
0.889928764745
0.890637812197
0.887706511993
0.885909094661
0.884659127028
0.883746014306
0.883100039191
0.882714927591
0.882642041546
0.883042272662
0.884373818285
0.883641318169
0.881130984322
0.87952420745
0.878377238233
0.877535616687
0.876949327883
0.876623603959
0.876623957014
0.877147208616
0.878757891233
0.877162938946
0.874815914366
0.8732946879
0.872197714136
0.87139076827
0.870831727274
0.870530129316
0.870555842456
0.871115719789
0.872804919816
0.871038672144
0.8687138184
0.867205440758
0.866114843287
0.865309367422
0.864746626618
0.86443406237
0.864435468334
0.864938331474
0.866511693871
0.865233303076
0.862799790949
0.861243490034
0.860121589544
0.859288204141
0.858694227168
0.85833998779
0.858275521434
0.858648428199
0.859890853317
0.859789320832
0.857109013489
0.855428089263
0.854231662761
0.853339605366
0.85268812485
0.852266086092
0.852106068504
0.852312782451
0.853185927874
0.854726632219
0.851744213794
0.849809828879
0.848478653131
0.847491191971
0.84675512179
0.846242473706
0.845966400418
0.845991632055
0.84649810303
0.847988198839
0.846848586373
0.844452767287
0.842898472294
0.841769354302
0.840919358366
0.840295688098
0.839890911667
0.839737406587
0.839934115281
0.840756127604
0.842400255518
0.839568169282
0.837593922975
0.836239089804
0.835230684984
0.834469979283
0.833923613296
0.833596593902
0.833536094126
0.833872776073
0.83497835957
0.835556729034
0.832752304617
0.830995092626
0.829750299302
0.828812433045
0.828105162328
0.827605025069
0.827323677312
0.827316367655
0.827730907132
0.828975439864
0.828834391126
0.826250137799
0.824593026921
0.823399608465
0.82249434818
0.821810503107
0.821328562463
0.821062259974
0.821068537425
0.821498514467
0.822775910863
0.822653703305
0.820033184581
0.818370982894
0.817175397936
0.816266788847
0.815576807421
0.815084237596
0.814799775474
0.814773477884
0.815137076097
0.816256902498
0.816809364614
0.814055395728
0.812310795242
0.811068391073
0.810124559112
0.809401421433
0.808871656457
0.808538868275
0.808439856691
0.808671856291
0.809487918595
0.811033167644
0.808387498288
0.806455974003
0.805110638323
0.804095556857
0.803312050162
0.802721738861
0.802318475989
0.802124501896
0.802205174295
0.802723991784
0.8040735782
0.803199506108
0.800892421909
0.79935207229
0.798216041272
0.797340060143
0.796665739921
0.796173768545
0.7958716774
0.795798576008
0.796053641933
0.796893435577
0.79841119789
0.795779432851
0.793863237223
0.792525080695
0.791511535201
0.790724036432
0.790123033757
0.789699728225
0.789470858175
0.789489323791
0.78988642202
0.791013279076
0.791530871551
0.788855883531
0.787137059924
0.785903860629
0.784958160537
0.784221483378
0.783663103125
0.783279411388
0.783091800293
0.783160070191
0.783630691445
0.784877348121
0.784674771652
0.78221989886
0.780604682466
0.779424160526
0.778511182456
0.777797314152
0.777255832198
0.776884930029
0.776706795786
0.776781464448
0.777255895955
0.778522194588
0.778457952206
0.775927766155
0.774293237033
0.773103827749
0.772183845457
0.771461977273
0.770909615972
0.770522685771
0.770319389669
0.770350909743
0.770739667796
0.771801607048
0.772537271386
0.769904675716
0.768172644523
0.766928137978
0.765969114312
0.765213607992
0.764627233356
0.764201013177
0.763946552654
0.763902508367
0.764160738195
0.764953452263
0.766668473624
0.764307058127
0.762313696961
0.760938746067
0.759896693419
0.759076735844
0.758431608044
0.757943925405
0.757616509622
0.757473926724
0.757577132544
0.758071984842
0.759339552809
0.759325407124
0.756814190203
0.755187081963
0.7540007863
0.75307853698
0.752347556282
0.751776885398
0.751358322811
0.75110213547
0.751042246315
0.751256693829
0.751929048856
0.753373847548
0.751775368573
0.749738659569
0.748323236872
0.747250925104
0.746403727028
0.74572947907
0.745206494932
0.74483206932
0.744621254676
0.744614674048
0.744904711586
0.745717448121
0.747290872921
0.74499122031
0.743065532738
0.741718864527
0.740689970564
0.739873441489
0.739222666135
0.738718653142
0.738360169841
0.738163192583
0.738169064391
0.738470883028
0.739293649449
0.740844682456
0.738562143867
0.736646050288
0.735303193137
0.73427623737
0.733459819175
0.732806985871
0.732298127936
0.731930933788
0.731719391801
0.731700841793
0.731959380574
0.732700164793
0.734354994795
0.732617987146
0.730518895748
0.729094532645
0.728020776716
0.727170573816
0.726488362354
0.725949748575
0.72554836629
0.725292930046
0.725211299387
0.725365872365
0.725900162581
0.727167123166
0.727079652525
0.724683418569
0.723098125868
0.721931419236
0.721015982762
0.7202800737
0.719690945426
0.719236173217
0.71891790177
0.718753814546
0.718785790984
0.719106108583
0.719937277788
0.721535790378
0.719342991772
0.717411964312
0.716064811886
0.715034426522
0.714211644405
0.71354709451
0.713018566613
0.712619915218
0.712358410027
0.71225789969
0.712370879966
0.712813488014
0.713861997487
0.714660582532
0.712209634255
0.710517087166
0.709289583801
0.708332035548
0.707560523463
0.7069359103
0.706440995222
0.706072632335
0.705840457628
0.705771041506
0.705921508542
0.706418609784
0.707559883954
0.707951758201
0.705559206123
0.70393364634
0.702743035626
0.701809079896
0.701054120658
0.70044156266
0.699955273004
0.699592408425
0.699362293072
0.699290327738
0.699430610724
0.699901484987
0.700976920477
0.701665270402
0.699266122349
0.69760077653
0.696388370231
0.695439868956
0.694672809634
0.694048134836
0.693547954262
0.693167594619
0.692913784373
0.692807373246
0.692893063831
0.693266772957
0.694155690685
0.695699813711
0.693411269718
0.691557949079
0.690250485247
0.689243087367
0.688432421885
0.687770368173
0.687233917504
0.686814382703
0.686513968781
0.686346597373
0.68634364662
0.686569926799
0.687167342712
0.688423157204
0.688012997188
0.685854500875
0.684361528562
0.683242574789
0.682353335719
0.681627870458
0.681033961227
0.680556775436
0.680192851061
0.679948847091
0.679844042009
0.679918655207
0.680256135708
0.681043813633
0.682503245208
0.680752638047
0.678859736149
0.677522581752
0.676494939074
0.675667545603
0.67498873841
0.674432967558
0.673989054964
0.673655965077
0.673442459897
0.673370372621
0.673484236034
0.673876948049
0.674758422168
0.676160389393
0.674027114158
0.672232140421
0.670949283629
0.669955248396
0.669151129956
0.668489573672
0.667947002811
0.667513167384
0.667187382404
0.666978316815
0.666907179931
0.667016946593
0.667396942734
0.668250671432
0.669707554752
0.667786711
0.665932336237
0.664621453298
0.663611603125
0.662796253714
0.662124825529
0.661571946481
0.661125965992
0.660784660772
0.660554496031
0.66045288158
0.660515166812
0.660812756548
0.661501174357
0.662839122108
0.662005536189
0.659969298008
0.658546668176
0.657470571125
0.6566093718
0.655901458791
0.655315829169
0.654837213897
0.654460280003
0.654187865499
0.654031935434
0.654017970203
0.654196487207
0.654674001313
0.655698998681
0.656908619107
0.654507417735
0.652807234202
0.651583044906
0.65062720621
0.649849208579
0.649205069979
0.648672340203
0.648240586879
0.647907768782
0.647679588902
0.647571358963
0.647613724794
0.647867150446
0.648460306931
0.649666763402
0.649731464255
0.647545807791
0.646033385391
0.644907339655
0.644012671636
0.643277930526
0.64266710815
0.642161624664
0.641753168916
0.641440997995
0.64123171191
0.641141342081
0.641201201905
0.641472267854
0.642081488414
0.643269950058
0.643120370816
0.641055271024
0.63959054367
0.638488703381
0.637609069597
0.636884572472
0.636280823917
0.635779849481
0.635373440097
0.635060584164
0.634847187514
0.634747906546
0.634791351318
0.635032870781
0.635587574634
0.636700647056
0.637218753275
0.635027289894
0.633470331265
0.63232024492
0.631410516889
0.630663962839
0.630041577025
0.629522781672
0.629097476533
0.628762819598
0.628522410681
0.628387354803
0.628379892866
0.628542290178
0.628959154436
0.62981539556
0.63126875891
0.629495408892
0.627698644579
0.626420143635
0.625431636747
0.624629270875
0.623962299786
0.623404024075
0.62294044505
0.622565551274
0.62227956709
0.622089017081
0.622008637518
0.622066358917
0.622315106226
0.622861596051
0.623914403727
0.624476732134
0.622408334399
0.620869706133
0.619726301806
0.618820260338
0.618075237489
0.617451960993
0.616929261344
0.616496164962
0.616148531386
0.615887924739
0.615722041773
0.615666946636
0.615752546631
0.616035515706
0.616631222555
0.617764562919
0.617984286826
0.615921586576
0.61444545978
0.61334052175
0.612459987009
0.611733350688
0.611124009089
0.610612063959
0.610187130443
0.609845252104
0.609587853014
0.60942211277
0.609362971987
0.609437992392
0.609698565563
0.610246527916
0.611274485068
0.611869789521
0.609877510657
0.608358424357
0.607225440545
0.606326596563
0.605586460932
0.604965725178
0.604442858408
0.604006282073
0.603650935691
0.60337696161
0.603189757656
0.603101432563
0.603134527189
0.603330595814
0.603770987756
0.604626453964
0.606000778635
0.604446961971
0.602686182649
0.601423784368
0.600447745985
0.599654693063
0.598993138052
0.598435404336
0.597966235397
0.597577871545
0.597267939391
0.59703886202
0.596898464861
0.596862102204
0.596957581797
0.597236429816
0.597800830155
0.598848547601
0.599518482255
0.597506696738
0.595987761262
0.594860253353
0.593967198925
0.593231742393
0.592613879482
0.592091513626
0.591652424956
0.591290693183
0.591005200297
0.59079937242
0.590682027968
0.590669787847
0.590792523452
0.591105913886
0.591722150407
0.59286103308
0.593229857134
0.591198981966
0.589728937449
0.588633139186
0.587761839732
0.587042448115
0.586436961315
0.585924245511
0.585492520822
0.585135988863
0.584853396943
0.584647747053
0.584526998587
0.584506114787
0.584611597607
0.584891476615
0.585437577583
0.586412050596
0.587165470553
0.585327403148
0.583821977613
0.582696056954
0.581804001905
0.581069242019
0.580451100287
0.579926764446
0.579483265178
0.579113790961
0.578816032559
0.578591673597
0.578446783064
0.578393306105
0.578452463751
0.578662267121
0.579095141349
0.579899534126
0.581243605488
0.580184704508
0.578400818549
0.577122168625
0.576140263086
0.57534520641
0.574681819654
0.574120125337
0.573643055304
0.573241031197
0.572909469151
0.572647730054
0.572458982477
0.572350911519
0.572337615226
0.572443725364
0.572713456905
0.57323152772
0.574163817148
0.575332059434
0.573567507475
0.571985260256
0.570821946798
0.569909790715
0.569162374711
0.568534575878
0.568001185806
0.567547642193
0.567165794902
0.56685192493
0.566605937509
0.566431345201
0.566336031973
0.566334155619
0.566450200409
0.566727749333
0.567249268883
0.568170913446
0.569302211097
0.539706396419
0.51037604716
0.494185378024
0.476195286917
0.461752639811
0.452275329146
0.449462369019
0.452537773
0.459266871279
0.471285745341
0.492115654125
0.520827905741
0.560159043466
0.610715094028
0.683068926555
0.791769536649
1.02621500155
1.11667492917
1.06411219561
1.01813861939
0.967205846478
0.918125842696
0.875263328446
0.835981258863
0.794863453322
0.761168358849
0.722283109497
0.69024658191
0.661551164486
0.638719603368
0.611450830383
0.588097131742
0.572558332554
0.550927752898
0.537678348485
0.527143788991
0.519120069347
0.51683353572
0.517149072475
0.516671903252
0.521631486676
0.533753966608
0.552973650994
0.581331528114
0.612482392404
0.66655414149
0.730696193525
0.849451193034
1.03606831042
1.00278103525
0.963336218839
0.918892806862
0.89141798898
0.847217968829
0.820387845658
0.789547380114
0.753711779499
0.725571002963
0.701850824054
0.68309618519
0.658618364646
0.63118763477
0.620793851119
0.595031368578
0.583278336071
0.568162179829
0.566339699546
0.548503449532
0.553030621683
0.542863886963
