2.08166817117e-17
2.49687531234e-07
9.98750499002e-07
2.24719002603e-06
3.9950079834e-06
6.24220699067e-06
8.98879041591e-06
1.22347623757e-05
1.59801277352e-05
2.02248921078e-05
2.49690618559e-05
3.02126440903e-05
3.59556466707e-05
4.21980782052e-05
4.8939948051e-05
5.61812663141e-05
6.39220438493e-05
7.21622922606e-05
8.09020239009e-05
9.01412518722e-05
9.98799900261e-05
0.000110118252963
0.000120856056033
0.000132093415337
0.000143830347723
0.00015606687079
0.000168803002887
0.000182038763114
0.000195774171319
0.000210009248102
0.000224744014813
0.000239978493551
0.000255712707168
0.000271946679265
0.000288680434196
0.000305913997064
0.000323647393724
0.000341880650784
0.000360613795601
0.000379846856287
0.000399579861703
0.000419812841463
0.000440545825936
0.00046177884624
0.000483511934249
0.000505745122587
0.000528478444633
0.00055171193452
0.000575445627135
0.000599679558116
0.000624413763858
0.00064964828151
0.000675383148975
0.000701618404911
0.000728354088732
0.000755590240608
0.000783326901462
0.000811564112975
0.000840301917584
0.000869540358484
0.000899279479623
0.000929519325711
0.000960259942211
0.000991501375347
0.0010232436721
0.00105548688021
0.00108823104817
0.00112147622524
0.00115522246144
0.00118946980755
0.00122421831509
0.00125946803636
0.00129521902443
0.00133147133312
0.00136822501699
0.00140548013139
0.00144323673243
0.00148149487697
0.00152025462265
0.00155951602784
0.00159927915172
0.0016395440542
0.00168031079596
0.00172157943846
0.0017633500439
0.00180562267528
0.00184839739634
0.00189167427159
0.00193545336631
0.00197973474655
0.00202451847913
0.00206980463164
0.00211559327241
0.00216188447059
0.00220867829605
0.00225597481947
0.00230377411227
0.00235207624667
0.00240088129563
0.00245018933291
0.00250000043302
0.00255031467127
0.00260113212371
0.0026524528672
0.00270427697934
0.00275660453853
0.00280943562395
0.00286277031552
0.00291660869398
0.00297095084082
0.00302579683831
0.00308114676952
0.00313700071828
0.0031933587692
0.00325022100767
0.00330758751987
0.00336545839275
0.00342383371406
0.00348271357231
0.00354209805681
0.00360198725764
0.00366238126567
0.00372328017257
0.00378468407077
0.00384659305351
0.00390900721479
0.00397192664943
0.00403535145301
0.00409928172191
0.0041637175533
0.00422865904514
0.00429410629619
0.00436005940598
0.00442651847484
0.00449348360391
0.0045609548951
0.00462893245114
0.00469741637551
0.00476640677255
0.00483590374733
0.00490590740577
0.00497641785456
0.00504743520119
0.00511895955396
0.00519099102196
0.00526352971509
0.00533657574404
0.00541012922031
0.0054841902562
0.00555875896482
0.00563383546007
0.00570941985668
0.00578551227016
0.00586211281684
0.00593922161386
0.00601683877916
0.0060949644315
0.00617359869044
0.00625274167635
0.00633239351042
0.00641255431465
0.00649322421185
0.00657440332565
0.0066560917805
0.00673828970165
0.00682099721517
0.00690421444796
0.00698794152773
0.00707217858302
0.00715692574317
0.00724218313835
0.00732795089957
0.00741422915864
0.0075010180482
0.00758831770172
0.00767612825349
0.00776444983864
0.00785328259311
0.00794262665368
0.00803248215795
0.00812284924436
0.00821372805218
0.00830511872152
0.0083970213933
0.00848943620929
0.0085823633121
0.00867580284518
0.00876975495279
0.00886421978005
0.00895919747293
0.00905468817822
0.00915069204356
0.00924720921742
0.00934423984914
0.00944178408888
0.00953984208766
0.00963841399735
0.00973749997064
0.0098371001611
0.00993721472315
0.010037843812
0.0101389875839
0.0102406461956
0.0103428198051
0.010445508571
0.0105487126528
0.010652432211
0.0107566674068
0.0108614184022
0.0109666853603
0.0110724684449
0.0111787678207
0.0112855836532
0.0113929161089
0.0115007653551
0.0116091315599
0.0117180148924
0.0118274155224
0.0119373336208
0.0120477693591
0.0121587229099
0.0122701944466
0.0123821841435
0.0124946921757
0.0126077187193
0.0127212639511
0.0128353280489
0.0129499111915
0.0130650135584
0.0131806353299
0.0132967766875
0.0134134378134
0.0135306188907
0.0136483201033
0.0137665416363
0.0138852836752
0.0140045464069
0.0141243300189
0.0142446346997
0.0143654606386
0.014486808026
0.0146086770529
0.0147310679115
0.0148539807948
0.0149774158966
0.0151013734117
0.0152258535358
0.0153508564656
0.0154763823986
0.0156024315331
0.0157290040685
0.0158561002052
0.0159837201442
0.0161118640878
0.0162405322388
0.0163697248013
0.0164994419801
0.0166296839809
0.0167604510106
0.0168917432768
0.0170235609879
0.0171559043536
0.0172887735842
0.0174221688912
0.0175560904868
0.0176905385842
0.0178255133977
0.0179610151423
0.0180970440341
0.0182336002902
0.0183706841284
0.0185082957676
0.0186464354277
0.0187851033295
0.0189242996947
0.019064024746
0.019204278707
0.0193450618024
0.0194863742577
0.0196282162994
0.019770588155
0.0199134900529
0.0200569222226
0.0202008848944
0.0203453782997
0.0204904026708
0.0206359582408
0.0207820452442
0.0209286639161
0.0210758144928
0.0212234972114
0.02137171231
0.0215204600278
0.021669740605
0.0218195542827
0.0219699013029
0.0221207819088
0.0222721963443
0.0224241448547
0.0225766276859
0.0227296450851
0.0228831973002
0.0230372845804
0.0231919071757
0.0233470653371
0.0235027593168
0.0236589893678
0.0238157557442
0.0239730587011
0.0241308984946
0.0242892753819
0.0244481896211
0.0246076414713
0.0247676311927
0.0249281590466
0.0250892252952
0.0252508302017
0.0254129740305
0.0255756570468
0.025738879517
0.0259026417085
0.0260669438897
0.0262317863301
0.0263971693002
0.0265630930715
0.0267295579167
0.0268965641094
0.0270641119242
0.0272322016369
0.0274008335244
0.0275700078644
0.0277397249359
0.0279099850188
0.0280807883943
0.0282521353443
0.0284240261521
0.0285964611019
0.028769440479
0.0289429645698
0.0291170336617
0.0292916480433
0.0294668080042
0.029642513835
0.0298187658277
0.0299955642749
0.0301729094708
0.0303508017103
0.0305292412896
0.0307082285059
0.0308877636576
0.0310678470442
0.031248478966
0.0314296597249
0.0316113896235
0.0317936689657
0.0319764980566
0.0321598772021
0.0323438067096
0.0325282868873
0.0327133180447
0.0328989004924
0.0330850345421
0.0332717205066
0.0334589586999
0.0336467494371
0.0338350930344
0.0340239898093
0.0342134400802
0.0344034441669
0.0345940023901
0.0347851150718
0.0349767825351
0.0351690051043
0.0353617831048
0.0355551168633
0.0357490067075
0.0359434529663
0.0361384559698
0.0363340160492
0.0365301335371
0.0367268087669
0.0369240420736
0.037121833793
0.0373201842624
0.0375190938201
0.0377185628056
0.0379185915597
0.0381191804242
0.0383203297423
0.0385220398584
0.0387243111179
0.0389271438676
0.0391305384554
0.0393344952305
0.0395390145433
0.0397440967454
0.0399497421895
0.0401559512298
0.0403627242214
0.0405700615209
0.040777963486
0.0409864304756
0.04119546285
0.0414050609706
0.0416152252002
0.0418259559025
0.0420372534429
0.0422491181877
0.0424615505047
0.0426745507629
0.0428881193324
0.0431022565847
0.0433169628926
0.0435322386301
0.0437480841726
0.0439644998966
0.04418148618
0.0443990434019
0.0446171719428
0.0448358721844
0.0450551445098
0.0452749893032
0.0454954069503
0.045716397838
0.0459379623546
0.0461601008896
0.0463828138339
0.0466061015796
0.0468299645203
0.0470544030508
0.0472794175672
0.0475050084671
0.0477311761493
0.0479579210138
0.0481852434623
0.0484131438975
0.0486416227238
0.0488706803465
0.0491003171726
0.0493305336104
0.0495613300696
0.049792706961
0.050024664697
0.0502572036915
0.0504903243595
0.0507240271174
0.0509583123832
0.0511931805761
0.0514286321168
0.0516646674274
0.0519012869312
0.0521384910531
0.0523762802195
0.0526146548578
0.0528536153973
0.0530931622685
0.0533332959032
0.0535740167347
0.053815325198
0.0540572217291
0.0542997067657
0.0545427807469
0.0547864441132
0.0550306973067
0.0552755407706
0.05552097495
0.0557670002911
0.0560136172418
0.0562608262514
0.0565086277705
0.0567570222514
0.0570060101479
0.0572555919151
0.0575057680097
0.0577565388898
0.0580079050152
0.058259866847
0.0585124248479
0.058765579482
0.0590193312151
0.0592736805144
0.0595286278486
0.0597841736879
0.0600403185043
0.0602970627709
0.0605544069628
0.0608123515562
0.0610708970291
0.0613300438612
0.0615897925334
0.0618501435283
0.0621110973302
0.0623726544248
0.0626348152995
0.0628975804432
0.0631609503464
0.0634249255012
0.0636895064013
0.063954693542
0.0642204874201
0.0644868885342
0.0647538973843
0.0650215144722
0.0652897403012
0.0655585753762
0.065828020204
0.0660980752927
0.0663687411522
0.0666400182939
0.0669119072312
0.0671844084787
0.067457522553
0.0677312499723
0.0680055912563
0.0682805469265
0.0685561175061
0.0688323035199
0.0691091054945
0.0693865239582
0.0696645594408
0.0699432124739
0.0702224835911
0.0705023733272
0.0707828822191
0.0710640108053
0.0713457596261
0.0716281292233
0.0719111201408
0.0721947329239
0.07247896812
0.0727638262778
0.0730493079483
0.0733354136839
0.0736221440388
0.0739094995691
0.0741974808326
0.074486088389
0.0747753227996
0.0750651846277
0.0753556744384
0.0756467927983
0.0759385402763
0.0762309174426
0.0765239248698
0.0768175631318
0.0771118328047
0.0774067344663
0.0777022686962
0.077998436076
0.0782952371891
0.0785926726207
0.078890742958
0.0791894487899
0.0794887907075
0.0797887693034
0.0800893851723
0.0803906389109
0.0806925311177
0.0809950623931
0.0812982333393
0.0816020445608
0.0819064966638
0.0822115902562
0.0825173259484
0.0828237043522
0.0831307260818
0.0834383917531
0.0837467019841
0.0840556573946
0.0843652586067
0.0846755062442
0.0849864009329
0.085297943301
0.0856101339781
0.0859229735964
0.0862364627897
0.0865506021941
0.0868653924475
0.0871808341901
0.087496928064
0.0878136747134
0.0881310747846
0.0884491289258
0.0887678377874
0.089087202022
0.0894072222842
0.0897278992306
0.0900492335199
0.0903712258132
0.0906938767734
0.0910171870656
0.0913411573572
0.0916657883176
0.0919910806183
0.0923170349331
0.0926436519379
0.0929709323107
0.0932988767318
0.0936274858836
0.0939567604507
0.09428670112
0.0946173085804
0.0949485835233
0.095280526642
0.0956131386323
0.0959464201921
0.0962803720216
0.0966149948233
0.0969502893017
0.097286256164
0.0976228961193
0.0979602098791
0.0982981981573
0.09863686167
0.0989762011356
0.0993162172749
0.0996569108109
0.0999982824691
0.100340332977
0.100683063065
0.101026473465
0.101370564913
0.101715338145
0.102060793901
0.102406932923
0.102753755955
0.103101263745
0.10344945704
0.103798336594
0.104147903159
0.104498157493
0.104849100354
0.105200732503
0.105553054706
0.105906067727
0.106259772336
0.106614169304
0.106969259404
0.107325043414
0.107681522112
0.108038696279
0.1083965667
0.10875513416
0.109114399449
0.109474363359
0.109835026683
0.110196390218
0.110558454764
0.110921221123
0.111284690099
0.111648862499
0.112013739133
0.112379320814
0.112745608357
0.11311260258
0.113480304302
0.113848714348
0.114217833543
0.114587662715
0.114958202696
0.11532945432
0.115701418423
0.116074095845
0.116447487429
0.116821594018
0.117196416461
0.117571955608
0.117948212312
0.118325187431
0.118702881822
0.119081296347
0.119460431871
0.119840289262
0.120220869389
0.120602173126
0.120984201349
0.121366954936
0.12175043477
0.122134641735
0.122519576719
0.122905240613
0.12329163431
0.123678758706
0.124066614701
0.124455203198
0.124844525102
0.125234581321
0.125625372767
0.126016900354
0.126409164999
0.126802167624
0.127195909152
0.12759039051
0.127985612626
0.128381576436
0.128778282873
0.129175732877
0.129573927391
0.12997286736
0.130372553733
0.13077298746
0.131174169498
0.131576100804
0.131978782339
0.132382215068
0.132786399958
0.133191337981
0.133597030111
0.134003477326
0.134410680605
0.134818640934
0.135227359299
0.135636836691
0.136047074105
0.136458072538
0.136869832991
0.137282356467
0.137695643974
0.138109696524
0.13852451513
0.13894010081
0.139356454586
0.139773577483
0.140191470528
0.140610134753
0.141029571193
0.141449780887
0.141870764877
0.14229252421
0.142715059933
0.143138373101
0.143562464769
0.143987335997
0.14441298785
0.144839421395
0.145266637702
0.145694637847
0.146123422906
0.146552993964
0.146983352105
0.147414498418
0.147846433997
0.148279159939
0.148712677344
0.149146987318
0.149582090967
0.150017989405
0.150454683747
0.150892175113
0.151330464627
0.151769553416
0.152209442612
0.152650133349
0.153091626768
0.153533924011
0.153977026226
0.154420934564
0.154865650179
0.155311174232
0.155757507885
0.156204652306
0.156652608666
0.15710137814
0.157550961908
0.158001361153
0.158452577064
0.158904610832
0.159357463654
0.159811136729
0.160265631262
0.160720948461
0.161177089541
0.161634055718
0.162091848213
0.162550468253
0.163009917067
0.16347019589
0.163931305961
0.164393248523
0.164856024824
0.165319636115
0.165784083654
0.1662493687
0.16671549252
0.167182456384
0.167650261564
0.168118909342
0.168588401
0.169058737825
0.169529921112
0.170001952157
0.170474832261
0.170948562732
0.171423144881
0.171898580023
0.17237486948
0.172852014576
0.173330016642
0.173808877013
0.174288597029
0.174769178033
0.175250621376
0.175732928411
0.176216100498
0.176700139002
0.17718504529
0.177670820737
0.178157466722
0.178644984628
0.179133375846
0.179622641768
0.180112783795
0.180603803329
0.181095701781
0.181588480565
0.1820821411
0.182576684812
0.18307211313
0.18356842749
0.184065629332
0.184563720102
0.185062701252
0.185562574237
0.18606334052
0.186565001567
0.187067558852
0.187571013852
0.188075368051
0.188580622939
0.189086780008
0.189593840761
0.190101806702
0.190610679342
0.191120460199
0.191631150795
0.192142752658
0.192655267323
0.193168696327
0.193683041218
0.194198303546
0.194714484868
0.195231586747
0.195749610752
0.196268558457
0.196788431443
0.197309231296
0.197830959608
0.198353617978
0.198877208011
0.199401731316
0.199927189512
0.200453584219
0.200980917068
0.201509189693
0.202038403736
0.202568560844
0.203099662671
0.203631710877
0.204164707129
0.2046986531
0.205233550468
0.20576940092
0.206306206148
0.20684396785
0.207382687731
0.207922367504
0.208463008887
0.209004613604
0.209547183387
0.210090719975
0.210635225112
0.211180700551
0.21172714805
0.212274569374
0.212822966296
0.213372340595
0.213922694058
0.214474028476
0.215026345651
0.215579647389
0.216133935506
0.216689211821
0.217245478164
0.21780273637
0.218360988282
0.21892023575
0.219480480632
0.220041724793
0.220603970104
0.221167218446
0.221731471704
0.222296731774
0.222863000558
0.223430279966
0.223998571913
0.224567878326
0.225138201137
0.225709542285
0.22628190372
0.226855287396
0.227429695278
0.228005129336
0.228581591551
0.229159083909
0.229737608407
0.230317167047
0.230897761841
0.231479394809
0.232062067979
0.232645783387
0.233230543076
0.233816349101
0.234403203522
0.234991108408
0.235580065837
0.236170077896
0.236761146679
0.23735327429
0.237946462842
0.238540714454
0.239136031257
0.239732415389
0.240329868997
0.240928394237
0.241527993273
0.24212866828
0.242730421441
0.243333254947
0.243937171
0.244542171809
0.245148259595
0.245755436585
0.246363705019
0.246973067142
0.247583525212
0.248195081496
0.248807738268
0.249421497815
0.250036362431
0.250652334421
0.251269416099
0.25188760979
0.252506917827
0.253127342554
0.253748886326
0.254371551506
0.254995340468
0.255620255596
0.256246299284
0.256873473938
0.257501781971
0.258131225809
0.258761807887
0.259393530652
0.26002639656
0.260660408078
0.261295567684
0.261931877867
0.262569341126
0.263207959971
0.263847736922
0.264488674514
0.265130775287
0.265774041797
0.266418476609
0.267064082299
0.267710861455
0.268358816676
0.269007950574
0.269658265769
0.270309764896
0.270962450601
0.271616325539
0.27227139238
0.272927653805
0.273585112505
0.274243771185
0.274903632562
0.275564699365
0.276226974334
0.276890460222
0.277555159794
0.27822107583
0.278888211117
0.279556568461
0.280226150675
0.280896960588
0.281569001042
0.28224227489
0.282916784998
0.283592534247
0.28426952553
0.284947761752
0.285627245833
0.286307980705
0.286989969316
0.287673214623
0.288357719601
0.289043487236
0.28973052053
0.290418822496
0.291108396162
0.291799244572
0.292491370782
0.293184777862
0.293879468898
0.294575446989
0.295272715248
0.295971276805
0.296671134801
0.297372292395
0.29807475276
0.298778519082
0.299483594565
0.300189982425
0.300897685896
0.301606708226
0.302317052679
0.303028722533
0.303741721082
0.304456051638
0.305171717527
0.305888722089
0.306607068684
0.307326760686
0.308047801484
0.308770194486
0.309493943115
0.310219050809
0.310945521026
0.311673357238
0.312402562935
0.313133141624
0.313865096829
0.31459843209
0.315333150967
0.316069257035
0.316806753887
0.317545645134
0.318285934405
0.319027625347
0.319770721624
0.320515226918
0.321261144932
0.322008479384
0.322757234012
0.323507412572
0.32425901884
0.32501205661
0.325766529695
0.326522441927
0.327279797157
0.328038599256
0.328798852116
0.329560559645
0.330323725773
0.33108835445
0.331854449647
0.332622015352
0.333391055576
0.334161574351
0.334933575727
0.335707063776
0.336482042592
0.337258516289
0.338036489002
0.338815964887
0.339596948124
0.340379442912
0.341163453471
0.341948984047
0.342736038905
0.343524622333
0.34431473864
0.345106392161
0.345899587251
0.346694328288
0.347490619674
0.348288465835
0.349087871218
0.349888840296
0.350691377565
0.351495487543
0.352301174775
0.353108443828
0.353917299295
0.354727745794
0.355539787965
0.356353430477
0.35716867802
0.357985535312
0.358804007096
0.359624098141
0.36044581324
0.361269157216
0.362094134915
0.362920751209
0.363749011
0.364578919215
0.365410480807
0.366243700758
0.367078584077
0.3679151358
0.368753360993
0.369593264747
0.370434852185
0.371278128455
0.372123098737
0.372969768237
0.373818142192
0.374668225868
0.375520024561
0.376373543598
0.377228788332
0.378085764152
0.378944476473
0.379804930743
0.380667132442
0.381531087078
0.382396800194
0.383264277363
0.38413352419
0.385004546314
0.385877349405
0.386751939166
0.387628321333
0.388506501676
0.389386485998
0.390268280137
0.391151889964
0.392037321384
0.392924580339
0.393813672804
0.394704604789
0.395597382341
0.396492011542
0.39738849851
0.398286849401
0.399187070405
0.400089167751
0.400993147706
0.401899016572
0.402806780691
0.403716446443
0.404628020246
0.405541508558
0.406456917874
0.407374254732
0.408293525706
0.409214737413
0.41013789651
0.411063009693
0.411990083703
0.41291912532
0.413850141365
0.414783138704
0.415718124243
0.416655104934
0.41759408777
0.418535079788
0.419478088071
0.420423119745
0.42137018198
0.422319281993
0.423270427046
0.424223624447
0.425178881552
0.426136205761
0.427095604525
0.428057085338
0.429020655747
0.429986323344
0.430954095772
0.431923980723
0.432895985938
0.43387011921
0.434846388381
0.435824801345
0.436805366049
0.437788090489
0.438772982718
0.439760050837
0.440749303005
0.441740747432
0.442734392385
0.443730246185
0.444728317208
0.445728613886
0.446731144709
0.447735918224
0.448742943034
0.449752227802
0.450763781248
0.451777612152
0.452793729356
0.453812141759
0.454832858322
0.45585588807
0.456881240086
0.457908923519
0.458938947581
0.459971321545
0.461006054752
0.462043156607
0.46308263658
0.464124504208
0.465168769096
0.466215440915
0.467264529405
0.468316044376
0.469369995706
0.470426393345
0.471485247313
0.472546567703
0.473610364679
0.474676648479
0.475745429415
0.476816717874
0.477890524318
0.478966859284
0.480045733389
0.481127157325
0.482211141863
0.483297697854
0.484386836229
0.485478568001
0.486572904262
0.487669856189
0.488769435041
0.489871652163
0.490976518984
0.492084047018
0.493194247869
0.494307133227
0.49542271487
0.496541004667
0.497662014578
0.498785756653
0.499912243037
0.501041485967
0.502173497774
0.503308290886
0.504445877827
0.505586271219
0.506729483783
0.507875528338
0.509024417807
0.510176165212
0.511330783679
0.51248828644
0.513648686829
0.51481199829
0.515978234373
0.517147408737
0.518319535151
0.519494627495
0.520672699763
0.521853766062
0.523037840613
0.524224937756
0.525415071947
0.526608257762
0.527804509896
0.529003843167
0.530206272516
0.53141181301
0.532620479839
0.533832288324
0.535047253913
0.536265392184
0.53748671885
0.538711249755
0.539939000879
0.541169988338
0.542404228389
0.543641737427
0.544882531988
0.546126628755
0.547374044551
0.548624796351
0.549878901277
0.551136376599
0.552397239743
0.553661508287
0.554929199967
0.556200332675
0.557474924465
0.558752993551
0.560034558313
0.561319637295
0.562608249211
0.563900412945
0.565196147552
0.566495472263
0.567798406486
0.569104969808
0.570415181995
0.571729063
0.573046632961
0.574367912203
0.575692921244
0.577021680795
0.578354211763
0.579690535252
0.581030672569
0.582374645224
0.583722474933
0.585074183624
0.586429793434
0.587789326717
0.589152806042
0.590520254203
0.591891694215
0.593267149319
0.59464664299
0.596030198932
0.597417841088
0.598809593639
0.600205481009
0.601605527871
0.603009759144
0.604418200002
0.605830875878
0.607247812462
0.60866903571
0.610094571847
0.611524447369
0.612958689046
0.614397323932
0.615840379361
0.617287882957
0.618739862636
0.62019634661
0.621657363394
0.623122941805
0.624593110973
0.626067900341
0.627547339672
0.629031459053
0.630520288901
0.632013859965
0.633512203335
0.635015350445
0.636523333079
0.638036183376
0.639553933835
0.641076617323
0.642604267077
0.644136916712
0.645674600231
0.647217352021
0.64876520687
0.650318199966
0.651876366908
0.653439743709
0.655008366805
0.656582273064
0.658161499787
0.65974608472
0.66133606606
0.662931482463
0.664532373052
0.666138777422
0.667750735651
0.669368288309
0.670991476462
0.672620341685
0.674254926068
0.675895272227
0.67754142331
0.679193423011
0.680851315576
0.682515145811
0.684184959099
0.685860801402
0.687542719279
0.689230759889
0.690924971009
0.69262540104
0.694332099023
0.696045114646
0.69776449826
0.699490300887
0.701222574238
0.702961370722
0.70470674346
0.706458746299
0.708217433825
0.709982861378
0.711755085068
0.713534161785
0.71532014922
0.717113105878
0.718913091093
0.720720165047
0.722534388784
0.72435582423
0.726184534209
0.728020582463
0.729864033668
0.731714953455
0.733573408431
0.735439466197
0.737313195367
0.739194665595
0.741083947593
0.742981113152
0.74488623517
0.746799387672
0.748720645835
0.750650086014
0.752587785767
0.754533823883
0.756488280408
0.75845123667
0.760422775317
0.762402980335
0.764391937089
0.766389732347
0.768396454317
0.770412192678
0.772437038615
0.774471084854
0.7765144257
0.778567157074
0.78062937655
0.782701183397
0.78478267862
0.786873965001
0.788975147145
0.791086331523
0.793207626521
0.795339142487
0.797480991779
0.799633288821
0.801796150152
0.803969694481
0.806154042748
0.808349318177
0.81055564634
0.812773155219
0.815001975271
0.817242239495
0.819494083501
0.821757645582
0.82403306679
0.826320491011
0.828620065046
0.830931938694
0.833256264839
0.835593199536
0.837942902107
0.840305535233
0.842681265059
0.845070261292
0.847472697312
0.849888750282
0.852318601263
0.854762435338
0.857220441734
0.859692813953
0.862179749912
0.864681452076
0.867198127614
0.869729988548
0.872277251912
0.874840139923
0.877418880148
0.880013705695
0.882624855393
0.885252573996
0.887897112388
0.890558727797
0.893237684026
0.895934251684
0.898648708436
0.901381339263
0.90413243673
0.906902301277
0.909691241508
0.912499574513
0.915327626192
0.918175731601
0.921044235313
0.923933491803
0.926843865848
0.929775732946
0.932729479765
0.93570550461
0.938704217918
0.941726042777
0.944771415482
0.947840786112
0.950934619148
0.954053394123
0.957197606311
0.96036776746
0.963564406564
0.966788070683
0.970039325824
0.973318757857
0.976626973513
0.97996460143
0.98333229327
0.986730724921
0.990160597765
0.993622640046
0.997117608326
1.00064628904
1.00420950019
1.00780809312
1.01144295444
1.01511500812
1.01882521772
1.02257458881
1.02636417153
1.03019506344
1.03406841256
1.03798542065
1.04194734681
1.04595551137
1.05001130011
1.05411616892
1.05827164883
1.06247935155
1.06674097552
1.07105831263
1.07543325546
1.07986780549
1.08436408196
1.08892433185
1.09355094086
1.09824644571
1.10301354783
1.10785512872
1.11277426716
1.11777425867
1.12285863739
1.12803120099
1.133296039
1.13865756513
1.14412055439
1.14969018585
1.15537209213
1.16117241695
1.16709788242
1.17315586823
1.17935450524
1.185702787
1.19221070349
1.19888940273
1.20575138778
1.21281075895
1.22008351483
1.22758793031
1.23534503737
1.24337924483
1.25171914975
1.26039861806
1.26945825271
1.27894743395
1.28892723056
1.29947468492
1.31068935919
1.32270379885
1.33570123024
1.34994774876
1.36585684976
1.38413802135
1.40622191987
1.43610522362
1.49735385566
1.50109337336
1.49609147965
1.49615748369
1.49489661855
1.49450812618
1.49312480398
1.49221853444
1.49851137085
1.49010846159
1.49570861756
1.48836478659
1.48754283463
1.49038296309
1.48692739974
1.48444528427
1.48307014502
1.48207932492
1.48121260185
1.48032254168
1.47932841691
1.47821460955
1.47702593967
1.47584399418
1.47476777025
1.47392255804
1.47352482348
1.47424997664
1.47560206593
1.47073314769
1.4686112758
1.46753768935
1.46777544534
1.47099980869
1.46500369971
1.46322728654
1.4632673938
1.46585552946
1.4604540429
1.45919841143
1.46141015629
1.45796265261
1.45589473061
1.4571903338
1.45499996699
1.45275025061
1.45466685704
1.45139788198
1.44977205482
1.45835940209
1.44765635869
1.44741166749
1.44723550204
1.44436713607
1.44848934644
1.44244300562
1.44239464567
1.44136086936
1.43934121355
1.44180976066
1.43701090731
1.4407020288
1.43504717442
1.43590888146
1.43330616742
1.43286441462
1.43169885674
1.43031716239
1.43014487563
1.42800097926
1.42855121751
1.42580993832
1.42680529912
1.42369391055
1.42481271734
1.42163338201
1.42255508545
1.41963016959
1.42010267448
1.41770641761
1.4175626081
1.41590862006
1.41502607644
1.41432634888
1.41255785318
1.41316409658
1.41020663814
1.41319516425
1.4080193663
1.41248902938
1.4060594147
1.40704624896
1.40444160921
1.40368634748
1.4034607338
1.40100583583
1.40478244099
1.39881548074
1.40070523636
1.39717220929
1.39657921985
1.39648931744
1.39379691949
1.4024266341
1.39178639826
1.39220754091
1.39071934345
1.38885972478
1.39311247381
1.38666448696
1.38736268594
1.38560473754
1.38378710842
1.3894026321
1.38166373851
1.38188019519
1.38103064032
1.37860639898
1.38238185993
1.37688313542
1.37614480653
1.37766445597
1.37353549909
1.37435891454
1.37271353555
1.37060435833
1.37420964866
1.36895260192
1.36795883317
1.37134453573
1.36563329563
1.36554316624
1.3659172372
1.36254424372
1.36333803509
1.36197988964
1.35958387261
1.36134956053
1.35850646248
1.35668813584
1.35959479901
1.35526245616
1.3538115171
1.35806788019
1.35215452313
1.35092097633
1.35648452087
1.34913799732
1.3479958354
1.35392952131
1.34619455652
1.34502926509
1.34997847648
1.34332343785
1.34202793763
1.34560038535
1.34054068496
1.33901063993
1.34138799734
1.33788309319
1.33600419014
1.33741149143
1.3354240627
1.33304188947
1.33364806016
1.333328969
1.33016391182
1.33007387092
1.33215441087
1.32742312001
1.32667849516
1.33303246843
1.32490210628
1.323467001
1.32525775717
1.32276854597
1.32046308232
1.32081087875
1.32155638522
1.31771983774
1.31709189001
1.32320067994
1.31535668537
1.31380624226
1.31498981407
1.31372039852
1.31090859245
1.31066657538
1.31553940303
1.30848446888
1.30717054468
1.30862169319
1.30690182007
1.30423353122
1.30397687581
1.31026326159
1.30192311958
1.30047073326
1.30145284377
1.30083311468
1.29767596979
1.29705451892
1.30069402583
1.29575219579
1.29379033758
1.2939503191
1.29657209099
1.29138838825
1.29012733596
1.29120747707
1.29050090119
1.28734882006
1.28661068182
1.2890545601
1.28581136849
1.28348944293
1.28318555948
1.28885279133
1.28157396491
1.27973425673
1.27980191555
1.28414046431
1.2775654329
1.27603489735
1.27640781651
1.27850397196
1.27369445634
1.27235838487
1.27294904602
1.27410262418
1.26991586366
1.26868309293
1.26937785124
1.27019834373
1.26620798056
1.26499815019
1.26566945852
1.26666064851
1.26256472361
1.26130309089
1.26183295153
1.26355707237
1.25899346609
1.25760719105
1.2579056732
1.2613175923
1.25551563883
1.25392806184
1.2539374328
1.26261035155
1.25217298432
1.25029072139
1.24997633339
1.25306594623
1.24904653866
1.24672817898
1.24606338375
1.24758246723
1.24632361956
1.24328579291
1.24223494871
1.24283745332
1.24469141577
1.24003341593
1.23852723886
1.23846544749
1.24315921577
1.23710578779
1.23498556709
1.23436266939
1.23577545098
1.2348762139
1.23168032321
1.2305025817
1.23076824463
1.2366114812
1.22875325981
1.22690268874
1.22642112465
1.22811334708
1.22662336503
1.22363169671
1.22248828732
1.22272074622
1.23098779731
1.22087764869
1.21893430913
1.21832727708
1.21952117109
1.21939145211
1.21584557533
1.21448090124
1.21436558858
1.21743989876
1.21357824999
1.21113902044
1.21018141972
1.21057262068
1.21572148166
1.2085015722
1.20661627335
1.20597667374
1.20692724593
1.20782889756
1.20374657528
1.20220334376
1.20181932791
1.20340120478
1.20235221727
1.19917265745
1.19785389157
1.19766748516
1.19992928115
1.19746582499
1.19471392031
1.19353694891
1.19348436968
1.19635374651
1.19287967172
1.19033580381
1.1892327837
1.18924226762
1.19240221913
1.18850122046
1.18602162902
1.18493178648
1.18492829165
1.18788428097
1.18430627623
1.18176758959
1.1806339054
1.18054743653
1.18293939667
1.18031751782
1.17758156847
1.17634814627
1.17612049006
1.17784682076
1.17662282707
1.17348382513
1.17209149954
1.1716778113
1.17278546969
1.17349348512
1.16951195217
1.16788867547
1.16725349396
1.1678289721
1.17250658709
1.16573477526
1.16377316468
1.16288208578
1.16300312958
1.1662591593
1.16230039208
1.15979308292
1.15859968402
1.15831997383
1.15965444683
1.15966679946
1.1560266643
1.15444795914
1.15379166121
1.15422693502
1.16271211989
1.15263505482
1.15048480258
1.14943830738
1.14927955524
1.15089812683
1.15012608608
1.14681060954
1.14529568173
1.14465510588
1.14505629789
1.15125688278
1.14366274673
1.14143283939
1.14031771124
1.14003649811
1.14118404981
1.14208810227
1.13800549875
1.13629426205
1.13547339111
1.13553672431
1.13789469681
1.13552750207
1.13269334471
1.13129937354
1.13070896481
1.13111086214
1.13646497157
1.12986875506
1.12757511294
1.12639224902
1.12598143022
1.12670395986
1.13095914297
1.12458105857
1.12257950629
1.1215360085
1.12125449253
1.12224405931
1.12420998229
1.11951004937
1.11766806345
1.11670634424
1.116499739
1.11764928403
1.11880848939
1.1145936675
1.11282034941
1.11188934131
1.11170007215
1.11285910508
1.11402684418
1.10980922762
1.10802874273
1.1070808848
1.10685259688
1.10787010063
1.10987309256
1.10515943853
1.10329648194
1.10228625349
1.10196897429
1.10273909307
1.10716272393
1.10067350065
1.09863754806
1.09751919896
1.09707178127
1.09754516667
1.10260951245
1.09642315444
1.09407844254
1.09280121406
1.09219009825
1.09235827678
1.09464729525
1.09259113791
1.08966518079
1.0881622426
1.08735631609
1.0872290195
1.08837707077
1.08987601328
1.08548247092
1.08364390031
1.08260551103
1.08219356972
1.08265830139
1.08708697262
1.08172390999
1.07931048262
1.07797883694
1.0772822163
1.07726409021
1.07866575597
1.07910811504
1.07528162248
1.07353222122
1.07252762464
1.07212143661
1.07254907835
1.07630310429
1.07186826211
1.06935987897
1.0679751686
1.06721249619
1.06707112833
1.06805024041
1.07097641196
1.06567376861
1.06370300395
1.06255439562
1.06197985106
1.062082971
1.06378500253
1.06330947775
1.05988385383
1.05820652178
1.05721842598
1.05678767756
1.05710501395
1.05976897045
1.05711234082
1.05432081392
1.05281581297
1.05193292809
1.05160184925
1.05208058156
1.05590980211
1.05141808903
1.04891070278
1.04750006857
1.0466756023
1.04639727983
1.04695781811
1.05164850578
1.04602493046
1.04362018499
1.04224346305
1.0414346658
1.04116065467
1.0417072005
1.04606865867
1.04087959411
1.03843867287
1.03704175223
1.03620838232
1.0358923872
1.03633514423
1.03956649418
1.03600388851
1.03337337299
1.03190097237
1.03100442468
1.03060588756
1.03088027375
1.03303264732
1.03152206671
1.02845165456
1.02683769098
1.02583902045
1.02532425296
1.02539510114
1.02672589488
1.02790225142
1.02373287557
1.02188112486
1.02073642828
1.02007663064
1.01993047209
1.02065812451
1.028138698
1.01935120403
1.01708033728
1.01573008153
1.01489602123
1.01452912153
1.01480309017
1.01681440153
1.01571546767
1.01252524702
1.01086765552
1.00982024624
1.00922776047
1.00914269612
1.00996478164
1.01786975094
1.00842331096
1.00622620192
1.00489706032
1.00406235794
1.00367178186
1.00387196865
1.00550629448
1.0055870584
1.00196205512
1.00019835778
0.999076671413
0.998399484718
0.998178968315
0.998665993974
1.00171215414
0.998555666854
0.995862275563
0.994337776465
0.993353130508
0.99279030635
0.992704621238
0.993456763822
1.00011174346
0.992278289931
0.989977333528
0.988591040587
0.987692606135
0.98720423756
0.987209090225
0.98815760314
0.993365100143
0.98636725513
0.984244555686
0.982929089898
0.98207446032
0.981620947951
0.98166285349
0.982683685705
0.986830709285
0.980711575802
0.978636765672
0.977338300207
0.976489170833
0.976031654098
0.976054034042
0.976999885906
0.982635900106
0.975289057714
0.97314885146
0.971817281412
0.970937391383
0.970439379722
0.970391057726
0.971143666222
0.976851254792
0.970139518971
0.967794661678
0.966375876072
0.965429301394
0.964857994758
0.964699567908
0.965198734188
0.967953943238
0.965411300493
0.962612335078
0.96103623926
0.959984113169
0.959309854619
0.959014472773
0.959248328063
0.960739634072
0.961676958075
0.957684773854
0.955837412908
0.954630786585
0.95382397047
0.953373442194
0.953354679759
0.954114252832
0.959415022446
0.953218432406
0.95084919534
0.949411734024
0.948435961677
0.947814084332
0.947560485803
0.947836041808
0.949412355528
0.950057023436
0.946217668649
0.944394389093
0.943191913027
0.942375760181
0.94189860481
0.941819423476
0.942409230589
0.945546692145
0.94238490564
0.939708127759
0.938160324477
0.937105804776
0.936401444828
0.936033974515
0.936099781347
0.937000920749
0.946024256303
0.935703827872
0.933468239272
0.932073974061
0.931111269189
0.93047964421
0.930185627163
0.930352793808
0.931502206218
0.935061163121
0.929452508251
0.927412834509
0.926097768849
0.925183553552
0.924588968047
0.924329416886
0.924539568131
0.925790806706
0.928466698629
0.92348812886
0.921506130494
0.920213973987
0.91931070472
0.918719335939
0.918454465586
0.918643007822
0.919806716327
0.923395802173
0.917779801713
0.915740046931
0.914419486157
0.913491902483
0.912871785098
0.912564476128
0.912673602187
0.913601628318
0.9223013141
0.912368048266
0.910129189869
0.908724271953
0.907736657902
0.907057752348
0.906676449064
0.906664900331
0.90729502677
0.910358811785
0.907417365008
0.904717683897
0.903153048316
0.902064786199
0.901297654731
0.900816652727
0.900660564286
0.900994726054
0.902544600545
0.90361471115
0.899607355052
0.897752130763
0.896508331282
0.895620395789
0.89501735894
0.894704808201
0.894771883169
0.895541988546
0.899744163232
0.895077977766
0.892610600753
0.8911178392
0.890064799934
0.889315399742
0.888838489955
0.888669418675
0.88895484989
0.89029086337
0.892711215758
0.887939068337
0.885982131771
0.884686697794
0.883754964821
0.883101473512
0.882717638494
0.882662151391
0.883141608687
0.885172513856
0.884579590475
0.881298176856
0.879580003209
0.87839667819
0.877539100246
0.876946094737
0.876621771689
0.876640219193
0.877254017368
0.879942035739
0.877791646542
0.874952533541
0.873343669011
0.872215621313
0.871394450825
0.870829362034
0.870529390061
0.870573229225
0.871225470365
0.874108679705
0.871594839694
0.868834954355
0.867247975724
0.86612938384
0.865311139278
0.864743149649
0.864432519549
0.864451045264
0.865035022058
0.867463875038
0.865913729323
0.862936447977
0.86129062519
0.860138003317
0.85929079453
0.858690884044
0.858337531659
0.858286778404
0.858720778397
0.860438353701
0.861036437661
0.857297677259
0.855490418053
0.854254886622
0.8533458304
0.852686516637
0.852263130013
0.852111355356
0.852354790483
0.85343658378
0.860242552332
0.852048042213
0.849895027551
0.848509142757
0.847499764686
0.846753340661
0.846236880988
0.845964174524
0.846009044047
0.846603915269
0.848968203084
0.847631918891
0.844610457576
0.842954056954
0.841789972558
0.840923971034
0.840292637688
0.839886326732
0.839740470417
0.839971763976
0.840982961883
0.848965148862
0.839926605276
0.837694251267
0.836276904
0.835243544213
0.834470644819
0.833918677729
0.833592074467
0.833543230032
0.833930767374
0.835379300946
0.837531913517
0.832992823914
0.831073037799
0.829780878453
0.828822642079
0.828105291801
0.827601111498
0.827322218586
0.827331148076
0.827814225011
0.829578451183
0.830162419509
0.826459930247
0.82466410588
0.823427184062
0.822502473749
0.821808634527
0.821322265151
0.821057445006
0.82107771948
0.821569962455
0.823341126302
0.823927067417
0.820231520148
0.8184379586
0.817201070173
0.816273851321
0.815574180319
0.81507713324
0.814793588846
0.814779141311
0.815193925309
0.816661802104
0.818853059776
0.814312886194
0.812398244828
0.811106084632
0.810140831945
0.809407047934
0.808872737152
0.808541295704
0.808454224972
0.808730457991
0.809768568003
0.8171656465
0.808814888387
0.806582588917
0.805164247651
0.804120542533
0.803323422557
0.802726959646
0.802323469869
0.802137787418
0.802247700261
0.802880716657
0.805174890095
0.804173370646
0.801089486511
0.799423766198
0.798245807275
0.797350879179
0.796667041833
0.796171198866
0.795870970968
0.795810359477
0.796110630373
0.797176671397
0.805089337205
0.796198661234
0.793985411844
0.792574357692
0.7915318521
0.790730080746
0.790121754715
0.789696016551
0.789470710849
0.78950573743
0.789965726931
0.791491491915
0.793521981311
0.789109055326
0.787218229334
0.785934914177
0.784967634872
0.784219902592
0.783655946131
0.783271115209
0.783088761864
0.783177864542
0.783730042559
0.785568912827
0.786092779857
0.782463688416
0.780691793639
0.779461301884
0.778525799927
0.777800007963
0.777252203111
0.776879408106
0.776705480809
0.776798742038
0.777346930967
0.779142283004
0.779875429588
0.7761600329
0.774375003401
0.773138265842
0.772197128324
0.771464187336
0.770906117453
0.770517766458
0.770318892071
0.770367970456
0.770820209338
0.772252348723
0.775152003465
0.770217833515
0.768276612055
0.766972132651
0.765987493339
0.765218792545
0.76462534486
0.764196346547
0.763944029882
0.763911600075
0.764209749943
0.765185339602
0.769930412814
0.764809343399
0.762450484489
0.760992497093
0.759918378157
0.759082586078
0.758428791132
0.757936743558
0.757608903446
0.757471975228
0.757595760603
0.758168316376
0.759977509309
0.760762164311
0.757044473393
0.755265744712
0.754031892953
0.753088414702
0.752346270858
0.751769671538
0.751349125866
0.751095808537
0.751048368165
0.751303110168
0.752143398331
0.755341859828
0.752575911708
0.749946128257
0.748408106284
0.747290434141
0.746421288369
0.745734952496
0.745205323724
0.744828502509
0.744620618905
0.744627716517
0.744964051079
0.745987914946
0.751119939225
0.745537805378
0.74322545654
0.741786253703
0.740720791739
0.739885896634
0.73922478537
0.7387150697
0.738354698826
0.738160873318
0.73818040986
0.738528483363
0.739566187701
0.744790193956
0.739101550796
0.736801650341
0.7353678712
0.734305017057
0.73347043094
0.732807135644
0.73229209608
0.731921971417
0.731711368989
0.731701232446
0.731990150898
0.732866896674
0.736173976202
0.733267169994
0.730677484021
0.729155894483
0.728046354453
0.72717869593
0.726486688187
0.725942446682
0.725538553687
0.725284187878
0.725210053188
0.725388880236
0.726012539046
0.727887913373
0.728579443531
0.724941733919
0.723189523859
0.721969625547
0.721030096318
0.720281063581
0.719684154158
0.71922496843
0.718905329982
0.718744233163
0.718788681324
0.719151264993
0.720177997527
0.724884804864
0.719909469957
0.717572276642
0.716130896463
0.715063557876
0.714222103329
0.713546762946
0.713011747104
0.712609720709
0.712348193182
0.712253287429
0.71238564444
0.712896370747
0.714324563831
0.717969900866
0.71260418296
0.710653239664
0.709351549603
0.708362066252
0.707573662407
0.706939139131
0.706438391946
0.706067382353
0.705836253571
0.70577436739
0.705948626727
0.706528932058
0.708166634766
0.710176614389
0.705887345185
0.704048551384
0.702793778148
0.701831663408
0.701061652579
0.700440202925
0.699948657081
0.699583411254
0.699354288904
0.699289272795
0.699451365388
0.699997299297
0.701496443848
0.704597941797
0.699633800444
0.697724885464
0.696442534424
0.695464010251
0.694681077338
0.694047034609
0.693541208261
0.693157982887
0.692904301921
0.692802848455
0.692904517154
0.693329350579
0.69445334586
0.700280862481
0.693942918216
0.691713859686
0.690315393079
0.689271919163
0.68844304003
0.687770530728
0.687227837195
0.686804996855
0.686504147066
0.686340468047
0.686349553362
0.686610594432
0.687332564419
0.689447386037
0.689451983749
0.686146231097
0.684472491037
0.683293266894
0.682376296828
0.68163564647
0.681032648091
0.680550024433
0.680183511359
0.679940088231
0.679840995198
0.679932749249
0.680321933747
0.681323099917
0.68519498899
0.681499312048
0.679067714902
0.677609335748
0.676535365495
0.675685040435
0.674993108422
0.674429275862
0.673980514618
0.673645257102
0.67343278509
0.673367216053
0.67350035899
0.673952852391
0.675101120756
0.680964373707
0.67462935556
0.672414776525
0.671027497402
0.669991544899
0.66916601094
0.668491883055
0.667941378059
0.667502557281
0.66717421388
0.666965420943
0.666899315512
0.667025041934
0.667455178848
0.668528888005
0.673042179115
0.668447747903
0.666121980576
0.664701027686
0.66364801966
0.66281082137
0.662126571286
0.661565522875
0.661114254117
0.66076992407
0.660539209228
0.660440944153
0.660515011461
0.66084882957
0.661678620735
0.664177937365
0.663176221073
0.660235491123
0.65865193448
0.657519356655
0.656631167529
0.655907898461
0.655312575877
0.654827539321
0.654446482909
0.65417207873
0.654016980939
0.654009101482
0.654206779106
0.654748052307
0.656092961005
0.662281419053
0.654989040528
0.65296788436
0.651655080353
0.650661717075
0.649863859116
0.649207732641
0.648667222904
0.648230369373
0.647894593016
0.647665789829
0.647560516076
0.647613218399
0.647896878085
0.64859555651
0.650446551918
0.651725545603
0.647912657433
0.646173474695
0.644974293103
0.644046423285
0.643293505913
0.642671590986
0.642158996578
0.64174612302
0.64143185915
0.641223214046
0.641137873277
0.641211942828
0.641521972139
0.642263679754
0.64425787909
0.644945373453
0.641419262634
0.639730275381
0.638554623027
0.637641249291
0.636898200166
0.636283045703
0.63577463189
0.635363388151
0.635047833797
0.63483409652
0.634738062021
0.634791968984
0.63506266992
0.635713208246
0.637342442447
0.640068351709
0.635456306673
0.633624153048
0.632390570609
0.631444109456
0.630677746291
0.6300432695
0.629516544857
0.62908593882
0.628748005615
0.628506369321
0.628372929708
0.628372336191
0.628553996429
0.629028398373
0.630122209746
0.634323803204
0.630271356081
0.627929927253
0.626520984553
0.625480963443
0.624652465452
0.623970100206
0.623401872761
0.622931542039
0.62255211232
0.62226351314
0.62207258936
0.621995394584
0.622063642467
0.622342178632
0.622986873942
0.624552802529
0.627984344482
0.622926161911
0.621060641027
0.619818593865
0.618869264486
0.618100951924
0.617463497057
0.616931512059
0.616492174166
0.616140549389
0.615878052766
0.615712890823
0.615662802707
0.61576233709
0.616082711556
0.61680000681
0.618593845941
0.620407317684
0.616367602086
0.614617660956
0.613424545638
0.612504153977
0.611755753043
0.611133061156
0.610612346045
0.610181522939
0.609835906458
0.609576795176
0.609411865398
0.60935764603
0.609446012846
0.609741508015
0.610398346485
0.611961029967
0.615604792642
0.610421971942
0.608556014469
0.607319019231
0.606374884424
0.605610518557
0.604975041346
0.604442436638
0.603999132271
0.603639147803
0.603362297712
0.603174148424
0.603087701043
0.603128008699
0.603343949927
0.6038431859
0.604938604813
0.608836190407
0.605317657045
0.602941506384
0.601535663858
0.600503762068
0.599682595437
0.599004545873
0.598436139429
0.597959647836
0.597566168983
0.597252847079
0.597022081458
0.596882205827
0.596850080808
0.596957572599
0.597268602504
0.597934818565
0.599485172001
0.603455604557
0.598064497582
0.596192307712
0.594958567707
0.594019007
0.593258535909
0.592625368339
0.592092818761
0.59164660709
0.59127983257
0.590990967648
0.590783456294
0.590666666977
0.590658812613
0.59079409146
0.591141684365
0.59186973183
0.593604827797
0.596017595108
0.591679359592
0.589911972304
0.588722235853
0.587808789961
0.587066401851
0.586446731087
0.585924553767
0.58548624204
0.585125126488
0.584839615815
0.584632790595
0.584513226761
0.58449755737
0.584616651815
0.584931585432
0.585584665233
0.58705287328
0.592498503345
0.585988649582
0.584058082678
0.582808709333
0.581863811477
0.581101057689
0.580465959948
0.579930397166
0.579479025387
0.579103880754
0.57880211255
0.578575261905
0.578429657983
0.578378162462
0.578444412116
0.578673179305
0.579159929221
0.580166381211
0.583128627647
0.581370129098
0.57872774138
0.577265168109
0.576214094543
0.575384943469
0.57470182139
0.574127447592
0.57364165602
0.57323340063
0.572897383661
0.572632684462
0.572442542527
0.572335173802
0.572326094897
0.572443565709
0.572742245133
0.573344867426
0.574630036603
0.580571385852
0.574373275861
0.572256368507
0.570949433014
0.569977893224
0.569199659307
0.568553456413
0.568008007149
0.567546069329
0.567158192804
0.566840024415
0.566591236558
0.566415456654
0.566321159776
0.566324032955
0.56645243411
0.566761035314
0.567372400865
0.568664108889
0.574594713852
0.541768203378
0.510353731015
0.497349318749
0.47688184265
0.461742084489
0.452268261647
0.449423581436
0.452524987991
0.45922200223
0.471237700523
0.492146122368
0.520750262995
0.560301604795
0.610673638336
0.682977127556
0.791624989022
1.02601261751
1.11661276477
1.0641052805
1.0213291053
0.968191361329
0.918131910845
0.875456507283
0.836112907285
0.795064433274
0.76456008019
0.722263682211
0.690157045888
0.661505842693
0.639995668683
0.611587051862
0.588091985136
0.572832423957
0.55088162365
0.537604106496
0.527086574945
0.519122797033
0.517062733272
0.517229975308
0.51677433122
0.521558136244
0.533636966558
0.552887017468
0.582157913177
0.612483231288
0.665551003665
0.730568219863
0.850080295075
1.03600707545
1.00250586386
0.971944680678
0.918871866456
0.892100707214
0.847161860941
0.821552207906
0.790015776355
0.753727502906
0.725549851812
0.701739902352
0.688739666496
0.663467749639
0.631083430982
0.6218707655
0.595001428597
0.583167474102
0.568234691485
0.567145759121
0.54839715466
0.556217550442
0.542856372095
