1.0
0.999585940385
0.998344706557
0.996279130362
0.993393920868
0.989695648394
0.985192722261
0.979895362324
0.973815564451
0.966967060055
0.959365269871
0.951027252174
0.941971645643
0.932218607126
0.921789744558
0.91070804531
0.898997800287
0.88668452406
0.873794871396
0.860356550501
0.846398233358
0.831949463509
0.817040561666
0.801702529531
0.785966952209
0.769865899616
0.753431827254
0.736697476761
0.719695776626
0.702459743432
0.685022384031
0.667416599007
0.649675087794
0.63183025579
0.613914123821
0.595958240256
0.577993596103
0.560050543355
0.542158716874
0.524346960054
0.506643254502
0.489074653937
0.471667222504
0.454445977659
0.437434837767
0.420656574524
0.404132770298
0.387883780447
0.37192870065
0.356285339272
0.340970194734
0.325998437869
0.311383899174
0.297139060887
0.283275053772
0.269801658469
0.256727311257
0.244059114054
0.23180284845
0.219962993585
0.208542747617
0.197544052592
0.186967622456
0.176812973994
0.167078460482
0.157761307856
0.148857653222
0.140362585586
0.132270188717
0.124573586128
0.117264988221
0.11033574173
0.103776381674
0.0975766861258
0.0917257341724
0.0862119675108
0.0810232561582
0.0761469687454
0.0715700478059
0.0672790903477
0.0632604337972
0.0595002471314
0.0559846266786
0.0526996956754
0.0496317062601
0.0467671421845
0.0440928201844
0.0415959877068
0.0392644145756
0.0370864762209
0.0350512262899
0.0331484568004
0.031368744447
0.0297034821851
0.0281448957473
0.0266860452345
0.0253208123297
0.0240438739783
0.0228506635433
0.0217373204965
0.0207006296684
0.0197379510003
0.0188471406868
0.0180264646511
0.0172745055254
0.0165900647968
0.0159720625351
0.0154194381017
0.0149310563059
0.0145056243596
0.0141416253868
0.0138372738246
0.0135904966579
0.0133989420853
0.0132600142813
0.0131709299481
0.0131287899671
0.0131306581454
0.0131736389952
0.0132549475632
0.013371966176
0.0135222851299
0.0137037264218
0.0139143513119
0.0141524537033
0.0144165420128
0.0147053124771
0.0150176167834
0.0153524266573
0.0157087976669
0.0160858340746
0.0164826561467
0.0168983709269
0.0173320471239
0.0177826944582
0.0182492475574
0.0187305542934
0.0192253683044
0.0197323453414
0.0202500430177
0.0207769235079
0.0213113587415
0.0218516376529
0.0223959750799
0.0229425219436
0.0234893763849
0.0240345955783
0.0245762079872
0.0251122258635
0.0256406578288
0.0261595214087
0.0266668554124
0.0271607320764
0.0276392689043
0.0281006401517
0.0285430879149
0.0289649327915
0.0293645840873
0.0297405495508
0.0300914446194
0.0304160011654
0.0307130757352
0.0309816572722
0.031220874323
0.03143000172
0.0316084667412
0.0317558547438
0.031871914268
0.0319565616071
0.0320098848343
0.0320321472721
0.0320237903842
0.031985436056
0.0319178882226
0.0318221337796
0.0316993426989
0.0315508672407
0.0313782401279
0.0311831715141
0.0309675445372
0.0307334092091
0.0304829743492
0.0302185972222
0.0299427705005
0.0296581061348
0.0293673156988
0.0290731867663
0.0287785549119
0.0284862709894
0.0281991634566
0.0279199956841
0.0276514184202
0.0273959178728
0.0271557602212
0.0269329337474
0.0267290901729
0.0265454871395
0.0263829340547
0.0262417436659
0.0261216917024
0.0260219866818
0.0259412515239
0.0258775179634
0.0258282339595
0.0257902834665
0.0257600171438
0.0257332919705
0.0257055173539
0.0256717052276
0.025626521796
0.0255643389526
0.0254792838869
0.0253652859391
0.0252161202881
0.0250254485525
0.0247868568218
0.0244938920571
0.0241400982313
0.0237190541026
0.0232244152341
0.0226499639629
0.0219896727882
0.0212377896031
0.0203889583313
0.019438397733
0.0183821782385
0.0172176697289
0.0159443000776
0.0145649064912
0.0130882802632
0.0115342540438
0.00994447908793
0.00840603176855
0.00709960395153
0.00635830828248
0.00658031794036
0.00787415253643
0.00998907248595
0.0126580596049
0.0157253398354
0.019111983272
0.0227780984112
0.0267029730456
0.0308756161101
0.035290156681
0.0399434896737
0.0448340017206
0.0499608429058
0.0553234884002
0.0609214613579
0.066754149398
0.0728206775665
0.0791198166607
0.0856499145082
0.0924088426995
0.0993939541324
0.106602048442
0.11402934344
0.121671451359
0.12952335911
0.137579412055
0.145833300972
0.15427805201
0.162906019526
0.171708881737
0.180677639173
0.189802615914
0.199073463645
0.208479168534
0.218008060953
0.227647828071
0.237385529325
0.247207614777
0.25709994635
0.26704782193
0.277036002314
0.287048740951
0.297069816436
0.307082567685
0.317069931714
0.32701448392
0.336898480766
0.346703904742
0.356412511466
0.366005878773
0.375465457644
0.384772624775
0.393908736626
0.402855184739
0.411593452119
0.420105170462
0.428372178017
0.436376577829
0.444100796148
0.451527640744
0.458640358894
0.465422694791
0.471858946117
0.477934019539
0.483633484882
0.488943627721
0.493851500168
0.498344969604
0.502412765136
0.506044521548
0.509230820552
0.51196322911
0.514234334669
0.516037777099
0.517368277201
0.518221661608
0.518594883973
0.518486042302
0.517894392352
0.516820356999
0.515265531527
0.513232684779
0.510725756162
0.507749848486
0.504311216675
0.500417252358
0.496076464429
0.491298455629
0.486093895259
0.480474488148
0.474452939999
0.468042919282
0.461259015852
0.454116696475
0.446632257493
0.438822774836
0.430706051651
0.422300563789
0.413625403442
0.404700221214
0.395545166927
0.386180829488
0.376628176128
0.366908491362
0.357043316015
0.347054386649
0.336963575774
0.326792833179
0.316564128767
0.306299397242
0.296020485012
0.285749099656
0.275506762286
0.265314763117
0.255194120522
0.245165543799
0.235249399803
0.225465683525
0.215833992532
0.206373505037
0.197102961119
0.188040646284
0.179204376171
0.17061148063
0.162278784748
0.154222583537
0.146458605978
0.139001962959
0.131867072384
0.12506755354
0.118616081889
0.112524195229
0.106802043111
0.101458074212
0.0964986616822
0.0919276748762
0.0877460172119
0.0839511633563
0.0805367422211
0.0774922220005
0.0748027556372
0.0724492363303
0.0704085920133
0.0686543177075
0.0671572114033
0.0658862505254
0.0648095290112
0.0638951729711
0.0631121647442
0.0624310262842
0.0618243371373
0.0612670844677
0.0607368593073
0.0602139233534
0.059681174827
0.0591240416237
0.0585303269447
0.0578900282419
0.0571951457052
0.0564394922889
0.0556185137406
0.054729124347
0.0537695621093
0.0527392657227
0.0516387749392
0.0504696555575
0.0492344503156
0.0479366573196
0.0465807382966
0.0451721599048
0.0437174725975
0.0422244331678
0.0407021793057
0.0391614681001
0.0376150004124
0.0360779086872
0.0345688826286
0.0331108203658
0.03172726923
0.0304469053954
0.0293047352016
0.0283410183376
0.0275955805439
0.0271046080709
0.0268977296292
0.0269947819404
0.027404402238
0.0281241587636
0.0291419164166
0.0304381990228
0.0319889819506
0.0337683006016
0.035750285889
0.0379105117363
0.0402267300239
0.0426791501045
0.0452504242823
0.0479254685266
0.0506912077198
0.0535363005597
0.056450874625
0.0594262862337
0.0624549103174
0.0655299604251
0.0686453364906
0.071795497037
0.0749753523452
0.0781801753641
0.0814055275543
0.0846471973022
0.08790114896
0.09116348093
0.0944303915067
0.0976981514336
0.100963082321
0.104221540224
0.107469903787
0.110704566483
0.11392193251
0.11711841599
0.120290443169
0.123434457291
0.126546925918
0.129624350401
0.132663277268
0.135660311275
0.138612129847
0.141515498678
0.144367288195
0.147164490642
0.149904237504
0.152583816989
0.155200691306
0.157752513451
0.160237143241
0.16265266232
0.16499738788
0.167269884852
0.169468976317
0.171593751928
0.173643574136
0.175618082026
0.177517192617
0.179341099489
0.181090268632
0.182765431456
0.184367574921
0.185897928801
0.187357950129
0.188749304911
0.190073847252
0.19133359608
0.192530709687
0.193667458378
0.194746195535
0.195769327471
0.196739282459
0.197658479373
0.198529296397
0.199354040273
0.200134916556
0.200874001383
0.20157321519
0.202234298843
0.202858792598
0.203448018238
0.204003064733
0.204524777662
0.205013752605
0.20547033261
0.205894609815
0.206286431167
0.206645408173
0.206970930502
0.207262183225
0.207518167405
0.207737723709
0.207919558679
0.208062273274
0.208164393252
0.208224400993
0.20824076833
0.208211989984
0.208136617205
0.208013291263
0.207840776431
0.207617992174
0.207344044263
0.207018254583
0.206640189448
0.206209686254
0.205726878353
0.205192218059
0.20460649771
0.203970868754
0.203286858816
0.202556386743
0.201781775603
0.200965763608
0.200111512942
0.199222616421
0.198303101907
0.197357434344
0.196390515248
0.195407679435
0.194414688698
0.19341772211
0.192423362555
0.191438579053
0.190470704386
0.189527407545
0.188616660459
0.187746698574
0.186925974843
0.186163106857
0.185466816987
0.184845865603
0.184308977728
0.183864763748
0.183521635142
0.183287716509
0.183170755496
0.183178032457
0.18331627192
0.183591557983
0.184009255791
0.184573941099
0.185289339686
0.186158278069
0.187182646532
0.188363375044
0.189700422179
0.191192776686
0.192838470985
0.194634605514
0.196577382638
0.198662148642
0.200883442307
0.203235048537
0.205710055622
0.208300914822
0.210999501119
0.213797174189
0.216684838772
0.219653003854
0.222691840164
0.22579123569
0.228940848986
0.232130160141
0.235348519368
0.238585193207
0.241829408359
0.245070393217
0.248297417135
0.251499827523
0.254667084805
0.257788795318
0.260854742205
0.263854914342
0.266779533366
0.269619078824
0.272364311513
0.275006295025
0.277536415549
0.279946399968
0.282228332275
0.284374668347
0.286378249116
0.288232312152
0.289930501698
0.291466877181
0.292835920226
0.294032540206
0.295052078349
0.295890310437
0.296543448126
0.297008138925
0.297281464864
0.297360939896
0.297244506075
0.296930528554
0.296417789459
0.295705480684
0.294793195675
0.293680920252
0.29236902255
0.290858242128
0.289149678333
0.287244777978
0.285145322426
0.282853414139
0.280371462787
0.277702170995
0.274848519795
0.271813753889
0.268601366789
0.265215085919
0.261658857767
0.257936833168
0.254053352785
0.250012932898
0.245820251538
0.241480135085
0.236997545372
0.232377567392
0.227625397662
0.222746333333
0.217745762105
0.212629153019
0.2074020482
0.202070055633
0.196638843028
0.191114132893
0.185501698879
0.179807363532
0.17403699758
0.168196520923
0.162291905544
0.156329180605
0.150314440113
0.144253853627
0.138153680671
0.132020289757
0.12586018326
0.119680029891
0.113486707214
0.107287357704
0.101089463392
0.094900946463
0.0887303067303
0.082586812463
0.076480770171
0.0704239150909
0.0644299969187
0.0585157127603
0.0527023231467
0.0470182911218
0.0414996089055
0.0361920547177
0.0311690228725
0.0265572613714
0.0225918759551
0.019543682443
0.017814942196
0.0179551847681
0.0200592455597
0.0233741794879
0.0273269877857
0.0315840416561
0.0359752243649
0.0404077297424
0.0448256861902
0.049194161613
0.0534892979679
0.0576935669728
0.0617934534148
0.0657782212701
0.0696391887947
0.0733692684285
0.0769626633585
0.0804146652768
0.0837215201637
0.0868803407264
0.0898890513744
0.0927463562309
0.0954517234689
0.0980053806221
0.10040831555
0.102662276669
0.104769764838
0.106734009831
0.108558928129
0.110249099863
0.111817139611
0.113262423725
0.114589668728
0.115805100126
0.116915297677
0.117927224062
0.11884822694
0.119686008653
0.120448574833
0.121144171373
0.121781214505
0.122368216085
0.122913705165
0.123426146706
0.1239138584
0.124384926758
0.124847123766
0.125307825549
0.125773934538
0.126251806673
0.126747185129
0.127265142013
0.127810029342
0.128385440452
0.128994182775
0.129638262668
0.130318882685
0.131036451404
0.131790605568
0.132580244025
0.133403572652
0.13425815919
0.135140996733
0.136048574437
0.136976953948
0.137921850009
0.138878713712
0.13984281695
0.140809336718
0.141773438035
0.142730354426
0.143675465028
0.144604367538
0.145512946362
0.146397435403
0.147254475057
0.148081163032
0.148875098683
0.149634420613
0.150357837321
0.151044650727
0.151694772406
0.152308732421
0.152887680719
0.153433381405
0.153948201163
0.154435095673
0.154897604409
0.155339876845
0.155766712921
0.156183243789
0.156594242834
0.157004492331
0.157420341331
0.157847986724
0.158291345601
0.158756306223
0.159248993532
0.159775587391
0.160342241127
0.160955010804
0.161619790087
0.16234225013
0.163127784652
0.163981460552
0.164907974416
0.165911615264
0.166996233721
0.168165217734
0.16942147475
0.17076742018
0.172204971789
0.173735549557
0.175360080444
0.177079007425
0.178892302122
0.18079948033
0.1827996198
0.184891379652
0.187073020903
0.189342427678
0.191697128824
0.194134319755
0.196650884501
0.199243418002
0.201908248533
0.204641459575
0.20743890893
0.210296240796
0.213208886179
0.216172053604
0.219180724701
0.222229671815
0.225313497602
0.228426680474
0.231563613044
0.234718631972
0.237886043081
0.241060145407
0.244235256069
0.247405736599
0.250566020764
0.253710643637
0.256834271614
0.25993173302
0.262998048963
0.26602846407
0.269018476733
0.271963868514
0.274860732312
0.27770549893
0.280494961668
0.283226298561
0.285897091914
0.288505344774
0.291049494009
0.293528419691
0.295941450476
0.298288364751
0.300569387299
0.302785181326
0.304936835697
0.307025847297
0.309054098497
0.311023829739
0.312937607353
0.314798286744
0.316608971218
0.31837296673
0.320093732956
0.321774831157
0.323419869373
0.325032445559
0.326616089356
0.328174203235
0.32971000381
0.331226464165
0.33272625805
0.334211706821
0.335684730006
0.337146800316
0.338598903918
0.340041506686
0.341474527084
0.342897316197
0.344308645345
0.34570670152
0.347089090784
0.348452849574
0.349794463703
0.351109894712
0.352394613042
0.353643637426
0.354851579728
0.356012694442
0.357120931971
0.358169994798
0.359153395651
0.36006451681
0.360896669715
0.361643154107
0.362297316008
0.362852603896
0.36330262253
0.363641183955
0.363862355276
0.363960502901
0.363930332986
0.363766927898
0.363465778595
0.363022812818
0.362434419111
0.361697466666
0.36080932107
0.359767856042
0.358571461284
0.357219046592
0.355710042392
0.354044396887
0.352222570007
0.35024552437
0.348114713472
0.345832067324
0.343399975759
0.340821269646
0.338099200225
0.335237416811
0.332239943075
0.32911115214
0.325855740706
0.322478702425
0.318985300727
0.315381041307
0.311671644447
0.307863017355
0.303961226658
0.299972471153
0.295903054899
0.291759360642
0.287547823553
0.283274905213
0.278947067866
0.274570749135
0.270152337777
0.265698151543
0.261214418739
0.256707265687
0.252182713404
0.247646690128
0.243105073909
0.2385637793
0.234028780739
0.229505657564
0.224999058826
0.220513219235
0.216052469932
0.211621225643
0.207223903229
0.202864911231
0.198548685736
0.194279648476
0.190061885592
0.185898855577
0.18179360545
0.177749046684
0.173768049474
0.169853442751
0.166007912855
0.162233851346
0.158533335202
0.154908313378
0.151360885009
0.147893715752
0.144509457376
0.141210471514
0.137998431954
0.134873510114
0.131837117743
0.128890973525
0.12603657733
0.123274858247
0.120606407589
0.118031799788
0.115551628047
0.113166527928
0.110877901659
0.108687752106
0.106593824293
0.104594935304
0.102690843479
0.100881934857
0.0991651703392
0.0975380200748
0.0959984110621
0.0945440822995
0.0931724981324
0.0918808428598
0.0906660478702
0.0895248354615
0.0884537639178
0.0874492646311
0.0865076703324
0.0856252378407
0.0847981689751
0.0840226317095
0.0832947820017
0.0826107857602
0.0819668401862
0.0813591939418
0.0807841659268
0.080238162705
0.0797176947832
0.0792193920325
0.0787400185593
0.0782764872912
0.0778258744426
0.0773854339145
0.0769526116082
0.0765250596184
0.0761006503121
0.0756774903584
0.0752539348425
0.0748286016605
0.0744003864621
0.0739684784738
0.0735323775701
0.0730919129408
0.0726472636145
0.0721989809649
0.0717480131838
0.0712957315784
0.0708439584925
0.070394996791
0.0699516616371
0.0695173177301
0.0690959307298
0.0686921523543
0.0683120665149
0.0679637478945
0.0676502026742
0.0673769261709
0.067149981367
0.0669760776955
0.0668632452247
0.0668224719567
0.0668645774425
0.0670014608154
0.0672523661471
0.0676219151501
0.0681130932792
0.0687241246883
0.069457026615
0.0703105730809
0.0712872513542
0.0723819366841
0.0735900993958
0.0749009568459
0.0763128045996
0.0778149093747
0.079398451629
0.0810562858174
0.0827825094364
0.0845728655034
0.0864198442301
0.0883177558041
0.090261566
0.0922432043309
0.0942570338337
0.0962928562109
0.0983422962775
0.100400800743
0.10246053271
0.104513967483
0.106556103782
0.108578501043
0.110575060398
0.112540061929
0.114467108574
0.116349497638
0.118180761874
0.119955191611
0.121668110492
0.123313115796
0.124883268878
0.126372841243
0.127776694072
0.129090401918
0.13031177304
0.131438466237
0.132463952905
0.133384225113
0.134197026899
0.13490179829
0.135499178127
0.135999824538
0.136390136735
0.136668693241
0.136835500156
0.136890821174
0.136835484793
0.136670959337
0.136399270656
0.136022923767
0.135544861888
0.13496845877
0.134297541795
0.133536460017
0.132690232897
0.13176453068
0.13076437601
0.129693598352
0.128556476562
0.127356834487
0.126097496317
0.124781771752
0.123413372329
0.121995921127
0.120532549119
0.119025629445
0.117476680459
0.115886406778
0.114254833986
0.11258141671
0.11086507135
0.109104187377
0.107296653267
0.105439895892
0.103530952552
0.101566545533
0.0995430415528
0.097456416368
0.0953025027635
0.0930773168509
0.0907772542891
0.0883992570686
0.0859410281699
0.0834011154298
0.0807787417515
0.0780742201941
0.0752897484101
0.0724299621651
0.0695025640349
0.0665191515638
0.0634970498111
0.0604619065573
0.0574425187175
0.0544765454585
0.0516160414838
0.0489294283152
0.0465001936778
0.0444221833831
0.042780993105
0.0416514226
0.0410831514605
0.0410921752437
0.0416726163288
0.0427893495625
0.044429225593
0.0465449162345
0.0491053445856
0.0520838431215
0.0554425814124
0.0591389320888
0.0631582455814
0.0674829371398
0.0720776777516
0.0768965606094
0.0819213770103
0.0871290533724
0.0924822671595
0.0979617062382
0.103531459205
0.10916988681
0.114865280885
0.120600381172
0.126351135651
0.132105188814
0.137852919679
0.143584170253
0.149283661773
0.154939373388
0.160537565763
0.166065873044
0.171514845371
0.176873863493
0.182134187658
0.187287712619
0.192326865673
0.19724511114
0.202036690707
0.206696473342
0.211219890436
0.215602885151
0.219841863483
0.223933660864
0.227875536476
0.231665184197
0.235300738808
0.238780768452
0.242104256911
0.245270582265
0.248279498798
0.251131147744
0.253826492154
0.256367578856
0.258753865528
0.260986196531
0.263066051784
0.264995173151
0.266775518083
0.268409235517
0.269898645341
0.271246219013
0.272454560904
0.273526390293
0.27446452396
0.275271859188
0.275951356579
0.27650602157
0.276938883382
0.277252971542
0.27745129351
0.277536818993
0.277512473016
0.277381133763
0.277145629855
0.276808734877
0.276373159952
0.275841545764
0.275216455005
0.2745003657
0.273695665672
0.272804648698
0.271829513735
0.270772370186
0.269635254788
0.268420166459
0.26712910762
0.265764041494
0.264326625739
0.262817969519
0.261238859652
0.259590123239
0.257872769546
0.256088028746
0.25423740165
0.252322660146
0.250345542758
0.248307168752
0.246207996836
0.244048381286
0.241828975698
0.239550998308
0.23721679539
0.234829132551
0.232388119716
0.229893861792
0.227347706214
0.224751633463
0.222108053139
0.21941976638
0.216689894178
0.213921631675
0.211117876432
0.208281182847
0.205414177415
0.202519824056
0.199601233167
0.196661720829
0.193705096761
0.19073578321
0.187758921928
0.184780140196
0.181804320436
0.178835214083
0.175876950114
0.172934418322
0.170012978702
0.167118262705
0.164256061902
0.161432267092
0.158652856277
0.155923923854
0.153251712961
0.150642541631
0.148102461165
0.145636927419
0.143251076996
0.140950193387
0.138740521037
0.136628915063
0.134616800468
0.132707558595
0.130905116539
0.129212534767
0.127632614339
0.126167958402
0.124819892159
0.123588687409
0.122474510029
0.12147953679
0.120600982756
0.119835418015
0.119180821057
0.118635117812
0.118197061115
0.117865069654
0.117633599494
0.11749739881
0.11745405719
0.117496073607
0.117617789517
0.117814027432
0.118080603835
0.118412243695
0.118802414326
0.11924620716
0.119742020777
0.120280533
0.120856857838
0.121467020242
0.122107709904
0.122776623598
0.123474366226
0.124200947709
0.124954224718
0.125727881446
0.126515545176
0.127313476067
0.128117994004
0.128924977847
0.129732515526
0.130546882311
0.131364766165
0.13217681927
0.132978151868
0.133767090285
0.134543040127
0.135302438647
0.136046553113
0.136777605654
0.137495713523
0.138192346139
0.138866520422
0.139518391185
0.140149006529
0.140761452743
0.141356639768
0.141935536442
0.142498894096
0.143043735181
0.143564998762
0.144062036954
0.144534185512
0.144980399671
0.145399317562
0.145789622929
0.146150240433
0.146480393728
0.146779812717
0.14704910537
0.147287782787
0.147493900958
0.147666454225
0.147806242087
0.147912284563
0.147982218346
0.148015199594
0.148010894888
0.14796944943
0.14789192672
0.147778946139
0.147629937735
0.147446185613
0.147229243927
0.146977448049
0.146690379655
0.146367815752
0.146009981707
0.145617592227
0.145195882146
0.144744394304
0.1442643701
0.143762326156
0.143247432628
0.142719443667
0.14217890648
0.141626536169
0.141067162942
0.140499575273
0.139924435744
0.139346764733
0.138770706009
0.138199937007
0.137637054381
0.137084109956
0.136541055943
0.136008782774
0.135485607421
0.134969263596
0.134460078098
0.13396080574
0.133473662782
0.132999705175
0.132540507379
0.132099026632
0.131682930563
0.131291904764
0.130928670959
0.130597444875
0.130302733432
0.130049326747
0.129842266824
0.129686766251
0.129588106938
0.129551534448
0.129582151349
0.129684808072
0.129863989117
0.130123694398
0.130467318826
0.13089753767
0.131416208362
0.132024296829
0.132721828725
0.133507860124
0.134380462644
0.135336721071
0.136372743488
0.137483684024
0.138663777801
0.139906387079
0.141204057345
0.142548583242
0.143931098736
0.145342990717
0.14677605491
0.148217302937
0.149655831281
0.151080752251
0.152481205517
0.153846400509
0.155165048625
0.156425043393
0.157617331713
0.158731951694
0.159754403209
0.160676808172
0.161489282779
0.162180537515
0.162736943048
0.163147446263
0.163405924713
0.163512758682
0.163467932621
0.163254145618
0.162854295874
0.162257925046
0.161456364793
0.160443239798
0.159214645892
0.157768726793
0.156105428447
0.154226409864
0.152135031354
0.149836384852
0.147337353788
0.144646699243
0.141775173127
0.138735660999
0.135543358032
0.132215981795
0.128774024857
0.125241048516
0.121644015624
0.118013655425
0.114384845968
0.110796989968
0.107294346488
0.103926258974
0.100747179837
0.0978163222812
0.0951966818163
0.0929531406811
0.0911495572656
0.0898451358622
0.0890904017992
0.0889229408928
0.089365283892
0.0904249221826
0.0920893938679
0.0943312022904
0.0971157873439
0.100403115695
0.104145813924
0.10829536535
0.112804700125
0.117632532046
0.122736340663
0.128071373782
0.133600848628
0.139284611852
0.145087097599
0.150975463261
0.156927977482
0.162913992691
0.16890682485
0.174885269133
0.180831922014
0.186734825443
0.192576204685
0.198339997767
0.204015268676
0.20959127078
0.215059040469
0.220410985198
0.225640161097
0.230740236239
0.23570586756
0.240532699383
0.245217090549
0.249755629556
0.254145040111
0.258382530618
0.262465950691
0.266393684658
0.270164457421
0.273777196585
0.277231057125
0.280525510499
0.283660354397
0.286635686232
0.289451895527
0.292109646168
0.294609844024
0.296953629643
0.299142236278
0.301176710892
0.303058079877
0.304787601297
0.306366744509
0.307797119276
0.309080459865
0.310218685072
0.311214223605
0.312071290013
0.312791098304
0.313374111297
0.313821893463
0.314136322195
0.314319453039
0.31437346135
0.314300616332
0.314103265673
0.313783829845
0.313344811556
0.312788815901
0.312118569443
0.311336931507
0.310446898444
0.309451603986
0.30835431792
0.307158444003
0.305867517353
0.304485201257
0.303015283297
0.301461670779
0.299828385434
0.298119557446
0.296339418802
0.29449229594
0.292582601595
0.290614825751
0.288593525576
0.286523314259
0.284408848703
0.282254816087
0.28006591931
0.277846861377
0.275602328791
0.273336974044
0.271055397276
0.268762127231
0.266461601632
0.264158147115
0.261855958922
0.259559080536
0.257271383505
0.254996547704
0.252738042316
0.250499107805
0.248282739185
0.246091670835
0.24392836312
0.241794990981
0.239693434593
0.237625271974
0.235591773324
0.233593896748
0.231632285411
0.229707267217
0.227818859833
0.225966785004
0.224150494689
0.222369205753
0.220621930206
0.21890748472
0.21722450014
0.215572110527
0.21395314203
0.21236084649
0.210792827433
0.209246797238
0.207719579801
0.206207686253
0.204708563696
0.203221607412
0.201741988469
0.200266877238
0.198794616568
0.197322230593
0.19584574422
0.19436281134
0.192871924207
0.191371985685
0.189862123232
0.18834171219
0.186810668693
0.18527088042
0.183724703833
0.182170242
0.18060782478
0.179038038301
0.177461215997
0.175877963245
0.174289843745
0.172699499642
0.171108721766
0.169519035318
0.167932753051
0.166351875996
0.164777787377
0.163212236878
0.161659068155
0.160125350034
0.158607820166
0.157107351067
0.155625370203
0.154163056434
0.152721090279
0.151299741772
0.149899198941
0.148519812011
0.14716213672
0.145826870823
0.144514774479
0.143226606098
0.141963077194
0.140724824334
0.139512397133
0.138326261378
0.137166814527
0.136034408646
0.134929375186
0.133852047124
0.132802775982
0.13178194281
0.130789963272
0.129827287513
0.12889439602
0.127991793317
0.127120001533
0.126279555092
0.125470995516
0.12469486335
0.123951685303
0.123241959739
0.122566146745
0.121924664707
0.121317890565
0.120746168898
0.120209866258
0.119709606663
0.119246876622
0.118822953725
0.118437445169
0.118088342509
0.11777336748
0.117491492579
0.117241871729
0.117023604639
0.116835702632
0.116677093842
0.116546631146
0.116443075611
0.116365053183
0.116311070567
0.11627980374
0.11627090188
0.116282721368
0.116312260211
0.116357629837
0.116417331287
0.116490018155
0.116574463365
0.116669560675
0.116774335962
0.116887962421
0.117009776444
0.117139291936
0.117276212028
0.117420437671
0.117572071689
0.1177314141
0.117898943629
0.118075289774
0.118261216682
0.118457635913
0.118665639052
0.118886534481
0.119121885916
0.119373549442
0.119643668654
0.119934544742
0.120248442081
0.120587613615
0.120954883404
0.121354373789
0.121787338148
0.122254502366
0.12275521743
0.123288955745
0.123857157147
0.124462237036
0.125101782812
0.125779874121
0.126491958201
0.127239058756
0.128020923203
0.128835965999
0.129680131277
0.130549955801
0.131441313239
0.13235005067
0.1332719578
0.134202694643
0.135137726107
0.136072317128
0.13700158931
0.137920606925
0.138824426957
0.139708044853
0.140566287531
0.141393833022
0.142185324439
0.142935416636
0.143638788786
0.144290191994
0.144884503598
0.145416755772
0.145882144178
0.146276030483
0.146593947572
0.146831613419
0.146984955647
0.14705014303
0.147023617167
0.146902119085
0.146682708395
0.14636277544
0.145940050225
0.145412614706
0.144778922941
0.144037826866
0.143188600917
0.142230960736
0.141165075901
0.139991579094
0.138711573882
0.137326641917
0.135838849379
0.134250752323
0.132565400888
0.13078634281
0.128917626892
0.126963807215
0.124929948909
0.122821636431
0.120644985501
0.118406660012
0.116113894965
0.113774525175
0.111397016248
0.108990490476
0.106564747581
0.104130322836
0.101698670806
0.0992828657361
0.0969005519951
0.0945603103317
0.092273680423
0.090056584137
0.0879237274337
0.0858867932693
0.083963316115
0.0821632449714
0.0804999407873
0.078981877418
0.0776187589417
0.0764216295045
0.0753950241573
0.0745453320879
0.0738770855858
0.073398919085
0.0731085916714
0.073009106951
0.0730976823092
0.0733701073646
0.073820179648
0.0744388230528
0.0752169357361
0.076146059661
0.0772178621736
0.0784231257044
0.079751671896
0.0811929667384
0.0827372431599
0.0843762485239
0.0860994656077
0.0878979145678
0.089763156879
0.091687082646
0.0936618753823
0.0956799995389
0.0977342554093
0.0998179906548
0.101924964397
0.104048051492
0.106179924949
0.108313782104
0.110442389263
0.112558288993
0.114654454735
0.116724245138
0.118761217356
0.120758997752
0.122711268667
0.124611875227
0.126454823654
0.12823398749
0.129943286629
0.131577063828
0.133130077025
0.134597407794
0.135974437588
0.137256876276
0.138440793036
0.139522633633
0.140499238213
0.141367867734
0.142126231747
0.142772509234
0.143305361668
0.143723941512
0.144027899245
0.144217391024
0.1442930884
0.144256189617
0.144108424905
0.143852036474
0.143489733455
0.143024679357
0.142460498226
0.141801211633
0.141051241523
0.140215523781
0.139299537217
0.138309298612
0.137251288473
0.13613175381
0.134957000894
0.133734129176
0.132470887978
0.131175211002
0.129854841116
0.128517436063
0.127170851831
0.125823248519
0.12448306897
0.123159011069
0.121859962452
0.120594670374
0.119371542763
0.118199281322
0.117087995799
0.116046726157
0.115082745516
0.114205310985
0.113424284621
0.112748183335
0.112182728271
0.111734969149
0.111407182492
0.111206607498
0.111139889188
0.111209631988
0.111419639754
0.111768339255
0.112252563859
0.112872430664
0.113622921917
0.114492893117
0.115472631294
0.116552112294
0.117720434199
0.118965621964
0.120275006237
0.121633978319
0.123027579995
0.124442365619
0.125865780796
0.127285701641
0.128690324193
0.130068291436
0.131408912241
0.132702318408
0.133939511708
0.135112304082
0.136213087609
0.137234495036
0.138171964608
0.139019876731
0.139768429997
0.140412195279
0.140946265768
0.141366250572
0.141668291545
0.141849063699
0.141905763964
0.14183609848
0.141638266955
0.14131092421
0.140853100721
0.140264146574
0.139543835581
0.13869270069
0.137712580347
0.136605593003
0.135372507584
0.134014888192
0.13253549729
0.130937930208
0.129226502967
0.127406240094
0.125482899973
0.123463039757
0.121354047338
0.119163669033
0.11689938186
0.114569955765
0.112185320664
0.109752059062
0.107280131047
0.104780097518
0.102261699558
0.0997359898141
0.0972097084543
0.0946920361019
0.0921971558116
0.0897337062315
0.0873097441709
0.0849383451254
0.082631373373
0.0803987986893
0.0782591137445
0.0762174446706
0.0742850481871
0.0724719748746
0.0707888461437
0.0692483554715
0.0678658495924
0.0666605197596
0.0656528173854
0.0648629545222
0.0643172925503
0.0640189207162
0.0639779613135
0.0642318072349
0.0648099327102
0.0657182878168
0.0669787214285
0.0685756395922
0.0704654185781
0.0725688695849
0.0748277231963
0.0771976079401
0.0796399822628
0.0821309734781
0.0846423833856
0.0871506243698
0.0896415453933
0.0921006283077
0.0945158378401
0.0968722875474
0.0991584975345
0.10136668589
0.103490985634
0.105526840147
0.107468837448
0.109309523313
0.111045045572
0.112672443773
0.114189303021
0.115593679845
0.116884214048
0.118060211668
0.119121985743
0.120072105274
0.120911284363
0.121639395431
0.122256154195
0.1227626903
0.123159508921
