-0.0
2.15486245194e-05
8.6195580132e-05
0.000193944112943
0.000344799632912
0.000538769713538
0.000775864091406
0.0010560946656
0.00137947549695
0.00174602280718
0.00215575497784
0.00260869254906
0.00310485821819
0.00364427683818
0.00422697541574
0.00485298310929
0.00552233122669
0.00623505322261
0.0069911846957
0.00779076338537
0.00863382916825
0.00952042405425
0.0104505921823
0.0114243798154
0.0124418353357
0.0135030092383
0.0146079541253
0.0157567246985
0.0169493777524
0.018185972165
0.0194665688898
0.0207912309451
0.0221600234036
0.0235730133808
0.0250302700224
0.0265318644901
0.028077869947
0.0296683615415
0.0313034163896
0.0329831135561
0.0347075340343
0.0364767607233
0.0382908784051
0.0401499737183
0.0420541351306
0.0440034529091
0.0459980190883
0.0480379274356
0.0501232734143
0.052254154144
0.054430668358
0.0566529163572
0.0589209999618
0.0612350224582
0.0635950885432
0.0660013042633
0.0684537769509
0.0709526151552
0.0734979285684
0.0760898279475
0.0787284250298
0.0814138324438
0.084146163613
0.086925532654
0.0897520542677
0.0926258436233
0.0955470162343
0.0985156878269
0.1015319742
0.104595991075
0.107707853938
0.11086767787
0.114075577367
0.117331666147
0.120636056951
0.123988861323
0.127390189383
0.130840149582
0.134338848442
0.137886390286
0.141482876942
0.145128407439
0.148823077673
0.152566980067
0.1563602032
0.160202831419
0.164094944426
0.168036616842
0.172027917747
0.176068910196
0.180159650694
0.184300188665
0.188490565866
0.19273081579
0.197020963023
0.201361022568
0.205750999144
0.210190886429
0.214680666284
0.219220307923
0.223809767046
0.228448984932
0.233137887483
0.237876384228
0.242664367275
0.247501710221
0.252388267013
0.257323870756
0.262308332478
0.267341439843
0.272422955815
0.277552617274
0.282730133587
0.287955185127
0.293227421753
0.298546461249
0.303911887716
0.309323249943
0.314780059729
0.320281790199
0.325827874089
0.331417702019
0.33705062077
0.342725931564
0.348442888355
0.354200696156
0.359998509408
0.365835430396
0.37171050775
0.377622735025
0.383571049396
0.389554330479
0.395571399299
0.401621017431
0.407701886341
0.413812646933
0.419951879354
0.426118103052
0.432309777136
0.438525301043
0.444763015546
0.451021204119
0.457298094674
0.463591861688
0.469900628737
0.476222471432
0.482555420763
0.488897466856
0.495246563115
0.501600630747
0.507957563638
0.514315233541
0.520671495548
0.527024193787
0.533371167289
0.539710255969
0.546039306635
0.552356178966
0.558658751381
0.564944926698
0.571212637531
0.577459851325
0.583684574969
0.589884858917
0.596058800757
0.602204548192
0.608320301403
0.614404314769
0.620454897976
0.626470416514
0.632449291634
0.638389999814
0.644291071836
0.650151091593
0.655968694726
0.661742567271
0.667471444454
0.673154109802
0.678789394754
0.684376178944
0.689913391311
0.69540001222
0.700835076712
0.706217679029
0.711546978491
0.716822206794
0.722042676766
0.72720779255
0.732317061177
0.737370105409
0.742366677723
0.747306675236
0.75219015535
0.757017351837
0.761788691086
0.766504808174
0.771166562449
0.775775052263
0.780331628548
0.784837906901
0.789295777903
0.793707415402
0.798075282567
0.80240213553
0.806691024509
0.810945292353
0.815168570487
0.819364772282
0.823538083926
0.827692952869
0.831834073939
0.835966373227
0.840094989794
0.844225255216
0.848362670927
0.852512883185
0.856681655416
0.860874837469
0.865098331175
0.869358051327
0.873659880917
0.87800961911
0.882412920017
0.886875219797
0.891401649017
0.89599692646
0.900665229689
0.90541003667
0.910233931598
0.915138366732
0.920123370723
0.925187192527
0.930325868906
0.935532702979
0.940797641896
0.946106544342
0.951440334426
0.95677404942
0.962075806807
0.967305743758
0.972415021427
0.97734503778
0.982027052707
0.986382487862
0.99032420123
0.993759022841
0.996591737509
0.998730486131
1.0000932341
1.00061458461
1.00025191613
0.998989740997
0.996841410816
0.993847807887
0.990073301607
0.985599790459
0.980519921166
0.974930531827
0.968927087901
0.962599510697
0.956029463863
0.949288933405
0.942439822322
0.935534257893
0.928615342453
0.921718135684
0.914870717103
0.908095230194
0.901408850515
0.894824649185
0.888352342316
0.881998928629
0.875769223918
0.869666303978
0.863691868473
0.857846537753
0.85213009361
0.846541673628
0.841079927407
0.83574314166
0.830529339981
0.8254363621
0.820461926559
0.815603680014
0.810859235774
0.806226203698
0.801702213156
0.797284930434
0.792972071708
0.788761412485
0.784650794227
0.780638128765
0.776721400944
0.772898669911
0.769168069329
0.765527806767
0.761976162472
0.758511487672
0.755132202536
0.751836793901
0.748623812838
0.745491872125
0.742439643674
0.739465855953
0.736569291438
0.733748784109
0.731003217015
0.728331519921
0.725732667045
0.723205674884
0.72074960015
0.718363537805
0.716046619195
0.713798010294
0.711616910048
0.709502548815
0.707454186909
0.705471113234
0.703552644011
0.701698121596
0.69990691338
0.698178410774
0.696512028267
0.694907202565
0.6933633918
0.691880074803
0.690456750446
0.689092937047
0.687788171826
0.686542010425
0.685354026475
0.684223811212
0.683150973144
0.682135137754
0.68117594725
0.680273060348
0.679426152094
0.678634913711
0.67789905248
0.677218291648
0.676592370351
0.676021043565
0.675504082068
0.675041272419
0.674632416937
0.674277333702
0.67397585654
0.673727835016
0.673533134422
0.673391635742
0.673303235617
0.673267846269
0.673285395418
0.673355826146
0.673479096735
0.673655180446
0.673884065254
0.674165753503
0.6745002615
0.674887619021
0.675327868715
0.675821065406
0.676367275274
0.676966574892
0.677619050116
0.678324794805
0.679083909339
0.67989649894
0.680762671745
0.68168253662
0.682656200682
0.683683766503
0.684765328947
0.685900971624
0.687090762901
0.688334751435
0.689632961179
0.690985385806
0.692391982494
0.693852665018
0.695367296079
0.696935678798
0.698557547313
0.700232556398
0.701960270028
0.703740148813
0.705571536229
0.707453643568
0.709385533538
0.711366102471
0.71339406108
0.715467913759
0.71758593642
0.719746152933
0.721946310236
0.724183852287
0.726455893085
0.728759189053
0.731090111242
0.733444617875
0.735818227946
0.738205996722
0.740602494188
0.743001787663
0.74539743001
0.747782455052
0.75014938196
0.752490230542
0.754796549378
0.757059458762
0.759269710264
0.761417764417
0.763493887613
0.765488268635
0.767391154426
0.769193003694
0.770884655833
0.772457511415
0.773903719344
0.775216364674
0.776389650326
0.777419065438
0.77830153313
0.77903553096
0.779621178411
0.780060287242
0.780356372429
0.780514623495
0.780541838117
0.780446321863
0.780237759498
0.779927064477
0.779526213881
0.779048076191
0.778506238928
0.777914842488
0.777288425447
0.776641785504
0.775989858976
0.775347620638
0.77473000465
0.774151846443
0.773627844754
0.773172542457
0.772800324532
0.772525431234
0.77236198445
0.772324025143
0.772425559723
0.772680613109
0.773103286073
0.773707814122
0.774508624645
0.775520388144
0.776758058043
0.77823689147
0.779972440466
0.781980498586
0.784276981497
0.786877710909
0.789798057818
0.793052381954
0.796653177256
0.800609795228
0.804926566292
0.809600071255
0.814615232428
0.819939808202
0.82551682149
0.831254515214
0.837013777164
0.842593905294
0.847719478749
0.852034173877
0.855110916511
0.856489025242
0.855743019564
0.852571374248
0.846873499131
0.838777947657
0.828606575139
0.816793917021
0.803799561005
0.79004310393
0.775870880736
0.761548475321
0.747268232381
0.733162781518
0.719319175724
0.70579118152
0.692609011105
0.679786622556
0.66732701398
0.655225978621
0.643474727109
0.632061696511
0.620973784666
0.610197182422
0.599717926447
0.589522258881
0.579596854088
0.569928954474
0.560506444514
0.551317883208
0.542352508969
0.53360022663
0.52505158325
0.516697737286
0.508530424268
0.500541921071
0.492725010174
0.485072944818
0.477579415614
0.470238518931
0.463044727227
0.455992861373
0.449078064966
0.442295780557
0.435641727711
0.429111882788
0.422702460335
0.41640989597
0.410230830647
0.404162096186
0.398200701979
0.392343822754
0.38658878732
0.380933068216
0.375374272162
0.36991013127
0.364538494932
0.359257322332
0.354064675533
0.348958713082
0.343937684089
0.338999922755
0.334143843286
0.329367935184
0.324670758873
0.320050941632
0.315507173813
0.311038205324
0.306642842343
0.302319944269
0.298068420862
0.293887229581
0.28977537309
0.285731896935
0.281755887356
0.277846469247
0.274002804243
0.270224088919
0.266509553107
0.262858458309
0.25927009621
0.255743787274
0.25227887943
0.248874746825
0.245530788656
0.242246428067
0.239021111106
0.235854305746
0.232745500951
0.229694205804
0.226699948676
0.223762276441
0.220880753733
0.218054962246
0.215284500068
0.212568981048
0.209908034199
0.207301303132
0.204748445519
0.202249132582
0.199803048607
0.197409890487
0.195069367281
0.192781199806
0.190545120234
0.188360871726
0.186228208067
0.184146893334
0.182116701571
0.180137416481
0.178208831138
0.176330747708
0.174502977183
0.172725339133
0.170997661466
0.169319780202
0.167691539252
0.166112790219
0.164583392199
0.163103211592
0.161672121931
0.160290003709
0.158956744224
0.157672237421
0.156436383752
0.155249090037
0.154110269337
0.153019840826
0.151977729677
0.150983866954
0.150038189501
0.149140639848
0.148291166114
0.147489721921
0.146736266311
0.146030763664
0.145373183628
0.144763501048
0.1442016959
0.143687753233
0.143221663108
0.14280342055
0.142433025494
0.142110482744
0.141835801926
0.141608997453
0.141430088487
0.141299098907
0.141216057281
0.141180996836
0.141193955438
0.141254975567
0.141364104299
0.141521393291
0.141726898765
0.141980681496
0.142282806804
0.142633344542
0.143032369093
0.143479959361
0.143976198772
0.144521175271
0.145114981318
0.14575771389
0.146449474482
0.147190369109
0.147980508305
0.148820007129
0.149708985163
0.150647566516
0.151635879823
0.152674058248
0.153762239478
0.154900565725
0.156089183718
0.157328244695
0.158617904395
0.159958323041
0.161349665325
0.162792100383
0.164285801766
0.16583094741
0.16742771959
0.16907630487
0.170776894052
0.172529682098
0.17433486806
0.17619265498
0.178103249791
0.180066863189
0.182083709501
0.184154006519
0.18627797533
0.188455840104
0.19068782787
0.192974168256
0.1953150932
0.197710836621
0.200161634058
0.202667722258
0.205229338724
0.207846721203
0.210520107124
0.213249732964
0.21603583355
0.218878641283
0.221778385274
0.224735290391
0.227749576198
0.23082145579
0.233951134494
0.237138808445
0.240384663003
0.243688871018
0.247051590911
0.250472964558
0.253953114967
0.257492143722
0.261090128168
0.264747118324
0.268463133502
0.272238158585
0.276072139967
0.279964981103
0.283916537645
0.287926612138
0.291994948235
0.296121224405
0.300305047088
0.304545943282
0.30884335251
0.31319661815
0.317604978092
0.322067554705
0.326583344096
0.331151204646
0.335769844838
0.340437810387
0.345153470707
0.349915004773
0.354720386465
0.359567369499
0.364453472113
0.369375961689
0.37433183957
0.379317826358
0.384330348091
0.389365523691
0.394419154234
0.399486714592
0.404563348126
0.409643865154
0.414722745985
0.419794149354
0.424851927124
0.429889646116
0.434900617863
0.439877937016
0.444814528964
0.449703207021
0.454536739261
0.459307924735
0.4640096784
0.468635123664
0.473177690955
0.477631220277
0.481990065277
0.486249195976
0.490404297082
0.49445185868
0.498389256148
0.502214816387
0.505927867888
0.509528772697
0.513018939111
0.516400814666
0.519677859872
0.52285450389
0.525936084101
0.528928772075
0.531839488881
0.534675812917
0.537445883496
0.540158303323
0.542822042736
0.545446348247
0.548040657465
0.550614522044
0.553177539818
0.555739296843
0.55830931969
0.560897037959
0.563511756752
0.566162638608
0.568858694258
0.57160878149
0.57442161135
0.577305760905
0.580269691845
0.583321774198
0.586470314555
0.589723588193
0.593089874612
0.596577495989
0.600194858143
0.603950493538
0.607853105903
0.611911615885
0.616135207055
0.620533371319
0.625115952424
0.629893185675
0.63487573121
0.640074696984
0.645501646003
0.651168579934
0.657087887915
0.663272244542
0.669734434237
0.676487069506
0.683542156895
0.690910445198
0.698600463672
0.7066171214
0.71495969054
0.723618935533
0.732573082058
0.74178226022
0.751181047943
0.760668872643
0.770098468066
0.779263585985
0.787889006982
0.795628580377
0.802079602383
0.806821648482
0.809481159921
0.809808522713
0.807739495702
0.803412149608
0.797130553791
0.789293589763
0.780319954387
0.770592703964
0.760430405985
0.750080030845
0.739722823107
0.729485681986
0.719453409216
0.709679590574
0.700195377236
0.691016187108
0.682146643323
0.673584131023
0.665321318461
0.657347922534
0.6496519324
0.642220448637
0.635040251657
0.628098180453
0.621381379099
0.614877451453
0.608574552505
0.602461436327
0.596527474616
0.590762655635
0.585157570365
0.579703390648
0.574391842608
0.569215177616
0.56416614233
0.559237948842
0.554424245595
0.549719089488
0.545116919402
0.540612531282
0.536201054795
0.53187793156
0.5276388949
0.523479951027
0.5193973616
0.515387627531
0.511447473985
0.507573836447
0.503763847797
0.500014826287
0.496324264369
0.492689818276
0.489109298311
0.485580659774
0.482101994477
0.478671522794
0.475287586212
0.471948640322
0.468653248242
0.465400074413
0.462187878762
0.459015511184
0.455881906339
0.452786078731
0.449727118054
0.446704184788
0.443716506025
0.440763371527
0.437844129972
0.434958185416
0.432104993924
0.429284060386
0.426494935494
0.423737212876
0.421010526387
0.418314547532
0.415648983029
0.413013572504
0.410408086301
0.407832323418
0.405286109539
0.402769295188
0.400281753972
0.39782338092
0.395394090917
0.392993817218
0.390622510046
0.388280135264
0.385966673121
0.383682117067
0.381426472633
0.379199756363
0.377001994821
0.374833223631
0.372693486587
0.370582834793
0.368501325861
0.366449023145
0.364425995011
0.362432314153
0.36046805693
0.358533302748
0.35662813346
0.354752632805
0.35290688586
0.351090978529
0.349304997041
0.347549027482
0.345823155334
0.344127465038
0.342462039573
0.340826960051
0.339222305319
0.337648151584
0.33610457204
0.334591636515
0.333109411119
0.33165795791
0.330237334558
0.328847594028
0.327488784261
0.326160947862
0.324864121803
0.323598337116
0.322363618603
0.321159984545
0.319987446413
0.318846008584
0.317735668062
0.316656414198
0.315608228408
0.314591083904
0.313604945417
0.31264976892
0.311725501361
0.310832080387
0.309969434072
0.309137480647
0.308336128227
0.307565274541
0.306824806655
0.306114600708
0.305434521634
0.30478442289
0.304164146189
0.303573521221
0.30301236539
0.302480483538
0.301977667676
0.301503696719
0.301058336222
0.300641338111
0.300252440429
0.29989136708
0.299557827575
0.299251516791
0.29897211473
0.298719286292
0.298492681051
0.298291933047
0.298116660584
0.29796646605
0.297840935743
0.297739639721
0.297662131667
0.297607948777
0.29757661167
0.297567624326
0.29758047405
0.297614631467
0.297669550552
0.297744668691
0.29783940679
0.297953169419
0.298085345002
0.298235306056
0.298402409484
0.298585996917
0.298785395118
0.298999916443
0.299228859366
0.299471509076
0.299727138132
0.299995007199
0.300274365854
0.300564453463
0.300864500147
0.301173727811
0.301491351266
0.301816579421
0.302148616555
0.302486663676
0.302829919944
0.303177584177
0.303528856426
0.30388293962
0.304239041267
0.304596375226
0.304954163519
0.305311638193
0.305668043223
0.306022636438
0.306374691469
0.306723499708
0.307068372261
0.307408641898
0.307743664967
0.308072823283
0.308395525958
0.308711211176
0.309019347893
0.309319437446
0.309611015069
0.309893651291
0.310166953211
0.310430565646
0.31068417213
0.310927495754
0.311160299853
0.311382388523
0.311593606954
0.311793841597
0.311983020138
0.312161111294
0.312328124418
0.312484108929
0.312629153554
0.312763385395
0.312886968825
0.313000104217
0.313103026516
0.313196003656
0.31327933485
0.313353348733
0.313418401397
0.313474874317
0.313523172174
0.313563720602
0.313596963859
0.313623362434
0.313643390611
0.313657533991
0.313666286991
0.313670150329
0.313669628494
0.313665227233
0.313657451043
0.313646800685
0.313633770728
0.31361884713
0.313602504861
0.313585205568
0.313567395301
0.31354950229
0.313531934788
0.313515078973
0.313499296924
0.31348492466
0.313472270262
0.31346161206
0.313453196908
0.313447238531
0.31344391596
0.313443372051
0.313445712094
0.313451002507
0.313459269633
0.313470498634
0.313484632483
0.313501571073
0.313521170432
0.313543242063
0.31356755241
0.313593822457
0.313621727471
0.313650896895
0.313680914402
0.313711318116
0.313741601016
0.313771211528
0.313799554314
0.31382599128
0.313849842795
0.313870389146
0.313886872229
0.313898497495
0.313904436138
0.313903827558
0.313895782081
0.313879383947
0.313853694568
0.313817756045
0.313770594954
0.313711226368
0.313638658135
0.313551895362
0.313449945112
0.313331821286
0.313196549644
0.313043172968
0.3128707563
0.312678392237
0.312465206243
0.312230361916
0.311973066193
0.311692574417
0.311388195243
0.311059295314
0.310705303675
0.310325715876
0.309920097706
0.30948808854
0.309029404246
0.30854383962
0.308031270334
0.30749165436
0.306925032865
0.306331530568
0.30571135555
0.305064798527
0.304392231604
0.30369410651
0.302970952359
0.30222337295
0.301452043654
0.300657707911
0.299841173397
0.299003307893
0.298145034909
0.297267329106
0.296371211571
0.295457744983
0.294528028733
0.293583194013
0.292624398956
0.291652823824
0.290669666316
0.289676136998
0.288673454916
0.287662843375
0.286645525952
0.285622722719
0.284595646713
0.283565500655
0.282533473929
0.281500739811
0.28046845297
0.279437747216
0.278409733504
0.277385498194
0.276366101531
0.275352576375
0.274345927132
0.273347128902
0.272357126823
0.271376835586
0.270407139137
0.269448890518
0.268502911866
0.267569994537
0.266650899348
0.265746356931
0.264857068181
0.263983704787
0.263126909844
0.26228729852
0.261465458793
0.260661952223
0.25987731477
0.259112057645
0.258366668184
0.257641610744
0.256937327613
0.256254239925
0.25559274859
0.254953235213
0.254336063015
0.253741577752
0.253170108616
0.252621969133
0.252097458042
0.251596860163
0.251120447242
0.250668478783
0.250241202859
0.249838856905
0.249461668485
0.24910985604
0.248783629619
0.248483191581
0.248208737279
0.24796045572
0.247738530209
0.247543138961
0.247374455699
0.247232650233
0.24711788901
0.247030335652
0.246970151469
0.246937495959
0.246932527278
0.246955402708
0.247006279093
0.247085313268
0.247192662466
0.247328484715
0.247492939215
0.247686186705
0.247908389814
0.248159713402
0.248440324886
0.248750394557
0.249090095889
0.249459605829
0.249859105091
0.250288778428
0.250748814908
0.251239408177
0.251760756715
0.25231306409
0.252896539203
0.253511396533
0.254157856377
0.254836145083
0.255546495287
0.256289146147
0.25706434357
0.257872340449
0.258713396892
0.259587780456
0.26049576638
0.261437637825
0.262413686114
0.263424210973
0.264469520781
0.265549932823
0.266665773549
0.267817378836
0.269005094261
0.270229275379
0.27149028801
0.272788508533
0.274124324188
0.275498133393
0.276910346065
0.278361383953
0.279851680985
0.281381683624
0.282951851234
0.284562656465
0.286214585644
0.287908139183
0.289643831996
0.291422193937
0.293243770243
0.295109121997
0.297018826601
0.298973478266
0.300973688508
0.303020086664
0.305113320416
0.307254056324
0.309442980375
0.311680798527
0.313968237275
0.316306044205
0.318694988559
0.321135861788
0.323629478108
0.326176675029
0.328778313875
0.331435280274
0.334148484613
0.336918862443
0.339747374833
0.342635008645
0.345582776721
0.348591717964
0.35166289728
0.354797405361
0.357996358281
0.361260896848
0.364592185694
0.36799141203
0.371459784009
0.374998528635
0.378608889123
0.382292121613
0.38604949113
0.389882266646
0.393791715087
0.397779094104
0.401845643392
0.405992574289
0.410221057385
0.414532207765
0.418927067518
0.42340658501
0.42797159041
0.432622766829
0.43736061636
0.442185420188
0.447097191853
0.452095622598
0.457180017633
0.462349222027
0.467601534834
0.472934609972
0.478345342398
0.483829738115
0.489382766805
0.494998196196
0.500668407934
0.506384195668
0.512134547493
0.517906416886
0.523684488925
0.529450952071
0.535185290034
0.540864113273
0.546461055129
0.551946762973
0.557289019087
0.562453028047
0.567401905395
0.572097394572
0.576500823946
0.580574292556
0.584282043075
0.587591946636
0.590476992349
0.592916651827
0.594897983006
0.596416352882
0.597475695486
0.598088274251
0.598273976882
0.598059224181
0.597475611967
0.596558421549
0.595345129153
0.593874022833
0.592183003797
0.590308615238
0.588285311308
0.586144955356
0.583916520981
0.581625961365
0.57929621011
0.576947278712
0.574596420074
0.572258332808
0.569945386554
0.56766785358
0.565434136245
0.563250983402
0.561123691533
0.559056288426
0.557051698659
0.555111891134
0.553238009551
0.551430487088
0.549689146754
0.548013288946
0.546401767725
0.544853057249
0.543365309719
0.54193640603
0.540564000251
0.539245558884
0.537978395765
0.536759703334
0.535586580923
0.534456060592
0.533365130961
0.532310759421
0.531289913018
0.530299578247
0.529336779919
0.528398599247
0.52748219119
0.526584801123
0.525703780786
0.524836603507
0.523980878613
0.52313436494
0.522294983356
0.521460828169
0.520630177313
0.519801501192
0.518973470083
0.518144959999
0.517315056939
0.516483059456
0.515648479535
0.514811041747
0.513970680712
0.513127536923
0.512281950994
0.511434456424
0.510585771022
0.509736787099
0.508888560609
0.508042299378
0.50719935062
0.506361187888
0.505529397651
0.50470566566
0.503891763255
0.503089533776
0.502300879199
0.501527747117
0.500772118184
0.500035994083
0.499321386105
0.498630304377
0.497964747789
0.497326694613
0.49671809385
0.496140857266
0.495596852123
0.495087894558
0.494615743581
0.494182095647
0.493788579744
0.49343675296
0.493128096449
0.492864011759
0.492645817446
0.492474745925
0.492351940488
0.49227845244
0.492255238286
0.492283156922
0.492362966772
0.49249532282
0.492680773489
0.492919757323
0.493212599433
0.493559507659
0.493960568427
0.494415742263
0.49492485894
0.495487612246
0.496103554355
0.496772089804
0.497492469068
0.498263781773
0.499084949549
0.499954718582
0.500871651915
0.501834121583
0.502840300661
0.503888155366
0.504975437342
0.506099676302
0.50725817324
0.508447994432
0.509665966502
0.510908672845
0.512172451747
0.513453396553
0.514747358267
0.516049951003
0.517356560672
0.518662357349
0.519962311671
0.521251215666
0.522523708265
0.523774305756
0.524997437258
0.526187485218
0.527338830746
0.528445903429
0.529503235101
0.530505516792
0.531447657925
0.532324846614
0.533132609756
0.533866871474
0.534524008407
0.535100900295
0.535594974383
0.536004242266
0.53632732799
0.536563486495
0.536712611741
0.536775234258
0.536752508163
0.536646188065
0.536458596601
0.536192583627
0.535851478327
0.535439035656
0.534959378634
0.53441693803
0.53381639093
0.533162599585
0.532460551794
0.531715303904
0.530931927292
0.530115459034
0.529270857207
0.528402961139
0.527516456726
0.526615846764
0.525705426194
0.52478926197
0.523871177271
0.522954739669
0.522043252884
0.521139751694
0.520246999624
0.519367489016
0.51850344311
0.517656819801
0.516829316763
0.516022377674
0.51523719928
0.51447473911
0.513735723652
0.513020656849
0.512329828784
0.511663324469
0.511021032652
0.510402654588
0.509807712738
0.509235559365
0.508685385008
0.508156226839
0.507646976897
0.507156390207
0.506683092796
0.506225589625
0.505782272443
0.50535142759
0.504931243755
0.50451981971
0.504115172022
0.503715242766
0.503317907226
0.502920981614
0.502522230767
0.502119375861
0.501710102096
0.501292066369
0.500862904902
0.500420240829
0.499961691698
0.499484876899
0.498987424976
0.498466980822
0.497921212728
0.497347819277
0.496744536073
0.496109142282
0.495439467001
0.494733395429
0.493988874859
0.493203920475
0.492376620982
0.491505144061
0.490587741667
0.489622755173
0.488608620382
0.487543872396
0.486427150363
0.485257202098
0.484032888561
0.4827531882
0.481417201129
0.480024153108
0.47857339932
0.477064427868
0.475496862975
0.473870467821
0.472185146968
0.470440948299
0.468638064434
0.466776833545
0.464857739522
0.462881411442
0.460848622296
0.458760286936
0.456617459227
0.454421328394
0.452173214558
0.449874563486
0.447526940577
0.445132024143
0.442691598016
0.440207543571
0.437681831223
0.435116511502
0.43251370577
0.429875596699
0.427204418589
0.424502447629
0.42177199219
0.419015383238
0.416234964955
0.413433085639
0.410612088955
0.407774305591
0.404922045379
0.402057589911
0.399183185691
0.396301037845
0.393413304392
0.3905220911
0.387629446913
0.384737359949
0.381847754047
0.378962485855
0.376083342428
0.373212039319
0.370350219125
0.367499450465
0.364661227357
0.361836968964
0.359028019671
0.356235649469
0.353461054611
0.350705358517
0.34796961288
0.345254798978
0.342561829138
0.339891548341
0.337244735947
0.334622107515
0.332024316707
0.329451957246
0.326905564931
0.324385619681
0.321892547603
0.319426723068
0.3169884708
0.314578067948
0.312195746154
0.309841693601
0.307516057039
0.305218943783
0.302950423684
0.300710531067
0.298499266631
0.296316599323
0.294162468159
0.292036784025
0.289939431428
0.287870270212
0.285829137237
0.283815848017
0.281830198324
0.279871965751
0.277940911236
0.276036780557
0.27415930578
0.272308206677
0.27048319211
0.268683961371
0.266910205492
0.265161608522
0.263437848758
0.261738599952
0.260063532475
0.25841231444
0.256784612803
0.25518009441
0.253598427015
0.252039280256
0.250502326596
0.248987242218
0.24749370788
0.246021409732
0.244570040089
0.243139298157
0.241728890719
0.240338532774
0.238967948134
0.237616869967
0.236285041304
0.234972215492
0.2336781566
0.23240263978
0.23114545158
0.22990639021
0.228685265757
0.227481900361
0.226296128336
0.225127796254
0.223976762976
0.222842899647
0.221726089643
0.220626228479
0.219543223682
0.218476994616
0.217427472277
0.216394599057
0.215378328467
0.214378624834
0.213395462972
0.212428827821
0.211478714067
0.21054512574
0.209628075788
0.208727585638
0.207843684744
0.206976410118
0.206125805855
0.205291922645
0.204474817287
0.203674552194
0.202891194895
0.202124817546
0.201375496434
0.200643311493
0.19992834582
0.199230685205
0.198550417663
0.197887632984
0.197242422292
0.196614877615
0.196005091471
0.195413156473
0.194839164944
0.194283208551
0.193745377962
0.19322576251
0.192724449886
0.192241525844
0.191777073931
0.191331175227
0.190903908119
0.190495348077
0.190105567462
0.189734635348
0.189382617364
0.189049575554
0.188735568257
0.188440650001
0.188164871419
0.187908279178
0.187670915932
0.187452820279
0.187254026746
0.187074565781
0.18691446376
0.186773743013
0.18665242186
0.186550514655
0.18646803185
0.186404980066
0.186361362176
0.186337177395
0.186332421384
0.186347086359
0.186381161211
0.186434631633
0.18650748025
0.186599686762
0.186711228089
0.186842078519
0.186992209865
0.187161591625
0.187350191144
0.187557973779
0.187784903068
0.188030940901
0.188296047691
0.188580182547
0.188883303447
0.189205367416
0.189546330692
0.189906148906
0.190284777252
0.190682170655
0.191098283946
0.191533072024
0.191986490023
0.192458493476
0.192949038473
0.19345808182
0.193985581189
0.194531495273
0.19509578393
0.195678408326
0.196279331077
0.196898516379
0.197535930147
0.198191540134
0.198865316061
0.199557229731
0.200267255145
0.200995368615
0.201741548865
0.202505777138
0.203288037291
0.204088315889
0.204906602295
0.205742888759
0.206597170493
0.207469445758
0.208359715932
0.209267985584
0.210194262545
0.21113855797
0.212100886399
0.213081265823
0.214079717735
0.215096267186
0.216130942839
0.217183777022
0.218254805772
0.219344068885
0.220451609964
0.221577476461
0.222721719724
0.223884395039
0.225065561675
0.226265282925
0.22748362615
0.228720662823
0.229976468571
0.231251123222
0.232544710847
0.233857319807
0.2351890428
0.236539976913
0.237910223666
0.239299889068
0.24070908367
0.242137922618
0.243586525715
0.245055017477
0.246543527199
0.248052189015
0.249581141971
0.251130530091
0.252700502455
0.254291213266
0.255902821941
0.257535493183
0.25918939707
0.260864709146
0.262561610505
0.264280287895
0.266020933806
0.26778374658
0.269568930506
0.271376695936
0.273207259387
0.275060843658
0.276937677944
0.278837997954
0.280762046033
0.282710071279
0.284682329673
0.2866790842
0.288700604977
0.29074716938
0.292819062167
0.294916575609
0.29704000961
0.299189671831
0.30136587781
0.303568951072
0.305799223242
0.308057034143
0.310342731891
0.312656672976
0.314999222334
0.317370753396
0.31977164813
0.322202297051
0.324663099218
0.327154462193
0.329676801971
0.332230542874
0.334816117397
0.337433966008
0.340084536892
0.342768285618
0.345485674751
0.348237173358
0.351023256433
0.353844404199
0.356701101296
0.359593835815
0.362523098179
0.365489379837
0.368493171747
0.371534962631
0.374615236957
0.377734472622
0.380893138293
0.38409169037
0.387330569504
0.390610196632
0.393930968462
0.397293252324
0.40069738034
0.404143642784
0.407632280578
0.41116347678
0.414737346973
0.418353928402
0.422013167731
0.425714907252
0.429458869384
0.433244639267
0.437071645269
0.440939137196
0.444846161988
0.448791536698
0.452773818527
0.456791271742
0.460841831287
0.464923062958
0.469032120089
0.473165696748
0.477319977593
0.481490584686
0.485672521761
0.489860116712
0.494046963389
0.498225864169
0.502388775232
0.506526756987
0.510629932678
0.51468745879
0.518687511485
0.522617293828
0.526463068957
0.53021022454
0.533843373671
0.537346496738
0.540703127603
0.54389658558
0.546910252175
0.549727888406
0.552333984913
0.554714133306
0.556855403642
0.558746710081
0.560379145146
0.561746262926
0.562844293406
0.563672273734
0.56423208746
0.564528409038
0.564568557458
0.564362268983
0.563921403942
0.563259605887
0.562391932848
0.561334480124
0.560104012095
0.55871761759
0.557192399698
0.555545207141
0.553792410811
0.551949725999
0.550032078454
0.548053510678
0.546027123781
0.543965049666
0.541878448227
0.539777524454
0.537671560775
0.535568960512
0.533477298925
0.531403378941
0.529353289201
0.527332462592
0.525345733865
0.523397395315
0.521491249809
0.519630660714
0.51781859843
0.516057683454
0.514350225938
0.512698261845
0.511103585836
0.509567781066
0.508092246089
0.506678219087
0.505326799636
0.50403896822
0.502815603701
0.501657498935
0.500565374726
0.49953989227
0.498581664265
0.497691264817
0.496869238278
0.496116107136
0.495432379059
0.494818553194
0.494275125806
0.493802595342
0.493401466975
0.493072256711
0.492815495093
0.492631730573
0.492521532584
0.492485494354
0.4925242355
0.492638404429
0.492828680582
0.493095776539
0.49344044
0.493863455678
0.494365647106
0.494947878376
0.495611055819
0.496356129639
0.4971840955
0.49809599608
0.499092922581
0.500176016197
0.501346469545
0.50260552803
0.503954491147
0.505394713697
0.506927606896
0.508554639332
0.51027733776
0.51209728766
0.514016133518
0.516035578748
0.51815738518
0.520383371987
0.522715413953
0.525155438898
0.527705424086
0.530367391389
0.533143400923
0.536035542838
0.539045926843
0.542176669003
0.545429875215
0.548807620663
0.552311924421
0.555944718185
0.559707807933
0.56360282708
0.567631179397
0.571793969679
0.576091919784
0.580525267238
0.585093643219
0.589795926242
0.594630067485
0.599592883317
0.604679810409
0.609884618934
0.615199079931
0.620612584272
0.626111713154
0.631679764113
0.637296242771
0.64293633954
0.648570422739
0.654163595316
0.659675381043
0.665059626022
0.67026471905
0.675234244075
0.6799081717
0.684224665458
0.688122515283
0.691544114367
0.694438776738
0.69676607531
0.698498798769
0.6996251154
0.70014961293
0.700093047404
0.699490842725
0.698390579765
0.696848848642
0.694927882354
0.692692348439
0.690206575357
0.687532368531
0.684727458855
0.681844542559
0.678930821099
0.676027929262
0.673172140674
0.670394753562
0.667722578771
0.665178471798
0.662781868288
0.660549296782
0.658494853489
0.656630631645
0.654967103378
0.653513455347
0.652277881422
0.651267836622
0.650490256907
0.649951749277
0.649658756296
0.649617698618
0.649835098433
0.650317686038
0.651072490868
0.652106917365
0.653428804853
0.655046469138
0.656968721552
0.659204858629
0.661764611992
0.664658043168
0.667895361138
0.671486630883
0.675441327699
0.679767673379
0.684471664573
0.689555668844
0.695016418514
0.700842176533
0.707008787671
0.713474279343
0.720171680614
0.72699987093
0.733812705942
0.740407627148
0.746516679095
0.751805292205
0.755886434253
0.758357382061
0.758860060985
0.757152789311
0.753167943998
0.747029231185
0.739019857414
0.729517361602
0.718923169875
0.707608956824
0.695887410658
0.684003710749
0.672139874314
0.660424931099
0.648946368152
0.63776054085
0.626901211965
0.616386150125
0.606222042959
0.596408067486
0.586938441521
0.57780422427
0.568994573815
0.560497616425
0.552301040586
0.544392496916
0.536759861841
0.529391406058
0.5222758968
0.515402654396
0.508761577556
0.502343147559
0.49613841848
0.490138998473
0.484337025602
0.478725140641
0.473296458529
0.46804453958
0.462963361226
0.458047290768
0.453291059415
0.448689737799
0.444238713024
0.439933667266
0.435770557898
0.43174559908
0.427855244742
0.424096172896
0.420465271163
0.416959623461
0.413576497757
0.410313334798
0.407167737765
0.404137462752
0.401220410036
0.39841461605
0.395718246017
0.39312958719
0.390647042653
0.388269125634
0.385994454292
0.383821746953
0.381749817744
0.379777572607
0.377904005663
0.376128195897
0.374449304153
0.372866570398
0.371379311259
0.369986917794
0.368688853495
0.367484652507
0.366373918037
0.36535632095
0.364431598541
0.363599553464
0.362860052799
0.362213027269
0.361658470564
0.361196438785
0.360827049971
0.360550483716
0.360366980841
0.360276843116
0.360280432996
0.360378173366
0.360570547246
0.360858097439
0.361241426076
0.361721194012
0.362298120026
0.362972979749
0.363746604258
0.364619878237
0.365593737594
0.36666916642
0.36784719312
0.369128885542
0.370515344887
0.372007698122
0.373607088608
0.375314664548
0.377131564812
0.379058901616
0.3810977394
0.383249069159
0.385513777322
0.387892608104
0.39038611806
0.392994621366
0.395718124053
0.398556245183
0.401508122593
0.404572300559
0.40774659634
0.411027942335
0.414412200301
0.417893944069
0.421466207367
0.425120193957
0.428844948561
0.432626989149
0.436449904571
0.440293926522
0.444135491941
0.447946821416
0.451695551188
0.455344470414
0.458851430333
0.462169505304
0.465247493508
0.468030841725
0.470463057974
0.47248763241
0.474050419271
0.475102346088
0.475602225517
0.475519372743
0.474835703181
0.473547019938
0.471663300717
0.469207940538
0.466216064449
0.462732153577
0.458807299279
0.454496404813
0.44985560256
0.444940070872
0.439802343266
0.434491123554
0.42905056371
0.423519928755
0.417933560951
0.41232105804
0.406707591229
0.401114303059
0.395558740118
0.390055288775
0.384615592986
0.379248941583
0.373962618572
0.368762214185
0.363651897198
0.358634650723
0.353712474581
0.348886557779
0.344157424674
0.339525058246
0.334989003674
0.330548455042
0.326202327734
0.321949318695
0.31778795647
0.313716642651
0.309733686107
0.305837331178
0.302025780826
0.298297215562
0.294649808869
0.291081739691
0.287591202484
0.284176415249
0.280835625879
0.277567117108
0.274369210314
0.271240268358
0.268178697643
0.265182949519
0.262251521162
0.259382956014
0.256575843869
0.253828820678
0.251140568112
0.248509812956
0.245935326348
0.243415922903
0.240950459762
0.238537835565
0.236176989385
0.233866899628
0.231606582916
0.229395092961
0.227231519435
0.225114986851
0.223044653455
0.221019710126
0.219039379307
0.217102913947
0.215209596469
0.213358737769
0.211549676228
0.209781776764
0.208054429901
0.206367050867
0.204719078725
0.203109975518
0.201539225453
0.2000063341
0.198510827629
0.197052252054
0.19563017252
0.1942441726
0.192893853617
0.191578834
0.190298748639
0.189053248287
0.187841998959
0.186664681367
0.185520990365
0.184410634416
0.183333335075
0.182288826491
0.181276854923
0.180297178272
0.179349565635
0.178433796861
0.177549662134
0.176696961561
0.175875504778
0.175085110566
0.174325606481
0.173596828496
0.172898620649
0.17223083471
0.171593329852
0.170985972334
0.170408635193
0.169861197945
0.169343546296
0.168855571858
0.168397171872
0.167968248947
0.167568710792
0.167198469964
0.166857443624
0.166545553285
0.166262724583
0.16600888704
0.165783973835
0.165587921581
0.165420670105
0.165282162228
0.165172343551
0.165091162245
0.165038568839
0.165014516013
0.165018958389
0.165051852327
0.165113155721
0.165202827792
0.165320828883
0.165467120254
0.165641663878
0.16584442223
0.16607535808
0.166334434282
0.16662161356
0.166936858291
0.167280130288
0.167651390576
0.168050599164
0.168477714818
0.168932694821
0.169415494733
0.169926068149
0.170464366441
0.171030338504
0.171623930488
0.172245085527
0.172893743458
0.173569840536
0.174273309134
0.175004077441
0.175762069146
0.176547203116
0.177359393058
0.178198547183
0.179064567843
0.179957351167
0.180876786689
0.181822756952
0.18279513711
0.183793794514
0.184818588288
0.185869368886
0.186945977642
0.18804824631
0.189175996578
0.190329039584
0.191507175409
0.192710192562
0.193937867452
0.195189963845
0.196466232312
0.197766409671
0.199090218404
0.200437366083
0.201807544776
0.203200430449
0.204615682363
0.20605294247
0.207511834801
0.208991964859
0.210492919017
0.212014263914
0.213555545866
0.21511629029
0.216696001135
0.218294160341
0.219910227322
0.221543638471
0.223193806705
0.224860121048
0.226541946257
0.228238622504
0.229949465109
0.231673764351
0.233410785333
0.235159767945
0.236919926905
0.238690451899
0.240470507823
0.24225923514
0.244055750358
0.245859146637
0.247668494531
0.249482842874
0.251301219826
0.253122634066
0.25494607616
0.256770520091
0.258594924968
0.260418236909
0.262239391101
0.264057314041
0.265870925949
0.267679143352
0.269480881838
0.271275058967
0.273060597322
0.274836427706
0.276601492447
0.278354748816
0.280095172514
0.281821761231
0.283533538234
0.285229555959
0.286908899598
0.288570690619
0.290214090222
0.291838302677
0.293442578516
0.295026217558
0.296588571722
0.298129047609
0.299647108817
0.301142277966
0.302614138409
0.304062335607
0.305486578151
0.30688663842
0.308262352851
0.309613621841
0.31094040925
0.31224274153
0.313520706472
0.314774451591
0.316004182161
0.317210158914
0.318392695431
0.319552155248
0.320688948698
0.321803529535
0.322896391344
0.323968063796
0.325019108766
0.326050116348
0.327061700805
0.328054496478
0.329029153694
0.329986334693
0.330926709613
0.331850952549
0.332759737708
0.333653735702
0.33453360997
0.335400013368
0.336253584931
0.337094946824
0.337924701495
0.338743429028
0.339551684715
0.340349996847
0.341138864721
0.341918756879
0.34269010956
0.343453325385
0.344208772251
0.344956782457
0.34569765203
0.346431640268
0.347158969489
0.347879824976
0.348594355114
0.349302671722
0.350004850562
0.350700932021
0.351390921966
0.352074792756
0.352752484414
0.353423905939
0.354088936763
0.354747428337
0.355399205838
0.356044069997
0.356681799029
0.35731215066
0.35793486424
0.358549662942
0.359156256014
0.359754341102
0.360343606605
0.360923734076
0.361494400631
0.36205528138
0.362606051842
0.363146390355
0.363675980446
0.364194513164
0.364701689354
0.365197221866
0.365680837675
0.366152279912
0.366611309787
0.367057708394
0.36749127839
0.367911845528
0.368319260054
0.368713397942
0.369094161968
0.36946148262
0.369815318838
0.370155658572
0.370482519181
0.370795947638
0.37109602058
0.371382844176
0.371656553829
0.371917313727
0.372165316227
0.372400781104
0.372623954652
0.372835108662
0.373034539283
0.373222565775
0.37339952916
0.373565790795
0.373721730874
0.37386774686
0.374004251878
0.374131673066
0.374250449895
0.374361032486
0.374463879908
0.374559458491
0.37464824015
0.374730700727
0.37480731837
0.374878571946
0.374944939497
0.375006896746
0.375064915656
0.375119463048
0.375170999278
0.375219976979
0.375266839867
0.375312021621
0.375355944816
0.37539901994
0.37544164447
0.375484202016
0.375527061537
0.375570576614
0.375615084795
0.375660906998
0.375708346976
0.375757690842
0.375809206648
0.375863144022
0.37591973386
0.375979188061
0.376041699324
0.376107440983
0.37617656689
0.376249211347
0.37632548908
0.37640549525
0.376489305513
0.376576976115
0.376668544028
0.376764027126
0.376863424395
0.376966716191
0.377073864518
0.377184813366
0.377299489064
0.377417800687
0.377539640493
0.377664884394
0.377793392471
0.377925009523
0.378059565651
0.378196876881
0.378336745823
0.378478962365
0.378623304403
0.378769538603
0.378917421203
0.379066698838
0.379217109401
0.379368382938
0.379520242555
0.379672405371
0.37982458347
0.379976484896
0.380127814644
0.38027827568
0.380427569959
0.380575399458
0.380721467204
0.380865478305
0.381007140971
0.381146167521
0.381282275384
0.381415188067
0.381544636105
0.381670357984
0.381792101017
0.381909622198
0.382022688997
0.382131080116
0.382234586196
0.382333010462
0.382426169317
0.382513892873
0.382596025416
0.382672425819
0.382742967875
0.382807540573
0.382866048306
0.382918411012
0.382964564254
0.38300445923
0.38303806273
0.383065357029
0.383086339725
0.383101023528
0.383109435995
0.383111619228
0.383107629528
0.383097537011
0.383081425202
0.3830593906
0.383031542219
0.382998001119
0.382958899929
0.382914382359
0.382864602712
0.382809725407
0.382749924503
0.382685383233
0.382616293561
0.382542855751
0.382465277953
0.382383775821
0.382298572142
0.382209896496
0.382117984941
0.382023079713
0.38192542896
0.381825286489
0.381722911531
0.38161856853
0.381512526937
0.381405061022
0.381296449681
0.381186976254
0.38107692834
0.380966597593
0.380856279522
0.380746273256
0.380636881297
0.380528409239
0.380421165454
0.380315460736
0.380211607901
0.38010992134
0.38001071651
0.37991430937
0.379821015752
0.379731150664
0.379645027518
0.379562957288
0.379485247583
0.379412201653
0.379344117294
0.379281285689
0.379223990153
0.379172504803
0.379127093136
0.379088006531
0.379055482677
0.379029743908
0.379010995483
0.378999423782
0.378995194445
0.378998450449
0.379009310135
0.379027865189
0.379054178584
0.379088282502
0.379130176228
0.379179824054
0.379237153179
0.379302051632
0.379374366243
0.379453900654
0.379540413414
0.379633616156
0.379733171898
0.379838693471
0.379949742112
0.380065826241
0.380186400455
0.380310864763
0.380438564088
0.38056878808
0.380700771258
0.380833693523
0.380966681069
0.381098807722
0.381229096747
0.38135652314
0.381480016446
0.381598464115
0.381710715422
0.381815585969
0.381911862772
0.381998309946
0.382073674977
0.382136695567
0.38218610704
0.382220650272
0.382239080101
0.382240174165
0.382222742119
0.38218563513
0.382127755591
0.382048066954
0.381945603562
0.381819480402
0.381668902637
0.381493174819
0.381291709644
0.381064036157
0.380809807273
0.380528806516
0.380220953881
0.37988631073
0.379525083653
0.379137627237
0.378724445705
0.378286193412
0.377823674182
0.377337839524
0.376829785749
0.37630075005
0.375752105608
0.37518535582
0.374602127732
0.374004164793
0.373393319039
0.372771542823
0.37214088021
0.371503458155
0.370861477583
0.370217204474
0.36957296106
0.368931117224
0.368294082198
0.367664296617
0.367044225004
0.366436348746
0.365843159587
0.365267153682
0.364710826233
0.364176666716
0.363667154712
0.363184756331
0.362731921227
0.362311080183
0.361924643252
0.361574998427
0.361264510823
0.360995522318
0.360770351655
0.360591294949
0.360460626569
0.360380600376
0.360353451262
0.360381396978
0.36046664019
0.360611370759
0.360817768183
0.361088004179
0.361424245361
0.361828655977
0.362303400654
0.36285064712
0.363472568826
0.364171347429
0.364949175053
0.365808256258
0.366750809611
0.367779068765
0.368895282888
0.370101716313
0.371400647193
0.37279436495
0.374285166224
0.37587534901
0.37756720455
0.379363006516
0.381264996878
0.383275367739
0.385396238271
0.387629625711
0.389977409136
0.39244128451
0.395022709156
0.397722833493
0.400542417406
0.403481728201
0.406540416532
0.40971736614
0.413010512669
0.416416626277
0.419931052366
0.423547404607
0.427257204785
0.431049465066
0.434910210667
0.438821944965
0.442763065689
0.446707250761
0.450622846349
0.454472308335
0.458211771411
0.461790845784
0.465152765956
0.468235032349
0.470970684248
0.473290309402
0.475124820879
0.476408912327
0.477084950544
0.477106910449
0.476443849406
0.475082404112
0.473027901415
0.47030389199
0.466950187836
0.463019733231
0.458574796348
0.453683004014
0.448413667721
0.442834707868
0.437010325341
0.430999434104
0.424854774857
0.418622580556
0.412342651044
0.406048704056
0.399768892032
0.39352640004
0.387340064566
0.381224973477
0.375193023341
0.369253421821
0.363413130694
0.357677250132
0.352049347804
0.346531737964
0.34112571627
0.335831756119
0.330649671969
0.325578754608
0.320617882784
0.315765615024
0.311020264923
0.306379962693
0.301842705338
0.297406397403
0.293068883955
0.288827977168
0.284681477627
0.280627191308
0.276662942999
0.272786586806
0.268996014273
0.265289160552
0.261664008978
0.258118594353
0.254651005177
0.251259385027
0.247941933254
0.244696905127
0.241522611542
0.238417418388
0.235379745636
0.232408066228
0.229500904805
0.226656836314
0.223874484545
0.221152520596
0.218489661324
0.215884667761
0.213336343548
0.210843533366
0.208405121389
0.20602002977
0.203687217152
0.201405677215
0.199174437265
0.196992556858
0.194859126477
0.192773266234
0.190734124632
0.188740877359
0.186792726129
0.184888897562
0.183028642109
0.18121123301
0.179435965298
0.177702154836
0.176009137394
0.174356267759
0.17274291888
0.171168481049
0.16963236111
0.168133981699
0.166672780522
0.165248209647
0.163859734843
0.162506834927
0.16118900115
0.159905736606
0.158656555659
0.157440983402
0.156258555132
0.155108815855
0.153991319803
0.152905629978
0.151851317717
0.150827962273
0.149835150418
0.148872476063
0.147939539897
0.147035949044
0.146161316736
0.145315262009
0.144497409403
0.143707388693
0.142944834625
0.142209386675
0.141500688817
0.140818389309
0.140162140498
0.139531598629
0.138926423681
0.138346279206
0.137790832187
0.137259752909
0.136752714843
0.136269394542
0.13580947155
0.135372628326
0.134958550173
0.134566925188
0.134197444218
0.133849800825
0.133523691271
0.133218814501
0.132934872149
0.132671568545
0.132428610733
0.132205708504
0.132002574427
0.131818923901
0.131654475202
0.13150894955
0.131382071172
0.131273567377
0.131183168639
0.131110608676
0.131055624547
0.131017956743
0.130997349283
0.130993549821
0.131006309742
0.131035384273
0.131080532586
0.131141517907
0.131218107621
0.13131007338
0.131417191204
0.131539241585
0.131676009589
0.131827284946
0.131992862147
0.132172540525
0.132366124344
0.132573422865
0.132794250424
0.133028426484
0.133275775693
0.13353612793
0.133809318336
0.134095187345
0.134393580695
0.134704349441
0.135027349944
0.135362443859
0.135709498104
0.136068384828
0.136438981351
0.13682117011
0.137214838579
0.137619879186
0.138036189207
0.138463670662
0.138902230187
0.139351778901
0.139812232254
0.140283509874
0.14076553539
0.141258236254
0.141761543548
0.142275391781
0.142799718673
0.143334464938
0.143879574048
0.144434991995
0.145000667043
0.145576549471
0.146162591314
0.146758746093
0.147364968542
0.14798121433
0.148607439777
0.149243601572
0.149889656483
0.150545561064
0.151211271369
0.151886742657
0.152571929103
0.153266783504
0.153971256996
0.154685298763
0.155408855758
0.156141872424
0.156884290419
0.157636048351
0.158397081511
0.159167321623
0.159946696593
0.160735130272
0.161532542224
0.162338847509
0.163153956465
0.163977774518
0.164810201987
0.165651133908
0.166500459875
0.167358063886
0.168223824209
0.169097613256
0.169979297483
0.17086873729
0.171765786949
0.172670294547
0.173582101937
0.174501044721
0.175426952232
0.176359647557
0.177298947554
0.178244662908
0.179196598198
0.180154551979
0.181118316894
0.182087679802
0.18306242192
0.184042318998
0.185027141502
0.186016654832
0.187010619545
0.188008791615
0.189010922702
0.190016760447
0.191026048791
0.192038528307
0.19305393656
0.194072008484
0.195092476779
0.196115072326
0.197139524624
0.198165562244
0.199192913298
0.200221305931
0.201250468821
0.202280131701
0.203310025888
0.204339884837
0.205369444687
0.206398444838
0.207426628523
0.208453743393
0.209479542106
0.210503782918
0.211526230285
0.212546655455
0.213564837061
0.214580561717
0.215593624602
0.216603830039
0.217610992065
0.218614934987
0.219615493927
0.220612515353
0.221605857584
0.222595391284
0.223580999932
0.224562580262
0.225540042686
0.226513311681
0.227482326152
0.228447039765
0.229407421238
0.230363454611
0.231315139469
0.232262491136
0.233205540827
0.234144335766
0.235078939259
0.236009430734
0.236935905736
0.237858475886
0.238777268796
0.23969242795
0.240604112538
0.241512497261
0.242417772089
0.24332014199
0.244219826616
0.24511705996
0.246012089976
0.24690517817
0.247796599162
0.248686640212
0.24957560073
0.250463791756
0.251351535415
0.252239164354
0.253127021164
0.254015457779
0.254904834863
0.255795521185
0.256687892986
0.25758233333
0.258479231459
0.259378982136
0.260281984984
0.261188643834
0.262099366064
0.263014561944
0.263934643987
0.264860026302
0.265791123955
0.266728352343
0.267672126567
0.268622860822
0.269580967802
0.270546858105
0.271520939661
0.27250361717
0.273495291549
0.274496359401
0.275507212491
0.27652823724
0.277559814233
0.27860231774
0.27965611525
0.280721567023
0.281799025653
0.282888835642
0.283991332992
0.285106844805
0.286235688896
0.287378173419
0.2885345965
0.289705245884
0.290890398584
0.292090320551
0.293305266337
0.294535478774
0.295781188658
0.297042614435
0.298319961891
0.299613423854
0.300923179886
0.302249395988
0.3035922243
0.304951802803
0.306328255021
0.307721689726
0.309132200633
0.310559866103
0.312004748837
0.313466895571
0.314946336763
0.316443086287
0.31795714111
0.319488480981
0.321037068103
0.322602846811
0.324185743249
0.325785665036
0.327402500942
0.329036120558
0.330686373968
0.332353091427
0.334036083039
0.335735138447
0.337450026525
0.339180495085
0.340926270598
0.342687057928
0.344462540089
0.346252378024
0.348056210413
0.349873653507
0.351704301005
0.353547723966
0.355403470767
0.357271067119
0.35915001613
0.361039798432
0.362939872386
0.364849674348
0.366768619026
0.368696099919
0.370631489853
0.372574141614
0.374523388688
0.376478546119
0.37843891147
0.380403765926
0.38237237551
0.384343992438
0.386317856601
0.3882931972
0.390269234496
0.39224518172
0.394220247107
0.396193636071
0.398164553502
0.4001322062
0.402095805412
0.404054569489
0.406007726628
0.407954517705
0.409894199176
0.411826046025
0.413749354748
0.415663446353
0.41756766935
0.419461402707
0.421344058758
0.423215086027
0.425073971952
0.426920245475
0.428753479483
0.430573293067
0.43237935358
0.434171378466
0.435949136851
0.437712450861
0.439461196663
0.441195305204
0.442914762655
0.444619610525
0.446309945457
0.447985918712
0.449647735312
0.451295652879
0.45292998016
0.454551075249
0.456159343526
0.457755235325
0.459339243356
0.460911899886
0.462473773722
0.464025467009
0.465567611866
0.467100866894
0.468625913577
0.470143452604
0.471654200137
0.47315888406
0.474658240215
0.476153008672
0.477643930039
0.479131741844
0.480617175004
0.482100950402
0.483583775592
0.485066341642
0.48654932014
0.488033360362
0.489519086631
0.491007095858
0.492497955293
0.493992200486
0.49549033346
0.496992821113
0.498500093849
0.500012544444
0.501530527155
0.503054357061
0.504584309671
0.506120620764
0.507663486492
0.509213063737
0.510769470729
0.512332787914
0.513903059094
0.515480292816
0.517064464036
0.518655516023
0.520253362537
0.521857890248
0.52346896141
0.525086416769
0.526710078709
0.52833975462
0.529975240468
0.531616324565
0.533262791513
0.534914426301
0.536571018532
0.538232366759
0.539898282888
0.54156859663
0.543243159945
0.544921851469
0.546604580842
0.548291292934
0.549981971881
0.551676644912
0.553375385891
0.555078318532
0.55678561922
0.558497519387
0.560214307371
0.561936329703
0.563663991754
0.565397757671
0.567138149543
0.568885745706
0.570641178138
0.572405128843
0.574178325146
0.575961533828
0.577755553968
0.579561208432
0.581379333859
0.583210769033
0.585056341513
0.586916852336
0.588793058662
0.59068565413
0.592595246758
0.594522334115
0.596467275556
0.598430261228
0.600411277569
0.60241006902
0.604426095646
0.606458486392
0.608505987728
0.610566907479
0.612639053741
0.614719668892
0.616805358904
0.618892018402
0.620974752223
0.62304779469
0.625104428281
0.627136904054
0.629136366923
0.631092789743
0.632994921104
0.634830252721
0.636585013204
0.638244195804
0.639791628149
0.641210091941
0.64248149984
0.643587135067
0.644507956483
0.645224968005
0.645719646212
0.645974414186
0.645973143628
0.645701661623
0.645148234202
0.644303996719
0.643163301876
0.641723960188
0.639987354687
0.637958420961
0.635645494093
0.633060034333
0.630216252043
0.627130658626
0.623821573146
0.620308614279
0.616612204335
0.612753107416
0.608752017866
0.604629209187
0.600404247963
0.596095772657
0.591721333563
0.587297287752
0.582838741495
0.578359532073
0.57387224106
0.569388231674
0.564917703681
0.560469760228
0.556052482016
0.551673005099
0.547337599465
0.543051746243
0.538820212018
0.534647119193
0.530536011767
0.526489916161
0.522511396981
0.518602607762
0.514765336842
0.51100104862
0.507310920478
0.503695875674
0.50015661254
0.496693630293
0.49330725178
0.489997643434
0.486764832733
0.483608723407
0.480529108618
0.477525682334
0.474598049093
0.471745732305
0.468968181274
0.46626477706
0.463634837302
0.461077620128
0.458592327229
0.456178106197
0.453834052198
0.451559209052
0.449352569782
0.447213076679
0.445139620961
0.443131042029
0.441186126416
0.439303606424
0.43748215852
0.435720401522
0.434016894604
0.432370135172
0.430778556656
0.429240526235
0.427754342576
0.426318233603
0.42493035436
0.423588785032
0.422291529157
0.421036512112
0.419821579932
0.418644498531
0.417502953393
0.41639454982
0.415316813813
0.414267193656
0.413243062303
0.412241720629
0.411260401636
0.41029627568
0.409346456789
0.40840801012
0.40747796061
0.406553302838
0.405631012116
0.40470805679
0.403781411724
0.402848072897
0.401905073022
0.400949498076
0.399978504569
0.398989337399
0.397979348047
0.396946012907
0.395886951466
0.394799944079
0.393682949023
0.392534118571
0.391351813762
0.390134617619
0.388881346542
0.387591059648
0.386263065878
0.384896928712
0.383492468391
0.382049761603
0.380569138636
0.379051178049
0.377496698976
0.375906751215
0.374282603307
0.372625728825
0.370937791145
0.369220626972
0.367476228919
0.365706727416
0.36391437226
0.362101514053
0.360270585816
0.358424084983
0.356564556005
0.354694573729
0.352816727703
0.35093360753
0.349047789345
0.347161823486
0.345278223393
0.343399455725
0.34152793171
0.33966599968
0.337815938752
0.3359799536
0.334160170253
0.332358632849
0.330577301259
0.328818049526
0.327082665011
0.325372848197
0.323690213058
0.322036287925
0.320412516795
0.318820260993
0.317260801156
0.31573533947
0.314245002108
0.312790841841
0.311373840767
0.309994913132
0.308654908206
0.307354613195
0.30609475616
0.304876008929
0.303698989975
0.302564267262
0.301472361034
0.300423746545
0.299418856726
0.29845808477
0.29754178665
0.296670283552
0.295843864236
0.295062787305
0.294327283405
0.293637557342
0.292993790122
0.292396140919
0.291844748965
0.291339735377
0.290881204915
0.290469247679
0.290103940738
0.289785349713
0.289513530299
0.289288529736
0.289110388242
0.288979140384
0.288894816425
0.288857443623
0.28886704749
0.288923653025
0.28902728591
0.289177973674
0.289375746833
0.289620639996
0.289912692952
0.290251951726
0.290638469609
0.29107230817
0.291553538239
0.292082240861
0.292658508228
0.29328244459
0.293954167121
0.29467380677
0.295441509069
0.29625743491
0.297121761277
0.298034681932
0.298996408063
0.300007168857
0.301067212028
0.302176804265
0.303336231602
0.304545799697
0.305805834017
0.307116679893
0.30847870246
0.309892286441
0.311357835763
0.312875772985
0.314446538505
0.316070589532
0.317748398764
0.319480452756
0.321267249929
0.323109298162
0.325007111915
0.326961208826
0.328972105697
0.331040313787
0.333166333321
0.335350647104
0.337593713118
0.339895955953
0.342257756925
0.3446794427
0.347161272205
0.349703421628
0.352305967222
0.354968865651
0.357691931558
0.360474812002
0.363316957404
0.36621758858
0.369175659452
0.372189814967
0.375258343793
0.378379125344
0.381549570724
0.384766557259
0.388026356409
0.391324555
0.394655969995
0.398014557369
0.401393316109
0.404784188995
0.408177962549
0.411564169545
0.414930998527
0.41826521614
0.421552109406
0.42477545656
0.427917536314
0.430959186439
0.433879922915
0.436658130396
0.439271332985
0.441696550945
0.443910743974
0.445891334815
0.447616798861
0.449067296554
0.450225317004
0.451076294616
0.451609157135
0.451816764394
0.451696202861
0.451248911427
0.450480627695
0.449401159359
0.448023999926
0.446365820014
0.444445873159
0.442285357939
0.439906776464
0.437333323788
0.434588334966
0.43169480768
0.428675009804
0.425550173877
0.422340274672
0.419063882023
0.41573807872
0.412378432278
0.40899900948
0.405612423339
0.402229903342
0.398861381238
0.395515586033
0.392200143223
0.388921674447
0.385685894809
0.382497705923
0.379361283423
0.376280158215
0.373257291111
0.370295140815
0.367395725412
0.36456067765
0.361791294397
0.359088580718
0.356453288998
0.353885953586
0.351386921381
0.348956378786
0.346594375417
0.34430084492
0.342075623229
0.339918464558
0.337829055397
0.335807026747
0.333851964809
0.331963420316
0.330140916672
0.32838395705
0.326692030585
0.325064617753
0.323501195075
0.322001239193
0.32056423043
0.319189655881
0.317877012102
0.316625807453
0.315435564127
0.314305819926
0.313236129795
0.312226067167
0.311275225127
0.310383217428
0.309549679385
0.308774268641
0.308056665856
0.307396575297
0.306793725362
0.306247869047
0.305758784352
0.305326274649
0.304950169003
0.304630322468
0.304366616344
0.304158958422
0.304007283193
0.303911552044
0.303871753436
0.303887903067
0.303960044009
0.304088246842
0.30427260976
0.30451325867
0.30481034726
0.305164057051
0.30557459743
0.306042205641
0.306567146756
0.3071497136
0.30779022663
0.308489033767
0.309246510165
0.3100630579
0.310939105584
0.311875107876
0.312871544879
0.3139289214
0.315047766062
0.316228630219
0.317472086683
0.318778728184
0.320149165563
0.321584025629
0.323083948641
0.324649585349
0.326281593526
0.327980633922
0.329747365534
0.331582440098
0.333486495688
0.335460149273
0.337503988081
0.339618559602
0.34180436
0.344061820729
0.346391293068
0.348793030283
0.35126716708
0.353813695961
0.356432440062
0.359123022003
0.361884828237
0.364716968325
0.367618228553
0.370587019241
0.373621315131
0.376718588198
0.379875732324
0.38308897935
0.386353806207
0.389664833091
0.393015713033
0.396399013779
0.399806093619
0.403226973782
0.406650211233
0.41006277723
0.413449948756
0.416795221947
0.420080258755
0.423284880111
0.42638712055
0.42936336014
0.432188549235
0.434836539381
0.437280529214
0.439493626965
0.441449521344
0.443123240446
0.444491965281
0.445535852212
0.446238809289
0.446589167488
0.446580190824
0.44621037989
0.445483540656
0.444408612016
0.442999268289
0.441273333002
0.439252054869
0.436959304232
0.434420747982
0.431663054498
0.428713169226
0.425597688654
0.422342347583
0.41897162337
0.415508452064
0.411974045342
0.408387793715
0.404767240156
0.401128108555
0.397484372711
0.393848353449
0.390230833531
0.386641182137
0.383087482581
0.379576658611
0.376114595997
0.372706257262
0.369355788236
0.366066615799
0.36284153664
0.359682797191
0.356592165124
0.353570992954
0.350620274325
0.347740693648
0.344932669705
0.342196393849
0.339531863381
0.336938910651
0.334417228373
0.331966391605
0.329585876813
0.327275078358
0.32503332275
0.322859880944
0.32075397892
0.318714806789
0.316741526601
0.314833279025
0.312989189061
0.311208370902
0.309489932062
0.30783297687
0.306236609408
0.304699935981
0.303222067168
0.30180211952
0.300439216953
0.29913249187
0.297881086062
0.296684151411
0.295540850424
0.29445035662
0.293411854803
0.292424541222
0.291487623645
0.290600321358
0.289761865099
0.288971496943
0.288228470141
0.28753204892
0.28688150826
0.286276133639
0.285715220774
0.285198075328
0.284724012628
0.284292357363
0.283902443283
0.283553612895
0.283245217166
0.282976615221
0.282747174052
0.282556268232
0.282403279634
0.282287597163
0.282208616497
0.282165739835
0.282158375663
0.282185938526
0.282247848822
