1.13103970634e-17
2.49687531087e-07
9.9875049677e-07
2.24719001477e-06
3.99500794784e-06
6.24220690388e-06
8.98879023596e-06
1.22347620423e-05
1.59801271664e-05
2.02248911967e-05
2.49690604672e-05
3.02126420572e-05
3.59556437911e-05
4.2198074239e-05
4.89399427163e-05
5.61812592839e-05
6.39220347483e-05
7.21622806617e-05
8.09020093222e-05
9.01412337735e-05
9.98799678052e-05
0.000110118225953
0.000120856023499
0.00013209337647
0.000143830301642
0.000156066816534
0.000168802939413
0.000182038689296
0.00019577408594
0.000210009149854
0.000224743902293
0.000239978365257
0.000255712561498
0.00027194651451
0.000288680248538
0.000305913788575
0.000323647160359
0.00034188039038
0.000360613505873
0.000379846534824
0.000399579505966
0.000419812448781
0.000440545393502
0.000461778371109
0.000483511413331
0.00050574455265
0.000528477822295
0.000551711256246
0.000575444889233
0.000599678756736
0.000624412894989
0.000649647340973
0.000675382132423
0.000701617307823
0.000728352906413
0.00075558896818
0.000783325533867
0.000811562644968
0.000840300343731
0.000869538673155
0.000899277676996
0.000929517399759
0.000960257886708
0.000991499183858
0.00102324133798
0.0010554843966
0.00108822840799
0.00112147342121
0.00115521948602
0.001189466653
0.00122421497343
0.00125946449939
0.00129521528369
0.00133146737991
0.00136822084239
0.00140547572621
0.00144323208723
0.00148148998207
0.00152024946809
0.00155951060341
0.00159927344694
0.00163953805833
0.00168030449798
0.00172157282708
0.00176334310755
0.00180561540209
0.00184838977418
0.00189166628802
0.00193544500861
0.00197972600169
0.00202450933379
0.00206979507219
0.00211558328492
0.00216187404081
0.00220866740943
0.00225596346112
0.00230376226699
0.00235206389893
0.00240086842959
0.00245017593238
0.00249998648147
0.00255030015184
0.0026011170192
0.00265243716005
0.00270426065166
0.00275658757206
0.00280941800007
0.00286275201526
0.002916589698
0.00297093112941
0.00302577639141
0.00308112556666
0.00313697873863
0.00319333599154
0.00325019741041
0.00330756308101
0.00336543308991
0.00342380752445
0.00348268647275
0.0035420700237
0.00360195826699
0.00366235129308
0.00372324919321
0.0037846520594
0.00384655998446
0.00390897306197
0.00397189138631
0.00403531505263
0.00409924415688
0.00416367879578
0.00422861906685
0.0042940650684
0.00436001689949
0.00442647466003
0.00449343845067
0.00456090837286
0.00462888452886
0.00469736702171
0.00476635595522
0.00483585143404
0.00490585356356
0.00497636245
0.00504737820036
0.00511890092244
0.00519093072484
0.00526346771696
0.00533651200898
0.00541006371188
0.00548412293746
0.0055586897983
0.00563376440781
0.00570934688014
0.00578543733032
0.00586203587413
0.00593914262816
0.00601675770983
0.00609488123734
0.0061735133297
0.00625265410674
0.00633230368909
0.00641246219819
0.00649312975628
0.00657430648642
0.00665599251249
0.00673818795916
0.00682089295194
0.00690410761712
0.00698783208184
0.00707206647402
0.00715681092243
0.00724206555663
0.00732783050702
0.00741410590482
0.00750089188204
0.00758818857153
0.00767599610698
0.00776431462287
0.00785314425453
0.0079424851381
0.00803233741054
0.00812270120965
0.00821357667405
0.0083049639432
0.00839686315738
0.0084892744577
0.00858219798609
0.00867563388534
0.00876958229904
0.00886404337165
0.00895901724844
0.00905450407553
0.00915050399986
0.00924701716922
0.00934404373225
0.00944158383841
0.00953963763802
0.00963820528221
0.00973728692301
0.00983688271323
0.00993699280657
0.0100376173576
0.0101387565216
0.0102404104549
0.0103425793145
0.0104452632585
0.0105484624455
0.0106521770352
0.010756407188
0.0108611530654
0.0109664148296
0.0110721926436
0.0111784866713
0.0112852970774
0.0113926240278
0.0115004676888
0.0116088282278
0.0117177058131
0.0118271006137
0.0119370127996
0.0120474425417
0.0121583900116
0.012269855382
0.0123818388263
0.0124943405187
0.0126073606346
0.0127208993499
0.0128349568416
0.0129495332877
0.0130646288666
0.0131802437581
0.0132963781425
0.0134130322013
0.0135302061167
0.0136479000719
0.0137661142507
0.0138848488382
0.0140041040201
0.0141238799831
0.0142441769147
0.0143649950034
0.0144863344387
0.0146081954107
0.0147305781106
0.0148534827304
0.0149769094632
0.0151008585027
0.0152253300438
0.0153503242821
0.0154758414142
0.0156018816374
0.0157284451504
0.0158555321522
0.0159831428433
0.0161112774246
0.0162399360983
0.0163691190671
0.0164988265352
0.0166290587072
0.0167598157889
0.0168910979868
0.0170229055087
0.0171552385628
0.0172880973587
0.0174214821067
0.0175553930181
0.0176898303051
0.0178247941807
0.0179602848591
0.0180963025554
0.0182328474852
0.0183699198658
0.0185075199148
0.0186456478509
0.018784303894
0.0189234882646
0.0190632011844
0.0192034428759
0.0193442135626
0.019485513469
0.0196273428204
0.0197697018433
0.019912590765
0.0200560098137
0.0201999592187
0.0203444392101
0.0204894500192
0.020634991878
0.0207810650198
0.0209276696785
0.0210748060891
0.0212224744878
0.0213706751114
0.0215194081979
0.0216686739863
0.0218184727165
0.0219688046295
0.0221196699669
0.0222710689718
0.0224230018879
0.0225754689603
0.0227284704345
0.0228820065576
0.0230360775772
0.0231906837424
0.0233458253026
0.023501502509
0.0236577156132
0.0238144648681
0.0239717505275
0.0241295728463
0.0242879320801
0.024446828486
0.0246062623218
0.0247662338463
0.0249267433195
0.0250877910023
0.0252493771565
0.0254115020452
0.0255741659323
0.025737369083
0.025901111763
0.0260653942396
0.0262302167809
0.0263955796559
0.026561483135
0.0267279274892
0.0268949129908
0.0270624399132
0.0272305085306
0.0273991191185
0.0275682719533
0.0277379673125
0.0279082054746
0.0280789867193
0.0282503113271
0.0284221795799
0.0285945917604
0.0287675481524
0.0289410490409
0.0291150947117
0.0292896854521
0.0294648215501
0.0296405032949
0.0298167309768
0.0299935048872
0.0301708253186
0.0303486925642
0.030527106919
0.0307060686785
0.0308855781395
0.0310656356
0.0312462413589
0.0314273957163
0.0316090989734
0.0317913514324
0.0319741533969
0.0321575051711
0.0323414070609
0.0325258593729
0.0327108624149
0.0328964164959
0.033082521926
0.0332691790165
0.0334563880795
0.0336441494285
0.0338324633782
0.0340213302443
0.0342107503436
0.0344007239941
0.0345912515149
0.0347823332263
0.0349739694498
0.0351661605077
0.0353589067241
0.0355522084235
0.0357460659321
0.0359404795771
0.0361354496869
0.0363309765908
0.0365270606195
0.036723702105
0.0369209013803
0.0371186587794
0.0373169746378
0.037515849292
0.0377152830797
0.0379152763399
0.0381158294127
0.0383169426391
0.038518616362
0.0387208509247
0.0389236466724
0.0391270039509
0.0393309231077
0.039535404491
0.0397404484509
0.0399460553379
0.0401522255045
0.0403589593037
0.0405662570902
0.0407741192198
0.0409825460496
0.0411915379377
0.0414010952437
0.0416112183282
0.0418219075533
0.042033163282
0.042244985879
0.0424573757097
0.0426703331412
0.0428838585417
0.0430979522807
0.0433126147288
0.0435278462581
0.0437436472416
0.0439600180541
0.0441769590712
0.0443944706701
0.044612553229
0.0448312071276
0.0450504327469
0.045270230469
0.0454906006773
0.0457115437567
0.0459330600933
0.0461551500744
0.0463778140888
0.0466010525264
0.0468248657785
0.0470492542378
0.0472742182982
0.047499758355
0.0477258748048
0.0479525680454
0.0481798384762
0.0484076864977
0.0486361125118
0.0488651169219
0.0490947001325
0.0493248625494
0.0495556045803
0.0497869266335
0.0500188291193
0.0502513124489
0.0504843770351
0.0507180232921
0.0509522516354
0.0511870624818
0.0514224562496
0.0516584333584
0.0518949942293
0.0521321392846
0.0523698689483
0.0526081836455
0.0528470838028
0.0530865698483
0.0533266422114
0.0535673013229
0.0538085476152
0.0540503815219
0.0542928034782
0.0545358139205
0.0547794132869
0.0550236020167
0.0552683805509
0.0555137493317
0.055759708803
0.0560062594097
0.0562534015988
0.0565011358183
0.0567494625176
0.0569983821481
0.0572478951621
0.0574980020135
0.0577487031581
0.0579999990527
0.0582518901557
0.0585043769272
0.0587574598284
0.0590111393226
0.059265415874
0.0595202899487
0.0597757620141
0.0600318325392
0.0602885019946
0.0605457708523
0.0608036395859
0.0610621086704
0.0613211785826
0.0615808498007
0.0618411228044
0.0621019980749
0.0623634760953
0.0626255573498
0.0628882423245
0.063151531507
0.0634154253863
0.0636799244532
0.0639450291999
0.0642107401205
0.0644770577102
0.0647439824664
0.0650115148875
0.0652796554738
0.0655484047274
0.0658177631517
0.0660877312519
0.0663583095346
0.0666294985084
0.0669012986832
0.0671737105707
0.0674467346842
0.0677203715388
0.0679946216509
0.0682694855389
0.0685449637228
0.0688210567241
0.0690977650662
0.0693750892741
0.0696530298742
0.0699315873951
0.0702107623668
0.070490555321
0.0707709667911
0.0710519973123
0.0713336474215
0.0716159176572
0.0718988085599
0.0721823206714
0.0724664545356
0.0727512106981
0.0730365897061
0.0733225921085
0.0736092184563
0.0738964693019
0.0741843451996
0.0744728467056
0.0747619743776
0.0750517287754
0.0753421104603
0.0756331199957
0.0759247579465
0.0762170248795
0.0765099213635
0.0768034479687
0.0770976052678
0.0773923938345
0.077687814245
0.0779838670771
0.0782805529102
0.0785778723261
0.078875825908
0.079174414241
0.0794736379124
0.079773497511
0.0800739936278
0.0803751268553
0.0806768977882
0.0809793070231
0.0812823551584
0.0815860427944
0.0818903705333
0.0821953389793
0.0825009487386
0.082807200419
0.0831140946307
0.0834216319856
0.0837298130975
0.0840386385823
0.0843481090578
0.0846582251437
0.0849689874618
0.085280396636
0.0855924532918
0.0859051580571
0.0862185115616
0.086532514437
0.0868471673171
0.0871624708378
0.0874784256367
0.0877950323539
0.0881122916312
0.0884302041126
0.0887487704441
0.0890679912737
0.0893878672518
0.0897083990305
0.090029587264
0.0903514326089
0.0906739357237
0.0909970972689
0.0913209179073
0.0916453983038
0.0919705391254
0.0922963410412
0.0926228047223
0.0929499308424
0.0932777200768
0.0936061731034
0.0939352906021
0.0942650732549
0.0945955217461
0.0949266367622
0.0952584189918
0.0955908691258
0.0959239878573
0.0962577758815
0.0965922338961
0.0969273626008
0.0972631626976
0.0975996348908
0.097936779887
0.0982745983949
0.0986130911256
0.0989522587925
0.0992921021113
0.0996326217998
0.0999738185785
0.10031569317
0.100658246299
0.101001478693
0.101345391081
0.101689984195
0.102035258771
0.102381215543
0.102727855252
0.103075178639
0.103423186447
0.103771879422
0.104121258314
0.104471323874
0.104822076854
0.105173518012
0.105525648103
0.105878467891
0.106231978138
0.10658617961
0.106941073075
0.107296659302
0.107652939068
0.108009913145
0.108367582313
0.108725947352
0.109085009045
0.109444768179
0.109805225542
0.110166381923
0.110528238118
0.110890794921
0.111254053132
0.111618013551
0.111982676983
0.112348044234
0.112714116112
0.11308089343
0.113448377002
0.113816567645
0.114185466178
0.114555073423
0.114925390207
0.115296417356
0.1156681557
0.116040606073
0.116413769311
0.116787646252
0.117162237737
0.11753754461
0.117913567719
0.118290307913
0.118667766043
0.119045942966
0.119424839539
0.119804456622
0.120184795081
0.12056585578
0.120947639589
0.12133014738
0.121713380029
0.122097338412
0.122482023411
0.12286743591
0.123253576794
0.123640446955
0.124028047282
0.124416378674
0.124805442026
0.125195238242
0.125585768224
0.125977032882
0.126369033123
0.126761769861
0.127155244015
0.127549456501
0.127944408243
0.128340100166
0.128736533199
0.129133708273
0.129531626323
0.129930288287
0.130329695105
0.130729847722
0.131130747084
0.131532394143
0.131934789851
0.132337935165
0.132741831045
0.133146478454
0.133551878359
0.133958031729
0.134364939536
0.134772602757
0.135181022371
0.135590199361
0.136000134712
0.136410829414
0.136822284459
0.137234500842
0.137647479564
0.138061221626
0.138475728035
0.1388909998
0.139307037933
0.139723843451
0.140141417373
0.140559760722
0.140978874525
0.141398759811
0.141819417614
0.142240848971
0.142663054922
0.143086036511
0.143509794786
0.143934330798
0.1443596456
0.144785740252
0.145212615816
0.145640273356
0.146068713942
0.146497938646
0.146927948545
0.147358744718
0.14779032825
0.148222700228
0.148655861743
0.149089813889
0.149524557766
0.149960094475
0.150396425124
0.150833550821
0.151271472681
0.151710191822
0.152149709363
0.152590026432
0.153031144157
0.153473063672
0.153915786113
0.154359312621
0.154803644341
0.155248782422
0.155694728016
0.156141482281
0.156589046378
0.15703742147
0.157486608728
0.157936609323
0.158387424434
0.15883905524
0.159291502928
0.159744768686
0.160198853709
0.160653759194
0.161109486342
0.16156603636
0.162023410458
0.162481609852
0.162940635758
0.163400489401
0.163861172008
0.16432268481
0.164785029044
0.165248205951
0.165712216773
0.166177062762
0.16664274517
0.167109265255
0.16757662428
0.168044823511
0.168513864221
0.168983747684
0.169454475182
0.169926047999
0.170398467425
0.170871734753
0.171345851283
0.171820818318
0.172296637166
0.17277330914
0.173250835556
0.173729217737
0.17420845701
0.174688554707
0.175169512163
0.175651330719
0.176134011722
0.176617556523
0.177101966476
0.177587242944
0.17807338729
0.178560400885
0.179048285106
0.179537041331
0.180026670947
0.180517175343
0.181008555915
0.181500814062
0.181993951192
0.182487968714
0.182982868044
0.183478650603
0.183975317817
0.184472871117
0.18497131194
0.185470641727
0.185970861926
0.186471973989
0.186973979373
0.187476879543
0.187980675964
0.188485370113
0.188990963467
0.189497457513
0.190004853738
0.190513153641
0.191022358721
0.191532470485
0.192043490446
0.192555420121
0.193068261035
0.193582014717
0.194096682701
0.194612266527
0.195128767743
0.195646187901
0.196164528557
0.196683791277
0.19720397763
0.197725089192
0.198247127542
0.19877009427
0.199293990969
0.199818819237
0.20034458068
0.20087127691
0.201398909544
0.201927480205
0.202456990524
0.202987442135
0.203518836682
0.204051175812
0.20458446118
0.205118694448
0.205653877282
0.206190011355
0.206727098349
0.207265139948
0.207804137847
0.208344093744
0.208885009344
0.209426886362
0.209969726514
0.210513531528
0.211058303134
0.211604043073
0.212150753089
0.212698434935
0.21324709037
0.213796721159
0.214347329077
0.214898915901
0.21545148342
0.216005033425
0.216559567719
0.217115088107
0.217671596405
0.218229094435
0.218787584025
0.219347067011
0.219907545236
0.220469020551
0.221031494813
0.221594969888
0.222159447646
0.222724929969
0.223291418744
0.223858915864
0.224427423232
0.224996942758
0.225567476357
0.226139025957
0.226711593489
0.227285180893
0.227859790117
0.228435423116
0.229012081855
0.229589768304
0.230168484443
0.230748232259
0.231329013746
0.231910830909
0.232493685759
0.233077580314
0.233662516603
0.234248496661
0.234835522532
0.235423596268
0.23601271993
0.236602895588
0.237194125317
0.237786411203
0.238379755343
0.238974159838
0.239569626798
0.240166158346
0.240763756609
0.241362423725
0.241962161841
0.242562973111
0.243164859699
0.24376782378
0.244371867534
0.244976993151
0.245583202833
0.246190498789
0.246798883237
0.247408358405
0.248018926528
0.248630589854
0.249243350638
0.249857211145
0.250472173649
0.251088240435
0.251705413796
0.252323696035
0.252943089465
0.253563596409
0.254185219199
0.254807960178
0.255431821697
0.256056806119
0.256682915816
0.25731015317
0.257938520575
0.258568020432
0.259198655154
0.259830427165
0.260463338897
0.261097392796
0.261732591315
0.262368936921
0.263006432086
0.263645079299
0.264284881057
0.264925839867
0.265567958248
0.266211238729
0.266855683852
0.267501296167
0.268148078237
0.268796032636
0.269445161949
0.270095468773
0.270746955716
0.271399625395
0.272053480443
0.272708523502
0.273364757225
0.274022184277
0.274680807337
0.275340629094
0.276001652248
0.276663879512
0.277327313613
0.277991957286
0.278657813282
0.279324884361
0.279993173299
0.280662682882
0.281333415908
0.28200537519
0.28267856355
0.283352983827
0.284028638869
0.28470553154
0.285383664715
0.286063041282
0.286743664143
0.287425536212
0.288108660418
0.288793039702
0.289478677019
0.290165575337
0.290853737639
0.291543166919
0.292233866186
0.292925838466
0.293619086793
0.29431361422
0.295009423811
0.295706518648
0.296404901821
0.29710457644
0.297805545628
0.298507812521
0.299211380272
0.299916252045
0.300622431024
0.301329920404
0.302038723395
0.302748843225
0.303460283135
0.304173046382
0.304887136237
0.305602555989
0.306319308941
0.307037398411
0.307756827734
0.308477600262
0.30919971936
0.309923188411
0.310648010815
0.311374189986
0.312101729356
0.312830632373
0.313560902502
0.314292543225
0.315025558039
0.31575995046
0.31649572402
0.31723288227
0.317971428774
0.318711367119
0.319452700905
0.320195433752
0.320939569297
0.321685111194
0.322432063118
0.323180428758
0.323930211825
0.324681416045
0.325434045165
0.326188102949
0.326943593182
0.327700519664
0.328458886218
0.329218696683
0.329979954919
0.330742664804
0.331506830238
0.332272455139
0.333039543443
0.333808099108
0.334578126113
0.335349628455
0.336122610153
0.336897075243
0.337673027787
0.338450471862
0.339229411572
0.340009851036
0.340791794399
0.341575245824
0.342360209496
0.343146689624
0.343934690435
0.344724216182
0.345515271137
0.346307859595
0.347101985874
0.347897654313
0.348694869277
0.34949363515
0.350293956341
0.351095837282
0.351899282428
0.352704296259
0.353510883275
0.354319048004
0.355128794995
0.355940128825
0.35675305409
0.357567575415
0.358383697449
0.359201424862
0.360020762355
0.36084171465
0.361664286496
0.362488482668
0.363314307967
0.364141767218
0.364970865274
0.365801607014
0.366633997345
0.367468041196
0.368303743531
0.369141109333
0.369980143617
0.370820851426
0.371663237828
0.372507307921
0.373353066831
0.374200519712
0.375049671747
0.375900528147
0.376753094154
0.377607375038
0.378463376098
0.379321102665
0.380180560097
0.381041753784
0.381904689147
0.382769371637
0.383635806736
0.384503999956
0.385373956844
0.386245682973
0.387119183953
0.387994465424
0.388871533058
0.389750392563
0.390631049674
0.391513510165
0.39239777984
0.393283864537
0.39417177013
0.395061502526
0.395953067665
0.396846471524
0.397741720116
0.398638819485
0.399537775716
0.400438594926
0.40134128327
0.402245846938
0.40315229216
0.404060625199
0.404970852359
0.40588297998
0.406797014439
0.407712962155
0.408630829581
0.409550623212
0.410472349582
0.411396015264
0.412321626871
0.413249191057
0.414178714517
0.415110203983
0.416043666235
0.416979108088
0.417916536404
0.418855958086
0.419797380078
0.420740809368
0.421686252989
0.422633718016
0.423583211569
0.424534740812
0.425488312954
0.426443935252
0.427401615003
0.428361359557
0.429323176305
0.430287072687
0.431253056193
0.432221134355
0.433191314758
0.434163605034
0.435138012865
0.436114545979
0.437093212159
0.438074019235
0.439056975087
0.44004208765
0.441029364908
0.442018814898
0.443010445708
0.444004265482
0.445000282415
0.445998504759
0.446998940816
0.448001598948
0.449006487569
0.450013615151
0.451022990222
0.452034621368
0.453048517231
0.45406468651
0.455083137968
0.456103880422
0.457126922751
0.458152273894
0.459179942851
0.460209938684
0.461242270515
0.462276947531
0.463313978982
0.46435337418
0.465395142503
0.466439293395
0.467485836363
0.468534780982
0.469586136894
0.470639913809
0.471696121503
0.472754769823
0.473815868685
0.474879428076
0.475945458052
0.477013968742
0.478084970348
0.479158473144
0.480234487478
0.481313023771
0.482394092522
0.483477704304
0.484563869769
0.485652599643
0.486743904732
0.487837795923
0.48893428418
0.490033380548
0.491135096156
0.492239442212
0.49334643001
0.494456070925
0.49556837642
0.496683358043
0.497801027426
0.498921396291
0.500044476448
0.501170279797
0.502298818327
0.503430104118
0.504564149344
0.50570096627
0.506840567257
0.50798296476
0.50912817133
0.510276199616
0.511427062365
0.512580772423
0.513737342735
0.514896786351
0.516059116419
0.517224346194
0.518392489035
0.519563558405
0.520737567876
0.521914531128
0.52309446195
0.52427737424
0.525463282011
0.526652199388
0.527844140608
0.529039120027
0.530237152115
0.531438251462
0.532642432777
0.53384971089
0.535060100753
0.536273617441
0.537490276155
0.538710092224
0.539933081102
0.541159258373
0.542388639754
0.543621241093
0.544857078371
0.546096167706
0.547338525353
0.548584167705
0.549833111295
0.551085372802
0.552340969041
0.553599916981
0.554862233732
0.556127936556
0.557397042864
0.55866957022
0.559945536345
0.561224959111
0.562507856553
0.563794246864
0.5650841484
0.566377579678
0.567674559386
0.568975106376
0.570279239672
0.571586978471
0.572898342143
0.574213350236
0.575532022475
0.576854378769
0.578180439208
0.579510224069
0.580843753818
0.58218104911
0.583522130793
0.584867019912
0.58621573771
0.587568305629
0.588924745316
0.590285078624
0.591649327614
0.593017514557
0.594389661941
0.59576579247
0.597145929067
0.598530094881
0.599918313282
0.601310607873
0.602707002487
0.604107521195
0.605512188302
0.60692102836
0.60833406616
0.609751326747
0.611172835416
0.612598617715
0.614028699454
0.615463106704
0.616901865803
0.61834500336
0.619792546255
0.621244521647
0.622700956979
0.624161879976
0.625627318656
0.627097301329
0.628571856605
0.630051013395
0.631534800919
0.633023248707
0.634516386606
0.636014244784
0.637516853734
0.63902424428
0.640536447584
0.642053495143
0.643575418805
0.645102250766
0.64663402358
0.648170770162
0.649712523793
0.65125931813
0.652811187207
0.654368165443
0.655930287647
0.657497589026
0.65907010519
0.660647872158
0.662230926365
0.66381930467
0.665413044359
0.667012183156
0.668616759229
0.670226811197
0.671842378134
0.673463499583
0.675090215557
0.676722566555
0.678360593559
0.680004338054
0.681653842025
0.683309147976
0.684970298932
0.686637338448
0.688310310623
0.689989260104
0.691674232098
0.693365272382
0.695062427312
0.696765743834
0.698475269491
0.700191052441
0.701913141458
0.703641585954
0.705376435979
0.707117742243
0.70886555612
0.710619929665
0.712380915625
0.714148567448
0.715922939305
0.717704086093
0.719492063457
0.721286927797
0.723088736288
0.724897546891
0.726713418372
0.728536410311
0.730366583125
0.732203998077
0.734048717299
0.735900803804
0.737760321508
0.739627335243
0.741501910779
0.743384114838
0.745274015121
0.747171680319
0.74907718014
0.750990585326
0.752911967675
0.754841400063
0.756778956466
0.758724711984
0.760678742865
0.762641126525
0.764611941579
0.766591267863
0.76857918646
0.770575779729
0.77258113133
0.774595326255
0.776618450855
0.778650592875
0.780691841475
0.782742287274
0.784802022375
0.786871140397
0.788949736519
0.791037907506
0.79313575175
0.795243369307
0.797360861937
0.799488333143
0.801625888211
0.803773634256
0.80593168026
0.808100137125
0.810279117713
0.812468736896
0.814669111604
0.816880360881
0.819102605932
0.821335970178
0.823580579315
0.825836561371
0.82810404676
0.830383168352
0.832674061532
0.834976864266
0.837291717169
0.839618763574
0.841958149606
0.84431002426
0.846674539471
0.8490518502
0.851442114515
0.853845493674
0.856262152222
0.858692258072
0.86113598261
0.863593500786
0.866064991221
0.86855063631
0.871050622334
0.873565139572
0.876094382419
0.878638549508
0.881197843839
0.883772472909
0.886362648849
0.888968588566
0.891590513891
0.89422865173
0.896883234227
0.899554498926
0.902242688947
0.90494805316
0.907670846375
0.910411329536
0.91316976992
0.915946441351
0.918741624413
0.921555606686
0.924388682979
0.927241155577
0.930113334502
0.933005537783
0.935918091736
0.938851331257
0.941805600132
0.944781251357
0.94777864747
0.950798160904
0.953840174351
0.956905081149
0.959993285678
0.963105203782
0.966241263207
0.969401904063
0.972587579301
0.975798755226
0.979035912017
0.982299544289
0.985590161672
0.988908289422
0.992254469066
0.995629259068
0.999033235544
1.002466993
1.00593114512
1.00942632555
1.01295318885
1.01651241128
1.02010469186
1.02373075328
1.02739134307
1.03108723459
1.03481922828
1.03858815284
1.04239486658
1.04624025871
1.05012525085
1.05405079848
1.05801789254
1.0620275611
1.06608087112
1.07017893027
1.07432288888
1.07851394195
1.08275333128
1.08704234768
1.09138233328
1.095774684
1.10022085201
1.10472234834
1.10928074567
1.113897681
1.11857485865
1.12331405307
1.12811711192
1.13298595902
1.13792259738
1.14292911214
1.14800767352
1.15316053951
1.15839005846
1.1636986714
1.16908891394
1.17456341778
1.1801249116
1.18577622122
1.19152026896
1.19736007195
1.20329873924
1.20933946757
1.21548553567
1.22174029696
1.22810717057
1.2345896308
1.24119119511
1.24791541096
1.25476584177
1.26174605186
1.2688595893
1.27610996231
1.28350059824
1.29103475827
1.29871534678
1.30654447171
1.31452240013
1.32264488875
1.33089556745
1.33922258097
1.34736487786
1.35489546497
1.36196532638
1.36862007752
1.37485685273
1.38062460847
1.38579591831
1.39036978019
1.3944093558
1.39796081863
1.40104964
1.40373777461
1.4061380566
1.40834020978
1.41039194701
1.41228477401
1.41396019176
1.41542094982
1.41664180565
1.4175894106
1.41831283799
1.41887770378
1.41934396441
1.419755548
1.42011588927
1.42039946927
1.42057708737
1.42071871761
1.42082082113
1.42088388625
1.4209143422
1.42089296893
1.42081435517
1.42063557963
1.42044954958
1.42026317821
1.42007586871
1.41988251293
1.41965498572
1.419364019
1.41899491619
1.41856135883
1.41808840861
1.41758246178
1.41705051992
1.41648776632
1.41589004768
1.41527418414
1.41463984435
1.41399978605
1.4133812384
1.41277988633
1.4122046532
1.41165135487
1.41110746964
1.41054688544
1.40993194353
1.40924861289
1.40852230504
1.40776305942
1.4069917222
1.4062076745
1.4054089759
1.40458144925
1.40371569005
1.4028563521
1.40201144736
1.40118083693
1.4003582328
1.39953413897
1.39872116807
1.39790519557
1.397112909
1.39634289046
1.39558940781
1.39484606303
1.39410916236
1.39337118976
1.39262708961
1.39185943329
1.39096555791
1.39005977354
1.38919378818
1.38835407903
1.38751880756
1.38669354415
1.38588811977
1.385112448
1.38435456793
1.38359821891
1.38283059661
1.38205433864
1.38126671522
1.38046561099
1.37963237354
1.37877424382
1.37790052849
1.37702924748
1.3761776628
1.37535552901
1.37455960408
1.37376913725
1.37296614681
1.3721530907
1.37132615426
1.37045271259
1.36954696587
1.36862891915
1.36771650929
1.36681444982
1.36590202627
1.36497221662
1.36403214384
1.36309593076
1.36215033073
1.36118925704
1.36022319453
1.35925685575
1.35828959923
1.35732917741
1.3563743267
1.35542568846
1.35447947426
1.35354086443
1.35261777052
1.35170817161
1.35080022444
1.34988841745
1.34897610343
1.34806402077
1.34715346726
1.34624801461
1.3453547353
1.34446942377
1.34359635558
1.34272957578
1.34186304857
1.34099591524
1.34012101908
1.33923996016
1.33835465015
1.33746743322
1.33656945841
1.33567638093
1.33479076962
1.33391069309
1.33304169127
1.33218047445
1.33132296085
1.33045788476
1.32959035473
1.32871528622
1.32783158092
1.32693762934
1.32603821026
1.32513716674
1.32423249981
1.32332802776
1.32242197937
1.32151197913
1.32059559415
1.31966593232
1.31872132317
1.31775407253
1.31678170618
1.31581937874
1.31487369118
1.31393963102
1.31301735061
1.31210200616
1.31119154245
1.31028713228
1.30939096231
1.30849028468
1.30758037377
1.30667479936
1.30577962111
1.30489155065
1.30400814498
1.30313158475
1.30225496197
1.30137484703
1.30047957063
1.29956837814
1.29865236737
1.29772919781
1.29680494405
1.29588414805
1.29496092459
1.29403463529
1.293105997
1.2921792071
1.29125288688
1.29032424262
1.28939357982
1.28846381183
1.28753688014
1.28662138609
1.28572214111
1.28484462265
1.28398436561
1.28313095327
1.28227955818
1.28142745399
1.28057525806
1.27971022394
1.27883017542
1.27794313075
1.27703767333
1.27611360437
1.27517553573
1.27424209943
1.27331913001
1.27240201047
1.27148269134
1.27055481887
1.26961881461
1.26866424281
1.26770683015
1.26675854487
1.26582371681
1.26490328203
1.26399917256
1.26311448311
1.26224473832
1.26138911653
1.26054706708
1.25971579776
1.25889129721
1.25805790362
1.25721120184
1.25635362293
1.2554815059
1.25459693622
1.253698025
1.25278613778
1.25186824842
1.25095449885
1.25004451076
1.24913462012
1.24822630336
1.24732009541
1.2464151178
1.2455112647
1.24461311904
1.24370623122
1.24279333935
1.24188970953
1.24099614411
1.24011197074
1.23923990039
1.23837506701
1.2375111762
1.23665157687
1.23579817986
1.23494948699
1.23409760606
1.23324547746
1.23239045434
1.23153722586
1.23067425509
1.22979858065
1.22892456725
1.2280509418
1.22717809838
1.22630715696
1.22543383894
1.22455743387
1.22367418979
1.22278772633
1.22189342381
1.22099434299
1.22009950999
1.21922000977
1.21835160171
1.2174865305
1.21661914919
1.21575213976
1.21488174882
1.21401106751
1.21314884106
1.21229666266
1.21144093936
1.21057902062
1.20971422971
1.20884785515
1.20798613245
1.20712534202
1.20626205663
1.20539904768
1.20454319839
1.20369245521
1.20285114366
1.20201552704
1.20116440149
1.20030392906
1.19944069972
1.19857730503
1.19771643233
1.19685704269
1.19599972121
1.19514499223
1.19429538182
1.1934508673
1.19261833071
1.19179517192
1.19097816107
1.19015386974
1.18932369569
1.18849242303
1.18766017641
1.18681881509
1.18598024208
1.18514071746
1.18429893541
1.18345932919
1.18261446131
1.18175997199
1.18089852762
1.18002614485
1.17914737462
1.17827345474
1.1774083766
1.17654864058
1.17569699336
1.17485301859
1.17401476249
1.17317838702
1.17234530826
1.17151190791
1.17066946811
1.16981823968
1.16895985607
1.16810031203
1.16724602192
1.16639874332
1.16555483241
1.16471467354
1.16387781396
1.16304248796
1.1622043039
1.16137047456
1.1605458661
1.15973192376
1.15892902767
1.15813104726
1.15733095463
1.15653284285
1.15573548163
1.15493272918
1.15412436645
1.15331410553
1.15250233883
1.15168421957
1.15086455396
1.15004549512
1.14922090127
1.148392073
1.14756275639
1.14673051633
1.14589671695
1.14505762139
1.14421087632
1.14335825802
1.14250275821
1.14164395404
1.14078758536
1.13993537216
1.13909026108
1.13825443147
1.13742986558
1.13661652567
1.13581144974
1.13501220894
1.13421724218
1.13341983645
1.13262093837
1.13182430136
1.13102700744
1.13023076229
1.1294354988
1.12864471767
1.12786237231
1.12708143722
1.12629847858
1.12551060867
1.12471581968
1.12391624591
1.12312082093
1.12232995064
1.12154218552
1.12075821916
1.11997350136
1.11919153285
1.11840784197
1.11761722483
1.11681408692
1.11600073899
1.11517828946
1.11435265807
1.11352559785
1.11270229288
1.11188625473
1.11107226704
1.11025845269
1.10944889659
1.10864490219
1.10784537196
1.10705094662
1.10626113099
1.10547371862
1.10469240266
1.10391796732
1.10315187598
1.10239427606
1.1016402903
1.10088326692
1.10012392089
1.09936011304
1.09859136287
1.09781892383
1.09704036915
1.09625371909
1.09546611259
1.09468000703
1.09389627497
1.09311195858
1.09231679363
1.09151379804
1.09071190427
1.08991435363
1.08912054995
1.08833031002
1.08754169403
1.0867554177
1.08597337254
1.08519741445
1.08442653717
1.08366180091
1.08290321191
1.08214518653
1.0813836202
1.0806196348
1.07985407408
1.07908481042
1.07831233281
1.07752989018
1.07674198052
1.07595584882
1.07517421732
1.0743969763
1.07362430325
1.07285537347
1.07209316385
1.071338251
1.07059147269
1.06985073649
1.06911108088
1.06836821844
1.06762175563
1.0668722659
1.06611981547
1.06536728181
1.06461734922
1.06386649126
1.06311123513
1.06235461329
1.06159696862
1.06083668598
1.06008245931
1.05933356344
1.05858777588
1.05784071416
1.05709056068
1.05633764904
1.05558608872
1.05483709264
1.05408972273
1.05334606471
1.05260264805
1.05185558013
1.05111174676
1.05037133387
1.04963015095
1.04888640646
1.04813725215
1.04738293751
1.04662542428
1.04586699085
1.04511176705
1.04435684893
1.04360291076
1.042845426
1.04208491351
1.04132022303
1.0405542332
1.03979051562
1.03903419929
1.03828382053
1.03753429634
1.03678649051
1.03604008415
1.03529620833
1.03455833766
1.03382180455
1.03308647813
1.03234738591
1.03160776535
1.03086579921
1.03012145351
1.02938099423
1.02864889349
1.02792454526
1.02720167922
1.02647649303
1.02575252118
1.02503150657
1.02430901782
1.02358425581
1.02285879629
1.02213149601
1.02139903301
1.02066381086
1.01993094561
1.01920195517
1.01847967895
1.01776276838
1.0170485648
1.01633364732
1.0156174358
1.01490174845
1.01418518947
1.01347204845
1.01276076335
1.01204868613
1.01133140878
1.0106098737
1.00988344778
1.00915580542
1.00842956236
1.00770419306
1.00698041302
1.00625670446
1.00553439077
1.00481351149
1.00409483417
1.00338038105
1.00267305094
1.00196837701
1.00126707303
1.00056325026
0.999857795606
0.999151790424
0.998447003672
0.997744942381
0.997044562361
0.996341759822
0.995636345199
0.994928188186
0.99421904356
0.99351116942
0.992801985478
0.992092638182
0.991383582325
0.990677564247
0.989974292661
0.989266754935
0.988554203916
0.98783725189
0.98711979485
0.986403410222
0.985688088934
0.984972435025
0.984257321617
0.983543283211
0.982829579033
0.982118361765
0.981412838171
0.980712698331
0.980022962676
0.979343761801
0.978669168533
0.977992022676
0.977315905261
0.97664237335
0.975972227138
0.975310472145
0.974655008629
0.974002945056
0.973346784309
0.972673339584
0.971983757659
0.971285249146
0.970582178747
0.969881306383
0.969185265135
0.968493436122
0.967804279432
0.967117360118
0.966432004939
0.965746641745
0.965064569146
0.964387872316
0.963717118242
0.96305081744
0.962386116364
0.961719294013
0.96105068417
0.960378727746
0.95970770621
0.959038555914
0.958370418401
0.957697175874
0.957016603836
0.95632776761
0.95562960633
0.954928038844
0.954227520512
0.953532307155
0.952845605882
0.952165786315
0.951485233211
0.950802398454
0.95011741678
0.949428938531
0.948739451499
0.948052112448
0.947370626635
0.946699189613
0.946037279767
0.945379345812
0.94472412923
0.94406595198
0.943405337261
0.942742459855
0.942078264488
0.941414501337
0.940752910955
0.940093196681
0.939433953911
0.938773043046
0.938108140194
0.937442448051
0.936778902437
0.936118157834
0.935458472277
0.93480117249
0.934145716866
0.933489102171
0.932830389147
0.932168005789
0.931502866036
0.930837217151
0.930172261967
0.929511411997
0.928854031266
0.928198362112
0.927542900792
0.92688869538
0.926238376715
0.925593644653
0.92495139811
0.924313100338
0.923680558517
0.923052122723
0.922421997549
0.921786509709
0.921148246587
0.920506701828
0.919858510354
0.919207850192
0.91855858011
0.917910485211
0.917263028248
0.916614533863
0.915963726318
0.915312085562
0.914659475319
0.914009155672
0.913363530839
0.91272451001
0.912095241004
0.911471700737
0.910849177893
0.91022521288
0.909596612217
0.908961089061
0.90831924478
0.907672454874
0.907025652441
0.906382161347
0.905741800062
0.905105564447
0.90447131083
0.903837307557
0.903202129931
0.902566554079
0.901931192652
0.901297769735
0.900666265551
0.900037707813
0.899409027131
0.898776525321
0.898138728244
0.897494353876
0.896849517255
0.896205578948
0.895565741116
0.894931956516
0.894304391891
0.893684337206
0.89306966787
0.89245344806
0.891833994628
0.89121149635
0.89058756313
0.88996457235
0.889345614583
0.888732288571
0.88812222537
0.887512369292
0.886901179584
0.886284679012
0.885661135915
0.885032304892
0.884400230776
0.883768582396
0.883139776594
0.882516057892
0.881897880858
0.881281381923
0.880666062
0.880050280856
0.879429846908
0.8788030066
0.878175170766
0.877551386748
0.876931661525
0.87631844135
0.875710654773
0.875104653532
0.874499472052
0.873890772875
0.873273221467
0.872648733049
0.872020112839
0.871392619716
0.870771925782
0.87015838601
0.869549676658
0.868944464715
0.868339198718
0.867730149328
0.867117855918
0.866503445067
0.86588851312
0.865276199177
0.86466819588
0.864064486392
0.863462900658
0.86286215953
0.86226091239
0.861655121257
0.861045108403
0.860433462941
0.859824685824
0.859221182532
0.858625544587
0.858037369407
0.857455150906
0.856874841289
0.856294946517
0.855713173658
0.855129253515
0.854539743268
0.853946005718
0.853353097425
0.852761519793
0.852176233379
0.851597456747
0.851022549833
0.850449280816
0.849873037526
0.849291112302
0.848704227193
0.848115327962
0.847526093812
0.846937675396
0.84635191925
0.845769367999
0.845189822213
0.844610156945
0.844028456591
0.843444816054
0.842855798002
0.842261529362
0.841665521843
0.841070781226
0.84048097011
0.839896175871
0.839316210763
0.838741016378
0.838166917926
0.837591264995
0.837008767807
0.836417876767
0.835823571818
0.83523083428
0.834643741396
0.834064987575
0.833492868082
0.83292516762
0.832358783779
0.831791233986
0.83122039932
0.830647117834
0.830073224709
0.82950013738
0.828929189403
0.828362405127
0.827799226197
0.827240316807
0.826684752646
0.826127982546
0.825566260152
0.824996961252
0.824422722369
0.823846462738
0.823266992994
0.822686363501
0.822108805295
0.821537809332
0.820972162168
0.8204075104
0.819841432487
0.819269064561
0.818689237087
0.81810370809
0.817515698935
0.816927713866
0.816343523098
0.815765580479
0.815193632681
0.814626955295
0.814065492226
0.813506453703
0.812947959593
0.812386919735
0.811824091468
0.811261092514
0.810700000376
0.810140956637
0.809585902691
0.809035717703
0.80849048016
0.807948738864
0.807405075201
0.806855816758
0.80630129785
0.805744826133
0.805186157276
0.804625668451
0.804067426246
0.803513531635
0.80296426478
0.802418730818
0.801874979163
0.80133241748
0.800788886867
0.800242518216
0.799691646701
0.799135236168
0.798577147476
0.798020479493
0.797467529943
0.79691917004
0.796375700363
0.79583689886
0.795301345058
0.794767580666
0.794232702866
0.793693226413
0.793149220318
0.792601159347
0.792052415973
0.791505651887
0.7909629146
0.790425749001
0.789896452628
0.789374879048
0.788857281437
0.78833945817
0.78781917223
0.787291891876
0.786756169235
0.786214716968
0.785669787035
0.785125046558
0.784582405481
0.784044643386
0.783510759976
0.782979266926
0.7824498349
0.781920892044
0.781388873897
0.780853186933
0.780313713886
0.779773577554
0.779233005317
0.778692788293
0.778157186604
0.777627250817
0.777102212147
0.776581090497
0.776061673307
0.775540906484
0.775017542472
0.774489503861
0.773956393983
0.773420319012
0.772883089703
0.772347742409
0.771817421571
0.77129468046
0.770779472375
0.77026972469
0.769761242422
0.769251711311
0.768738682979
0.768219447859
0.767693868908
0.767161416099
0.766625737003
0.766090692096
0.765561002922
0.765039499843
0.764525261908
0.764017335782
0.763515088456
0.763014238581
0.762511957487
0.762006466448
0.761494145128
0.760977174301
0.760459524035
0.75994183056
0.759425097173
0.75891257661
0.75840527901
0.757901748228
0.757401755341
0.756903206087
0.756404758862
0.755903369282
0.755397550375
0.754886712258
0.754371206836
0.75385199161
0.753334804221
0.752823178915
0.752318683267
0.751820590661
0.75132518862
0.750830667805
0.750334664677
0.749834181367
0.749328408671
0.748818212978
0.748305177004
0.747792197695
0.747281395931
0.746773926471
0.746269769541
0.74577149017
0.745278434533
0.744787756588
0.744296022855
0.743801930678
0.743302718969
0.742796095373
0.742282716254
0.741763642613
0.74124345034
0.740723945202
0.74020724285
0.739696801545
0.739192777127
0.738693744655
0.738197920804
0.737702847634
0.737206084019
0.736705374857
0.736199353321
0.735688808699
0.735176806435
0.734665649552
0.734158398878
0.733658623497
0.733166913095
0.732681727224
0.732203442959
0.731729237302
0.731256398524
0.730781042839
0.730300716055
0.729813779945
0.729318819984
0.728818288426
0.728314117292
0.727810738612
0.727312000818
0.726819730274
0.726333669031
0.725854415909
0.725381439094
0.724911934136
0.72444298125
0.723971745378
0.723495955412
0.723013885138
0.722527334473
0.722039930727
0.721554234957
0.721071835114
0.720595237353
0.72012537421
0.719661475708
0.719200818638
0.718740292186
0.718277529262
0.717809481167
0.717334079162
0.716849467899
0.716357524922
0.715861999365
0.715367047164
0.714874956799
0.714387976944
0.713907139366
0.713433106675
0.712965141743
0.712503584397
0.712046439267
0.711591126769
0.711134304551
0.710672902321
0.710205686085
0.70973423312
0.70925947863
0.708784320468
0.708310992563
0.707840869273
0.707376074581
0.706916240418
0.706459971828
0.706005929565
0.705552827253
0.705098277717
0.704638304758
0.704172459338
0.703699923004
0.703222815565
0.702743769232
0.702265823993
0.70179200864
0.701325164917
0.700866178207
0.700414773715
0.699968981582
0.699525299484
0.699082451068
0.698637517944
0.698187733819
0.697733903772
0.697275814866
0.696813824013
0.696349041273
0.69588492937
0.695423601592
0.694965056024
0.69450897893
0.694057618238
0.693611092616
0.693168037138
0.69272799111
0.692289194873
0.69184914712
0.691404731861
0.690955156928
0.690500632941
0.69004382462
0.689586142519
0.689129777096
0.688677015667
0.688229784004
0.687789137969
0.687354844671
0.686925912055
0.686500645029
0.68607637555
0.685650919315
0.685222574236
0.684790892498
0.684355624852
0.683915409885
0.683472721442
0.68302942402
0.682586692422
0.682147514334
0.681711986259
0.681280052662
0.680851371319
0.680423246083
0.679993911849
0.679563150549
0.67912815309
0.678688065345
0.67824208784
0.67779149313
0.677337163868
0.67688114655
0.676427093909
0.675977648671
0.675534116581
0.675096522
0.674665076645
0.674238611036
0.673814294277
0.67338996075
0.672963473629
0.672534146128
0.672100380374
0.6716608488
0.67121781893
0.670772268153
0.670325675832
0.669881538398
0.669442260716
0.669009710156
0.668584596095
0.668165952795
0.667751382966
0.667338548772
0.666925946412
0.666511475861
0.666092242911
0.66566729979
0.665236429399
0.664801872387
0.664364992574
0.663927330956
0.663489832689
0.663054824033
0.662624430576
0.662200264632
0.661782438284
0.661370685407
0.660962746951
0.660557049979
0.660152453712
0.659746422928
0.659338299801
0.658925685543
0.658507890105
0.658085212154
0.657658872129
0.657231247151
0.656804459576
0.656380361889
0.655961154609
0.655545995084
0.655134900068
0.65472750689
0.654321486048
0.65391588596
0.653508585351
0.653097146753
0.652679845138
0.652258746594
0.651836363176
0.651412712232
0.650990231949
0.650571034785
0.650156153608
0.649746878859
0.64934366038
0.648946047472
0.648552602361
0.648161171313
0.647771124148
0.647379635579
0.646984935882
0.646585525169
0.646180819795
0.645771331247
0.645357498068
0.644943018591
0.644528518578
0.644115383811
0.643704205844
0.643297556335
0.642895806761
0.642498963628
0.642106227632
0.641716371966
0.641327465504
0.640938369227
0.640547762116
0.64015480125
0.639757498578
0.639355051529
0.638948012803
0.638538646967
0.638129707319
0.637722394012
0.637317391113
0.636915528681
0.636516819438
0.636121804206
0.635729184643
0.635336762061
0.634943613278
0.634549072216
0.634152348193
0.633752597424
0.633350051673
0.632944970743
0.632539339679
0.632134453049
0.631731402405
0.631331280412
0.630935090939
0.630543506898
0.630156304829
0.629774274611
0.629396439268
0.629020256857
0.628643939935
0.628266830447
0.627887028069
0.627502435045
0.627112310529
0.62671697723
0.62631880955
0.625919459789
0.625520699638
0.625124448013
0.624732586904
0.624346348412
0.623966460979
0.623592958795
0.62322518555
0.622861759465
0.622501546041
0.622143365922
0.621784453256
0.621423080576
0.621058051824
0.620688931486
0.620315483089
0.61993727781
0.619557284604
0.619177544459
0.618799661776
0.618424718384
0.618053624045
0.617686761508
0.61732344004
0.616962956788
0.616605161697
0.616249588011
0.615893923967
0.615537626945
0.615178951448
0.614815698845
0.614448921809
0.614078150326
0.613704244666
0.613329914956
0.612956570701
0.61258530189
0.61221686317
0.611851403781
0.611488480884
0.611128923292
0.610772525749
0.61041757078
0.610062876688
0.609706759707
0.609348368909
0.608986877182
0.608619884219
0.608246911817
0.607869078182
0.607487880082
0.607105336666
0.60672280599
0.606342454331
0.605966340505
0.605595534373
0.605230222013
0.604870069031
0.604514153607
0.604160978927
0.603807354135
0.603452867036
0.603097378975
0.602740058396
0.602380088574
0.602017847782
0.601653109431
0.601286745074
0.600919645272
0.600553299715
0.600188936668
0.599827581677
0.599470455058
0.599119042747
0.598772936797
0.598431061104
0.598092597806
0.597755752656
0.597418782198
0.597079004328
0.596734640305
0.596385471426
0.596032883404
0.59567725712
0.595318429859
0.594958710786
0.594600090907
0.594243698375
0.593890931762
0.593542871984
0.593199492078
0.592861172366
0.592526582377
0.592195117374
0.591866596426
0.591539627964
0.591213075316
0.590886466085
0.590556679466
0.590222732833
0.589883812513
0.589539948571
0.589192113623
0.588842140404
0.588490731825
0.5881401445
0.587791937094
0.587447309393
0.587107151165
0.586771644384
0.586440713167
0.586113346724
0.585788451556
0.58546394288
0.585137672345
0.584808858302
0.584476572476
0.584139139806
0.583796697953
0.583450207366
0.583100870891
0.582749930837
0.582397661546
0.582046112256
0.581697671184
0.581353205082
0.581013044184
0.580678148351
0.580348943878
0.58002477579
0.579704372944
0.579385881592
0.579067584528
0.578748114552
0.578426240919
0.578101656899
0.577773799013
0.577442048478
0.577107167605
0.576769780049
0.576431857864
0.576095243799
0.575760023745
0.575427375445
0.575098210695
0.574772873787
0.574452345752
0.574136688693
0.573824611562
0.57351481113
0.573206481187
0.572897651572
0.572586925649
0.572273534595
0.571956537365
0.571635679374
0.571310662419
0.570983147769
0.570652827865
0.570321599766
0.56999133689
0.569663609036
0.569339593257
0.569020202414
0.568705985027
0.568397110345
0.568092680581
0.567791637424
0.567493024495
0.567195549679
0.566896241446
0.566593760445
0.56628666224
0.565975648135
0.56566114665
0.565344239253
0.565024734691
0.564704927447
0.564385725869
0.56406806546
0.535099954695
0.510523544698
0.489812923644
0.473365338406
0.461281563009
0.453605214032
0.45068110476
0.452803078701
0.460270734137
0.474033066762
0.494589407355
0.523433456546
0.562724053131
0.615587156676
0.68871136665
0.798069287334
1.01422777878
1.0880547619
1.04557560401
0.998950678355
0.951471798172
0.907611393169
0.864504665201
0.825338753366
0.786945059488
0.750977788698
0.717268230703
0.68573244444
0.657230466119
0.630919565359
0.60677769862
0.585143224875
0.566032815584
0.550231311126
0.536540217327
0.525890019935
0.518348812629
0.514080151591
0.513799843401
0.517155930918
0.525148918249
0.537830340127
0.556413086567
0.583074155145
0.619027756964
0.668333518483
0.740145984383
0.861851353481
0.993192541205
0.971853116113
0.937681055631
0.904408709875
0.870456471851
0.836600318716
0.804934717054
0.775186385144
0.745896910344
0.7184912947
0.693392354027
0.670222179616
0.648222743738
0.62796284228
0.609669794154
0.593438995791
0.579368927503
0.566995215453
0.557471565376
0.550044251844
0.544948362657
0.54314754939
