-0.0
0.000244346060658
0.000977298180335
0.00219859420829
0.00390778395193
0.00610420904882
0.00878697435692
0.0119549104365
0.0156065265821
0.0197399537536
0.0243528766614
0.0294424541761
0.0350052271804
0.0410370129574
0.0475327852343
0.0544865390867
0.0618911400803
0.0697381572937
0.0780176802688
0.0867181204804
0.0958259986401
0.105325720057
0.115199341379
0.125426333304
0.135983345263
0.146843979531
0.157978583594
0.169354070809
0.180933780148
0.192677386109
0.204540869458
0.21647655857
0.228433249813
0.240356414412
0.252188499089
0.263869329486
0.275336629518
0.286526676358
0.297375118408
0.307817989573
0.31779295268
0.327240792659
0.336107151357
0.344344449226
0.351913879276
0.358787297329
0.364948787551
0.370395672224
0.375138772457
0.379201811991
0.382619974032
0.38543774445
0.387706274538
0.389480551391
0.390816666598
0.391769431402
0.392390515158
0.392727202511
0.392821788455
0.392711568326
0.392429334942
0.392004266667
0.391463075434
0.390831280241
0.390134477323
0.389399492129
0.388655319116
0.387933781766
0.387269874395
0.386701775816
0.386270548833
0.386019555255
0.385993620981
0.386237978372
0.386796993318
0.387712652743
0.389022745421
0.390758615711
0.392942307185
0.395582844202
0.398671333762
0.402174530772
0.406026548761
0.410118614962
0.414287332044
0.418303048299
0.421861838361
0.424587074505
0.426048483863
0.425805374403
0.423473302206
0.418799887935
0.411723130213
0.402386483236
0.391103470026
0.378288583795
0.364382848798
0.349796407981
0.334876237568
0.319895702008
0.305058154341
0.290507287629
0.276339321602
0.262614408581
0.249366209956
0.236609459512
0.224345720778
0.21256767186
0.201262251197
0.190412948795
0.180001467329
0.17000892223
0.160416704654
0.151207096376
0.142363699989
0.133871729229
0.125718191303
0.11789198417
0.110383925787
0.103186728434
0.0962949287593
0.0897047825992
0.0834141326042
0.0774222559393
0.0717296986797
0.0663381028839
0.0612500316273
0.0564687965308
0.0519982915099
0.0478428356521
0.0440070273179
0.0404956107987
0.0373133561773
0.034464952443
0.0319549134247
0.0297874957263
0.0279666275746
0.0264958473172
0.0253782502154
0.0246164421683
0.0242124990526
0.0241679304664
0.0244836468109
0.0251599288288
0.0261963989318
0.0275919938949
0.0293449387684
0.0314527221594
0.0339120733659
0.0367189422083
0.0398684827898
0.0433550428355
0.047172160687
0.051312572468
0.0557682323525
0.0605303492392
0.0655894434259
0.0709354270315
0.0765577118826
0.0824453483083
0.0885871977007
0.0949721407725
0.101589322132
0.108428430118
0.115480008836
0.122735797134
0.13018908698
0.137835091577
0.145671311835
0.153697888658
0.161917928149
0.170337787354
0.178967309458
0.187819999232
0.196913131598
0.206267787777
0.215908813865
0.225864694797
0.236167331203
0.246851695953
0.257955328793
0.269517597982
0.281578611945
0.294177594112
0.307350428933
0.321125931738
0.335520172273
0.350527880194
0.366109600019
0.38217295691
0.398546490984
0.414945847951
0.430936264157
0.44590430835
0.459065774954
0.469546982031
0.476560961351
0.479638257671
0.47879681925
0.474539070648
0.467678359462
0.459108609018
0.449630884052
0.439874674706
0.43029140202
0.421183061302
0.412739570677
0.405072191857
0.398239237335
0.392264319085
0.387148674308
0.382879182412
0.379433377034
0.376782396236
0.374892513502
0.373725670339
0.373239277439
0.373385449291
0.374109774163
0.375349689632
0.377032530706
0.379073344839
0.381372630259
0.383814256094
0.386263963943
0.388569015859
0.390559700651
0.39205345877
0.392862221826
0.392803075823
0.391711523153
0.389455599002
0.385948276019
0.381155443201
0.375097549047
0.3678445696
0.359505669659
0.350216057278
0.340123718931
0.329378097287
0.318121778739
0.306485336019
0.294584865691
0.282521501984
0.270382185055
0.258241093089
0.246161319496
0.234196534058
0.222392488265
0.210788307621
0.1994175638
0.18830914612
0.177487962926
0.16697550549
0.156790304221
0.146948302172
0.137463165601
0.128346546564
0.1196083085
0.111256722671
0.103298640924
0.0957396486255
0.0885842003916
0.0818357405286
0.075496809544
0.0695691378118
0.0640537272661
0.0589509218967
0.0542604677442
0.0499815630572
0.0461128992415
0.0426526932111
0.0395987117327
0.0369482883378
0.0346983333693
0.0328453377198
0.0313853708256
0.0303140734927
0.0296266461574
0.0293178332306
0.0293819042333
0.029812632513
0.0306032724337
0.0317465360568
0.0332345704715
0.0350589371002
0.0372105944757
0.0396798861728
0.0424565357532
0.0455296507415
0.0488877377777
0.0525187311584
0.0564100369675
0.0605485948806
0.0649209594778
0.0695134025001
0.0743120369133
0.0793029629051
0.0844724350386
0.089807048761
0.095293943359
0.100921017353
0.106677151308
0.112552432216
0.118538373097
0.124628121286
0.130816649221
0.137100922242
0.143480039128
0.149955342578
0.156530498601
0.16321154553
0.170006915079
0.176927429261
0.183986277982
0.19119898268
0.198583351336
0.206159429619
0.213949451813
0.221977793496
0.230270925653
0.238857366953
0.247767626919
0.257034127385
0.266691082051
0.276774303078
0.287320887564
0.298368712735
0.30995563256
0.322118214118
0.334889770874
0.348297330239
0.362357001194
0.377066973863
0.39239709561
0.408273694763
0.424558278717
0.441019447139
0.457299900681
0.472886411262
0.487101110356
0.49914404151
0.508215573331
0.513711229309
0.51541337984
0.51356726379
0.508790129007
0.501875568783
0.493603794293
0.484625839452
0.475425113196
0.466327601134
0.457531915002
0.449141810436
0.441193875465
0.433678791125
0.426556950715
0.419769856437
0.413248611162
0.406920492802
0.400714246979
0.39456443346
0.388414936195
0.382221603214
0.375953921999
0.36959565084
0.363144398577
0.356610245678
0.350013596429
0.343382518279
0.336749845704
0.330150302711
0.323617842695
0.317183334417
0.310872655246
0.304705199218
0.298692773608
0.29283884379
0.287138089124
0.281576247741
0.276130249977
0.270768663544
0.265452492575
0.260136381781
0.254770270102
0.249301510728
0.243677424084
0.237848180491
0.231769830045
0.225407226167
0.218736547951
0.211747133728
0.204442402962
0.196839757837
0.188969496042
0.180872899528
0.172599759966
0.164205642538
0.155749174607
0.147289588395
0.138884667721
0.130589168497
0.122453715385
0.114524129817
0.106841118
0.0994402380849
0.0923520683649
0.0856025080487
0.0792131550139
0.0732017180859
0.0675824333223
0.0623664637353
0.0575622696958
0.0531759430968
0.0492115025137
0.0456711494273
0.042555487414
0.0398637073119
0.0375937419914
0.0357423946442
0.034305444593
0.033277734599
0.0326532435641
0.0324251484311
0.0325858789895
0.0331271692086
0.0340401086354
0.0353151972978
0.0369424074232
0.0389112550882
0.041210884634
0.0438301682685
0.046757822716
0.049982544032
0.0534931607718
0.0572788045878
0.0613290960619
0.0656343422061
0.0701857406684
0.0749755843562
0.0799974590629
0.0852464258548
0.0907191795673
0.0964141748297
0.102331711616
0.10847397337
0.114845012189
0.121450677196
0.128298483931
0.135397424103
0.142757716193
0.150390498007
0.158307462245
0.166520435471
0.175040899547
0.183879452858
0.193045206706
0.202545110517
0.212383198562
0.222559751482
0.233070369102
0.243904958251
0.255046652249
0.266470699388
0.278143387954
0.290021115953
0.302049763317
0.314164577113
0.326290823415
0.338345471988
0.350240133171
0.36188533183
0.373195966427
0.384097481807
0.394531950113
0.404463015412
0.41387862835
0.422790735438
0.431231548512
0.43924656024
0.446884917637
0.454188005502
0.461177140365
0.467841279226
0.474125836094
0.47992426561
0.485074831433
0.489365129103
0.49254654936
0.494360661328
0.494576772989
0.493033798001
0.489674628196
0.484561586683
0.477867842992
0.469848662711
0.460802865469
0.451035768353
0.440831147813
0.430434637264
0.420047179954
0.409825503018
0.399886551717
0.390313556959
0.381162271114
0.372466600877
0.364243325696
0.356495853317
0.349217093198
0.342391578248
0.3359969735
0.330005100193
0.324382588283
0.319091256335
0.314088308036
0.309326430079
0.304753876569
0.300314628769
0.295948723502
0.291592845027
0.287181268847
0.282647226301
0.277924721224
0.272950772423
0.267667981443
0.262027244244
0.25599035525
0.249532213432
0.242642350559
0.235325568648
0.227601588141
0.219503746203
0.211076913638
0.202374889991
0.193457573125
0.184388181936
0.175230752863
0.166048052794
0.156899972517
0.14784239971
0.138926525066
0.130198509877
0.121699434713
0.113465451766
0.105528073139
0.0979145399683
0.0906482302158
0.0837490745726
0.0772339596917
0.0711171055492
0.0654104094297
0.0601237530545
0.0552652720938
0.0508415890279
0.0468580113185
0.0433186973374
0.040226792643
0.0375845391081
0.0353933591858
0.0336539173042
0.0323661600555
0.0315293365136
0.0311419997064
0.0312019899874
0.0317064008283
0.0326515273857
0.0340327981158
0.0358446897327
0.0380806259579
0.0407328608307
0.0437923478753
0.0472485972054
0.0510895237327
0.0553012910933
0.0598681577354
0.064772333855
0.0699938604658
0.0755105247617
0.0812978288387
0.0873290314638
0.093575284388
0.100005885051
0.106588665621
0.113290533391
0.12007816893
0.126918875919
0.133781560634
0.140637801072
0.147462947887
0.154237184943
0.16094646948
0.167583273571
0.174147060916
0.180644455353
0.187089086757
0.193501131609
0.199906594218
0.20633639583
0.212825349893
0.219411101903
0.226133103069
0.23303167121
0.240147173062
0.247519342492
0.255186730918
0.263186270578
0.271552918124
0.280319334495
0.289515545789
0.299168517047
0.309301554482
0.319933429453
0.331077087196
0.342737763298
0.354910280855
0.367575245075
0.380693802074
0.394200614428
0.407994788339
0.42192877544
0.435795935313
0.449318670997
0.462140407129
0.473801612986
0.483828517856
0.491724323704
0.497073457161
0.499736118491
0.499775375418
0.497483510112
0.493304324446
0.487730840788
0.48122853473
0.474192191997
0.466931558192
0.459675079883
0.45258197699
0.445756331097
0.439259993505
0.433123124075
0.427352222184
0.421935959141
0.416849253419
0.41205602217
0.407510987624
0.403160858088
0.398945156267
0.394796935176
0.390643599341
0.386408027822
0.382010164971
0.377369193327
0.372406322029
0.367048112123
0.361230127629
0.354900573042
0.348023490006
0.340581074114
0.332574757774
0.324024878289
0.314968972133
0.305458948359
0.295557541828
0.285334500036
0.274862918094
0.264216032614
0.253464655254
0.24267530426
0.231908998507
0.221220620283
0.210658727147
0.200265691327
0.190078058019
0.180127033701
0.170439036796
0.161036262451
0.151937229341
0.143157288926
0.134709086758
0.126602971782
0.118847353764
0.111449011499
0.104413355888
0.097744652575
0.0914462089757
0.0855205303383
0.0799694491338
0.0747942316283
0.0699956650392
0.0655741282211
0.0615296484125
0.0578619461885
0.0545704704312
0.0516544248261
0.0491127871395
0.0469443223033
0.0451475901421
0.0437209484059
0.0426625516274
0.0419703461886
0.041642061867
0.0416752000231
0.0420670184917
0.0428145131444
0.0439143959995
0.0453630696659
0.0471565978181
0.049290671318
0.0517605695135
0.0545611161747
0.0576866294703
0.0611308653504
0.064886953706
0.0689473267276
0.0733036390137
0.0779466792138
0.0828662733512
0.0880511805159
0.0934889823709
0.0991659689373
0.105067024439
0.111175518639
0.117473211058
0.123940177745
0.130554772649
0.137293638089
0.144131780792
0.151042731294
0.157998804332
0.164971475837
0.171931887398
0.17885148139
0.185702759034
0.19246014015
0.199100888334
0.205606050778
0.211961350378
0.218157961878
0.224193105605
0.230070402926
0.235799956192
0.2413981403
0.246887119423
0.25229412673
0.257650563544
0.262990984823
0.268352039713
0.273771430031
0.279286938285
0.284935562651
0.290752781992
0.29677196129
0.303023898008
0.309536503448
0.316334609709
0.323439891988
0.330870896505
0.338643165303
0.346769449008
0.35525999579
0.364122897085
0.373364455753
0.382989517769
0.393001673689
0.403403198064
0.41419456952
0.425373365187
0.436932024361
0.448853356087
0.461102332403
0.473611809836
0.486253477755
0.498765286616
0.51073918183
0.521463663207
0.530248689138
0.536553826446
0.539851194408
0.53979644424
0.536304312297
0.529578999894
0.520073367523
0.508389901657
0.495167489562
0.480993514612
0.466356362985
0.451632663999
0.437095698436
0.422932844272
0.409264445155
0.396160466752
0.383653785843
0.371750187862
0.360435622533
0.349681364078
0.339447663968
0.32968638038
0.320342965518
0.311358103952
0.302669222384
0.294212028361
0.285922176545
0.277737101826
0.269597997637
0.261451858324
0.253253453271
0.244967067053
0.23656783333
0.228042515412
0.219389641525
0.210618977899
0.201750402487
0.192812309647
0.183839718653
0.174872270841
0.165952283819
0.157122994727
0.14842707859
0.139905482176
0.131596575439
0.123535594942
0.115754337036
0.108281051556
0.10114048673
0.0943540405732
0.0879399808302
0.081913703127
0.0762880042403
0.0710733537738
0.0662781527936
0.0619089721036
0.0579707659501
0.0544670591837
0.051400107449
0.0487710309891
0.0465799232691
0.0448259359674
0.0435073420395
0.0426215786
0.0421652713479
0.0421342422181
0.0425235019111
0.0433272289569
0.0445387370253
0.046150432325
0.0481537631384
0.0505391638399
0.0532959961339
0.0564124907313
0.0598756932364
0.0636714186287
0.0677842193427
0.0721973725148
0.0768928924042
0.0818515741873
0.0870530751478
0.0924760386122
0.0980982646606
0.103896929593
0.109848853288
0.115930810021
0.122119874157
0.128393787765
0.134731332973
0.141112688488
0.147519747571
0.153936374598
0.160348579284
0.166744592019
0.173114830136
0.179451752836
0.185749611119
0.19200410751
0.198211987745
0.204370592202
0.210477398356
0.216529586742
0.222523661918
0.228455157082
0.234318446584
0.240106684928
0.245811884173
0.251425134184
0.256936961997
0.262337818021
0.267618668226
0.272771663498
0.277790850826
0.282672886822
0.287417713078
0.292029155733
0.296515418276
0.300889446772
0.305169159071
0.309377542893
0.313542640239
0.317697446086
0.321879756912
0.326132008951
0.33050114775
0.335038570271
0.339800179507
0.344846590199
0.350243523506
0.356062429693
0.362381383204
0.369286305887
0.376872591369
0.385247223769
0.394531503767
0.404864512234
0.41640745023
0.42934895672
0.443911265456
0.460356209558
0.478987895143
0.500143302454
0.524143958622
0.551137181253
0.580565222032
0.609208031606
0.630578042584
0.638245645084
0.628131475382
0.603519930768
0.571790816301
0.538637613314
0.506872166162
0.477514995591
0.450761096972
0.426479855867
0.404435173301
0.384375144202
0.366065357836
0.349298705201
0.333895828598
0.319702203295
0.306584342093
0.294426109985
0.283125493283
0.27259190013
0.262743966167
0.253507806842
0.244815654496
0.236604825501
0.228816972036
0.221397581171
0.214295689444
0.207463783768
0.200857859412
0.194437603646
0.188166670155
0.182013005597
0.175949186964
0.169952727715
0.164006312972
0.158097929871
0.15222086817
0.146373577807
0.140559382866
0.134786063828
0.129065330548
0.123412215881
0.117844423666
0.112381664878
0.107045012604
0.101856301082
0.0968375873174
0.0920106867519
0.0873967879539
0.0830161457751
0.0788878482102
0.0750296493177
0.0714578589006
0.0681872790027
0.0652311774026
0.0626012889465
0.0603078365435
0.058359564789
0.0567637803661
0.0555263945142
0.0546519639135
0.0541437272832
0.0540036358359
0.0542323764843
0.0548293873677
0.0557928658904
0.0571197700564
0.05880581447
0.0608454629644
0.0632319204317
0.0659571270627
0.0690117588408
0.0723852387611
0.076065763804
0.0800403531273
0.0842949231584
0.08881439517
0.0935828403832
0.0985836665477
0.103799848194
0.10921420028
0.114809691766
0.120569791871
0.126478837582
0.132522406794
0.138687677636
0.144963751675
0.151341917115
0.157815828388
0.16438158063
0.171037661513
0.177784768343
0.184625484721
0.191563817703
0.198604602672
0.205752788687
0.213012621679
0.220386746937
0.227875256414
0.235474711603
0.243177180186
0.250969335436
0.258831682137
0.266737991141
0.274655044716
0.282542812094
0.290355182165
0.298041368498
0.305548060906
0.31282232039
0.319815101479
0.326485151489
0.332802908185
0.338753934152
0.344341424089
0.349587418379
0.354532540455
0.359234303098
0.363764239706
0.368204256663
0.372642643884
0.377170126587
0.381876220831
0.386846005232
0.392157270999
0.397877874096
0.404062976632
0.410751698465
0.417962450829
0.425686052815
0.433877815181
0.442446307392
0.451227434223
0.459935545208
0.468197492014
0.47551405285
0.481384166511
0.485604982895
0.488009822521
0.488514303648
0.487160307041
0.484116767339
0.479647969842
0.474068938615
0.467701547652
0.460840366698
0.453731493574
0.446563056198
0.439463962073
0.432507396942
0.425716499677
0.419070763972
0.412512646948
0.405954487412
0.399286152515
0.392383858317
0.385120361524
0.377376237143
0.369051351505
0.360075110244
0.350413846624
0.340073995301
0.329100471744
0.317570719444
0.305585807177
0.293260405435
0.280713337578
0.268059863625
0.25540620698
0.242846300153
0.230460395141
0.218315049924
0.206464009367
0.194949581732
0.183804218827
0.173052107249
0.162710657035
0.152791830225
0.143303288691
0.134249362674
0.125631853545
0.117450689726
0.109704456182
0.102390817183
0.0955068501534
0.0890493061727
0.08301481037
0.0774000132777
0.0722017023015
0.0674168808024
0.0630428208944
0.0590770948905
0.0555175893629
0.0523625049754
0.0496103445746
0.0472598914603
0.0453101792736
0.0437604545254
0.0426101324247
0.0418587463369
0.0415058909099
0.0415511586281
0.0419940693042
0.042833991778
0.044070056874
0.0457010604694
0.0477253553584
0.0501407304758
0.0529442759828
0.0561322327553
0.0596998249872
0.0636410749811
0.0679485998224
0.072613390596
0.0776245762281
0.0829691760048
0.0886318474809
0.0945946399082
0.100836767535
0.107334422094
0.114060649231
0.120985319095
0.128075225885
0.135294353736
0.14260434526
0.149965202596
0.157336237407
0.164677264923
0.171950008325
0.179119646147
0.186156401572
0.193037045378
0.199746171059
0.206277107048
0.212632359152
0.218823523234
0.224870665769
0.230801227313
0.236648550112
0.242450158288
0.2482459246
0.254076243882
0.259980306073
0.265994528533
0.272151175189
0.278477163936
0.28499304665
0.291712139062
0.298639780274
0.305772712708
0.313098591107
0.320595651928
0.328232599402
0.33596878817
0.343754799552
0.351533512408
0.359241753121
0.366812566896
0.374178072252
0.381272694209
0.388036363232
0.394418262398
0.400381687655
0.40590429259
0.410975010273
0.415580760415
0.41975432439
0.423499506245
0.426842583538
0.42981561442
0.43245267699
0.434767009186
0.436762347743
0.438388651403
0.439601207278
0.440478428168
0.441094430975
0.441501243385
0.441724832623
0.441777476296
0.441663824163
0.441384482742
0.440937867394
0.440321019037
0.439529659388
0.438557572447
0.437395359828
0.436028672077
0.434436112262
0.432587080031
0.430439854123
0.427940236279
0.425021147367
0.421603651439
0.417599880474
0.412918154825
0.407470212394
0.401179904505
0.393992146443
0.38588059307
0.376852619885
0.366950685593
0.35624985711
0.344851988571
0.332877604492
0.320456864563
0.307721025589
0.29479550796
0.281795102861
0.268821282574
0.255961223647
0.243288049481
0.230861843162
0.218731074623
0.206934182934
0.195501141202
0.184454902641
0.173812678742
0.163587035
0.153786809927
0.144417873478
0.135483745208
0.126986093068
0.118925132451
0.111299942929
0.104108717749
0.0973489587659
0.091017627387
0.0851112602277
0.0796260566111
0.0745579437367
0.0699026242708
0.06565561025
0.0618122464912
0.0583677261571
0.0553171006923
0.052655286013
0.0503770665742
0.0484770987465
0.0469499147847
0.0457899285616
0.04499144415
0.0445486682654
0.0444557275135
0.0447066913096
0.0452956012556
0.0462165076486
0.0474635136596
0.049030827551
0.0509128230926
0.0531041080873
0.0555996006332
0.0583946124288
0.0614849380892
0.0648669490831
0.0685376905554
0.0724949789707
0.076737498224
0.0812648916345
0.0860778470667
0.0911781723286
0.0965688579592
0.10225412452
0.10823945152
0.114531585053
0.121138521074
0.128069460827
0.135334734217
0.142945685627
0.150914514732
0.159254061845
0.167977523053
0.177098074296
0.186628375098
0.196579911235
0.206962120349
0.217781224896
0.229038672616
0.240729057537
0.252837368766
0.265335400225
0.278177171642
0.291293300259
0.304584500986
0.317914853977
0.331106082464
0.343934653934
0.356134182099
0.367406169031
0.377440025464
0.385926235002
0.39266028037
0.397531238019
0.400509568678
0.401723475843
0.401382428488
0.399759089597
0.397160414495
0.393879269899
0.390176690341
0.386287740195
0.382402317678
0.378671686975
0.375211625669
0.372102996244
0.3694051188
0.367163566266
0.365412899619
0.364179482711
0.363484595998
0.363346495674
0.363781993206
0.36480924695
0.366447891901
0.368718473166
0.371641869552
0.375231523094
0.37951045592
0.384490236364
0.390196657078
0.39665429276
0.403895884328
0.41193924919
0.420795672732
0.430408887219
0.440733872279
0.451670555106
0.463008094413
0.474367746555
0.485258627485
0.494939005191
0.502478717726
0.506772719583
0.506771239222
0.501837425839
0.492042192243
0.478251867476
0.461597577698
0.44318416696
0.423924808898
0.404484361485
0.385297127843
0.366626488569
0.348620772572
0.331351548775
0.31483982332
0.29907547954
0.284031077567
0.269671034838
0.255957296208
0.242852590912
0.230322184146
0.218334735136
0.206862629775
0.195882003457
0.185372583298
0.175317429269
0.165702623921
0.156516941721
0.147751517305
0.139399524422
0.13145587257
0.123916925225
0.116780241452
0.11004434132
0.103708494554
0.0977725311788
0.0922366724398
0.0871013799794
0.0823672210279
0.0780347472871
0.0741043851437
0.0705763348905
0.0674504767147
0.0647262813463
0.0624027234289
0.060478195887
0.0589504238232
0.0578163767844
0.0570721786177
0.0567130145866
0.0567330359771
0.0571252630971
0.0578814883835
0.0589921823045
0.0604464058699
0.0622317348516
0.0643342022185
0.0667382667562
0.0694268172463
0.0723812227716
0.0755814404496
0.0790061919224
0.0826332188945
0.0864396256282
0.0904023122911
0.0944984973029
0.098706319467
0.103005502128
0.107378052695
0.111808962777
0.116286868233
0.120804626078
0.125359767291
0.129954791519
0.134597280929
0.139299824529
0.144079759408
0.148958749176
0.153962230749
0.15911876698
0.164459344113
0.170016649687
0.175824359276
0.181916450323
0.188326549519
0.195087307507
0.202229781696
0.209782794678
0.217772221828
0.226220146705
0.23514380642
0.244554231783
0.254454471367
0.264837281916
0.275682184242
0.286951841542
0.298587817225
0.310505888726
0.322591278771
0.33469466568
0.346630660218
0.35818043727
0.369099372017
0.379132571216
0.38804828964
0.395660431827
0.401845037388
0.406560123091
0.409859276765
0.411876970367
0.412817989364
0.412929577344
0.412467433662
0.411651897243
0.410695325681
0.409774119223
0.409027167171
0.408555430912
0.408423571209
0.408673587373
0.409319092492
0.410348294826
0.411727812838
0.413404604433
0.415309271376
0.417344429735
0.419436065139
0.421515335719
0.4235241487
0.425394511966
0.427057671653
0.42844761389
0.429504526395
0.430177692545
0.43042701707
0.430223202691
0.429546728827
0.428387660348
0.426746822765
0.424630703672
0.422046341919
0.418999052118
0.415490640653
0.41151819348
0.407073851749
0.402145870321
0.39672082139
0.390786024419
0.384331540514
0.377352087018
0.36984914197
0.361832844844
0.353323083473
0.34434956286
0.334951134386
0.32517469163
0.315073760803
0.30470679856
0.294135170432
0.283420910154
0.272624582451
0.261803593342
0.251011094141
0.240295428709
0.229699982645
0.219263289104
0.209019284366
0.198997649051
0.189224197762
0.179721290425
0.170508242526
0.161601715874
0.153016077608
0.14476372114
0.136855347272
0.129300206738
0.122106307
0.115280586933
0.10882906317
0.102756951807
0.0970687688355
0.0917684123151
0.0868592288914
0.0823440668756
0.0782253177249
0.0745049474305
0.071184519016
0.0682652070871
0.0657478051439
0.063632726173
0.061919996877
0.0606092457598
0.0596996851858
0.0591900874494
0.0590787548397
0.0593634836671
0.0600415222252
0.061109522724
0.0625634873345
0.0643987086768
0.0666097053877
0.0691901538672
0.0721328179911
0.0754294794542
0.0790708722875
0.0830466253743
0.0873452157496
0.0919539331294
0.0968588545143
0.102044829673
0.107495483647
0.113193246957
0.119119424516
0.125254311161
0.131577357938
0.138067390059
0.144702874496
0.151462231885
0.158324183462
0.165268119434
0.172274470921
0.179325064069
0.186403432758
0.193495066207
0.20058756998
0.207670723751
0.214736426352
0.221778527894
0.228792559277
0.235775380565
0.24272478011
0.249639064384
0.256516681853
0.263355921462
0.270154718316
0.276910590936
0.283620732325
0.29028228266
0.296892814862
0.303451039953
0.309957670759
0.316416319563
0.322834317956
0.329223351341
0.335599399556
0.341981712566
0.348399215787
0.354887173478
0.361483234109
0.368227946916
0.375163621629
0.382332398006
0.389773586353
0.397520126455
0.405593903437
0.413999468173
0.422715449238
0.43168262189
0.440777286396
0.4498081931
0.458489782926
0.466384075765
0.472928536032
0.477363812827
0.478862195077
0.477077960683
0.472182802256
0.464886558175
0.456043191201
0.446308561
0.43617744078
0.426024728357
0.416124522093
0.406670754692
0.397796551569
0.38959025281
0.382107687644
0.375381091669
0.369425296849
0.364241798854
0.359821187851
0.356144298181
0.353182320558
0.350896036251
0.349234279267
0.348131716296
0.347506066455
0.34725497054
0.347252861885
0.347348388957
0.347363212224
0.347093715843
0.346319217703
0.344817039849
0.34237872635
0.33882974822
0.33405032299
0.32799069456
0.320676646641
0.312203984768
0.302723974423
0.292424200931
0.281509953093
0.270187492595
0.258648575752
0.247060321659
0.235561619272
0.224263690275
0.213252837907
0.20259409232
0.192334950079
0.182508821266
0.173138048051
0.164236452607
0.155811414433
0.147865514045
0.140397804293
0.133404777393
0.126881090903
0.120820106185
0.115214282606
0.110055461461
0.105335065983
0.101044237715
0.0971739247897
0.0937149340745
0.0906579563716
0.08799357181
0.0857122410338
0.083804286655
0.0822598686145
0.081068956513
0.0802213015569
0.0797064104952
0.0795135237305
0.0796315996685
0.0800493072675
0.0807550286478
0.0817368734755
0.0829827066022
0.0844801900593
0.0862168398484
0.0881800968003
0.0903574086194
0.0927363163511
0.0953045341284
0.0980500246184
0.100961177737
0.104027334083
0.107239350361
0.110589491485
0.114071151779
0.117678898229
0.121408628994
0.125257695937
0.129224973777
0.133310884697
0.137517385339
0.141847920691
0.146307348807
0.150901840847
0.155638761622
0.160526536396
0.165574509863
0.170792803063
0.17619217342
0.181783882152
0.187579572113
0.193591157653
0.199830726409
0.206310451165
0.213042508154
0.220038996839
0.227311856117
0.234872774212
0.242733094596
0.250903724488
0.259395045277
0.268216793454
0.277377812694
0.286885421642
0.29674407789
0.306955546881
0.31752247403
0.328444992398
0.339716029551
0.351319134697
0.363227822562
0.375406285297
0.387795010274
0.400301320923
0.412786194063
0.42507948353
0.43697524162
0.448177637112
0.458228953645
0.466659395968
0.472895778135
0.476306103248
0.476335370152
0.473146516309
0.467161992394
0.459100120565
0.449785893314
0.439863161161
0.429869970379
0.420184423969
0.411003140415
0.40244265359
0.394564069355
0.387395584844
0.380946212089
0.375213565745
0.370188469464
0.365857653325
0.36220523318
0.359213376732
0.35686239468
0.355130387746
0.353992506168
0.353419844436
0.353378039677
0.353825678687
0.354712297715
0.355975504562
0.357537419157
0.359301002622
0.36114649607
0.362928052665
0.364471075758
0.365572852254
0.366008395001
0.365544484736
0.363967756805
0.361101200345
0.356831538299
0.351122976295
0.344018582367
0.335631833057
0.326130276007
0.315715369758
0.304601703266
0.292999134588
0.28110280091
0.269089960383
0.25711169433
0.245289828315
0.233719825674
0.222474767437
0.2116093756
0.201163706443
0.191166332249
0.181636960414
0.172588521936
0.164028806702
0.155961730464
0.14838830475
0.141307366643
0.134716116147
0.128610501917
0.12298548943
0.117835238989
0.113153214965
0.108932242674
0.105164525343
0.10184163071
0.0989544546582
0.0964931678353
0.0944471503205
0.0928049189124
0.0915540515264
0.0906811133715
0.0901715900097
0.0900098330016
0.0901790245364
0.0906611681384
0.0914371131045
0.0924866205989
0.0937884791245
0.0953206761905
0.0970606311804
0.0989854914819
0.101072489705
0.103299354167
0.105644757978
0.108088786101
0.110613404169
0.113202952974
0.115844768763
0.118529975162
0.121254097403
0.124016993552
0.126822401736
0.129677623735
0.132593282133
0.135582992183
0.138662924358
0.141851287836
0.145167771418
0.148632974281
0.152267853268
0.156093207105
0.160129211636
0.164395014238
0.168908390532
0.173685462506
0.178740474292
0.184085619964
0.189730916773
0.195684116908
0.201950651119
0.208533598186
0.215433675787
0.222649251737
0.230176381687
0.23800889086
0.246138527696
0.254555210536
0.263247349125
0.272202155221
0.281405766851
0.290842685467
0.300492257204
0.310332933249
0.32035266075
0.330533829189
0.340854582892
0.351289179114
0.361804037498
0.372348151216
0.382867210501
0.393272767415
0.403465533727
0.41332552138
0.422676158756
0.431294811871
0.438910939675
0.445230969311
0.449951121393
0.452772224985
0.453430502037
0.451931934774
0.448490794079
0.443426316538
0.43727533138
0.430500067691
0.423462622024
0.416452458474
0.409719030255
0.403443030959
0.397727535661
0.39262497314
0.38816309088
0.384352098885
0.381189029961
0.37866031017
0.376743093282
0.375405706689
0.374607456787
0.374297979384
0.374416215505
0.374888982095
0.375629152243
0.376533548202
0.37748086552
0.378331373686
0.378926537789
0.379091536408
0.378652281034
0.377423414505
0.375247095394
0.372013043721
0.367651311295
0.362169491539
0.355611598372
0.34806580173
0.339654131599
0.330517570607
0.320804367016
0.310660134539
0.300220600722
0.289607441466
0.27892583672
0.268264604993
0.257702557865
0.247307225567
0.237131983007
0.227218595801
0.217599641149
0.208300430569
0.199340601636
0.190735406542
0.182496728665
0.174633867067
0.167154130368
0.160063279092
0.15336585026
0.14706539115
0.141164622705
0.135665548075
0.13056951828
0.12587726438
0.121588903485
0.117703924226
0.114221155913
0.111138724495
0.108453997567
0.106163520175
0.104262942765
0.10274694261
0.101609140103
0.100842011683
0.100436801625
0.100383435671
0.10067044034
0.101284872767
0.102212267034
0.103436604084
0.104940313223
0.106704313795
0.108708105202
0.110929911134
0.113346877238
0.115935305211
0.118670872446
0.121528753302
0.124483779674
0.127511890812
0.130593434704
0.133713622152
0.136860730236
0.140026587458
0.143207546831
0.146404022691
0.149620215704
0.152864236189
0.156147995468
0.159486826827
0.162898942114
0.166404791179
0.1700263614
0.173786446752
0.177707912639
0.181812976868
0.18612251931
0.190655424566
0.195427954747
0.200453144084
0.205740204492
