1.0
0.999595078731
0.998381217293
0.996361119788
0.993539283039
0.989921981622
0.985517246985
0.980334840769
0.974386222409
0.967684511182
0.960244442838
0.952082321007
0.943215963573
0.933664644254
0.923449029609
0.912591111751
0.901114137026
0.88904253097
0.876401819826
0.863218548968
0.849520198538
0.835335096653
0.820692330529
0.805621655865
0.790153404859
0.774318393221
0.758147826536
0.741673206346
0.724926236321
0.707938728871
0.690742512543
0.673369340576
0.655850800921
0.638218228082
0.620502617072
0.602734539811
0.58494406423
0.567160676387
0.549413205822
0.531729754418
0.514137628972
0.49666327769
0.479332230786
0.462169045339
0.445197254561
0.428439321588
0.411916597877
0.39564928631
0.379656409023
0.363955780009
0.348563982483
0.333496351007
0.318766958311
0.304388606756
0.290372824364
0.276729865274
0.263468714536
0.250597097056
0.238121490552
0.226047142323
0.214378089629
0.203117183472
0.192266115548
0.181825448129
0.171794646643
0.162172114682
0.152955231217
0.144140389768
0.135723039298
0.127697726635
0.120058140225
0.112797155091
0.105906878874
0.0993786989336
0.0932033305027
0.0873708660049
0.0818708256854
0.0766922098013
0.0718235526807
0.0672529790174
0.0629682628007
0.0589568892746
0.0552061202709
0.0517030631533
0.0484347434366
0.0453881809079
0.0425504687844
0.0399088551041
0.037450825196
0.0351641837424
0.033037134668
0.0310583569053
0.029217074021
0.0275031157637
0.0259069698033
0.0244198222686
0.0230335861083
0.021740916762
0.0205352150866
0.0194106178837
0.0183619766877
0.0173848256764
0.016475339652
0.015630283027
0.014846950673
0.0141231014056
0.0134568848513
0.0128467625583
0.0122914245353
0.0117897029824
0.0113404858023
0.0109426334497
0.0105949035899
0.0102958886144
0.0100439709717
0.00983730030091
0.00967379446185
0.00955116398118
0.00946695667591
0.00941861686422
0.00940355214754
0.00941920049652
0.00946309123193
0.00953289513238
0.00962646088331
0.00974183699333
0.00987727986207
0.0100312497603
0.0102023970798
0.0103895414092
0.0105916459051
0.0108077891658
0.0110371364621
0.011278911805
0.0115323719621
0.0117967832052
0.0120714012856
0.0123554548891
0.0126481326305
0.0129485734956
0.013255860522
0.0135690174365
0.0138870079145
0.0142087371062
0.0145330550697
0.0148587617651
0.0151846132853
0.0155093290308
0.0158315995704
0.0161500949627
0.0164634733514
0.0167703896763
0.017069504373
0.0173594919608
0.0176390494387
0.0179069044304
0.0181618230341
0.0184026173476
0.0186281526491
0.0188373542243
0.0190292138391
0.0192027958629
0.0193572430541
0.0194917820262
0.0196057284162
0.0196984917829
0.0197695802676
0.0198186050526
0.0198452846584
0.019849449123
0.0198310441093
0.019790134989
0.0197269109505
0.0196416891796
0.0195349191531
0.0194071870822
0.0192592205282
0.0190918931944
0.0189062298742
0.0187034114959
0.018484780159
0.0182518439912
0.0180062815711
0.017749945558
0.0174848650392
0.0172132459506
0.0169374687482
0.0166600823111
0.0163837928633
0.0161114465209
0.0158460039611
0.0155905056997
0.0153480266353
0.0151216189248
0.0149142429645
0.0147286872806
0.0145674794547
0.0144327916964
0.0143263461253
0.014249325932
0.0142022990714
0.0141851607443
0.0141970995911
0.0142365903909
0.0143014134934
0.0143886986859
0.0144949891765
0.0146163201968
0.0147483064945
0.0148862336272
0.0150251492297
0.015159952047
0.0152854782448
0.0153965861743
0.0154882423208
0.0155556126447
0.0155941650432
0.0155997903916
0.0155689517831
0.0154988744029
0.0153877921973
0.015235272268
0.0150426436046
0.0148135624873
0.0145547500165
0.0142769315662
0.013995980727
0.0137341989537
0.0135215160246
0.0133961576817
0.0134040529252
0.0135961739
0.0140235095479
0.0147306412772
0.0157502160474
0.0171006249708
0.0187874809795
0.0208075026341
0.0231527719355
0.0258140304575
0.0287826662246
0.0320516309154
0.0356156776684
0.0394712417652
0.0436161702772
0.0480494129191
0.0527707270568
0.0577804172127
0.06307911335
0.0686675852304
0.0745465877283
0.0807167316813
0.0871783754113
0.0939315328727
0.100975795193
0.108310263094
0.115933488262
0.123843422214
0.132037371559
0.140511958842
0.149263088389
0.158285916691
0.167574827048
0.177123408245
0.186924437102
0.196969864831
0.207250807116
0.2177575379
0.228479486858
0.239405240558
0.250522547297
0.261818325634
0.273278676595
0.28488889956
0.296633511803
0.308496271668
0.320460205334
0.332507637125
0.344620223295
0.356778989219
0.368964369879
0.381156253556
0.393334028592
0.405476633091
0.417562607398
0.429570149193
0.441477171022
0.453261360064
0.464900239924
0.476371234237
0.487651731854
0.498719153359
0.509551018668
0.520125015462
0.53041906817
0.540411407243
0.550080638431
0.55940581179
0.568366490139
0.576942816665
0.585115581419
0.592866286398
0.600177208951
0.607031463228
0.613413059406
0.619306960436
0.624699136058
0.629576613833
0.633927526985
0.637741158817
0.641007983497
0.643719703041
0.645869280305
0.647450967838
0.648460332448
0.648894275378
0.648751047965
0.64803026273
0.64673289981
0.644861308714
0.642419205361
0.639411664425
0.635845106991
0.631727283568
0.627067252539
0.621875354111
0.616163179893
0.609943538208
0.603230415308
0.596038932634
0.588385300327
0.580286767173
0.57176156721
0.562828863234
0.553508687437
0.543821879462
0.533790022126
0.523435375113
0.512780806927
0.501849725403
0.490666007087
0.479253925817
0.467638080787
0.455843324451
0.443894690558
0.431817322651
0.419636403329
0.407377084578
0.395064419473
0.382723295505
0.370378369824
0.358054006607
0.345774216777
0.333562600246
0.321442290817
0.309435903812
0.297565486478
0.285852471085
0.274317630594
0.262981036629
0.251862019375
0.240979128853
0.230350096861
0.219991798641
0.209920213096
0.200150380125
0.190696353368
0.181571146357
0.172786669874
0.164353658095
0.156281581139
0.148578541806
0.141251154836
0.134304408013
0.127741505967
0.1215636997
0.115770107706
0.110357537846
0.105320322724
0.10065018454
0.0963361476638
0.09236451769
0.0887189437545
0.0853805761332
0.0823283236799
0.0795392063675
0.07698878844
0.0746516691177
0.0725020019755
0.0705140119993
0.0686624811142
0.0669231780573
0.0652732156711
0.0636913266451
0.0621580561956
0.0606558762752
0.0591692302201
0.0576845192307
0.0561900429963
0.0546759064936
0.0531339039212
0.0515573892605
0.0499411413577
0.0482812299116
0.0465748874704
0.0448203915591
0.0430169604521
0.0411646659097
0.0392643665227
0.0373176662773
0.0353269048563
0.0332951894916
0.0312264837401
0.0291257778812
0.026999381487
0.024855406085
0.0227045538643
0.020561413399
0.0184466124886
0.0163904256207
0.0144387693902
0.0126626265108
0.0111702386489
0.0101132584764
0.00966048324209
0.00991741905245
0.0108525744566
0.0123277872613
0.0141878169008
0.0163113697421
0.0186163848084
0.0210496954814
0.0235767296131
0.0261744546508
0.0288270161574
0.0315231026354
0.0342543411542
0.0370143006836
0.039797857277
0.0426007789179
0.0454194468251
0.0482506636178
0.0510915181472
0.0539392882216
0.0567913693116
0.0596452215293
0.0624983298022
0.0653481738457
0.0681922056188
0.0710278326671
0.0738524062321
0.0766632133273
0.0794574722001
0.0822323307451
0.084984867539
0.0877120952301
0.090410966068
0.0930783793809
0.0957111908337
0.0983062233058
0.100860279234
0.103370154273
0.105832652105
0.108244600272
0.110602866834
0.112904377726
0.115146134626
0.117325233172
0.119438881365
0.121484417975
0.12345933078
0.125361274466
0.12718808802
0.128937811438
0.130608701576
0.132199246998
0.13370818164
0.135134497143
0.136477453711
0.137736589337
0.138911727281
0.140002981652
0.141010760997
0.141935769779
0.142779007642
0.143541766407
0.144225624691
0.144832440139
0.145364339193
0.145823704412
0.146213159327
0.146535550863
0.146793929382
0.146991526423
0.147131730235
0.14721805926
0.147254133723
0.147243645532
0.147190326737
0.147097916815
0.146970129084
0.146810616608
0.146622937936
0.146410523088
0.146176640204
0.145924363275
0.145656541399
0.14537576999
0.145084364357
0.144784336044
0.144477372297
0.144164818964
0.143847667104
0.143526543496
0.14320170519
0.142873038174
0.142540060142
0.142201927312
0.141857445135
0.141505082726
0.141142990746
0.140769022488
0.140380757814
0.139975529655
0.139550452709
0.139102454043
0.138628305265
0.138124656016
0.137588068533
0.137015053087
0.136402104167
0.135745737323
0.135042526639
0.134289142882
0.133482392428
0.132619257128
0.131696935362
0.130712884568
0.129664865619
0.128550989503
0.127369766789
0.126120160487
0.124801642934
0.123414257453
0.121958685547
0.120436320497
0.118849348228
0.117200836338
0.115494832111
0.113736470218
0.111932090553
0.110089366202
0.108217440861
0.106327073991
0.104430790463
0.10254302941
0.100680284161
0.098861221588
0.0971067648682
0.0954401188133
0.0938867121138
0.0924740270764
0.0912312862599
0.0901889688514
0.0893781398309
0.0888295934726
0.0885728393539
0.0886349907736
0.0890396459646
0.089805872979
0.0909474111605
0.0924721812386
0.09438215475
0.0966735812356
0.0993375218137
0.102360602276
0.105725884154
0.109413757612
0.113402779668
0.117670407222
0.122193599835
0.126949287789
0.131914715025
0.137067674404
0.142386655698
0.147850926406
0.153440563317
0.159136449734
0.164920250189
0.170774371624
0.176681917577
0.182626640016
0.188592891925
0.194565582642
0.200530137141
0.20647245987
0.212378903363
0.218236241584
0.224031647808
0.229752676719
0.235387250394
0.240923647778
0.246350497295
0.251656772236
0.256831788568
0.261865204877
0.266747024136
0.271467597038
0.27601762667
0.28038817428
0.284570665972
0.288556900121
0.292339055358
0.29590969897
0.299261795566
0.302388715896
0.305284245685
0.307942594376
0.310358403674
0.31252675579
0.314443181286
0.316103666426
0.317504659961
0.318643079239
0.319516315583
0.320122238855
0.320459201126
0.3205260394
0.320322077318
0.319847125793
0.319101482524
0.318085930337
0.316801734324
0.315250637742
0.313434856653
0.311357073273
0.309020428047
0.306428510424
0.303585348359
0.300495396543
0.297163523412
0.293594996944
0.289795469309
0.285770960425
0.281527840478
0.277072811493
0.272412888025
0.267555377086
0.262507857381
0.257278157995
0.251874336625
0.246304657495
0.240577569095
0.234701681858
0.228685745958
0.222538629353
0.216269296246
0.209886786137
0.203400193629
0.196818649182
0.190151301025
0.183407298423
0.176595776567
0.169725843356
0.162806568402
0.155846974682
0.14885603333
0.141842662259
0.134815729508
0.127784062551
0.12075646534
0.113741745586
0.106748756034
0.0997864553375
0.0928639971948
0.0859908614071
0.0791770489667
0.0724333780177
0.0657719440472
0.0592068572322
0.0527554663238
0.0464404746569
0.0402937716955
0.0343637323637
0.0287298558091
0.0235332779923
0.0190391774092
0.0157361184466
0.0143262431438
0.0152054476399
0.0179236144228
0.0217030216118
0.0260008455373
0.0305254509599
0.0351245729756
0.0397147158757
0.0442469437654
0.0486906574856
0.053025596323
0.0572376844501
0.0613167615746
0.0652552855406
0.0690475612678
0.0726892675512
0.0761771591599
0.0795088757185
0.0826828176023
0.0856980649636
0.0885543250772
0.0912518985442
0.0937916581291
0.0961750360152
0.0984040165346
0.100481132253
0.102409461826
0.104192628408
0.105834797617
0.107340674248
0.108715497014
0.109965030662
0.111095554909
0.11211384961
0.113027175677
0.113843251239
0.114570222618
0.115216629714
0.11579136547
0.116303629191
0.116762873558
0.117178745391
0.117561020308
0.117919531707
0.118264094674
0.118604425713
0.118950059444
0.119310263683
0.119693954576
0.120109613658
0.120565208858
0.121068121543
0.121625081659
0.122242112908
0.122924489621
0.123676706687
0.12450246339
0.125404661596
0.126385418105
0.127446090543
0.128587315617
0.129809058181
0.131110669211
0.132490950587
0.133948224465
0.135480405048
0.137085070648
0.138759534138
0.140500910122
0.142306177451
0.144172236011
0.146095957003
0.148074226249
0.150103980305
0.152182235412
0.154306109507
0.156472837695
0.158679781703
0.160924433942
0.163204416862
0.165517478335
0.16786148381
0.170234405983
0.172634312694
0.175059353742
0.177507747241
0.1799777661
0.182467725113
0.184975969115
0.187500862539
0.190040780654
0.192594102689
0.195159206948
0.19773446797
0.200318255693
0.202908936549
0.205504876311
0.208104444516
0.210706020194
0.213307998645
0.21590879894
0.218506871832
0.221100707753
0.223688844564
0.226269874744
0.228842451718
0.231405295059
0.233957194309
0.236497011232
0.239023680325
0.24153620748
0.244033666727
0.246515195043
0.24897998527
0.251427277217
0.253856347101
0.256266495491
0.258657034007
0.261027271023
0.263376496687
0.265703967584
0.268008891398
0.270290411927
0.272547594832
0.274779414475
0.276984742213
0.279162336473
0.281310834921
0.283428749002
0.285514461089
0.287566224412
0.289582165939
0.29156029226
0.293498498534
0.295394580456
0.297246249179
0.299051149045
0.300806877955
0.30251101014
0.304161121053
0.305754814091
0.307289748777
0.308763670052
0.31017443827
0.311520059499
0.312798715699
0.314008794372
0.315148917244
0.316217967579
0.317215115715
0.318139842434
0.318991959802
0.319771629119
0.320479375672
0.321116099992
0.321683085356
0.322182001321
0.322614903094
0.3229842266
0.323292779166
0.323543725753
0.323740570757
0.32388713543
0.323987531047
0.324046127983
0.324067520957
0.324056490732
0.324017962648
0.323956962408
0.32387856962
0.323787869631
0.323689904265
0.323589622093
0.323491828925
0.323401139224
0.323321929144
0.323258291911
0.323213996224
0.323192448333
0.323196658385
0.323229211571
0.323292244517
0.323387427271
0.323515951115
0.323678522347
0.323875362037
0.324106211638
0.324370344254
0.32466658121
0.324993313516
0.32534852771
0.325729835499
0.326134506564
0.326559503876
0.327001520822
0.327457019482
0.327922269369
0.328393386009
0.328866368767
0.329337137381
0.32980156672
0.330255519364
0.330694875658
0.331115560978
0.331513570003
0.331884987878
0.33222600819
0.332532947768
0.332802258365
0.333030535313
0.333214523322
0.333351119594
0.333437374487
0.333470489963
0.33344781609
0.333366845876
0.33322520872
0.333020662758
0.332751086402
0.332414469339
0.332008903254
0.331532572533
0.330983745173
0.330360764112
0.329662039162
0.328886039716
0.32803128836
0.327096355498
0.326079855082
0.324980441493
0.323796807616
0.322527684107
0.321171839827
0.319728083426
0.318195265998
0.316572284737
0.314858087503
0.313051678204
0.311152122862
0.309158556263
0.307070189055
0.304886315173
0.302606319473
0.300229685442
0.29775600288
0.295184975445
0.292516427955
0.289750313374
0.286886719392
0.28392587455
0.280868153852
0.277714083841
0.274464347111
0.27111978626
0.267681407289
0.264150382486
0.260528052823
0.256815929939
0.253015697772
0.249129213925
0.245158510885
0.241105797188
0.236973458678
0.232764060004
0.228480346509
0.224125246695
0.219701875469
0.215213538374
0.210663737051
0.206056176201
0.201394772341
0.196683664681
0.191927228499
0.187130091429
0.182297153139
0.177433608931
0.172544977887
0.167637136243
0.162716356791
0.15778935519
0.152863344196
0.147946096874
0.143046019999
0.13817223881
0.133334694315
0.128544254077
0.123812837076
0.119153552412
0.114580850369
0.110110682257
0.105760662342
0.101550220576
0.0975007285122
0.0936355724546
0.089980137826
0.0865616578689
0.0834088706072
0.0805514246868
0.078018983584
0.0758400058375
0.0740402313881
0.0726409785715
0.0716574382493
0.0710972133857
0.0709593616305
0.0712341348842
0.071903481847
0.0729422267712
0.0743197130247
0.0760016425659
0.0779518592031
0.080133892559
0.0825121669933
0.0850528569567
0.0877244229136
0.0904978885801
0.0933469266461
0.0962478142863
0.0991793083231
0.102122477349
0.105060516859
0.107978564376
0.110863524834
0.113703911702
0.116489706198
0.119212234883
0.121864064735
0.124438914137
0.126931577864
0.129337864085
0.131654541392
0.133879293963
0.136010683109
0.138048113546
0.139991802898
0.141842753041
0.143602721999
0.145274195224
0.146860355165
0.148365048135
0.149792747565
0.151148512839
0.152437943006
0.15366712479
0.154842574459
0.155971173271
0.157060096418
0.158116735577
0.159148615437
0.160163304801
0.161168323146
0.162171043774
0.163178594964
0.16419776075
0.165234883158
0.16629576788
0.167385595408
0.168508839709
0.169669196346
0.170869521858
0.172111785893
0.173397037299
0.174725384961
0.176095993777
0.177507095738
0.178956015629
0.180439210519
0.181952321855
0.183490238712
0.185047170555
0.186616727758
0.188192008084
0.189765687331
0.19133011246
0.192877395626
0.194399507689
0.19588836997
0.197335943189
0.198734312712
0.200075769416
0.20135288563
0.202558585764
0.203686211374
0.204729580489
0.20568304116
0.206541519217
0.207300560308
0.207956366326
0.208505826351
0.20894654228
0.209276849303
0.209495831406
0.20960333209
0.209599960465
0.209487092909
0.209266870445
0.208942191992
0.208516703627
0.207994783996
0.207381525973
0.206682714663
0.205904801845
0.205054876881
0.204140634169
0.203170337126
0.202152778741
0.201097238665
0.200013436832
0.198911483594
0.197801826349
0.196695192669
0.195602529959
0.194534941722
0.193503620577
0.192519778253
0.191594572874
0.190739033991
0.189963985935
0.189279970203
0.188697167765
0.188225322272
0.187873665312
0.187650844928
0.187564858663
0.187622992408
0.187831766267
0.188196888521
0.188723218626
0.189414739889
0.19027454227
0.191304815373
0.192506851447
0.193881057896
0.195426978528
0.197143322583
0.199028000395
0.201078164485
0.203290254833
0.205660047115
0.208182702804
0.210852820127
0.213664485058
0.216611321673
0.219686541382
0.222882990704
0.226193197396
0.229609414888
0.233123665043
0.236727779361
0.240413438776
0.244172212234
0.247995594215
0.251875041382
0.255802008495
0.259767983697
0.263764523239
0.267783285659
0.271816065412
0.275854825862
0.279891731548
0.283919179568
0.287929829919
0.291916634585
0.295872865144
0.299792138676
0.303668441699
0.307496151911
0.311270057457
0.314985373499
0.318637755849
0.322223311451
0.325738605503
0.329180665074
0.332546979044
0.335835494286
0.339044607997
0.342173156158
0.345220398128
0.34818599743
0.351069998839
0.353872801913
0.356595131186
0.359238003264
0.361802691133
0.364290686036
0.366703657312
0.36904341063
0.371311845104
0.373510909802
0.375642560155
0.377708714846
0.379711213712
0.381651777222
0.383531968069
0.385353155398
0.387116482156
0.388822836007
0.390472824211
0.392066752796
0.393604610298
0.395086056263
0.396510414632
0.397876672057
0.399183481115
0.400429168312
0.401611746689
0.402728932796
0.40377816771
0.404756641745
0.405661322442
0.406488985388
0.407236247416
0.407899601666
0.408475454047
0.408960160575
0.409350065124
0.409641537111
0.409831008664
0.409915010875
0.409890208721
0.40975343434
0.409501718317
0.409132318736
0.408642747745
0.408030795469
0.407294551097
0.406432421046
0.405443144131
0.404325803692
0.403079836683
0.401705039744
0.400201572311
0.39856995684
0.396811076258
0.394926168744
0.392916820001
0.390784953163
0.388532816505
0.386162969143
0.383678264896
0.381081834529
0.378377066549
0.375567586777
0.372657236883
0.369650052102
0.366550238322
0.36336214874
0.360090260292
0.356739150035
0.353313471672
0.349817932378
0.346257270122
0.342636231613
0.338959551037
0.335231929719
0.33145801683
0.327642391256
0.323789544739
0.319903866374
0.315989628533
0.312050974291
0.308091906405
0.304116277872
0.300127784095
0.296129956676
0.292126158821
0.288119582341
0.284113246227
0.280109996751
0.276112509041
0.272123290057
0.268144682904
0.264178872377
0.260227891655
0.256293630029
0.252377841554
0.248482154501
0.244608081481
0.240757030117
0.236930314115
0.233129164611
0.229354741643
0.225608145615
0.221890428613
0.218202605437
0.214545664221
0.210920576508
0.207328306662
0.203769820497
0.200246093035
0.196758115274
0.19330689989
0.189893485808
0.186518941563
0.183184367422
0.179890896218
0.176639692896
0.173431952758
0.170268898435
0.167151775627
0.164081847658
0.16106038894
0.158088677441
0.155167986274
0.152299574573
0.149484677793
0.14672449766
0.144020191949
0.14137286433
0.138783554534
0.13625322908
0.133782772834
0.131372981673
0.129024556521
0.126738099
0.124514108969
0.122352984147
0.120255022024
0.118220424222
0.116249303397
0.114341692769
0.112497558252
0.110716813152
0.108999335291
0.107344986364
0.105753633276
0.10422517111
0.102759547347
0.101356786854
0.10001701713
0.0987404932275
0.0975276217242
0.0963789830749
0.0952953516497
0.0942777127354
0.0933272757749
0.0924454831228
0.0916340136253
0.0908947803801
0.0902299221098
0.0896417876909
0.0891329135218
0.0887059935959
0.0883638423577
0.0881093506732
0.0879454355136
0.0878749842428
0.0879007946766
0.0880255123442
0.088251566592
0.0885811073172
0.0890159441768
0.0895574900803
0.090206710628
0.0909640809199
0.0918295508355
0.0928025195016
0.0938818192543
0.0950657089953
0.0963518764652
0.0977374486428
0.0992190092438
0.100792622139
0.102453859449
0.104197833092
0.106019228626
0.107912340392
0.109871107078
0.111889147048
0.113959792931
0.116076125136
0.118231004122
0.120417101359
0.122626929033
0.124852868611
0.12708719845
0.12932212064
0.131549787321
0.133762326667
0.13595186877
0.138110571587
0.140230647123
0.142304387976
0.144324194336
0.146282601516
0.148172308024
0.149986204201
0.15171740138
0.153359261504
0.154905427136
0.156349851733
0.157686830056
0.158911028581
0.160017515708
0.16100179161
0.161859817496
0.162588044076
0.16318343899
0.163643512953
0.163966344346
0.164150601982
0.164195565741
0.16410114477
0.163867892916
0.163497021038
0.162990405833
0.162350594772
0.161580806736
0.160684927893
0.159667502358
0.158533717117
0.157289380707
0.155940895091
0.154495220186
0.152959830481
0.151342663203
0.149652057537
0.147896684471
0.14608546694
0.144227490115
0.142331901871
0.140407803743
0.138464133027
0.13650953703
0.13455224099
0.132599911604
0.130659518675
0.12873719784
0.126838117821
0.124966355985
0.123124786188
0.121314982932
0.119537145649
0.117790046482
0.116071004285
0.114375886653
0.1126991408
0.111033852918
0.109371834605
0.10770373385
0.106019167209
0.104306869177
0.10255485433
0.100750587732
0.0988811592279
0.0969334576175
0.0948943412625
0.0927508023595
0.0904901228941
0.0881000211179
0.0855687882749
0.0828854162449
0.0800397178392
0.0770224427953
0.0738253942843
0.0704415533677
0.0668652230118
0.0630922103155
0.0591200780771
0.0549485199303
0.0505799580663
0.0460205539991
0.0412820205767
0.0363850804792
0.0313665549134
0.0262951403498
0.0213098416871
0.0167206384779
0.0132533209168
0.0122542050753
0.0145235670614
0.0191221225099
0.0249368303566
0.0314127432202
0.038305687527
0.0454979685436
0.0529247971435
0.0605454924393
0.0683313019422
0.0762597937355
0.0843120769823
0.0924713398032
0.10072204442
0.10904947
0.117439448748
0.12587821398
0.134352315288
0.142848575059
0.151354070933
0.159856134745
0.168342361917
0.176800627377
0.185219105369
0.193586291351
0.201891024725
0.210122511493
0.218270346204
0.226324532691
0.234275503282
0.2421141362
0.249831770977
0.257420221751
0.264871788342
0.272179265073
0.279335947283
0.286335635552
0.293172637642
0.2998417682
0.306338346262
0.312658190648
0.318797613296
0.324753410653
0.330522853203
0.336103673252
0.341494051077
0.346692599565
0.351698347461
0.356510721369
0.361129526622
0.365554927175
0.369787424638
0.37382783661
0.377677274433
0.381337120513
0.384809005343
0.388094784359
0.391196514771
0.394116432481
0.396856929232
0.3994205301
0.401809871449
0.404027679468
0.406076749384
0.407959925487
0.409680082021
0.411240105081
0.412642875568
0.413891253304
0.414988062372
0.415936077756
0.416738013335
0.41739651129
0.417914132973
0.418293351258
0.418536544429
0.418645991605
0.418623869722
0.418472252069
0.418193108375
0.417788306428
0.417259615189
0.416608709384
0.415837175495
0.414946519128
0.413938173658
0.412813510098
0.411573848095
0.410220467957
0.408754623619
0.407177556433
0.405490509665
0.403694743584
0.401791551014
0.399782273223
0.39766831602
0.395451165918
0.393132406248
0.390713733068
0.388196970762
0.385584087178
0.382877208197
0.380078631596
0.377190840106
0.374216513539
0.37115853988
0.368020025256
0.364804302671
0.36151493943
0.358155743171
0.354730766417
0.351244309591
0.347700922419
0.344105403663
0.340462799125
0.33677839787
0.333057726604
0.329306542183
0.325530822172
0.321736753429
0.317930718664
0.314119280926
0.310309165972
0.306507242494
0.302720500157
0.298956025431
0.295220975207
0.291522548192
0.287867954108
0.284264380749
0.280718958966
0.277238725705
0.273830585261
0.27050126896
0.267257293541
0.264104918588
0.261050103392
0.258098463738
0.255255229145
0.252525201157
0.24991271335
0.247421593735
0.245055130294
0.242816040356
0.240706444526
0.238727845818
0.23688111458
0.235166479701
0.233583526456
0.232131201219
0.230807823114
0.229611102496
0.228538166018
0.227585587853
0.226749426512
0.226025266585
0.22540826461
0.224893198232
0.224474517755
0.224146399205
0.223902798009
0.223737502477
0.223644186311
0.223616459462
0.223647916731
0.22373218364
0.223862959149
0.224034054942
0.224239431051
0.224473227707
0.224729793343
0.225003708769
0.225289807563
0.225583192785
0.225879250142
0.226173657753
0.226462392695
0.226741734502
0.227008265814
0.227258870368
0.227490728515
0.227701310469
0.227888367468
0.228049921039
0.228184250557
0.228289879272
0.228365559006
0.228410253684
0.228423121894
0.228403498656
0.228350876585
0.228264886631
0.228145278572
0.227991901459
0.227804684174
0.227583616295
0.227328729422
0.227040079152
0.226717727841
0.226361728309
0.225972108629
0.225548858118
0.225091914641
0.224601153323
0.224076376742
0.223517306673
0.222923577419
0.222294730748
0.221630212475
0.22092937065
0.220191455359
0.219415620111
0.218600924759
0.217746339933
0.216850752925
0.215912974999
0.214931750076
0.213905764757
0.212833659676
0.211714042161
0.210545500208
0.209326617801
0.2080559916
0.206732249086
0.205354068216
0.203920198733
0.20242948522
0.200880892084
0.199273530629
0.197606688408
0.195879861075
0.194092786962
0.192245484609
0.190338293501
0.188371918248
0.186347476435
0.18426655036
0.182131242825
0.179944237093
0.177708861052
0.175429155473
0.17310994614
0.170756919356
0.168376700071
0.165976931488
0.163566354524
0.161154884879
0.158753684735
0.156375225195
0.154033334553
0.15174322631
0.149521499687
0.147386104215
0.145356259097
0.143452317626
0.141695567262
0.14010795749
0.1387117505
0.137529094382
0.136581524871
0.135889409434
0.135471355829
0.135343615117
0.135519514881
0.136008960673
0.136818041473
0.137948767792
0.139398959865
0.14116228972
0.143228467063
0.145583547129
0.148210330532
0.151088821554
0.154196712009
0.157509861956
0.16100275469
0.164648910462
0.168421250039
0.172292404881
0.176234975044
0.180221738879
0.18422582026
0.188220819873
0.192180917051
0.19608094827
0.199896467662
0.203603794147
0.207180048931
0.210603186388
0.213852020626
0.216906249528
0.219746477499
0.222354237866
0.224712015503
0.226803270078
0.228612460151
0.230125068229
0.231327626821
0.232207745539
0.232754139233
0.232956657238
0.23280631383
0.23229532009
0.231417117484
0.230166413619
0.228539220807
0.226532898333
0.224146199596
0.221379325693
0.218233987492
0.214713478869
0.210822764609
0.206568587514
0.201959600679
0.197006532712
0.191722396142
0.186122752471
0.180226051653
0.17405406945
0.167632473573
0.160991559115
0.154167205618
0.147202121993
0.140147459333
0.133064880469
0.12602916696
0.119131394179
0.112482566443
0.10621729906
0.100496562853
0.095507616044
0.09145823661
0.0885620333956
0.0870134719759
0.0869564298063
0.0884566550693
0.0914904914276
0.0959552905798
0.101695562203
0.108532727395
0.116288792594
0.124800557893
0.133925661365
0.143543365704
0.153552669637
0.163869430847
0.174423404071
0.185155592556
0.196016036466
0.2069620326
0.217956729412
0.228968029229
0.239967733767
0.250930878893
0.261835215154
0.272660800093
0.283389676137
0.294005614042
0.304493906646
0.314841201303
0.32503536217
0.335065355582
0.344921153364
0.354593650126
0.364074591511
0.373356511061
0.382432673933
0.391297026083
0.399944147882
0.40836921137
0.416567940557
0.424536574321
0.43227183158
0.439770878503
0.447031297605
0.454051058601
0.460828490971
0.467362258177
0.473651333533
0.479694977704
0.485492717855
0.491044328438
0.496349813647
0.501409391511
0.506223479649
0.510792682661
0.515117781132
0.519199722229
0.523039611831
0.526638708162
0.529998416845
0.533120287311
0.536006010481
0.538657417627
0.541076480307
0.543265311272
0.545226166232
0.546961446345
0.548473701329
0.549765633049
0.550840099455
0.551700118745
0.55234887362
0.55278971549
0.553026168523
0.55306193339
0.552900890599
0.552547103294
0.552004819409
0.551278473069
0.550372685131
0.549292262795
0.548042198167
0.546627665726
0.545054018609
0.54332678366
0.541451655206
0.539434487498
0.537281285813
0.534998196186
0.53259149378
0.530067569891
0.527432917623
0.524694116259
0.521857814381
0.518930711811
0.51591954044
0.512831044045
0.50967195721
0.506448983467
0.503168772799
0.499837898657
0.496462834671
0.493049931208
0.489605392001
0.486135251025
0.482645349838
0.4791413156
0.475628539986
0.472112159215
0.468597035391
0.465087739385
0.46158853544
0.458103367681
0.454635848704
0.451189250386
0.447766497021
0.444370160905
0.441002460409
0.43766526058
0.43436007628
0.431088077813
0.427850098991
0.424646647521
0.421477917606
0.418343804573
0.415243921372
0.412177616711
0.409143994622
0.406141935207
0.403170116313
0.400227035882
0.397311034731
0.394420319492
0.391552985482
0.388707039283
0.385880420787
0.383071024557
0.380276720292
0.377495372273
0.374724857656
0.371963083522
0.369208002602
0.366457627644
0.363710044382
0.360963423123
0.358216028963
0.355466230674
0.352712508313
0.349953459627
0.347187805327
0.344414393319
0.341632201994
0.338840342648
0.336038061153
0.333224738957
0.330399893499
0.327563178132
0.324714381613
0.321853427242
0.31898037169
0.316095403569
0.313198841768
0.310291133589
0.307372852685
0.304444696799
0.3015074853
0.298562156494
0.295609764693
0.292651476993
0.289688569743
0.286722424662
0.283754524558
0.280786448614
0.277819867219
0.274856536283
0.271898291047
0.268947039341
0.266004754301
0.263073466541
0.260155255798
0.257252242069
0.254366576293
0.25150043062
0.248655988345
0.245835433571
0.243040940712
0.240274663924
0.237538726585
0.234835210941
0.232166148052
0.229533508161
0.226939191626
0.224385020545
0.221872731208
0.21940396749
0.216980275307
0.214603098239
0.21227377441
0.20999353469
0.207763502297
0.205584693821
0.203458021698
0.201384298145
0.199364240524
0.197398478107
0.195487560202
0.193631965548
0.191832112924
0.190088372856
0.188401080335
0.186770548425
0.185197082636
0.183680995947
