2.77555756156e-16
1.97768457459e-05
7.91083117239e-05
0.000177997184327
0.000316448108108
0.000494467586633
0.000712063983669
0.000969247524715
0.00126603029888
0.00160242626108
0.00197845123463
0.0023941229141
0.0028494608686
0.00334448654536
0.00387922327366
0.00445369626913
0.00506793263837
0.00572196138398
0.00641581340987
0.00714952152697
0.00792312045929
0.00873664685034
0.00959013926993
0.0104836382213
0.0114171861486
0.0123908274448
0.0134046084601
0.0144585775102
0.0155527848857
0.0166872828613
0.0178621257057
0.0190773696915
0.0203330731062
0.0216292962628
0.0229661015113
0.0243435532506
0.0257617179404
0.0272206641142
0.0287204623919
0.0302611854936
0.0318429082531
0.0334657076328
0.0351296627377
0.0368348548313
0.0385813673508
0.0403692859234
0.0421986983828
0.0440696947865
0.0459823674329
0.0479368108796
0.0499331219618
0.0519713998114
0.0540517458763
0.0561742639409
0.0583390601458
0.0605462430098
0.0627959234509
0.0650882148087
0.067423232867
0.069801095877
0.0722219245815
0.0746858422389
0.0771929746486
0.0797434501763
0.0823373997803
0.0849749570387
0.0876562581762
0.090381442093
0.0931506503932
0.0959640274142
0.0988217202568
0.101723878817
0.104670655814
0.10766220683
0.110698690334
0.113780267721
0.116907103346
0.120079364558
0.123297221738
0.126560848331
0.129870420892
0.133226119114
0.136628125878
0.140076627284
0.143571812699
0.147113874795
0.150703009592
0.154339416505
0.158023298383
0.161754861562
0.165534315906
0.169361874856
0.17323775548
0.177162178522
0.181135368454
0.185157553524
0.189228965815
0.193349841294
0.197520419869
0.201740945446
0.206011665988
0.210332833569
0.214704704439
0.219127539085
0.223601602289
0.228127163197
0.232704495383
0.237333876913
0.242015590416
0.246749923153
0.251537167087
0.256377618955
0.261271580343
0.26621935776
0.271221262716
0.276277611799
0.281388726756
0.286554934576
0.29177656757
0.297053963457
0.302387465452
0.307777422353
0.313224188631
0.318728124523
0.324289596123
0.32990897548
0.335586640694
0.341322976015
0.347118371945
0.352973225339
0.358887939509
0.364862924336
0.37089859637
0.376995378949
0.383153702307
0.389374003686
0.395656727459
0.402002325241
0.408411256017
0.414883986257
0.421420990044
0.428022749198
0.434689753407
0.441422500353
0.448221495849
0.455087253963
0.462020297164
0.469021156452
0.476090371498
0.483228490783
0.490436071742
0.497713680904
0.505061894038
0.512481296295
0.519972482355
0.527536056577
0.535172633141
0.542882836196
0.550667300013
0.558526669126
0.566461598482
0.574472753587
0.582560810651
0.59072645673
0.598970389871
0.60729331925
0.615695965304
0.624179059873
0.632743346318
0.641389579655
0.650118526666
0.658930966014
0.66782768835
0.676809496403
0.685877205075
0.695031641512
0.70427364517
0.713604067869
0.723023773825
0.732533639676
0.742134554479
0.751827419696
0.76161314915
0.771492668961
0.781466917453
0.791536845031
0.801703414025
0.811967598497
0.822330384006
0.832792767334
0.84335575616
0.85402036868
0.864787633171
0.875658587494
0.886634278522
0.897715761498
0.908904099308
0.920200361662
0.931605624186
0.943120967395
0.954747475561
0.96648623545
0.978338334927
0.990304861407
1.00238690015
1.0145855324
1.02690183329
1.0393368696
1.05189169727
1.06456735869
1.07736487972
1.09028526647
1.10332950176
1.11649854134
1.12979330968
1.1432146955
1.1567635469
1.17044066611
1.18424680383
1.19818265312
1.21224884292
1.22644593102
1.24077439662
1.25523463238
1.26982693597
1.28455150117
1.29940840846
1.3143976151
1.32951894484
1.34477207712
1.36015653599
1.37567167856
1.39131668341
1.40709053861
1.42299202986
1.43901972862
1.45517198046
1.4714468938
1.48784232924
1.50435588964
1.52098491117
1.53772645574
1.55457730471
1.57153395456
1.58859261444
1.60574920598
1.62299936564
1.64033844964
1.65776154181
1.67526346429
1.69283879125
1.71048186555
1.72818681828
1.74594759104
1.76375796067
1.78161156628
1.79950193828
1.81742252912
1.83536674552
1.85332798213
1.87129965659
1.88927524606
1.90724832572
1.92521260974
1.94316199538
1.96109061131
1.97899287105
1.99686353264
2.01469776553
2.03249122528
2.05024013664
2.06794138463
2.08559261289
2.10319232771
2.12074000541
2.13823619998
2.15568264741
2.17308236244
2.19043972379
2.2077605438
2.22505211889
2.24232325881
2.25958429288
2.2768470535
2.2941248387
2.31143235657
2.32878565597
2.34620204933
2.36370003378
2.38129921769
2.3990202599
2.41688482914
2.43491559053
2.45313622613
2.47157149596
2.49024734437
2.50919105662
2.52843146803
2.54799922343
2.56792708058
2.58825023759
2.60900664412
2.63023721976
2.65198583264
2.67429877105
2.69722322047
2.72080385886
2.74507596676
2.77005219257
2.79569796996
2.82188734181
2.84832728452
2.87443921555
2.89920679837
2.92107100553
2.9380830709
2.94853991609
2.95187910791
2.9490198331
2.94176229422
2.93190326847
2.92075732013
2.909112824
2.89736801864
2.88567789029
2.87406061731
2.86246450608
2.85080787403
2.83900253924
2.82696769706
2.81463802088
2.80196797062
2.78893336248
2.77553082174
2.76177561666
2.7476983795
2.73334123428
2.71875379602
2.70398943525
2.68910206507
2.67414356778
2.65916188438
2.64419969334
2.62929357392
2.61447353391
2.59976277973
2.58517763547
2.57072753207
2.5564150139
2.54223573227
2.52817841925
2.51422484884
2.50034982016
2.48652121053
2.47270016764
2.45884152363
2.44489452228
2.43080394717
2.41651171547
2.40195895749
2.38708853227
2.37184784244
2.35619172046
2.340085089
2.32350507362
2.3064422858
2.28890109732
2.27089887612
2.25246430952
2.23363506531
2.2144551075
2.19497198354
2.17523434432
2.15528987374
2.13518371322
2.11495738879
2.09464819357
2.07428894719
2.053908043
2.03352969717
2.01317432487
1.99285898367
1.97259783886
1.95240261912
1.93228304152
1.91224719367
1.89230186718
1.87245284082
1.85270511517
1.83306310202
1.81353077338
1.79411177506
1.77480951016
1.75562719754
1.73656791006
1.71763459694
1.69883009395
1.68015712489
1.66161829695
1.64321609233
1.62495285789
1.60683079425
1.58885194532
1.5710181891
1.55333123013
1.53579259389
1.51840362327
1.50116547715
1.4840791308
1.46714537825
1.45036483604
1.4337379485
1.4172649941
1.40094609267
1.38478121337
1.36877018318
1.35291269565
1.33720831991
1.32165650962
1.30625661196
1.29100787639
1.27590946316
1.2609604516
1.24615984797
1.23150659303
1.21699956915
1.20263760703
1.18841949203
1.17434397006
1.16040975309
1.14661552423
1.13295994247
1.11944164703
1.10605926133
1.0928113967
1.07969665571
1.06671363524
1.05386092923
1.04113713125
1.02854083673
1.01607064506
1.0037251614
0.991502998338
0.979402777395
0.967423130312
0.955562700224
0.943820142683
0.932194126558
0.920683334817
0.909286465207
0.898002230837
0.88682936067
0.875766599939
0.86481271049
0.853966471059
0.84322667749
0.832592142899
0.822061697789
0.811634190125
0.801308485365
0.791083466461
0.780958033823
0.770931105261
0.761001615898
0.751168518061
0.741430781157
0.731787391524
0.722237352275
0.712779683124
0.703413420201
0.694137615858
0.684951338469
0.675853672218
0.666843716883
0.65792058762
0.649083414733
0.640331343451
0.631663533699
0.623079159862
0.614577410561
0.606157488413
0.597818609804
0.589560004657
0.5813809162
0.573280600738
0.565258327423
0.557313378035
0.549445046752
0.541652639933
0.533935475896
0.52629288471
0.518724207972
0.511228798607
0.503806020654
0.49645524907
0.489175869521
0.481967278193
0.474828881596
0.467760096369
0.460760349103
0.453829076148
0.446965723438
0.440169746314
0.43344060935
0.426777786182
0.420180759343
0.413649020099
0.407182068289
0.400779412169
0.394440568256
0.388165061179
0.381952423532
0.37580219573
0.369713925866
0.363687169572
0.357721489887
0.351816457121
0.345971648729
0.340186649178
0.334461049829
0.328794448813
0.323186450909
0.317636667435
0.312144716124
0.306710221023
0.301332812377
0.296012126524
0.290747805793
0.285539498398
0.280386858342
0.275289545318
0.270247224612
0.265259567014
0.260326248719
0.255446951247
0.250621361348
0.245849170921
0.241130076928
0.236463781314
0.231849990925
0.227288417433
0.222778777257
0.218320791487
0.213914185814
0.209558690457
0.205254040094
0.200999973791
0.196796234937
0.192642571178
0.188538734355
0.184484480436
0.180479569461
0.176523765479
0.172616836487
0.16875855438
0.164948694886
0.161187037518
0.157473365515
0.153807465796
0.150189128901
0.146618148949
0.143094323581
0.139617453919
0.136187344512
0.132803803297
0.12946664155
0.126175673843
0.122930718001
0.119731595061
0.116578129228
0.11347014784
0.110407481322
0.107389963155
0.104417429833
0.101489720827
0.098606678552
0.0957681483299
0.0929739783548
0.0902240196605
0.0875181260877
0.0848561542512
0.0822379635097
0.0796634159345
0.0771323762798
0.0746447119536
0.0722002929894
0.0697989920179
0.0674406842404
0.0651252474016
0.0628525617642
0.0606225100836
0.0584349775826
0.056289851928
0.0541870232067
0.0521263839028
0.0501078288752
0.0481312553359
0.0461965628285
0.0443036532073
0.0424524306176
0.0406428014755
0.0388746744486
0.0371479604378
0.0354625725587
0.0338184261236
0.0322154386248
0.0306535297175
0.0291326212034
0.0276526370149
0.0262135031996
0.0248151479054
0.0234575013657
0.0221404958857
0.0208640658281
0.0196281476002
0.0184326796409
0.0172776024083
0.0161628583673
0.0150883919783
0.0140541496855
0.0130600799066
0.0121061330213
0.0111922613621
0.010318419204
0.0094845627549
0.00869065014707
0.00793664142804
0.00722249855234
0.00654818537354
0.00591366763652
0.00531891297024
0.00476389088066
0.00424857274418
0.0037729318013
0.00333694315065
0.00294058374331
0.00258383237754
0.00226666969372
0.00198907816969
0.00175104211637
0.0015525476737
0.00139358280691
0.00127413730306
0.00119420276792
0.00115377262314
0.00115284210372
0.00119140825579
0.00126946993469
0.00138702780332
0.00154408433081
0.00174064379151
0.00197671226417
0.00225229763155
0.00256740958019
0.00292205960057
0.00331626098745
0.0037500288406
0.00422338006576
0.00473633337585
0.00528890929253
0.00588113014798
0.00651302008701
0.00718460506938
0.00789591287247
0.00864697309415
0.00943781715601
0.0102684783068
0.011138991626
0.0120493940281
0.0129997242668
0.0139900229391
0.015020332491
0.0160906972214
0.0172011632886
0.0183517787151
0.0195425933936
0.0207736590935
0.0220450294668
0.023356760055
0.0247089082961
0.0261015335313
0.0275346970131
0.0290084619123
0.0305228933263
0.0320780582872
0.0336740257702
0.0353108667023
0.0369886539712
0.0387074624343
0.0404673689286
0.0422684522796
0.044110793312
0.045994474859
0.0479195817734
0.0498862009377
0.0518944212751
0.0539443337603
0.0560360314312
0.0581696093998
0.0603451648645
0.0625627971215
0.0648226075769
0.0671246997592
0.069469179332
0.0718561541059
0.0742857340521
0.076758031315
0.0792731602257
0.0818312373149
0.0844323813268
0.0870767132324
0.0897643562438
0.0924954358273
0.0952700797182
0.0980884179344
0.100950582791
0.103856708913
0.106806933254
0.109801395104
0.112840236109
0.115923600285
0.119051634029
0.122224486138
0.125442307818
0.128705252705
0.132013476874
0.135367138854
0.138766399645
0.142211422727
0.145702374079
0.149239422189
0.152822738068
0.156452495264
0.160128869873
0.163852040552
0.167622188533
0.17143949763
0.175304154254
0.179216347423
0.183176268771
0.187184112556
0.191240075672
0.195344357655
0.199497160688
0.203698689613
0.207949151931
0.212248757808
0.21659772008
0.220996254252
0.225444578504
0.229942913682
0.234491483305
0.239090513556
0.24374023328
0.248440873976
0.253192669785
0.257995857486
0.262850676478
0.267757368766
0.272716178944
0.277727354175
0.282791144168
0.28790780115
0.293077579841
0.298300737419
0.303577533485
0.308908230023
0.314293091358
0.319732384106
0.325226377125
0.330775341456
0.336379550263
0.342039278764
0.347754804162
0.353526405562
0.359354363891
0.365238961803
0.371180483584
0.377179215046
0.383235443412
0.389349457198
0.395521546081
0.40175200076
0.40804111281
0.414389174521
0.420796478731
0.427263318647
0.433789987649
0.440376779093
0.447023986088
0.45373190127
0.460500816556
0.467331022888
0.474222809953
0.481176465898
0.488192277021
0.495270527442
0.502411498766
0.509615469715
0.516882715746
0.524213508651
0.531608116126
0.539066801328
0.5465898224
0.554177431979
0.561829876674
0.569547396521
0.57733022441
0.585178585485
0.593092696518
0.601072765251
0.609118989712
0.617231557499
0.625410645035
0.633656416791
0.641969024481
0.65034860622
0.65879528566
0.667309171088
0.675890354494
0.684538910612
0.693254895929
0.702038347669
0.710889282745
0.719807696692
0.728793562566
0.737846829836
0.746967423242
0.756155241649
0.765410156881
0.77473201255
0.784120622877
0.793575771515
0.803097210383
0.812684658496
0.82233780083
0.832056287199
0.841839731165
0.851687708991
0.861599758637
0.871575378811
0.881614028087
0.891715124089
0.901878042766
0.912102117753
0.922386639831
0.932730856497
0.943133971659
0.953595145446
0.964113494158
0.974688090358
0.985317963104
0.996002098336
1.00673943941
1.01752888782
1.02836930397
1.03925950829
1.05019828227
1.06118436982
1.07221647866
1.08329328188
1.09441341959
1.10557550065
1.11677810456
1.12801978328
1.13929906323
1.15061444726
1.16196441664
1.17334743306
1.18476194063
1.19620636786
1.20767912964
1.2191786292
1.23070326003
1.24225140793
1.253821453
1.26541177176
1.27702073941
1.28864673227
1.30028813051
1.31194332115
1.32361070157
1.33528868352
1.34697569768
1.35867019905
1.37037067311
1.38207564295
1.39378367736
1.40549340011
1.41720350038
1.42891274443
1.44061998849
1.45232419297
1.46402443786
1.47571993932
1.48741006726
1.49909436395
1.51077256331
1.52244461076
1.53411068347
1.54577121059
1.55742689338
1.56907872484
1.58072800869
1.59237637734
1.60402580883
1.61567864234
1.62733759236
1.63900576134
1.65068665096
1.66238417197
1.674102653
1.68584684839
1.69762194557
1.70943357242
1.72128780504
1.7331911768
1.74515068911
1.75717382504
1.76926856637
1.78144341545
1.79370742265
1.80607022101
1.81854206919
1.83113390469
1.84385740902
1.85672508709
1.86975036356
1.88294769914
1.89633273088
1.90992244114
1.92373536097
1.93779181568
1.95211422146
1.96672744548
1.98165924448
1.99694080208
2.01260739053
2.02869919176
2.04526232282
2.06235012699
2.08002481226
2.09835954746
2.11744116397
2.13737366033
2.15828276313
2.1803218497
2.20367952698
2.22858892897
2.25533784084
2.28427559962
2.31580280705
2.35029911496
2.38785049822
2.42738209763
2.46444373355
2.48863351036
2.48974451419
2.47182799768
2.44694051601
2.42238084868
2.40050438553
2.38160810154
2.36537501075
2.35136868424
2.33917724273
2.32844503401
2.31887114885
2.31019994742
2.30221131242
2.29471273808
2.28753360694
2.28052148615
2.2735401414
2.26646892524
2.2592031659
2.25165514382
2.24375521894
2.23545268419
2.22671599015
2.2175321143
2.20790501551
2.1978532814
2.18740720843
2.17660562182
2.1654927406
2.15411533868
2.1425203651
2.13075309808
2.11885583064
2.1068670337
2.09482091367
2.08274727299
2.07067158697
2.0586152225
2.04659573964
2.03462723182
2.02272067387
2.01088425788
1.99912370481
1.98744254608
1.97584237331
1.96432305708
1.95288293755
1.94151899036
1.93022697207
1.91900154931
1.90783641582
1.89672440144
1.88565757653
1.87462735533
1.86362460082
1.8526397336
1.84166284635
1.83068382501
1.81969247677
1.80867866474
1.79763244755
1.78654422222
1.77540486705
1.76420588138
1.75293951804
1.74159890435
1.73017814767
1.71867242136
1.70707802816
1.69539243845
1.68361430195
1.67174343287
1.65978076931
1.64772830901
1.63558902472
1.62336676278
1.61106612942
1.59869236912
1.58625123972
1.57374888811
1.56119173048
1.54858634004
1.53593934445
1.52325733489
1.51054678751
1.49781399783
1.48506502779
1.47230566511
1.45954139386
1.44677737542
1.43401843842
1.42126907646
1.40853345244
1.39581540813
1.38311847792
1.37044590574
1.35780066412
1.34518547477
1.3326028297
1.32005501262
1.30754411989
1.29507208081
1.28264067683
1.27025155954
1.25790626734
1.2456062405
1.23335283479
1.22114733353
1.20899095817
1.19688487735
1.18483021468
1.17282805509
1.16087945013
1.1489854221
1.13714696723
1.12536505798
1.1136406446
1.10197465608
1.09036800048
1.07882156484
1.06733621481
1.05591279384
1.04455212232
1.03325499648
1.02202218725
1.0108544391
0.999752468822
0.988716964458
0.977748584203
0.966847955472
0.956015674048
0.945252303374
0.934558373965
0.923934382974
0.91338079389
0.902898036372
0.892486506235
0.882146565546
0.871878542855
0.861682733543
0.851559400267
0.841508773513
0.831531052224
0.821626404521
0.811794968478
0.802036852968
0.792352138545
0.782740878387
0.77320309925
0.763738802465
0.754347964945
0.745030540203
0.735786459385
0.726615632291
0.7175179484
0.708493277888
0.699541472624
0.690662367162
0.681855779704
0.673121513051
0.664459355522
0.655869081857
0.647350454084
0.638903222368
0.630527125828
0.622221893321
0.613987244203
0.605822889058
0.597728530401
0.589703863341
0.581748576232
0.573862351282
0.566044865136
0.558295789441
0.55061479137
0.543001534132
0.535455677448
0.527976878011
0.520564789912
0.513219065051
0.505939353523
0.498725303983
0.491576563987
0.484492780321
0.477473599305
0.470518667078
0.463627629872
0.456800134262
0.450035827407
0.44333435727
0.436695372829
0.430118524271
0.423603463172
0.417149842669
0.410757317616
0.404425544734
0.398154182741
0.391942892484
0.385791337055
0.379699181896
0.373666094899
0.3676917465
0.361775809761
0.355917960446
0.350117877092
0.344375241073
0.338689736656
0.333061051057
0.327488874482
0.321972900172
0.316512824442
0.311108346711
0.30575916953
0.300464998608
0.295225542835
0.290040514295
0.284909628285
0.279832603325
0.274809161166
0.269839026795
0.264921928444
0.260057597583
0.255245768929
0.250486180436
0.245778573292
0.241122691916
0.236518283948
0.23196510024
0.227462894844
0.223011425004
0.218610451141
0.214259736837
0.209959048824
0.205708156967
0.201506834244
0.197354856736
0.193252003601
0.189198057061
0.185192802381
0.181236027847
0.177327524753
0.173467087372
0.169654512942
0.165889601641
0.162172156568
0.158501983721
0.154878891973
0.151302693056
0.147773201532
0.144290234776
0.140853612953
0.137463158996
0.134118698582
0.130820060112
0.12756707469
0.124359576099
0.121197400779
0.118080387808
0.115008378877
0.111981218273
0.108998752853
0.106060832024
0.103167307725
0.100318034404
0.0975128689972
0.0947516709078
0.0920343019884
0.0893606265192
0.0867305111886
0.0841438250739
0.0816004396216
0.0791002286288
0.076643068224
0.0742288368491
0.0718574152403
0.0695286864106
0.0672425356322
0.0649988504182
0.062797520506
0.0606384378403
0.0585214965558
0.0564465929613
0.0544136255232
0.0524224948498
0.0504731036755
0.0485653568453
0.0466991612999
0.0448744260608
0.0430910622158
0.0413489829045
0.0396481033045
0.0379883406174
0.0363696140556
0.0347918448288
0.0332549561313
0.0317588731291
0.0303035229476
0.0288888346594
0.0275147392724
0.0261811697182
0.0248880608406
0.0236353493848
0.0224229739859
0.0212508751591
0.0201189952885
0.0190272786179
0.01797567124
0.0169641210874
0.0159925779229
0.0150609933307
0.0141693207071
0.0133175152521
0.0125055339609
0.0117333356156
0.0110008807773
0.0103081317787
0.0096550527157
0.00904160944112
0.00846776955692
0.00793350240761
0.00743877907358
0.0069835723646
0.00656785681366
0.00619160867086
0.00585480589768
0.00555742816129
0.00529945682914
0.00508087496372
0.00490166731755
0.00476182032827
0.00466132211402
0.00460016246892
0.00457833285876
0.00459582641686
0.00465263794014
0.00474876388525
0.004884202365
0.00505895314484
0.00527301763957
0.00552639891014
0.00581910166068
0.00615113223556
0.00652249861672
0.00693321042102
0.0073832788978
0.00787271692652
0.00840153901458
0.00896976129517
0.00957740152528
0.0102244790839
0.01091101497
0.0116370318013
0.0124025538122
0.0132076068524
0.0140522183856
0.0149364174882
0.0158602348476
0.0168237027614
0.017826855136
0.0188697274853
0.0199523569301
0.0210747821965
0.022237043615
0.0234391831195
0.0246812442464
0.025963272133
0.0272853135173
0.0286474167359
0.0300496317236
0.0314920100121
0.0329746047284
0.0344974705938
0.0360606639223
0.0376642426193
0.0393082661799
0.0409927956873
0.0427178938104
0.0444836248024
0.0462900544985
0.0481372503132
0.0500252812378
0.0519542178378
0.0539241322499
0.0559350981783
0.0579871908913
0.0600804872177
0.0622150655422
0.0643910058008
0.0666083894763
0.0688672995927
0.0711678207093
0.0735100389148
0.0758940418204
0.0783199185528
0.0807877597464
0.0832976575348
0.0858497055423
0.088443998874
0.0910806341059
0.0937597092735
0.0964813238607
0.0992455787867
0.102052576393
0.10490242043
0.10779521604
0.110731069742
0.113710089416
0.116732384282
0.119798064882
0.12290724306
0.126060031939
0.1292565459
0.132496900553
0.135781212716
0.139109600385
0.142482182704
0.145899079936
0.149360413429
0.152866305583
0.156416879813
0.16001226051
0.163652573002
0.167337943508
0.171068499099
0.174844367644
0.178665677766
0.182532558784
0.186445140662
0.19040355395
0.194407929721
0.198458399509
0.20255509524
0.206698149165
0.210887693778
0.215123861748
0.219406785829
0.223736598777
0.228113433265
0.232537421781
0.237008696534
0.241527389352
0.246093631573
0.250707553928
0.255369286432
0.260078958254
0.264836697589
0.269642631527
0.27449688591
0.279399585186
0.28435085226
0.289350808329
0.294399572722
0.299497262725
0.304643993401
0.309839877406
0.315085024793
0.320379542811
0.325723535696
0.331117104451
0.336560346626
0.34205335608
0.34759622274
0.35318903235
0.358831866213
0.364524800922
0.370267908084
0.376061254034
0.381904899536
0.387798899489
0.393743302602
0.399738151084
0.405783480304
0.411879318459
0.418025686222
0.424222596386
0.430470053503
0.436768053507
0.443116583341
0.449515620564
0.455965132961
0.462465078145
0.469015403149
0.475616044022
0.482266925412
0.488967960152
0.495719048841
0.502520079427
0.509370926786
0.516271452305
0.523221503471
0.530220913455
0.53726950071
0.544367068577
0.551513404889
0.5587082816
0.565951454417
0.573242662454
0.580581627893
0.587968055673
0.595401633198
0.602882030066
0.610408897823
0.617981869751
0.625600560675
0.633264566816
0.640973465663
0.648726815897
0.656524157341
0.664365010953
0.672248878867
0.680175244465
0.688143572505
0.696153309286
0.70420388286
0.71229470329
0.720425162951
0.728594636879
0.73680248316
0.745048043356
0.753330642985
0.761649592015
0.770004185412
0.778393703709
0.786817413592
0.795274568526
0.803764409377
0.812286165055
0.820839053162
0.829422280631
0.838035044364
0.846676531854
0.855345921791
0.864042384635
0.872765083166
0.881513172999
0.890285803062
0.899082116023
0.907901248694
0.916742332376
0.925604493171
0.934486852264
0.943388526162
0.952308626919
0.961246262351
0.970200536241
0.979170548572
0.988155395787
0.997154171103
1.00616596491
1.01518986525
1.02422495849
1.03327033006
1.04232506546
1.05138825147
1.06045897762
1.06953633794
1.07861943307
1.08770737268
1.09679927835
1.1058942868
1.11499155361
1.12409025741
1.13318960451
1.14228883407
1.15138722374
1.16048409578
1.16957882372
1.17867083941
1.18775964054
1.19684479854
1.20592596687
1.21500288956
1.22407541002
1.23314347999
1.24220716866
1.25126667176
1.2603223206
1.26937459107
1.27842411234
1.28747167541
1.2965182413
1.30556494886
1.31461312223
1.32366427785
1.3327201311
1.34178260248
1.35085382344
1.3599361419
1.36903212754
1.37814457694
1.38727651871
1.39643121874
1.40561218575
1.4148231774
1.42406820703
1.43335155141
1.44267775973
1.45205166413
1.46147839204
1.47096338087
1.48051239522
1.49013154735
1.49982732111
1.50960660022
1.51947670136
1.52944541292
1.5395210404
1.54971245936
1.56002917731
1.57048140607
1.5810801464
1.59183728715
1.60276572171
1.61387948524
1.62519391686
1.63672585219
1.64849385315
1.66051848364
1.67282264237
1.68543196759
1.69837533289
1.71168545975
1.72539968161
1.73956090631
1.75421884245
1.76943158116
1.78526766439
1.80180883071
1.81915372238
1.83742298607
1.85676644298
1.8773734164
1.89948802871
1.92343260315
1.94964484028
1.9787395473
2.01161659551
2.04966132621
2.09514031512
2.15200477405
2.22704131743
2.3198770137
2.32577767311
2.24457902467
2.18114013004
2.13586328276
2.10195034369
2.07543799388
2.05404729974
2.03637938567
2.0215190221
2.00883373418
1.99786544434
1.98826840686
1.97977176778
1.97215599673
1.96523755858
1.95885873465
1.95288083076
1.94717973009
1.94164314904
1.93616917357
1.93066576601
1.92505098015
1.91925363293
1.91321417861
1.90688553402
1.90023362671
1.89323748874
1.88588879505
1.87819083511
1.87015699293
1.86180887612
1.85317426932
1.84428508807
1.83517548257
1.82588019737
1.81643324532
1.80686691033
1.79721106065
1.7874927328
1.7777359363
1.76796162738
1.75818780384
1.74842967993
1.73869990847
1.72900882517
1.71936469701
1.7097739625
1.70024145626
1.69077061344
1.6813636524
1.67202173543
1.66274510857
1.65353322208
1.64438483371
1.63529809689
1.62627063594
1.6172996104
1.60838177052
1.59951350547
1.59069088611
1.58190970353
1.5731655047
1.56445362637
1.55576922791
1.54710732415
1.53846281855
1.52983053727
1.52120526455
1.51258177931
1.50395489318
1.49531948982
1.48667056506
1.47800326781
1.46931294084
1.46059516111
1.4518457788
1.4430609544
1.4342371929
1.42537137458
1.41646078147
1.4075031189
1.39849653162
1.38943961409
1.38033141462
1.37117143335
1.36195961411
1.35269633041
1.34338236607
1.33401889086
1.32460743202
1.31514984231
1.30564826533
1.29610509916
1.28652295887
1.27690463895
1.26725307613
1.25757131349
1.24786246622
1.23812968961
1.22837614954
1.21860499587
1.20881933866
1.1990222276
1.18921663435
1.17940543793
1.16959141297
1.15977722064
1.14996540211
1.14015837424
1.13035842743
1.12056772518
1.11078830528
1.10102208242
1.09127085178
1.08153629375
1.07181997918
1.06212337537
1.05244785231
1.04279468931
1.03316508164
1.02356014729
1.0139809336
1.00442842375
0.994903543023
0.985407164831
0.975940116365
0.966503183936
0.957097117928
0.947722637357
0.938380434041
0.929071176356
0.91979551261
0.910554074012
0.901347477272
0.892176326838
0.883041216787
0.873942732394
0.864881451391
0.855857944957
0.846872778444
0.837926511875
0.829019700228
0.820152893543
0.811326636859
0.802541470015
0.793797927336
0.785096537214
0.776437821612
0.767822295512
0.759250466308
0.750722833177
0.74223988643
0.733802106855
0.725409965074
0.717063920906
0.70876442276
0.700511907057
0.692306797688
0.684149505507
0.676040427881
0.66797994827
0.659968435876
0.652006245319
0.644093716384
0.636231173805
0.628418927105
0.62065727048
0.612946482734
0.605286827255
0.597678552039
0.590121889747
0.582617057808
0.575164258555
0.567763679391
0.560415492989
0.553119857522
0.545876916911
0.538686801099
0.531549626352
0.524465495566
0.517434498597
0.510456712603
0.503532202396
0.496661020801
0.489843209031
0.483078797055
0.476367803978
0.469710238423
0.463106098911
0.456555374241
0.450058043873
0.443614078302
0.437223439432
0.430886080945
0.424601948668
0.418370980928
0.412193108904
0.406068256973
0.399996343052
0.393977278919
0.388010970543
0.382097318395
0.376236217755
0.370427559005
0.364671227923
0.358967105959
0.353315070505
0.347714995161
0.342166749984
0.336670201738
0.331225214122
0.325831648008
0.32048936165
0.315198210904
0.309958049425
0.304768728864
0.299630099059
0.294542008208
0.289504303047
0.284516829014
0.279579430408
0.274691950537
0.26985423187
0.265066116169
0.260327444626
0.255638057987
0.250997796676
0.246406500905
0.24186401079
0.237370166452
0.232924808117
0.228527776213
0.224178911457
0.219878054943
0.215625048224
0.211419733388
0.207261953131
0.203151550829
0.199088370601
0.195072257374
0.191103056941
0.187180616016
0.183304782288
0.179475404473
0.175692332355
0.171955416836
0.168264509978
0.164619465037
0.161020136504
0.157466380142
0.153958053011
0.150495013507
0.147077121385
0.143704237788
0.140376225272
0.137092947827
0.133854270903
0.130660061426
0.127510187819
0.124404520018
0.121342929488
0.118325289241
0.115351473845
0.112421359436
0.109534823736
0.106691746056
0.103892007309
0.101135490017
0.0984220783192
0.0957516579799
0.093124116392
0.0905393425839
0.0879972272233
0.0854976626215
0.0830405427362
0.0806257631746
0.0782532211951
0.0759228157089
0.0736344472813
0.0713880181321
0.0691834321357
0.0670205948211
0.0648994133712
0.0628197966216
0.0607816550594
0.0587849008216
0.0568294476931
0.0549152111043
0.0530421081289
0.0512100574811
0.0494189795123
0.0476687962084
0.045959431186
0.0442908096892
0.0426628585858
0.0410755063631
0.0395286831242
0.0380223205839
0.0365563520641
0.0351307124898
0.0337453383842
0.0324001678642
0.0310951406362
0.0298301979906
0.0286052827975
0.0274203395016
0.0262753141172
0.0251701542234
0.0241048089589
0.0230792290168
0.0220933666397
0.0211471756144
0.0202406112666
0.0193736304559
0.0185461915702
0.0177582545209
0.0170097807371
0.0163007331606
0.0156310762404
0.0150007759275
0.0144097996692
0.0138581164041
0.0133456965565
0.0128725120311
0.0124385362071
0.0120437439334
0.0116881115229
0.0113716167466
0.0110942388287
0.0108559584405
0.0106567576953
0.0104966201425
0.010375530762
0.0102934759586
0.0102504435564
0.0102464227928
0.0102814043129
0.0103553801634
0.010468343787
0.0106202900164
0.0108112150679
0.0110411165357
0.0113099933854
0.0116178459482
0.0119646759138
0.0123504863246
0.0127752815686
0.0132390673732
0.0137418507978
0.0142836402276
0.0148644453657
0.0154842772264
0.0161431481275
0.0168410716829
0.0175780627946
0.0183541376452
0.0191693136892
0.0200236096447
0.0209170454851
0.0218496424301
0.0228214229363
0.0238324106881
0.024882630588
0.0259721087463
0.0271008724712
0.028268950258
0.0294763717778
0.0307231678666
0.0320093705131
0.0333350128468
0.0347001291252
0.0361047547209
0.0375489261078
0.0390326808475
0.040556057574
0.0421190959795
0.0437218367978
0.0453643217887
0.0470465937208
0.0487686963541
0.0505306744213
0.0523325736096
0.0541744405403
0.0560563227488
0.057978268663
0.0599403275817
0.0619425496507
0.0639849858398
0.0660676879175
0.0681907084252
0.0703541006503
0.0725579185984
0.0748022169639
0.0770870511001
0.0794124769878
0.0817785512021
0.0841853308791
0.08663287368
0.0891212377548
0.0916504817036
0.0942206645375
0.0968318456367
0.0994840847082
0.102177441741
0.104911976959
0.107687750775
0.110504823738
0.113363256483
0.116263109678
0.119204443966
0.122187319906
0.125211797917
0.128277938212
0.131385800734
0.134535445088
0.137726930473
0.140960315607
0.144235658655
0.14755301715
0.150912447909
0.154314006957
0.157757749435
0.16124372951
0.164772000287
0.168342613711
0.171955620467
0.175611069879
0.179309009804
0.183049486523
0.186832544628
0.190658226907
0.194526574222
0.198437625386
0.202391417035
0.2063879835
0.210427356664
0.214509565833
0.218634637584
0.22280259562
0.227013460624
0.231267250095
0.235563978196
0.239903655586
0.244286289253
0.248711882347
0.253180433997
0.257691939138
0.262246388325
0.266843767546
0.271484058034
0.276167236069
0.280893272783
0.285662133959
0.290473779828
0.295328164862
0.300225237563
0.305164940256
0.310147208874
0.315171972741
0.320239154359
0.325348669191
0.330500425439
0.335694323833
0.340930257408
0.346208111293
0.351527762494
0.35688907968
0.362291922976
0.367736143758
0.373221584448
0.378748078318
0.384315449301
0.389923511801
0.395572070524
0.4012609203
0.406989845928
0.412758622024
0.418567012886
0.424414772361
0.430301643733
0.436227359625
0.442191641911
0.448194201645
0.45423473901
0.460312943284
0.466428492815
0.472581055032
0.47877028646
0.484995832765
0.491257328815
0.497554398767
0.503886656173
0.510253704109
0.516655135322
0.523090532411
0.529559468015
0.536061505033
0.542596196862
0.549163087652
0.555761712589
0.562391598182
0.569052262585
0.575743215915
0.582463960597
0.589213991713
0.595992797365
0.602799859039
0.609634651974
0.616496645537
0.62338530359
0.630300084849
0.637240443249
0.644205828277
0.651195685307
0.658209455907
0.66524657813
0.672306486776
0.67938861363
0.686492387667
0.69361723523
0.700762580168
0.707927843941
0.715112445691
0.722315802271
0.729537328241
0.736776435832
0.744032534866
0.751305032658
0.758593333885
0.765896840428
0.773214951211
0.780547062015
0.787892565301
0.795250850036
0.802621301536
0.810003301337
0.81739622711
0.824799452625
0.832212347783
0.839634278733
0.847064608086
0.854502695241
0.861947896844
0.869399567394
0.876857060009
0.884319727383
0.891786922926
0.899258002129
0.906732324148
0.914209253632
0.9216881628
0.929168433785
0.936649461243
0.944130655234
0.95161144439
0.959091279351
0.966569636475
0.974046021819
0.98151997537
0.988991075524
0.99645894378
1.00392324964
1.0113837157
1.01884012287
1.02629231573
1.03374020796
1.04118378784
1.0486231238
1.05605836982
1.06348977099
1.07091766877
1.07834250629
1.08576483339
1.09318531158
1.10060471871
1.10802395351
1.11544403986
1.12286613085
1.1302915126
1.13772160795
1.14515797986
1.1526023347
1.16005652548
1.16752255492
1.17500257859
1.18249890806
1.19001401423
1.19755053085
1.2051112584
1.21269916835
1.22031740805
1.22796930621
1.23565837921
1.24338833847
1.25116309881
1.25898678824
1.26686375921
1.27479860161
1.28279615775
1.29086153965
1.29900014881
1.30721769901
1.31552024243
1.32391419959
1.33240639368
1.34100408997
1.34971504097
1.35854753845
1.36751047321
1.37661340415
1.38586663814
1.39528132269
1.40486955396
1.414644503
1.42462056414
1.4348135301
1.44524079994
1.45592162738
1.46687741929
1.47813209706
1.48971253737
1.50164911448
1.5139763732
1.52673387273
1.53996725586
1.55372962018
1.56808329958
1.58310221291
1.59887501077
1.61550936916
1.63313796998
1.65192702937
1.67208879311
1.6939004322
1.71773370117
1.74410361404
1.77375279529
1.80780786706
1.84809535779
1.89785465643
1.9635884792
2.06033429112
2.19155318815
2.10348307322
2.00386602899
1.94173913608
1.89840509415
1.86582042007
1.84013029155
1.8192207684
1.80181187931
1.78706936739
1.77441746624
1.76343989637
1.75382357989
1.7453247289
1.73774742892
1.73092958954
1.72473345376
1.7190390589
1.71373969742
1.70873879737
1.70394785817
1.69928520355
1.69467538337
1.69004909072
1.68534347133
1.68050269974
1.6754786883
1.67023179036
1.66473136352
1.65895607783
1.65289388779
1.64654163195
1.63990427272
1.63299383378
1.62582812468
1.61842935811
1.61082276452
1.60303529367
1.59509446949
1.58702743783
1.57886022231
1.57061718307
1.56232065927
1.55399076818
1.54564533035
1.53729989095
1.52896781017
1.5206603996
1.51238708596
1.50415558773
1.49597209421
1.48784143933
1.47976726573
1.47175217575
1.46379786826
1.45590526071
1.44807459682
1.44030554057
1.43259725775
1.42494848601
1.41735759496
1.40982263736
1.4023413926
1.39491140378
1.38753000918
1.38019436931
1.3729014901
1.36564824332
1.35843138459
1.35124756977
1.34409337023
1.33696528731
1.32985976649
1.32277321153
1.31570199881
1.3086424921
1.30159105787
1.29454408125
1.28749798265
1.28044923501
1.27339438164
1.26633005449
1.25925299274
1.25216006141
1.24504826994
1.23791479028
1.23075697425
1.22357237006
1.21635873747
1.20911406136
1.20183656356
1.19452471259
1.18717723108
1.17979310085
1.17237156538
1.16491212967
1.15741455758
1.14987886654
1.14230531981
1.13469441655
1.12704687973
1.11936364217
1.11164583116
1.10389475164
1.09611186848
1.08829878815
1.08045723997
1.07258905726
1.0646961588
1.05678053065
1.04884420868
1.04088926192
1.032917777
1.02493184363
1.01693354134
1.00892492755
1.00090802687
0.992884821823
0.984857244758
0.976827171149
0.968796414047
0.96076671971
0.952739764324
0.944717151721
0.936700412018
0.928691001099
0.920690300827
0.912699619928
0.904720195442
0.896753194671
0.888799717537
0.880860799289
0.872937413483
0.865030475176
0.857140844271
0.849269328978
0.841416689316
0.833583640647
0.82577085718
0.81797897542
0.810208597546
0.802460294673
0.794734609994
0.787032061783
0.779353146234
0.771698340147
0.764068103426
0.756462881412
0.748883107023
0.741329202717
0.73380158227
0.726300652376
0.718826814066
0.711380463959
0.703961995348
0.696571799121
0.689210264534
0.681877779843
0.674574732797
0.667301511005
0.660058502189
0.65284609433
0.645664675712
0.638514634883
0.631396360531
0.624310241297
0.61725666552
0.610236020934
0.603248694318
0.596295071113
0.589375535003
0.582490467479
0.57564024739
0.568825250474
0.562045848895
0.555302410774
0.548595299729
0.541924874421
0.535291488115
0.528695488258
0.52213721607
0.515617006164
0.509135186181
0.502692076454
0.496287989697
0.489923230717
0.483598096158
0.47731287427
0.471067844699
0.464863278319
0.458699437075
0.45257657386
0.446494932418
0.440454747272
0.43445624367
0.42849963756
0.422585135588
0.41671293511
0.41088322423
0.405096181852
0.399351977755
0.393650772675
0.387992718412
0.382377957944
0.376806625557
0.371278846983
0.36579473955
0.360354412346
0.35495796638
0.349605494763
0.344297082888
0.339032808612
0.333812742455
0.328636947789
0.323505481039
0.318418391882
0.31337572345
0.308377512533
0.303423789782
0.29851457991
0.2936499019
0.288829769203
0.284054189938
0.279323167093
0.274636698719
0.269994778127
0.265397394075
0.26084453096
0.256336169003
0.251872284427
0.24745284964
0.243077833407
0.238747201024
0.234460914481
0.230218932627
0.226021211332
0.221867703637
0.217758359912
0.213693127995
0.209671953343
0.205694779167
0.201761546567
0.197872194663
0.194026660726
0.190224880295
0.186466787302
0.182752314182
0.17908139199
0.175453950505
0.171869918338
0.16832922303
0.164831791149
0.161377548386
0.157966419645
0.15459832913
0.151273200428
0.147990956593
0.14475152022
0.141554813525
0.138400758412
0.135289276546
0.132220289419
0.129193718414
0.126209484865
0.123267510119
0.12036771559
0.117510022816
0.11469435351
0.111920629607
0.109188773318
0.106498707171
0.103850354057
0.101243637272
0.0986784805542
0.0961548081281
0.0936725447363
0.0912316156763
0.0888319468343
0.0864734647162
0.084156096479
0.081879769959
0.0796444136998
0.0774499569788
0.0752963298316
0.0731834630765
0.0711112883365
0.0690797380611
0.0670887455466
0.0651382449551
0.0632281713333
0.0613584606291
0.0595290497085
0.0577398763707
0.0559908793625
0.0542819983924
0.0526131741428
0.0509843482829
0.0493954634792
0.0478464634063
0.046337292757
0.0448678972512
0.0434382236445
0.0420482197359
0.0406978343753
0.0393870174701
0.0381157199909
0.0368838939775
0.0356914925439
0.0345384698822
0.033424781267
0.032350383059
0.0313152327075
0.0303192887531
0.0293625108302
0.028444859668
0.0275662970919
0.0267267860246
0.0259262904861
0.025164775594
0.0244422075626
0.0237585537026
0.0231137824199
0.0225078632137
0.0219407666749
0.0214124644837
0.020922929407
0.0204721352955
0.0200600570803
0.0196866707692
0.0193519534429
0.0190558832502
0.0187984394038
0.0185796021748
0.0183993528876
0.018257673914
0.0181545486673
0.0180899615954
0.0180638981745
0.0180763449018
0.0181272892877
0.0182167198481
0.0183446260964
0.0185109985342
0.018715828643
0.0189591088741
0.0192408326393
0.0195609943002
0.019919589158
0.020316613442
0.0207520642983
0.0212259397778
0.0217382388237
0.0222889612583
0.0228781077703
0.0235056799002
0.0241716800263
0.0248761113495
0.0256189778779
0.0264002844109
0.0272200365221
0.0280782405427
0.0289749035433
0.0299100333153
0.0308836383521
0.0318957278291
0.0329463115834
0.0340354000923
0.0351630044517
0.036329136353
0.0375338080603
0.0387770323853
0.0400588226626
0.0413791927241
0.0427381568712
0.0441357298479
0.0455719268117
0.0470467633039
0.0485602552191
0.0501124187732
0.051703270471
0.0533328270719
0.0550011055553
0.0567081230842
0.058453896968
0.0602384446237
0.0620617835364
0.0639239312177
0.0658249051638
0.0677647228111
0.0697434014913
0.0717609583845
0.0738174104711
0.0759127744821
0.0780470668476
0.0802203036443
0.0824325005406
0.0846836727405
0.0869738349257
0.0893030011961
0.0916711850077
0.0940783991099
0.09652465548
0.099009965256
0.101534338668
0.104097784965
0.106700312347
0.109341927883
0.112022637438
0.114742445594
0.117501355566
0.120299369121
0.123136486488
0.126012706276
0.128928025377
0.131882438879
0.134875939967
0.13790851983
0.140980167557
0.144090870039
0.147240611862
0.150429375205
0.153657139725
0.156923882455
0.160229577683
0.163574196842
0.166957708391
0.170380077697
0.173841266912
0.177341234853
0.180879936874
0.184457324742
0.188073346507
0.191727946373
0.195421064568
0.199152637211
0.202922596179
0.206730868972
0.210577378578
0.214462043339
0.218384776817
0.222345487652
0.226344079433
0.23038045056
0.234454494112
0.238566097709
0.242715143386
0.24690150746
0.251125060402
0.255385666713
0.2596831848
0.264017466859
0.268388358756
0.272795699919
0.27723932323
0.281719054923
0.286234714489
0.290786114586
0.295373060956
0.299995352349
0.304652780453
0.309345129837
0.314072177899
0.31883369482
0.323629443539
0.328459179724
0.333322651765
0.338219600774
0.343149760596
0.348112857831
0.353108611877
0.358136734973
0.363196932263
0.368288901878
0.373412335017
0.378566916059
0.383752322675
0.38896822596
0.394214290584
0.399490174941
0.40479553133
0.410130006135
0.415493240024
0.420884868157
0.426304520408
0.431751821594
0.437226391715
0.442727846204
0.448255796178
0.453809848705
0.459389607065
0.464994671016
0.470624637071
0.476279098759
0.481957646895
0.48765986984
0.493385353759
0.499133682864
0.504904439655
0.51069720514
0.516511559048
0.522347080017
0.52820334577
0.534079933268
0.539976418841
0.545892378288
0.551827386963
0.557781019823
0.563752851456
0.569742456067
0.575749407449
0.581773278914
0.587813643193
0.593870072313
0.599942137436
0.606029408677
0.612131454891
0.618247843438
0.624378139928
0.630521907943
0.636678708749
0.642848100994
0.649029640409
0.655222879496
0.661427367237
0.667642648803
0.673868265291
0.680103753488
0.686348645668
0.692602469434
0.698864747618
0.705134998236
0.711412734523
0.717697465045
0.723988693908
0.730285921064
0.736588642736
0.742896351959
0.749208539257
0.755524693458
0.761844302665
0.768166855374
0.774491841766
0.78081875517
0.787147093692
0.793476362039
0.79980607351
0.806135752185
0.812464935281
0.818793175706
0.825120044771
0.831445135084
0.837768063602
0.84408847483
0.850406044165
0.856720481361
0.863031534108
0.869338991696
0.87564268876
0.881942509073
0.88823838937
0.89453032319
0.900818364696
0.907102632468
0.91338331324
0.919660665559
0.925935023351
0.932206799368
0.938476488519
0.944744671045
0.951012015555
0.957279281896
0.963547323868
0.969817091779
0.976089634844
0.982366103441
0.988647751245
0.994935937241
1.00123212766
1.00753789787
1.0138549342
1.02018503584
1.02653011676
1.03289220776
1.03927345865
1.04567614067
1.05210264919
1.05855550675
1.06503736648
1.0715510161
1.07809938238
1.08468553637
1.09131269933
1.0979842495
1.10470372992
1.11147485729
1.11830153208
1.12518785003
1.13213811522
1.13915685486
1.14624883609
1.15341908498
1.16067290805
1.16801591661
1.17545405434
1.18299362861
1.19064134595
1.19840435242
1.20629027959
1.21430729704
1.22246417242
1.23077034049
1.23923598256
1.24787211836
1.25669071276
1.26570480004
1.27492862955
1.28437783713
1.29406964792
1.30402311788
1.31425942286
1.32480220723
1.33567800704
1.3469167677
1.35855248237
1.37062398619
1.38317595367
1.3962601639
1.40993712333
1.4242781714
1.43936824788
1.45530957905
1.47222665873
1.49027307975
1.50964104223
1.53057476409
1.55338955619
1.57849884188
1.60645095575
1.63797183416
1.67397961069
1.71539655464
1.76195633486
1.80709163168
1.82843570315
1.80946783908
1.77165099422
1.73447344284
1.70270228449
1.67619733823
1.65399643235
1.63520815057
1.61913608548
1.60525332902
1.59315967033
1.58254636701
1.57317052767
1.56483702055
1.55738570156
1.55068230804
1.54461188343
1.53907397457
1.53397909848
1.5292461447
1.52480049092
1.52057268354
1.5164975814
1.51251389031
1.50856403033
1.5045942824
1.50055515752
1.49640192372
1.4920952165
1.48760165145
1.48289435579
1.47795334255
1.47276566658
1.46732532538
1.46163289643
1.4556949316
1.44952315407
1.44313352023
1.43654521625
1.42977965683
1.42285954381
1.415808028
1.40864800097
1.4014015288
1.39408942643
1.38673096237
1.37934367736
1.37194329775
1.36454372398
1.35715707568
1.34979377697
1.34246266823
1.3351711333
1.32792523339
1.32072984151
1.31358877275
1.3065049075
1.29948030567
1.29251631096
1.28561364491
1.27877249074
1.27199256757
1.26527319545
1.25861335212
1.25201172219
1.24546673948
1.23897662348
1.23253941046
1.22615298002
1.21981507778
1.21352333465
1.20727528328
1.20106837225
1.19489997828
1.18876741691
1.18266795205
1.17659880459
1.17055716042
1.16454017808
1.15854499617
1.15256874076
1.14660853299
1.14066149676
1.13472476692
1.12879549765
1.12287087143
1.11694810829
1.11102447559
1.10509729807
1.09916396828
1.09322195723
1.08726882515
1.08130223232
1.07531994971
1.06931986947
1.06330001494
1.05725855015
1.05119378863
1.04510420132
1.03898842357
1.03284526096
1.02667369394
1.02047288114
1.01424216127
1.00798105367
1.00168925732
0.995366648493
0.989013276925
0.982629360715
0.976215279905
0.969771568928
0.963298907996
0.956798113598
0.950270128229
0.943716009517
0.937136918896
0.930534109995
0.923908916871
0.917262742263
0.910597045974
0.90391333352
0.897213145163
0.890498045408
0.883769613057
0.877029431891
0.87027908202
0.863520131947
0.856754131371
0.849982604729
0.843207045499
0.83642891123
0.8296496193
0.822870543363
0.816093010464
0.809318298776
0.802547635935
0.795782197903
0.78902310835
0.782271438484
0.775528207292
0.768794382161
0.762070879812
0.755358567526
0.748658264623
0.741970744133
0.735296734661
0.728636922379
0.721991953132
0.715362434638
0.708748938727
0.702152003634
0.695572136293
0.689009814628
0.682465489828
0.675939588573
0.669432515224
0.662944653938
0.656476370719
0.650028015389
0.643599923463
0.637192417943
0.630805811007
0.624440405596
0.618096496901
0.611774373747
0.605474319858
0.599196615035
0.592941536212
0.586709358419
0.580500355636
0.574314801553
0.568152970229
0.56201513666
0.555901577259
0.549812570244
0.543748395957
0.537709337088
0.531695678848
0.525707709056
0.519745718174
0.513809999281
0.507900847993
0.50201856234
0.496163442591
0.490335791047
0.484535911801
0.478764110462
0.47302069386
0.467305969726
0.461620246357
0.455963832268
0.450337035832
0.444740164916
0.43917352651
0.43363742636
0.4281321686
0.422658055389
0.417215386558
0.411804459258
0.406425567628
0.401079002468
0.395765050927
0.390483996208
0.385236117284
0.380021688635
0.37484098
0.369694256139
0.36458177663
0.359503795662
0.354460561864
0.34945231814
0.34447930153
0.33954174308
0.334639867734
0.329773894244
0.324944035092
0.320150496428
0.315393478028
0.310673173258
0.305989769063
0.301343445955
0.296734378026
0.29216273297
0.287628672108
0.283132350434
0.278673916666
0.274253513305
0.269871276703
0.265527337143
0.261221818921
0.256954840434
0.25272651428
0.248536947358
0.244386240972
0.240274490946
0.236201787735
0.232168216541
0.228173857439
0.224218785496
0.220303070893
0.216426779056
0.212589970783
0.208792702367
0.20503502573
0.201316988549
0.197638634387
0.19400000282
0.190401129563
0.186842046602
0.183322782315
0.1798433616
0.176403805999
0.173004133818
0.169644360247
0.166324497484
0.163044554845
0.159804538885
0.156604453505
0.15344430007
0.150324077511
0.147243782435
0.14420340923
0.141202950165
0.138242395489
0.135321733531
0.132440950794
0.129600032045
0.12679896041
0.124037717457
0.121316283286
0.118634636609
0.115992754831
0.113390614131
0.110828189535
0.108305454994
0.105822383453
0.10337894692
0.100975116536
0.0986108626377
0.0962861548243
0.0940009620147
0.0917552525089
0.0895489940448
0.0873821538531
0.0852546987109
0.083166594993
0.0811178087216
0.0791083056139
0.0771380511284
0.0752070105094
0.073315148829
0.071462431029
0.0696488219595
0.0678742864176
0.0661387891832
0.0644422950538
0.0627847688786
0.0611661755895
0.0595864802326
0.058045647997
0.0565436442429
0.0550804345281
0.0536559846337
0.0522702605878
0.0509232286891
0.0496148555283
0.0483451080087
0.0471139533662
0.0459213591874
0.044767293427
0.0436517244245
0.0425746209191
0.0415359520647
0.0405356874424
0.0395737970736
0.0386502514314
0.0377650214509
0.0369180785389
0.0361093945832
0.0353389419596
0.0346066935398
0.0339126226971
0.033256703312
0.0326389097766
0.0320592169985
0.0315176004037
0.0310140359387
0.030548500072
0.0301209697946
0.0297314226199
0.0293798365826
0.0290661902374
0.0287904626561
0.0285526334249
0.02835268264
0.0281905909033
0.0280663393167
0.027979909476
0.0279312834643
0.0279204438437
0.0279473736476
0.0280120563709
0.0281144759606
0.0282546168047
0.0284324637212
0.0286480019454
0.0289012171171
0.0291920952671
0.0295206228019
0.0298867864893
0.0302905734414
0.0307319710978
0.0312109672078
0.0317275498121
0.0322817072223
0.0328734280014
0.033502700942
0.0341695150443
0.0348738594928
0.0356157236325
0.0363950969437
0.0372119690162
0.0380663295223
0.038958168189
0.0398874747691
0.0408542390108
0.0418584506276
0.0429000992654
0.0439791744698
0.0450956656517
0.0462495620523
0.0474408527059
0.0486695264029
0.0499355716507
0.0512389766335
0.0525797291714
0.0539578166774
0.0553732261141
0.0568259439484
0.0583159561051
0.0598432479194
0.0614078040876
0.0630096086169
0.0646486447739
0.0663248950309
0.0680383410116
0.0697889634354
0.0715767420595
0.0734016556202
0.0752636817729
0.0771627970298
0.0790989766968
0.081072194809
0.083082424064
0.0851296357545
0.087213799699
0.089334884171
0.0914928558267
0.0936876796317
0.0959193187854
0.0981877346448
0.100492886646
0.102834732227
0.105213226742
0.107628323386
0.110079973104
0.112568124513
0.115092723814
0.117653714703
0.120251038283
0.122884632978
0.125554434443
0.128260375467
0.13100238589
0.133780392503
0.136594318961
0.139444085686
0.142329609773
0.145250804901
0.148207581232
0.151199845323
0.15422750003
0.157290444414
0.160388573651
0.163521778939
0.166689947406
0.169892962022
0.173130701512
0.176403040267
0.179709848262
0.183050990974
0.1864263293
0.189835719482
0.193279013031
0.196756056662
0.200266692219
0.203810756619
0.20738808179
0.210998494618
0.214641816897
0.218317865287
0.222026451273
0.225767381138
0.22954045593
0.233345471451
0.237182218238
0.241050481562
0.24495004143
0.248880672595
0.252842144575
0.256834221684
0.260856663064
0.264909222732
0.268991649637
0.27310368772
0.277245075991
0.281415548611
0.285614834988
0.289842659873
0.294098743483
0.298382801613
0.302694545778
0.307033683347
0.311399917697
0.315792948374
0.320212471259
0.324658178744
0.329129759918
0.333626900758
0.338149284322
0.34269659096
0.347268498512
0.351864682527
0.356484816474
0.361128571961
0.36579561895
0.370485625973
0.375198260353
0.37993318841
0.384690075675
0.389468587087
0.394268387195
0.399089140341
0.403930510839
0.408792163139
0.413673761983
0.418574972543
0.42349546054
0.428434892356
0.433392935115
0.438369256751
0.44336352606
0.448375412714
0.45340458727
0.458450721143
0.463513486559
0.46859255648
0.473687604512
0.478798304771
0.483924331744
0.489065360106
0.494221064527
0.499391119445
0.504575198824
0.509772975884
0.514984122817
0.520208310487
0.525445208105
0.530694482903
0.535955799793
0.541228821021
0.546513205818
0.551808610056
0.557114685904
0.5624310815
0.567757440637
0.573093402468
0.578438601243
0.583792666069
0.589155220718
0.594525883474
0.599904267032
0.605289978455
0.610682619193
0.616081785179
0.621487066993
0.626898050121
0.632314315294
0.637735438933
0.643160993694
0.648590549117
0.654023672397
0.659459929272
0.664898885028
0.670340105642
0.675783159045
0.681227616524
0.68667305425
0.692119054948
0.697565209692
0.703011119831
0.708456399051
0.713900675545
0.719343594314
0.724784819568
0.730224037234
0.735660957559
0.741095317788
0.746526884916
0.751955458499
0.75738087351
0.762803003219
0.768221762093
0.773637108695
0.779049048563
0.784457637067
0.789862982205
0.795265247354
0.800664653932
0.806061483978
0.811456082635
0.816848860519
0.822240295969
0.827630937176
0.833021404185
0.838412390762
0.843804666135
0.849199076611
0.854596547069
0.85999808235
0.86540476854
0.870817774177
0.876238351391
0.881667836992
0.887107653549
0.892559310458
0.898024405054
0.903504623777
0.909001743441
0.914517632628
0.920054253258
0.925613662362
0.931198014113
0.936809562152
0.942450662253
0.948123775393
0.953831471262
0.959576432282
0.965361458195
0.971189471276
0.977063522261
0.982986797047
0.988962624267
0.994994483826
1.0010860165
1.00724103475
1.01346353481
1.01975771027
1.02612796737
1.03257894199
1.03911551889
1.04574285317
1.05246639441
1.05929191382
1.06622553484
1.07327376766
1.08044354817
1.08774228221
1.09517789578
1.10275889226
1.11049441781
1.1183943363
1.1264693156
1.13473092717
1.14319176153
1.15186556273
1.16076738551
1.16991377999
1.17932300968
1.18901531002
1.19901319691
1.20934183645
1.22002949108
1.23110806046
1.24261374159
1.25458783858
1.2670777619
1.28013826722
1.29383299725
1.30823640396
1.32343614022
1.33953600939
1.35665952323
1.37495397933
1.39459457172
1.41578699512
1.43876428078
1.46376659192
1.49097474234
1.5203237821
1.55102872271
1.58056480334
1.60337489158
1.61212621205
1.60435140914
1.58554812493
1.56281110292
1.54029052873
1.51959703202
1.50111760655
1.48477372639
1.47034315618
1.45758109531
1.44626113964
1.43618590428
1.42718677124
1.41912021179
1.41186346286
1.40531052418
1.39936874781
1.39395603575
1.38899857932
1.38442905857
1.38018522803
1.37620883025
1.37244479293
1.3688406776
1.36534635593
1.36191389397
1.35849762524
1.35505439006
1.35154391269
1.34792927946
1.34417747295
1.34025991019
1.33615292958
1.33183817302
1.32730281712
1.32253962122
1.31754677699
1.31232756416
1.30688983518
1.30124536625
1.29540912124
1.28939847803
1.28323246389
1.27693103898
1.27051445738
1.26400272387
1.25741515467
1.25077004178
1.24408441406
1.23737388416
1.23065256801
1.22393306324
1.21722647312
1.21054246419
1.20388934715
1.19727417247
1.19070283399
1.18418017516
1.17771009413
1.17129564487
1.16493913255
1.15864220208
1.15240591917
1.14623084378
1.14011709611
1.13406441534
1.12807221164
1.12213961195
1.1162655
1.11044855115
1.10468726268
1.0989799798
1.09332491819
1.08772018324
1.08216378655
1.07665366
1.07118766782
1.06576361686
1.06037926545
1.05503233098
1.04972049658
1.04444141701
1.03919272387
1.0339720305
1.02877693652
1.02360503223
1.01845390297
1.0133211335
1.00820431253
1.00310103742
0.998008919134
0.992925587492
0.987848696665
0.982775931045
0.977705011392
0.97263370128
0.967559813815
0.962481218572
0.957395848703
0.952301708165
0.947196878981
0.942079528465
0.936947916319
0.931800401521
0.926635448902
0.921451635318
0.916247655337
0.911022326338
0.905774592944
0.900503530724
0.895208349077
0.889888393269
0.884543145565
0.879172225438
0.873775388834
0.868352526507
0.862903661433
0.857428945341
0.851928654397
0.846403184116
0.84085304355
0.835278848851
0.829681316277
0.824061254743
0.818419558009
0.812757196595
0.807075209523
0.801374695979
0.795656806981
0.789922737132
0.784173716545
0.778411002997
0.772635874386
0.766849621526
0.76105354135
0.755248930525
0.749437079534
0.743619267228
0.737796755871
0.731970786663
0.726142575774
0.720313310841
0.714484147958
0.708656209105
0.702830580028
0.697008308533
0.691190403169
0.685377832284
0.679571523421
0.67377236303
0.667981196469
0.662198828267
0.656426022618
0.650663504096
0.644911958548
0.639172034151
0.63344434261
0.627729460479
0.622027930576
0.616340263483
0.610666939114
0.605008408322
0.599365094549
0.593737395494
0.588125684791
0.58253031368
0.576951612673
0.571389893195
0.565845449196
0.560318558728
0.554809485478
0.549318480257
0.543845782434
0.538391621311
0.532956217441
0.527539783888
0.522142527409
0.516764649581
0.511406347857
0.506067816545
0.500749247734
0.49545083213
0.49017275984
0.48491522108
0.479678406812
0.474462509322
0.469267722728
0.464094243424
0.45894227047
0.453812005909
0.448703655042
0.443617426638
0.438553533096
0.433512190554
0.428493618959
0.423498042084
0.418525687509
0.413576786563
0.408651574229
0.40375028902
0.398873172822
0.394020470712
0.389192430752
0.384389303765
0.379611343082
0.37485880429
0.37013194495
0.365431024318
0.360756303045
0.356108042882
0.351486506372
0.346891956546
0.342324656615
0.337784869663
0.333272858345
0.328788884587
0.324333209297
0.319906092073
0.315507790928
0.311138562021
0.306798659393
0.302488334723
0.298207837088
0.293957412731
0.289737304855
0.285547753412
0.281388994921
0.277261262282
0.273164784619
0.269099787123
0.265066490918
0.261065112929
0.257095865772
0.25315895765
0.249254592265
0.24538296874
0.241544281548
0.237738720462
0.233966470509
0.230227711931
0.226522620163
0.222851365817
0.219214114676
0.215611027693
0.212042261004
0.208507965942
0.205008289065
0.201543372185
0.198113352407
0.19471836217
0.191358529297
0.188033977052
0.184744824191
0.181491185033
0.178273169521
0.175090883292
0.171944427756
0.168833900162
0.165759393687
0.162720997508
0.159718796891
0.156752873268
0.153823304332
0.150930164113
0.148073523073
0.14525344819
0.14247000305
0.139723247931
0.137013239895
0.134340032876
0.131703677767
0.129104222512
0.126541712185
0.124016189087
0.121527692823
0.119076260393
0.116661926272
0.114284722495
0.111944678736
0.109641822394
0.107376178666
0.105147770625
0.102956619303
0.100802743757
0.0986861611483
0.0966068868117
0.0945649343264
0.092560315584
0.0905930408561
0.0886631188592
0.0867705568183
0.0849153605291
0.0830975344182
0.0813170816017
0.0795740039421
0.0778683021038
0.0761999756068
0.0745690228781
0.0729754413028
0.0714192272722
0.069900376231
0.0684188827227
0.0669747404335
0.0655679422346
0.0641984802224
0.0628663457579
0.0615715295041
0.0603140214622
0.0590938110055
0.057910886913
0.0567652374005
0.0556568501504
0.0545857123409
0.0535518106724
0.0525551313935
0.0515956603255
0.050673382885
0.0497882841053
0.048940348657
0.0481295608667
0.0473559047342
0.0466193639491
0.0459199219056
0.045257561716
0.044632266223
0.0440440180111
0.0434927994163
0.0429785925344
0.0425013792289
0.0420611411368
0.0416578596738
0.0412915160376
0.0409620912112
0.0406695659637
0.0404139208505
0.0401951362128
0.040013192175
0.0398680686416
0.0397597452927
0.0396882015784
0.039653416712
0.0396553696621
0.0396940391435
0.0397694036071
0.0398814412283
0.0400301298948
0.0402154471926
0.0404373703914
0.0406958764286
0.040990941892
0.041322543002
0.0416906555914
0.0420952550856
0.0425363164803
0.0430138143186
0.0435277226673
0.0440780150912
0.0446646646268
0.0452876437544
0.04594692437
0.0466424777542
0.0473742745418
0.0481422846892
0.0489464774404
0.0497868212926
0.0506632839599
0.0515758323364
0.0525244324569
0.0535090494584
0.054529647538
0.0555861899119
0.0566786387711
0.0578069552375
0.058971099318
0.0601710298576
0.061406704491
0.0626780795938
0.0639851102315
0.0653277501084
0.0667059515142
0.0681196652707
0.0695688406762
0.0710534254499
0.0725733656745
0.0741286057379
0.075719088274
0.0773447541027
0.0790055421685
0.0807013894786
0.0824322310401
0.084197999796
0.085998626561
0.0878340399564
0.089704166344
0.09160892976
0.0935482518482
0.0955220517925
0.0975302462494
0.0995727492802
0.101649472283
0.103760323924
0.105905210071
0.108084033724
0.110296694948
0.112543090806
0.114823115294
0.117136659271
0.119483610398
0.121863853072
0.124277268364
0.126723733955
0.129203124079
0.131715309462
0.134260157267
0.13683753104
0.139447290655
0.142089292266
0.144763388261
0.147469427215
0.150207253852
0.152976709006
0.155777629585
0.158609848545
0.161473194861
0.164367493504
0.167292565428
0.170248227556
0.173234292768
0.176250569908
0.179296863779
0.182372975158
0.18547870081
0.188613833506
0.191778162056
0.194971471341
0.198193542355
0.201444152254
0.204723074408
0.20803007847
0.211364930438
0.21472739274
0.218117224313
0.221534180701
0.224978014148
0.228448473711
0.231945305372
0.23546825216
0.23901705428
0.24259144925
0.246191172041
0.24981595523
0.253465529148
0.257139622048
0.260837960265
0.264560268391
0.268306269445
0.272075685054
0.275868235634
0.279683640572
0.283521618414
0.287381887045
0.291264163881
0.295168166048
0.29909361057
0.303040214544
0.307007695318
0.310995770662
0.315004158932
0.319032579231
0.323080751554
0.327148396932
0.331235237562
0.335340996924
0.339465399889
