-0.0
1.97768457655e-05
7.91083118027e-05
0.000177997184504
0.000316448108424
0.000494467587127
0.000712063984381
0.000969247525685
0.00126603030014
0.00160242626268
0.00197845123661
0.00239412291649
0.00284946087146
0.00334448654871
0.00387922327755
0.00445369627359
0.00506793264345
0.00572196138972
0.0064158134163
0.00714952153414
0.00792312046723
0.00873664685911
0.00959013927956
0.0104836382318
0.01141718616
0.0123908274573
0.0134046084735
0.0144585775247
0.0155527849013
0.0166872828781
0.0178621257237
0.0190773697107
0.0203330731267
0.0216292962846
0.0229661015345
0.0243435532752
0.0257617179664
0.0272206641417
0.028720462421
0.0302611855242
0.0318429082854
0.0334657076667
0.0351296627733
0.0368348548686
0.0385813673899
0.0403692859644
0.0421986984258
0.0440696948314
0.0459823674798
0.0479368109285
0.0499331220127
0.0519713998644
0.0540517459316
0.0561742639983
0.0583390602055
0.0605462430719
0.0627959235154
0.0650882148755
0.0674232329363
0.0698010959488
0.0722219246559
0.0746858423159
0.0771929747283
0.0797434502587
0.0823373998655
0.0849749571266
0.0876562582671
0.0903814421868
0.09315065049
0.095964027514
0.0988217203597
0.101723878923
0.104670655924
0.107662206943
0.11069869045
0.11378026784
0.116907103469
0.120079364685
0.123297221867
0.126560848465
0.129870421029
0.133226119255
0.136628126022
0.140076627433
0.143571812852
0.147113874952
0.150703009753
0.154339416669
0.158023298552
0.161754861735
0.165534316083
0.169361875038
0.173237755666
0.177162178713
0.181135368649
0.185157553724
0.18922896602
0.193349841503
0.197520420083
0.201740945666
0.206011666212
0.210332833799
0.214704704675
0.219127539325
0.223601602535
0.228127163449
0.23270449564
0.237333877175
0.242015590684
0.246749923427
0.251537167367
0.256377619241
0.261271580635
0.266219358058
0.27122126302
0.27627761211
0.281388727074
0.2865549349
0.291776567901
0.297053963795
0.302387465797
0.307777422704
0.31322418899
0.318728124889
0.324289596496
0.32990897586
0.335586641082
0.341322976411
0.347118372349
0.35297322575
0.358887939929
0.364862924763
0.370898596806
0.376995379394
0.38315370276
0.389374004148
0.395656727929
0.402002325721
0.408411256506
0.414883986755
0.421420990551
0.428022749715
0.434689753934
0.44142250089
0.448221496395
0.45508725452
0.462020297732
0.46902115703
0.476090372086
0.483228491382
0.490436072352
0.497713681526
0.505061894671
0.512481296939
0.519972483012
0.527536057245
0.535172633821
0.542882836889
0.550667300718
0.558526669844
0.566461599213
0.574472754331
0.582560811408
0.590726457501
0.598970390656
0.607293320048
0.615695966117
0.624179060699
0.632743347159
0.641389580511
0.650118527537
0.658930966901
0.667827689252
0.676809497321
0.685877206009
0.695031642462
0.704273646137
0.713604068852
0.723023774826
0.732533640694
0.742134555515
0.75182742075
0.761613150222
0.771492670052
0.781466918563
0.791536846161
0.801703415175
0.811967599667
0.822330385197
0.832792768547
0.843355757395
0.854020369938
0.864787634453
0.875658588801
0.886634279855
0.897715762859
0.908904100697
0.920200363082
0.931605625638
0.943120968882
0.954747477085
0.966486237015
0.978338336535
0.990304863064
1.00238690186
1.01458553417
1.02690183513
1.03933687151
1.05189169927
1.06456736078
1.07736488191
1.09028526878
1.10332950422
1.11649854397
1.12979331249
1.14321469853
1.15676355018
1.17044066969
1.18424680774
1.19818265743
1.2122488477
1.22644593634
1.24077440258
1.25523463908
1.26982694354
1.28455150977
1.29940841825
1.31439762629
1.32951895768
1.3447720919
1.36015655303
1.37567169827
1.39131670623
1.40709056508
1.42299206062
1.43901976441
1.45517202213
1.47144694237
1.48784238588
1.50435595571
1.52098498828
1.53772654572
1.55457740973
1.5715340771
1.58859275739
1.60574937267
1.6229995599
1.64033867589
1.6577618051
1.67526377042
1.69283914681
1.71048227805
1.72818729624
1.74594814406
1.76375859955
1.78161230311
1.79950278655
1.81742350376
1.835367863
1.85332926051
1.87130111549
1.88927690668
1.90725021076
1.92521474326
1.94316440262
1.9610933184
1.97899590463
1.99686691937
2.01470153147
2.03249539516
2.05024473294
2.06794642651
2.08559811494
2.10319829853
2.12074644599
2.13824310189
2.15568999073
2.17309011355
2.19044783284
2.20776894192
2.2250607152
2.24233193692
2.25959290701
2.27685542417
2.29413274769
2.31143954101
2.32879180153
2.34620678206
2.36370291033
2.38129971357
2.3990177553
2.41687859153
2.43490475352
2.45311976349
2.47154818946
2.49021574434
2.50914943307
2.52837774975
2.5479309227
2.56784119934
2.5881431508
2.60887395558
2.63007358418
2.65178473952
2.67405228769
2.69692169609
2.72043560389
2.74462694237
2.76950576339
2.79503476907
2.82108512697
2.84735999178
2.87327266667
2.89778672419
2.9193089164
2.93588772019
2.94593545859
2.94908403064
2.94634773266
2.93945768795
2.93007606162
2.9194121627
2.90820045722
2.89682138771
2.88543008301
2.87405154437
2.8626422762
2.85112820595
2.83942773768
2.82746577391
2.81518207547
2.80253577619
2.78950704256
2.77609651705
2.76232308998
2.74822054905
2.73383365311
2.7192141233
2.70441693578
2.68949716343
2.67450747803
2.65949631386
2.64450661875
2.62957507953
2.61473169783
2.59999960007
2.58539498449
2.57092713049
2.55659841947
2.5424043385
2.52833345922
2.51436740409
2.50048083177
2.4866414921
2.47281041954
2.45894234831
2.44498644084
2.43088741662
2.4165871466
2.40202673278
2.38714902298
2.37190142369
2.35623878319
2.34012604776
2.32354036948
2.30647238416
2.28892648143
2.27092003752
2.25248173669
2.2336492323
2.21446646385
2.19498094628
2.17524129257
2.15529514591
2.1351876064
2.11496016001
2.09465006228
2.0742900986
2.05390863177
2.03352985122
2.01317414904
1.99285856314
1.97259724227
1.95240190125
1.93228224569
1.91224635376
1.89230100934
1.87245198494
1.85270427607
1.83306229046
1.8135299969
1.79411103863
1.77480881675
1.75562654858
1.73656730581
1.71763403677
1.69882957659
1.68015664861
1.66161785972
1.64321569193
1.624952492
1.60683046051
1.5888516414
1.57101791273
1.55333097913
1.53579236617
1.51840341689
1.50116529025
1.48407896169
1.46714522532
1.45036469783
1.43373782368
1.41726488141
1.40094599098
1.38478112166
1.3687701005
1.35291262115
1.3372082528
1.3216564492
1.3062565576
1.2910078275
1.27590941922
1.26096041213
1.24615981255
1.23150656127
1.21699954069
1.20263758157
1.18841946927
1.17434394975
1.160409735
1.14661550815
1.13295992821
1.11944163442
1.10605925021
1.09281138693
1.07969664717
1.06671362781
1.05386092281
1.04113712575
1.02854083207
1.01607064115
1.00372515817
0.991502995733
0.979402775356
0.967423128788
0.955562699168
0.943820142052
0.932194126314
0.920683334924
0.909286465635
0.898002231557
0.886829361655
0.875766601166
0.864812711938
0.853966472707
0.843226679321
0.832592144896
0.822061699938
0.811634192412
0.801308487778
0.791083468988
0.780958036454
0.770931107987
0.761001618711
0.751168520953
0.74143078412
0.731787394553
0.722237355363
0.712779686266
0.703413423392
0.694137619094
0.684951341745
0.675853675531
0.66684372023
0.657920590997
0.649083418137
0.640331346881
0.631663537151
0.623079163334
0.614577414051
0.60615749192
0.597818613326
0.589560008193
0.581380919748
0.573280604296
0.565258330992
0.557313381613
0.549445050338
0.541652643525
0.533935479495
0.526292888314
0.518724211581
0.511228802221
0.503806024272
0.496455252691
0.489175873146
0.481967281821
0.474828885226
0.467760100002
0.460760352737
0.453829079784
0.446965727076
0.440169749954
0.433440612991
0.426777789824
0.420180762986
0.413649023743
0.407182071935
0.400779415816
0.394440571904
0.388165064828
0.381952427182
0.375802199381
0.369713929518
0.363687173225
0.357721493541
0.351816460777
0.345971652386
0.340186652837
0.334461053489
0.328794452475
0.323186454573
0.3176366711
0.312144719792
0.306710224693
0.301332816049
0.296012130198
0.290747809469
0.285539502076
0.280386862023
0.275289549002
0.270247228299
0.265259570703
0.260326252412
0.255446954943
0.250621365048
0.245849174624
0.241130080634
0.236463785024
0.231849994639
0.227288421152
0.222778780979
0.218320795213
0.213914189545
0.209558694193
0.205254043835
0.200999977537
0.196796238688
0.192642574934
0.188538738116
0.184484484202
0.180479573233
0.176523769256
0.172616840271
0.16875855817
0.164948698682
0.16118704132
0.157473369324
0.153807469611
0.150189132724
0.146618152778
0.143094327418
0.139617457762
0.136187348362
0.132803807155
0.129466645416
0.126175677717
0.122930721883
0.11973159895
0.116578133126
0.113470151746
0.110407485237
0.107389967078
0.104417433764
0.101489724767
0.0986066825017
0.0957681522888
0.092973982323
0.0902240236382
0.087518130075
0.0848561582483
0.0822379675167
0.0796634199515
0.077132380307
0.0746447159912
0.0722002970374
0.0697989960766
0.0674406883098
0.065125251482
0.0628525658557
0.0606225141862
0.0584349816966
0.0562898560535
0.0541870273439
0.0521263880518
0.0501078330362
0.048131259509
0.0461965670138
0.044303657405
0.0424524348278
0.0406428056984
0.0388746786844
0.0371479646866
0.0354625768206
0.0338184303988
0.0322154429135
0.0306535340198
0.0291326255194
0.0276526413448
0.0262135075436
0.0248151522636
0.0234575057383
0.0221405002728
0.0208640702299
0.0196281520169
0.0184326840726
0.0172776068552
0.0161628628295
0.015088396456
0.0140541541789
0.0130600844158
0.0121061375465
0.0111922659035
0.0103184237616
0.00948456732901
0.00869065473784
0.00793664603562
0.00722250317692
0.00654819001527
0.0059136722956
0.00531891764682
0.00476389557492
0.0042485774563
0.00377293653146
0.00333694789902
0.00294058851008
0.00258383716288
0.00226667449781
0.00198908299272
0.00175104695852
0.00155255253516
0.00139358768786
0.0012741422037
0.00119420768843
0.00115377756372
0.00115284706456
0.00119141323709
0.00126947493663
0.00138703282611
0.00154408937465
0.0017406488566
0.00197671735071
0.00225230273975
0.00256741471026
0.0029220647527
0.00331626616186
0.00375003403751
0.00422338528538
0.00473633861839
0.00528891455821
0.00588113543702
0.00651302539963
0.00718461040581
0.00789591823293
0.00864697847887
0.00943782256522
0.0102684837407
0.0111389970849
0.0120493995122
0.0129997297763
0.0139900284743
0.0150203380521
0.0160907028087
0.0172011689023
0.0183517843554
0.0195425990609
0.0207736647879
0.0220450351886
0.0233567658046
0.0247089140736
0.0261015393371
0.0275347028474
0.0290084677753
0.0305228992184
0.0320780642086
0.0336740317212
0.0353108726832
0.0369886599823
0.0387074684759
0.0404673750009
0.042268458383
0.0441107994467
0.0459944810255
0.0479195879718
0.0498862071684
0.0518944275384
0.0539443400565
0.0560360377606
0.0581696157629
0.0603451712615
0.0625628035527
0.0648226140426
0.0671247062599
0.0694691858679
0.0718561606774
0.0742857406596
0.0767580379588
0.0792731669062
0.0818312440324
0.0844323880817
0.0870767200252
0.0897643630747
0.0924954426968
0.0952700866266
0.0980884248821
0.100950589778
0.103856715941
0.106806940322
0.109801402213
0.112840243259
0.115923607477
0.119051641263
0.122224493415
0.125442315138
0.128705260069
0.132013484282
0.135367146306
0.138766407141
0.142211430269
0.145702381667
0.149239429823
0.152822745749
0.156452502992
0.160128877649
0.163852048376
0.167622196405
0.171439505551
0.175304162226
0.179216355445
0.183176276844
0.18718412068
0.191240083848
0.195344365883
0.199497168969
0.203698697947
0.207949160319
0.212248766251
0.216597728578
0.220996262806
0.225444587113
0.229942922348
0.234491492029
0.239090522338
0.243740242121
0.248440882875
0.253192678744
0.257995866506
0.262850685558
0.267757377908
0.272716188148
0.277727363442
0.282791153498
0.287907810544
0.2930775893
0.298300746944
0.303577543075
0.30890823968
0.314293101081
0.319732393897
0.325226386984
0.330775351384
0.336379560261
0.342039288832
0.347754814301
0.353526415772
0.359354374172
0.365238972157
0.371180494011
0.377179225546
0.383235453986
0.389349467847
0.395521556805
0.40175201156
0.408041123685
0.414389185473
0.42079648976
0.427263329753
0.433789998833
0.440376790355
0.447023997428
0.453731912689
0.460500828054
0.467331034465
0.47422282161
0.481176477634
0.488192288836
0.495270539337
0.502411510741
0.509615481769
0.51688272788
0.524213520864
0.531608128418
0.539066813698
0.546589834849
0.554177444506
0.561829889279
0.569547409203
0.577330237168
0.585178598319
0.593092709428
0.601072778235
0.609119002771
0.617231570631
0.625410658239
0.633656430067
0.641969037827
0.650348619636
0.658795299146
0.667309184643
0.675890368117
0.684538924303
0.693254909688
0.702038361496
0.710889296641
0.719807710657
0.728793576603
0.737846843946
0.746967437428
0.756155255915
0.765410171231
0.77473202699
0.784120637414
0.793575786159
0.803097225144
0.812684673387
0.822337815867
0.8320563024
0.841839746552
0.851687724589
0.861599774478
0.871575394929
0.881614044523
0.891715140892
0.901878059991
0.912102135464
0.9223866581
0.93273087541
0.943133991313
0.953595165951
0.964113515641
0.974688112963
0.985317986994
0.996002123698
1.00673946646
1.01752891678
1.02836933513
1.03925954194
1.05019831875
1.06118440951
1.072216522
1.08329332935
1.09441347172
1.10557555805
1.11677816788
1.12801985327
1.13929914071
1.15061453314
1.16196451192
1.17334753885
1.18476205815
1.19620649846
1.20767927478
1.21917879047
1.23070343919
1.24225160689
1.25382167381
1.26541201666
1.27702101081
1.28864703277
1.30028846289
1.31194368839
1.32361110685
1.33528913019
1.34697618931
1.35867073939
1.3703712661
1.38207629267
1.39378438807
1.40549417618
1.4172043463
1.42891366474
1.44062098778
1.45232527581
1.46402560877
1.47572120266
1.4874114272
1.49909582439
1.51077412777
1.5224462823
1.53411246457
1.54577310305
1.55742889814
1.56908084188
1.58073023686
1.59237871421
1.60402825047
1.61568118316
1.62734022487
1.63900847595
1.6506894357
1.66238701227
1.67410553136
1.68584974407
1.69762483427
1.70943642584
1.72129059053
1.73319385681
1.74515322073
1.75717615936
1.76927064783
1.78144518105
1.79370880112
1.80607113174
1.81854242112
1.83113359494
1.84385632134
1.85672309002
1.86974730826
1.88294341686
1.89632702996
1.90991510334
1.92372613724
1.93778042082
1.95210032785
1.96671067524
1.98163915993
1.9969168937
2.01257906209
2.02866574131
2.04522291846
2.06230377553
2.07997031829
2.09829545906
2.11736570011
2.13728461187
2.15817735661
2.18019655644
2.20352979282
2.22840878695
2.25511935423
2.28400806817
2.31547167582
2.3498845998
2.38732610692
2.42671325425
2.46359285909
2.48764982247
2.48894570337
2.47145753636
2.44691117678
2.42254059913
2.40075739259
2.38190513787
2.36569170065
2.35169281311
2.33950252348
2.32876810606
2.31919010141
2.31051357017
2.30251870467
2.29501310407
2.28782615331
2.28080538048
2.27381451009
2.26673287835
2.25945583951
2.25189575184
2.24398310608
2.23566737202
2.2269172096
2.21771982067
2.20807938457
2.19801468895
2.18755619756
2.17674286303
2.16561899054
2.15423140118
2.1426270577
2.13085122522
2.11894616392
2.10695029854
2.09489778132
2.08281835688
2.07073744223
2.05867634771
2.04665257998
2.03468018305
2.02277008672
2.01093044249
1.99916693505
1.98748306365
1.97588039147
1.96435876412
1.95291649982
1.94155055504
1.9302566696
1.91902949557
1.90786271404
1.89674914388
1.88568084603
1.87464922657
1.86364514158
1.85265900579
1.84168090698
1.830700727
1.81970826974
1.80869339565
1.79764616131
1.78655696218
1.77541667543
1.76421679964
1.7529495871
1.74160816485
1.73018664007
1.718680186
1.70708510528
1.69539886809
1.68362012389
1.67174868649
1.65978549339
1.64773254158
1.63559280285
1.62337012241
1.6110691052
1.59869499425
1.58625354579
1.57375090504
1.56119348643
1.54858786134
1.53594065562
1.52325845862
1.51054774471
1.49781480764
1.48506570769
1.47230623095
1.45954185999
1.44677775477
1.43401874256
1.42126931574
1.40853363609
1.39581554431
1.38311857386
1.37044596779
1.35780069788
1.3451854851
1.33260282085
1.32005498828
1.30754408326
1.29507203461
1.28264062341
1.2702515009
1.25790620518
1.24560617623
1.23335276961
1.22114726843
1.20899089395
1.19688481467
1.18483015405
1.17282799693
1.16087939476
1.14898536975
1.13714691805
1.12536501206
1.11364060201
1.10197461682
1.09036796452
1.07882153214
1.06733618529
1.05591276741
1.04455209888
1.03325497592
1.02202216945
1.01085442393
0.999752456162
0.988716954177
0.977748576176
0.966847949572
0.956015670153
0.945252301363
0.934558373724
0.923934384391
0.913380796857
0.902898040788
0.892486512002
0.88214657257
0.871878551049
0.861682742823
0.851559410556
0.841508784735
0.83153106431
0.821626417405
0.8117949821
0.802036867268
0.792352153472
0.782740893888
0.77320311528
0.76373881898
0.754347981903
0.745030557567
0.735786477119
0.726615650362
0.717517966779
0.708493296546
0.699541491534
0.690662386301
0.681855799049
0.673121532581
0.664459375218
0.6558691017
0.647350474058
0.638903242459
0.630527146021
0.622221913603
0.613987264562
0.605822909484
0.597728550882
0.589703883869
0.581748596799
0.573862371879
0.566044885757
0.558295810078
0.550614812018
0.543001554784
0.535455698101
0.527976898659
0.520564810552
0.513219085678
0.505939374134
0.498725324575
0.491576584557
0.484492800867
0.477473619824
0.470518687568
0.463627650332
0.456800154689
0.4500358478
0.443334377629
0.436695393152
0.430118544557
0.42360348342
0.417149862879
0.410757337787
0.404425564865
0.398154202833
0.391942912536
0.385791357067
0.379699201867
0.37366611483
0.367691766391
0.361775829612
0.355917980257
0.350117896863
0.344375260804
0.338689756349
0.33306107071
0.327488894096
0.321972919749
0.316512843982
0.311108366213
0.305759188995
0.300465018037
0.295225562228
0.290040533653
0.284909647609
0.279832622616
0.274809180423
0.26983904602
0.264921947636
0.260057616745
0.25524578806
0.250486199536
0.245778592363
0.241122710959
0.236518302963
0.231965119227
0.227462913805
0.223011443939
0.21861047005
0.214259755722
0.209959067685
0.205708175805
0.20150685306
0.19735487553
0.193252022374
0.189198075814
0.185192821113
0.181236046561
0.177327543449
0.17346710605
0.169654531604
0.165889620287
0.162172175198
0.158502002336
0.154878910574
0.151302711643
0.147773220107
0.144290253339
0.140853631505
0.137463177537
0.134118717113
0.130820078634
0.127567093203
0.124359594604
0.121197419276
0.118080406299
0.115008397362
0.111981236753
0.108998771327
0.106060850495
0.103167326193
0.100318052869
0.0975128874598
0.094751689369
0.0920343204487
0.0893606449794
0.0867305296492
0.0841438435356
0.081600458085
0.0791002470945
0.0766430866927
0.0742288553214
0.0718574337167
0.0695287048919
0.0672425541189
0.064998868911
0.0627975390055
0.0606384563471
0.0585215150705
0.0564466114844
0.0544136440555
0.0524225133918
0.0504731222278
0.0485653754085
0.0466991798746
0.0448744446477
0.0430910808154
0.0413490015175
0.0396481219314
0.0379883592588
0.0363696327121
0.034791863501
0.0332549748198
0.0317588918345
0.0303035416705
0.0288888534004
0.027514758032
0.0261811884971
0.0248880796394
0.023635368204
0.0224229928261
0.0212508940209
0.0201190141726
0.0190272975248
0.0179756901703
0.0169641400417
0.0159925969018
0.0150610123348
0.014169339737
0.0133175343084
0.0125055530442
0.0117333547264
0.0110008999164
0.0103081509465
0.00965507191288
0.00904162866827
0.00846778881464
0.00793352169651
0.00743879839426
0.00698359171767
0.00656787619972
0.00619162809053
0.00585482535157
0.00555744765001
0.00529947635329
0.00508089452394
0.00490168691444
0.00476183996246
0.00466134178613
0.00460018217957
0.00457835260858
0.00459584620649
0.0046526577702
0.00474878375638
0.00488422227783
0.00505897310001
0.00527303763773
0.00552641895193
0.00581912174675
0.00615115236656
0.0065225187933
0.00693323064384
0.00738329916753
0.00787273724382
0.00840155938012
0.00896978170961
0.0095774219893
0.0102244995982
0.0109110355353
0.0116370524182
0.0124025744814
0.0132076275746
0.0140522391615
0.0149364383185
0.015860255733
0.0168237237027
0.0178268761337
0.0188697485404
0.0199523780432
0.0210748033682
0.0222370648462
0.0234392044109
0.0246812655986
0.025963293547
0.0272853349936
0.0286474382754
0.0300496533271
0.0314920316803
0.0329746264621
0.0344974923937
0.0360606857893
0.0376642645541
0.0393082881834
0.0409928177602
0.0427179159535
0.0444836470166
0.0462900767846
0.0481372726719
0.05002530367
0.0519542403444
0.0539241548317
0.0559351208361
0.057987213626
0.0600805100302
0.0622150884332
0.0643910287713
0.0666084125272
0.0688673227248
0.0711678439235
0.073510062212
0.0758940652016
0.0783199420188
0.0807877832981
0.0832976811732
0.0858497292683
0.0884440226885
0.0910806580098
0.0937597332678
0.0964813479463
0.0992456029647
0.102052600665
0.104902444796
0.107795240501
0.110731094299
0.11371011407
0.116732409034
0.119798089733
0.122907268011
0.126060056992
0.129256571054
0.132496925811
0.135781238078
0.139109625852
0.142482208277
0.145899105616
0.149360439218
0.152866331481
0.156416905822
0.16001228663
0.163652599234
0.167337969854
0.171068525559
0.17484439422
0.178665704458
0.182532585593
0.18644516759
0.190403580998
0.194407956889
0.198458426799
0.202555122653
0.206698176701
0.21088772144
0.215123889535
0.219406813742
0.223736626819
0.228113461435
0.23253745008
0.237008724964
0.241527417914
0.246093660266
0.250707582755
0.255369315394
0.26007898735
0.264836726821
0.269642660895
0.274496915415
0.27939961483
0.284350882043
0.289350838251
0.294399602784
0.299497292928
0.304644023745
0.309839907892
0.315085055422
0.320379573583
0.32572356661
0.331117135509
0.336560377828
0.342053387426
0.347596254229
0.353189063983
0.35883189799
0.364524832844
0.37026794015
0.376061286243
0.381904931889
0.387798931984
0.39374333524
0.399738183863
0.405783513225
0.41187935152
0.418025719422
0.424222629725
0.430470086979
0.43676808712
0.443116617089
0.449515654445
0.455965166974
0.462465112287
0.46901543742
0.47561607842
0.482266959934
0.488967994797
0.495719083606
0.50252011431
0.509370961785
0.516271487418
0.523221538695
0.530220948788
0.53726953615
0.544367104121
0.551513440535
0.558708317346
0.565951490262
0.573242698395
0.580581663929
0.587968091804
0.595401669423
0.602882066384
0.610408934236
0.617981906259
0.625600597281
0.633264603523
0.640973502475
0.64872685282
0.656524194382
0.664365048121
0.672248916172
0.680175281921
0.688143610127
0.696153347093
0.704203920873
0.712294741534
0.720425201455
0.728594675677
0.73680252229
0.745048082863
0.753330682918
0.761649632431
0.770004226376
0.778393745292
0.786817455877
0.795274611604
0.803764453349
0.812286210037
0.82083909928
0.829422328026
0.838035093192
0.84667658229
0.855345974025
0.864042438878
0.872765139649
0.881513231978
0.890285864814
0.899082180855
0.907901316938
0.916742404393
0.925604569358
0.934486933047
0.943388612004
0.952308718322
0.961246359854
0.970200640427
0.979170660066
0.988155515258
0.997154299267
1.00616610253
1.01519001315
1.02422511752
1.03327050114
1.04232524955
1.0513884496
1.06045919085
1.06953656739
1.0786196799
1.08770763811
1.09679956362
1.1058945932
1.11499188247
1.12409061009
1.13318998237
1.1422892385
1.15138765612
1.16048455749
1.16957931612
1.17867136381
1.18776019821
1.19684539069
1.2059265946
1.21500355389
1.22407611181
1.23314421998
1.24220794738
1.25126748955
1.26032317756
1.26937548701
1.2784250468
1.28747264757
1.29651924996
1.30556599242
1.31461419862
1.32366538451
1.33272126492
1.34178375975
1.35085499982
1.35993733235
1.36903332627
1.37814577734
1.38727771331
1.39643239911
1.40561334247
1.41482429995
1.42406928371
1.43335256928
1.44267870447
1.45205251993
1.46147914153
1.47096400492
1.48051287285
1.49013185551
1.49982743454
1.50960649118
1.51947633944
1.52944476474
1.5395200693
1.54971112502
1.56002743535
1.57047920757
1.58107743731
1.59183400764
1.60276180542
1.61387485834
1.62518849696
1.63671954706
1.64848655918
1.66051008392
1.67281300447
1.68542094072
1.69836274444
1.71167111102
1.72538334235
1.73954230784
1.75419766878
1.76940745737
1.78524014136
1.80177736445
1.8191176458
1.83738146952
1.85671843775
1.87731757166
1.89942256547
1.92335511598
1.94955197131
1.97862642182
2.01147578038
2.04948075164
2.09489870645
2.15166035712
2.22649970245
2.31889571292
2.32536742687
2.24486560677
2.18145016699
2.13613362705
2.10218533885
2.07564604937
2.05423491144
2.03655116544
2.0216782406
2.0089827444
1.99800596348
1.98840169996
1.97989876856
1.97227738905
1.96535383289
1.95897022871
1.95298776049
1.94728221454
1.94174123194
1.9362628432
1.93075497427
1.92513566109
1.91933372044
1.91328962262
1.90695631424
1.90029976304
1.8932990476
1.88594589144
1.87824363048
1.87020568967
1.86185370952
1.85321549826
1.84432298537
1.83521032592
1.82591226147
1.81646279553
1.80689419797
1.79723631973
1.78751617819
1.77775776296
1.76798201043
1.75820689925
1.74844762562
1.73871682569
1.72902481995
1.71937986165
1.7097883771
1.70025519007
1.69078372619
1.68137619548
1.672033753
1.66275663846
1.65354429667
1.64439548072
1.63530833999
1.62628049534
1.61730910337
1.60839091181
1.59952230772
1.59069936017
1.58191785875
1.5731733492
1.56446116725
1.55577647147
1.54711427603
1.5384694839
1.52983692091
1.52121137105
1.51258761311
1.50396045869
1.49532479149
1.48667560746
1.47800805568
1.46931747914
1.46059945507
1.45184983394
1.44306477653
1.43424078818
1.42537474947
1.41646394277
1.40750607368
1.39849928726
1.3894421782
1.38033379504
1.3711736381
1.36196165132
1.35269820834
1.34338409298
1.33402047504
1.3246088817
1.31515116561
1.30564947026
1.29610619354
1.28652395032
1.27690553484
1.26725388358
1.25757203931
1.24786311693
1.2381302714
1.22837666829
1.2186054571
1.20881974759
1.1990225891
1.18921695296
1.17940571789
1.16959165819
1.15977743475
1.14996558844
1.14015853587
1.13035856715
1.12056784555
1.11078840865
1.10102217089
1.09127092728
1.081536358
1.07182003376
1.06212342166
1.05244789158
1.04279472267
1.03316511009
1.02356017172
1.01398095479
1.00442844238
0.994903559706
0.985407180095
0.97594013067
0.966503197681
0.957097131454
0.947722650959
0.938380447966
0.929071190815
0.919795527776
0.910554090027
0.901347494251
0.892176344872
0.883041235947
0.87394275273
0.864881472939
0.855857967737
0.846872802467
0.837926537138
0.829019726722
0.82015292125
0.811326665756
0.802541500073
0.793797958523
0.785096569493
0.776437854945
0.767822329859
0.759250501627
0.750722869426
0.742239923564
0.733802144833
0.725410003851
0.71706396044
0.70876446301
0.700511947982
0.692306839247
0.684149547663
0.676040470594
0.667979991505
0.659968479597
0.652006289493
0.644093760978
0.636231218788
0.628418972448
0.620657316155
0.612946528713
0.605286873514
0.597678598552
0.590121936491
0.582617104762
0.575164305698
0.567763726703
0.560415540453
0.55311990512
0.545876964625
0.538686848916
0.531549674256
0.524465543544
0.517434546637
0.510456760692
0.503532250523
0.496661068957
0.489843257205
0.483078845238
0.476367852162
0.4697102866
0.463106147073
0.456555422382
0.450058091987
0.443614126383
0.437223487474
0.430886128944
0.424601996619
0.418371028826
0.412193156746
0.406068304757
0.399996390772
0.393977326574
0.38801101813
0.382097365912
0.376236265199
0.370427606375
0.364671275217
0.358967153175
0.353315117642
0.347715042218
0.342166796961
0.336670248633
0.331225260935
0.325831694738
0.320489408297
0.315198257468
0.309958095905
0.304768775261
0.299630145373
0.294542054438
0.289504349195
0.284516875079
0.279579476391
0.274691996438
0.26985427769
0.265066161909
0.260327490286
0.255638103568
0.250997842178
0.24640654633
0.241864056138
0.237370211724
0.232924853315
0.228527821336
0.224178956507
0.219878099922
0.215625093132
0.211419778226
0.207261997901
0.203151595531
0.199088415237
0.195072301945
0.191103101448
0.18718066046
0.183304826671
0.179475448795
0.175692376617
0.171955461041
0.168264554126
0.16461950913
0.161020180544
0.157466424128
0.153958096946
0.150495057392
0.147077165221
0.143704281576
0.140376269014
0.137092991524
0.133854314556
0.130660105037
0.127510231389
0.124404563548
0.12134297298
0.118325332696
0.115351517264
0.112421402821
0.109534867088
0.106691789376
0.103892050598
0.101135533276
0.098422121551
0.0957517011851
0.093124159572
0.0905393857398
0.0879972703566
0.0854977057334
0.0830405858281
0.0806258062478
0.0782532642508
0.0759228587485
0.073634490306
0.0713880611431
0.0691834751344
0.0670206378089
0.0648994563493
0.0628198395912
0.0607816980219
0.0587849437782
0.056829490645
0.0549152540529
0.0530421510755
0.0512101004269
0.0494190224586
0.0476688391564
0.045959474137
0.0442908526445
0.0426629015466
0.0410755493306
0.0395287260998
0.0380223635688
0.0365563950596
0.035130755497
0.0337453814044
0.0324002108988
0.0310951836863
0.0298302410575
0.0286053258824
0.0274203826057
0.0262753572419
0.0251701973698
0.0241048521283
0.0230792722105
0.0220934098589
0.0211472188603
0.0202406545404
0.0193736737589
0.0185462349037
0.0177582978861
0.0170098241352
0.0163007765928
0.015631119708
0.0150008194317
0.0144098432113
0.0138581599853
0.0133457401781
0.0128725556942
0.0124385799131
0.0120437876835
0.0116881553183
0.0113716605886
0.0110942827184
0.0108560023793
0.0106568016844
0.0104966641832
0.0103755748555
0.0102935201062
0.0102504877593
0.0102464670523
0.0102814486302
0.0103554245398
0.0104683882238
0.0106203345148
0.0108112596292
0.0110411611612
0.0113100380764
0.0116178907059
0.0119647207396
0.0123505312196
0.0127753265342
0.0132391124106
0.0137418959084
0.0142836854127
0.0148644906265
0.0154843225642
0.0161431935436
0.0168411171787
0.0175781083714
0.0183541833043
0.0191693594318
0.0200236554722
0.0209170913989
0.0218496884314
0.0228214690265
0.0238324568685
0.0248826768599
0.0259721551112
0.0271009189303
0.0282689968127
0.0294764184295
0.0307232146165
0.0320094173627
0.0333350597974
0.0347001761781
0.0361048018776
0.0375489733697
0.0390327282158
0.0405561050502
0.0421191435649
0.0437218844939
0.0453643695968
0.0470466416424
0.0487687443904
0.0505307225738
0.0523326218797
0.0541744889294
0.0560563712583
0.0579783172944
0.0599403763362
0.0619425985298
0.063985034845
0.0660677370501
0.0681907576866
0.070354150042
0.0725579681217
0.0748022666203
0.077087100891
0.0794125269145
0.0817786012662
0.0841853810819
0.0866329240229
0.0891212882392
0.0916505323309
0.094220715309
0.0968318965539
0.0994841357725
0.102177492954
0.104912028322
0.107687802288
0.110504875404
0.113363308303
0.116263161654
0.119204496098
0.122187372196
0.125211850366
0.128277990822
0.131385853505
0.134535498022
0.137726983571
0.140960368871
0.144235712086
0.147553070748
0.150912501677
0.154314060895
0.157757803544
0.161243783791
0.164772054742
0.168342668341
0.171955675272
0.17561112486
0.179309064963
0.18304954186
0.186832600145
0.190658282604
0.194526630099
0.198437681444
0.202391473276
0.206388039923
0.210427413271
0.214509622624
0.218634694559
0.22280265278
0.227013517969
0.231267307626
0.235564035912
0.239903713487
0.24428634734
0.248711940619
0.253180492455
0.257691997781
0.262246447153
0.266843826559
0.271484117231
0.276167295449
0.280893332345
0.285662193703
0.290473839753
0.295328224965
0.300225297845
0.305165000715
0.310147269508
0.315172033549
0.32023921534
0.325348730341
0.330500486757
0.335694385316
0.340930319055
0.346208173101
0.351527824459
0.3568891418
0.362291985248
0.367736206179
0.373221647014
0.378748141025
0.384315512145
0.38992357478
0.395572133632
0.401260983534
0.406989909282
0.412758685496
0.41856707647
0.424414836051
0.430301707525
0.436227423514
0.442191705892
0.448194265712
0.45423480316
0.460313007509
0.466428557112
0.472581119395
0.478770350884
0.484995897245
0.491257393346
0.497554463345
0.503886720795
0.510253768769
0.516655200019
0.523090597141
0.529559532777
0.536061569825
0.542596261682
0.549163152503
0.555761777471
0.5623916631
0.569052327542
0.575743280916
0.582464025651
0.58921405683
0.595992862557
0.60279992432
0.609634717362
0.616496711052
0.623385369254
0.630300150691
0.637240509299
0.644205894571
0.651195751885
0.658209522814
0.665246645417
0.6723065545
0.679388681854
0.686492456462
0.693617304673
0.700762650344
0.707927914946
0.715112517629
0.722315875255
0.729537402396
0.736776511292
0.74403261178
0.751305111187
0.758593414201
0.76589692272
0.77321503568
0.78054714888
0.787892654795
0.795250942411
0.802621397059
0.810003400297
0.817396329812
0.824799559394
0.832212458963
0.83963439469
0.847064729206
0.85450282193
0.861948029529
0.869399706523
0.876857206052
0.884319880828
0.891787084282
0.899258171922
0.906732502924
0.914209441951
0.921688361239
0.929168642933
0.936649681698
0.944130887605
0.951611689289
0.959091537391
0.966569908268
0.97404630797
0.981520276474
0.988991392158
0.996459276499
1.00392359897
1.01138408214
1.01884050687
1.02629271768
1.03374062821
1.04118422668
1.04862358141
1.05605884633
1.06349026642
1.07091818304
1.0783430392
1.08576538461
1.09318588065
1.10060530501
1.10802455626
1.1154446581
1.12286676342
1.13029215817
1.13772226495
1.14515864647
1.15260300889
1.16005720494
1.16752323706
1.17500326053
1.18249958661
1.19001468587
1.1975511917
1.20511190422
1.21269979451
1.22031800951
1.22796987746
1.23565891432
1.24338883098
1.25116354175
1.25898717406
1.26686407977
1.27479884811
1.28279632071
1.29086160883
1.29900011315
1.30721754658
1.31551996034
1.32391377391
1.33240580932
1.34100333058
1.34971408881
1.35854637422
1.36750907591
1.37661175086
1.38586470378
1.39527907976
1.4048669722
1.41464154906
1.42461720109
1.43480971694
1.44523649094
1.45591677137
1.46687195874
1.47812596694
1.48970566386
1.50164141322
1.51396774727
1.52672420999
1.53995642561
1.55371746881
1.56806964497
1.58308683696
1.59885764927
1.61548969796
1.63311558556
1.65190142079
1.67205930059
1.69386618353
1.7176935105
1.74405581242
1.77369492995
1.80773612609
1.84800335715
1.89773052472
1.96340644144
2.06002365022
2.19115325324
2.10392513747
2.00413546212
1.94192613039
1.89854962155
1.86593955846
1.84023265877
1.81931127075
1.80189355865
1.78714423006
1.77448689754
1.7635048858
1.75388485172
1.745382822
1.73780274764
1.73098243747
1.7247840568
1.71908758174
1.71378625574
1.70878346732
1.7039906842
1.69932620526
1.69471456186
1.69008643465
1.68537896278
1.68053631985
1.6755104225
1.67026163299
1.66475932151
1.65898217329
1.65291815942
1.64656413508
1.63992507821
1.63301302602
1.62584579881
1.61844561698
1.61083771549
1.60304904566
1.59510713028
1.58703911192
1.57887100922
1.57062717611
1.56232994478
1.55399942515
1.54565343031
1.53730749812
1.52897498177
1.52066718624
1.51239353217
1.50416173246
1.49597797132
1.48784707817
1.47977269156
1.47175741025
1.46380292993
1.45591016525
1.44807935749
1.4403101685
1.43260176219
1.42495287462
1.41736187401
1.40982681191
1.4023454667
1.39491538058
1.38753389111
1.38019815815
1.37290518713
1.36565184936
1.35843490011
1.35125099497
1.34409670508
1.33696853161
1.32986291993
1.32277627372
1.31570496934
1.30864537054
1.30159384383
1.29454677441
1.28750058276
1.28045174194
1.27339679537
1.26633237516
1.25925522061
1.25216219695
1.24505031378
1.2379167432
1.23075883725
1.22357414432
1.21636042434
1.20911566238
1.20183808045
1.19452614723
1.18717858553
1.17979437729
1.17237276614
1.16491325721
1.15741561446
1.14987985539
1.14230624337
1.13469527761
1.1270476811
1.11936438671
1.11164652171
1.10389539105
1.09611245959
1.08829933375
1.08045774279
1.07258951999
1.06469658406
1.05678092097
1.0488445665
1.04088958961
1.03291807682
1.02493211773
1.01693379179
1.00892515629
1.00090823575
0.992885012578
0.984857419026
0.976827330465
0.968796559844
0.960766853325
0.952739887
0.944717264609
0.936700516186
0.928691097529
0.920690390424
0.912699703523
0.904720273797
0.896753268479
0.888799787432
0.880860865845
0.872937477222
0.865030536568
0.857140903741
0.849269386905
0.841416746043
0.833583696478
0.825770912385
0.817979030239
0.81020865219
0.802460349326
0.794734664819
0.787032116918
0.7793532018
0.771698396247
0.764068160147
0.756462938825
0.748883165188
0.741329261681
0.733801642071
0.72630071304
0.718826875614
0.711380526403
0.703962058694
0.696571863369
0.689210329679
0.681877845877
0.674574799707
0.667301578774
0.6600585708
0.652846163761
0.645664745941
0.638514705885
0.631396432281
0.624310313768
0.617256738686
0.610236094767
0.603248768791
0.596295146197
0.58937561067
0.582490543702
0.575640324141
0.568825327727
0.562045926622
0.555302488949
0.548595378326
0.541924953416
0.535291567483
0.528695567976
0.522137296115
0.515617086514
0.509135266814
0.50269215735
0.496288070835
0.489923312079
0.483598177726
0.477312956025
0.471067926625
0.4648633604
0.458699519294
0.452576656203
0.446495014872
0.440454829822
0.434456326304
0.428499720266
0.422585218354
0.416713017925
0.410883307083
0.405096264734
0.399352060655
0.393650855585
0.387992801324
0.382378040851
0.37680670845
0.371278929855
0.365794822396
0.360354495158
0.354958049153
0.349605577492
0.344297165567
0.339032891236
0.33381282502
0.328637030291
0.323505563474
0.318418474247
0.313375805742
0.308377594748
0.303423871917
0.298514661964
0.29364998387
0.288829851086
0.284054271732
0.279323248797
0.274636780332
0.269994859647
0.265397475501
0.260844612292
0.256336250238
0.251872365566
0.247452930682
0.243077914352
0.238747281871
0.23446099523
0.230219013278
0.226021291884
0.221867784092
0.217758440269
0.213693208255
0.209672033506
0.205694859233
0.201761626537
0.197872274539
0.194026740507
0.190224959982
0.186466866896
0.182752393684
0.179081471401
0.175454029827
0.171869997571
0.168329302175
0.164831870208
0.16137762736
0.157966498535
0.154598407937
0.151273279154
0.147991035239
0.144751598788
0.141554892016
0.138400836827
0.135289354887
0.132220367688
0.129193796612
0.126209562993
0.12326758818
0.120367793585
0.117510100747
0.114694431377
0.111920707413
0.109188851065
0.10649878486
0.103850431691
0.101243714851
0.098678558081
0.0961548856043
0.0936726221637
0.0912316930567
0.0888320241694
0.086473542008
0.0841561737292
0.0818798471694
0.0796444908724
0.0774500341153
0.0752964069339
0.0731835401465
0.071111365376
0.069079815072
0.0670888225308
0.0651383219145
0.0632282482698
0.0613585375445
0.0595291266048
0.0577399532497
0.0559909562262
0.0542820752426
0.0526132509816
0.050984425112
0.0493955403006
0.0478465402219
0.0463373695687
0.044867974061
0.0434383004542
0.0420482965475
0.0406979111907
0.0393870942911
0.0381157968196
0.0368839708158
0.0356915693936
0.0345385467454
0.0334248581456
0.0323504599548
0.0313153096225
0.0303193656893
0.0293625877894
0.0284449366522
0.027566374103
0.0267268630646
0.0259263675569
0.0251648526974
0.0244422847007
0.0237586308773
0.0231138596331
0.0225079404674
0.0219408439709
0.021412541824
0.0209230067935
0.0204722127301
0.020060134565
0.019686748306
0.0193520310336
0.0190559608968
0.0187985171082
0.018579679939
0.0183994307135
0.0182577518035
0.0181546266223
0.0180900396179
0.0180639762664
0.018076423065
0.0181273675241
0.0182167981598
0.0183447044851
0.018511077002
0.0187159071918
0.0189591875058
0.0192409113557
0.0195610731034
0.0199196680499
0.0203166924245
0.0207521433734
0.0212260189473
0.0217383180895
0.0222890406224
0.0228781872346
0.0235057594666
0.0241717596967
0.0248761911258
0.0256190577621
0.0264003644048
0.0272201166276
0.0280783207618
0.0289749838778
0.0299101137672
0.0308837189232
0.0318958085214
0.0329463923987
0.0340354810324
0.0351630855186
0.0363292175486
0.0375338893863
0.0387771138436
0.0400589042552
0.0413792744527
0.0427382387377
0.0441358118541
0.0455720089595
0.047046845595
0.0485603376554
0.0501125013565
0.051703353203
0.0533329099544
0.0550011885901
0.056708206273
0.0584539803126
0.0602385281258
0.0620618671977
0.06392401504
0.0658249891486
0.0677648069602
0.0697434858063
0.071761042867
0.0738174951228
0.0759128593045
0.0780471518423
0.0802203888129
0.0824325858845
0.0846837582613
0.0869739206249
0.089303087075
0.0916712710678
0.0940784853526
0.0965247419066
0.0990100518678
0.101534425466
0.104097871951
0.106700399522
0.109342015248
0.112022724994
0.114742533343
0.117501443509
0.120299457257
0.12313657482
0.126012794804
0.128928114102
0.131882527802
0.134876029089
0.137908609151
0.140980257078
0.14409095976
0.147240701784
0.150429465327
0.153657230049
0.15692397298
0.16022966841
0.163574287771
0.166957799522
0.17038016903
0.173841358446
0.177341326589
0.18088002881
0.184457416878
0.188073438842
0.191728038907
0.1954211573
0.199152730141
0.202922689304
0.206730962291
0.210577472091
0.214462137044
0.218384870712
0.222345581735
0.226344173703
0.230380545014
0.234454588748
0.238566192524
0.242715238378
0.246901602626
0.251125155739
0.255385762218
0.259683280471
0.264017562691
0.268388454745
0.272795796062
0.277239419522
0.281719151361
0.286234811068
0.290786211301
0.295373157802
0.299995449321
0.304652877546
0.309345227046
0.314072275217
0.318833792242
0.323629541058
0.328459277334
0.33332274946
0.338219698546
0.343149858439
0.348112955738
0.35310870984
0.358136832984
0.363197030317
0.368288999965
0.37341243313
0.378567014189
0.383752420814
0.388968324102
0.394214388718
0.399490273061
0.404795629427
0.410130104201
0.415493338051
0.420884966137
0.426304618333
0.431751919457
0.437226489509
0.442727943921
0.448255893813
0.453809946251
0.459389704516
0.464994768369
0.470624734321
0.476279195903
0.48195774393
0.487659966766
0.493385450574
0.499133779571
0.504904536255
0.510697301638
0.516511655449
0.522347176328
0.528203442002
0.534080029433
0.539976514951
0.545892474361
0.551827483019
0.557781115885
0.563752947548
0.56974255222
0.575749503696
0.581773375291
0.587813739743
0.593870169081
0.599942234474
0.606029506041
0.612131552643
0.618247941646
0.624378238665
0.63052200729
0.636678808793
0.642848201831
0.64902974214
0.655222982232
0.661427471096
0.667642753912
0.673868371787
0.680103861517
0.686348755384
0.692602581004
0.698864861216
0.705135114048
0.711412852746
0.717697585886
0.723988817585
0.730286047807
0.736588772785
0.742896485565
0.749208676682
0.755524834976
0.761844448557
0.768167005933
0.774491997295
0.78081891598
0.787147260103
0.793476534376
0.799806252106
0.806135937376
0.81246512741
0.818793375116
0.825120251805
0.831445350086
0.837768286911
0.84408870678
0.850406285082
0.856720731562
0.863031793895
0.869339261357
0.875642968563
0.881942799262
0.888238690167
0.894530634784
0.900818687243
0.90710296609
0.913383658015
0.91966102152
0.925935390481
0.932207177597
0.938476877717
0.944745071019
0.951012426042
0.957279702562
0.963547754301
0.969817531482
0.976090083233
0.98236655984
0.988648214878
0.99493640723
1.00123260302
1.00753837749
1.01385541686
1.0201855202
1.02653060134
1.03289269094
1.03927393867
1.04567661562
1.052103117
1.05855596519
1.06503781314
1.07155144839
1.07809979753
1.0846859314
1.09131307104
1.09798459449
1.10470404454
1.11147513764
1.11830177399
1.12518804905
1.13213826659
1.1391569535
1.14624887657
1.15341906148
1.16067281434
1.16801574602
1.1754537997
1.18299328224
1.19064089955
1.19840379707
1.20628960564
1.21430649405
1.22246322907
1.23076924448
1.23923472046
1.24787067552
1.2566890731
1.26570294589
1.27492654142
1.28437549342
1.29406702467
1.30402018832
1.31425615702
1.32479857137
1.33567396301
1.34691227211
1.35854748563
1.37061843127
1.38316977454
1.39625328362
1.40992945151
1.42426960099
1.43935865098
1.45529880131
1.47221451194
1.49025933173
1.50962540316
1.53055686781
1.55336893508
1.57847489494
1.60642291557
1.63793876352
1.67394056141
1.71535143938
1.76190972041
1.80706533645
1.82847282657
1.80955591036
1.7717422358
1.73455295431
1.70277021056
1.67625616387
1.65404833729
1.6352547431
1.61917852121
1.60529244482
1.59319608229
1.58258053659
1.57320280573
1.56486767701
1.55741494567
1.55071030248
1.54463875431
1.53909981875
1.53400398893
1.52927013462
1.52482361709
1.52059496897
1.51651903779
1.51253452026
1.50858382949
1.50461324161
1.50057326496
1.496419167
1.4921115847
1.48761713697
1.48290895594
1.47796706082
1.47277851339
1.46733731849
1.46164406079
1.45570529882
1.44953276155
1.44314241005
1.43655343392
1.42978725001
1.42286656113
1.41581451791
1.40865401087
1.40140710425
1.3940946106
1.38673579568
1.37934819722
1.37194753843
1.36454771666
1.35716084847
1.34979735507
1.34246607409
1.3351743868
1.32792835205
1.3207328407
1.3135916659
1.30650770626
1.29948302012
1.29251894977
1.2856162155
1.27877499941
1.27199501964
1.26527559538
1.25861570361
1.25201402826
1.24546900258
1.23897884554
1.23254159297
1.2261551241
1.21981718421
1.21352540391
1.20727731565
1.20107036778
1.19490193685
1.18876933826
1.18266983582
1.17660065032
1.1705589676
1.16454194614
1.1585467245
1.15257042877
1.14661018005
1.1406631023
1.13472633035
1.12879701846
1.12287234913
1.11694954246
1.11102586586
1.10509864415
1.09916526996
1.09322321438
1.08727003772
1.08130340035
1.07532107335
1.06932094894
1.06330105056
1.05725954233
1.05119473789
1.04510510825
1.03898928886
1.03284608539
1.02667447836
1.02047362648
1.01424286853
1.00798172391
1.00168989167
0.995367248117
0.989013843044
0.982629894582
0.976215782807
0.96977204217
0.963299352901
0.956798531498
0.950270520456
0.943716377399
0.937137263752
0.930534433124
0.923909219553
0.917263025751
0.91059731149
0.903913582253
0.897213378264
0.890498263987
0.883769818183
0.877029624589
0.87027926327
0.863520302683
0.856754292479
0.849982757051
0.843207189829
0.836429048317
0.829649749847
0.82287066803
0.816093129867
0.809318413492
0.802547746498
0.795782304809
0.789023212061
0.782271539423
0.775528305851
0.768794478699
0.762070974658
0.755358660982
0.748658356962
0.741970835606
0.735296825494
0.728637012774
0.721992043275
0.715362524692
0.708749028841
0.702152093938
0.695572226903
0.689009905646
0.682465581343
0.675939680663
0.669432607955
0.662944747367
0.656476464895
0.650028110351
0.643600019244
0.637192514568
0.630805908496
0.624440503963
0.618096596157
0.611774473894
0.605474420899
0.599196716966
0.592941639028
0.586709462111
0.580500460193
0.574314906962
0.568153076475
0.562015243727
0.555901685128
0.549812678898
0.543748505374
0.537709447249
0.53169578973
0.525707820638
0.519745830433
0.513810112195
0.50790096154
0.502018676497
0.496163557334
0.490335906355
0.484536027651
0.478764226832
0.473020810727
0.467306087069
0.461620364155
0.455963950501
0.450337154479
0.444740283956
0.439173645924
0.433637546128
0.428132288704
0.422658175811
0.417215507279
0.411804580262
0.406425688899
0.401079123988
0.395765172681
0.39048411818
0.385236239461
0.380021811002
0.374841102542
0.369694378844
0.364581899485
0.359503918654
0.354460684981
0.349452441372
0.344479424865
0.339541866507
0.334639991243
0.329774017826
0.324944158736
0.320150620127
0.315393601772
0.31067329704
0.305989892874
0.301343569788
0.296734501875
0.292162856827
0.287628795966
0.283132474288
0.27867404051
0.274253637132
0.269871400509
0.265527460924
0.26122194267
0.256954964149
0.252726637956
0.24853707099
0.244386364558
0.240274614482
0.236201911217
0.232168339967
0.228173980806
0.2242189088
0.220303194133
0.21642690223
0.212590093888
0.208792825402
0.205035148693
0.201317111439
0.197638757202
0.194000125559
0.190401252226
0.186842169186
0.183322904821
0.179843484027
0.176403928347
0.173004256085
0.169644482435
0.166324619591
0.163044676872
0.159804660831
0.156604575372
0.153444421857
0.150324199218
0.147243904064
0.144203530781
0.141203071638
0.138242516885
0.135321854851
0.132441072038
0.129600153215
0.126799081507
0.124037838483
0.121316404241
0.118634757494
0.115992875647
0.11339073488
0.110828310219
0.108305575614
0.10582250401
0.103379067415
0.100975236972
0.0986109830158
0.0962862751461
0.094001082282
0.0917553727235
0.0895491142085
0.0873822739676
0.0852548187782
0.0831667150149
0.0811179287
0.0791084255508
0.0771381710259
0.0752071303694
0.0733152686536
0.0714625508202
0.0696489417195
0.0678744061485
0.066138908887
0.0644424147328
0.0627848885348
0.0611662952252
0.0595865998501
0.0580457675984
0.0565437638305
0.0550805541042
0.0536561042005
0.0522703801476
0.0509233482442
0.049614975081
0.0483452275614
0.0471140729212
0.045921478747
0.0447674129936
0.0436518440004
0.0425747405068
0.0415360716664
0.0405358070606
0.0395739167107
0.0386503710898
0.037765141133
0.0369181982472
0.0361095143199
0.0353390617273
0.0346068133409
0.033912742534
0.033256823187
0.0326390296923
0.0320593369573
0.031517720408
0.031014155991
0.0305486201747
0.0301210899501
0.0297315428306
0.0293799568511
0.029066310566
0.0287905830473
0.0285527538811
0.0283528031637
0.0281907114969
0.0280664599825
0.0279800302166
0.027931404282
0.027920564741
0.0279474946268
0.0280121774344
0.0281145971109
0.0282547380442
0.0284325850522
0.0286481233703
0.0289013386383
0.0291922168869
0.0295207445228
0.0298869083135
0.0302906953712
0.0307320931355
0.0312110893559
0.0317276720728
0.0322818295978
0.0328735504941
0.0335028235541
0.0341696377781
0.0348739823505
0.0356158466163
0.0363952200558
0.0372120922588
0.0380664528976
0.0389582916992
0.0398875984161
0.0408543627969
0.0418585745549
0.0429002233358
0.0439792986854
0.0450957900147
0.0462496865644
0.0474409773693
0.0486696512194
0.0499356966223
0.051239101762
0.0525798544586
0.0539579421253
0.0553733517244
0.0568260697228
0.0583160820454
0.0598433740271
0.0614079303644
0.0630097350646
0.0646487713939
0.0663250218246
0.0680384679807
0.0697890905811
0.0715768693833
0.0734017831234
0.0752638094568
0.0771629248955
0.0790991047455
0.0810723230419
0.0830825524821
0.0851297643588
0.0872139284904
0.0893350131502
0.0914929849947
0.093687808989
0.0959194483328
0.0981878643828
0.100493016576
0.102834862348
0.105213357055
0.10762845389
0.1100801038
0.112568255402
0.115092854895
0.117653845975
0.120251169747
0.122884764634
0.12555456629
0.128260507505
0.131002518117
0.133780524919
0.136594451565
0.139444218477
0.14232974275
0.145250938062
0.148207714576
0.151199978848
0.154227633735
0.157290578297
0.16038870771
0.163521913171
0.166690081809
0.169893096594
0.17313083625
0.176403175169
0.179709983325
0.183051126194
0.186426464673
0.189835855005
0.193279148701
0.196756192474
0.20026682817
0.203810892705
0.207388218005
0.210998630958
0.214641953357
0.218318001862
0.222026587958
0.225767517927
0.229540592818
0.233345608432
0.237182355305
0.241050618709
0.24495017865
0.248880809881
0.252842281921
0.256834359082
0.260856800507
0.264909360212
0.268991787146
0.27310382525
0.277245213534
0.281415686159
0.28561497253
0.289842797403
0.29409888099
0.298382939089
0.302694683212
0.30703382073
0.31140005502
0.315793085627
0.320212608431
0.324658315826
0.3291298969
0.333627037628
0.338149421072
0.342696727579
0.347268634989
0.351864818853
0.356484952638
0.361128707953
0.36579575476
0.370485761591
0.37519839577
0.379933323617
0.384690210661
0.389468721845
0.394268521717
0.399089274618
0.403930644863
0.408792296904
0.413673895483
0.418575105771
0.423495593493
0.428435025029
0.433393067505
0.438369388857
0.44336365788
0.448375544249
0.453404718522
0.458450852114
0.463513617254
0.468592686906
0.473687734676
0.478798434684
0.483924461417
0.489065489554
0.494221193767
0.499391248496
0.504575327707
0.509773104624
0.514984251443
0.520208439029
0.525445336597
0.530694611384
0.535955928304
0.541228949609
0.546513334533
0.551808738951
0.557114815039
0.562431210939
0.567757570448
0.573093532727
0.578438732028
0.583792797466
0.589155352818
0.594526016375
0.599904400837
0.605290113273
0.610682755141
0.61608192238
0.621487205577
0.626898190223
0.632314457059
0.637735582512
0.643161139244
0.648590696801
0.654023822388
0.659460081746
0.664899040171
0.670340263644
0.675783320103
0.68122778084
0.686673222033
0.692119226409
0.697565385047
0.703011299303
0.708456582861
0.71390086392
0.71934378748
0.724785017753
0.730224240664
0.73566116646
0.74109553238
0.746527105418
0.751955685123
0.757381106461
0.762803242692
0.768222008275
0.77363736176
0.779049308671
0.784457904363
0.789863256817
0.79526552939
0.800664943478
0.806061781097
0.811456387366
0.81684917287
0.822240615921
0.827631264677
0.833021739149
0.838412733065
0.843805015617
0.84919943307
0.854596910261
0.859998451983
0.865405144277
0.870818155631
0.876238738122
0.881668228508
0.8871080493
0.892559709836
0.898024807391
0.903505028341
0.909002149435
0.914518039187
0.920054659446
0.925614067172
0.931198416462
0.936809960876
0.942451056109
0.948124163051
0.953831851304
0.959576803199
0.965361818379
0.97118981902
0.977063855749
0.982987114353
0.988962923346
0.994994762507
1.00108627249
1.00724126559
1.0134637379
1.01975788287
1.02612810654
1.03257904461
1.03911558165
1.04574287252
1.05246636658
1.05929183477
1.06622540026
1.0732735729
1.08044328826
1.0877419518
1.09517748909
1.10275840306
1.11049383933
1.1183936612
1.1264685359
1.13473003415
1.14319074564
1.15186441349
1.16076609137
1.1699123282
1.17932138609
1.18901349891
1.1990111807
1.20933959546
1.22002700315
1.23110530057
1.24261068132
1.25458444559
1.26707399917
1.28013409225
1.29382836107
1.30823124997
1.32343040295
1.33952961323
1.35665238142
1.3749459939
1.39458563592
1.4157770019
1.43875314551
1.46375430832
1.49096151594
1.52031033896
1.55101696664
1.58055886285
1.60338121864
1.61214897106
1.60438637882
1.58558708967
1.56284886282
1.54032528058
1.51962858341
1.5011462914
1.4847999802
1.47036738089
1.4576036276
1.44628225223
1.43620581576
1.42720565655
1.41913821122
1.41188068914
1.40532706799
1.39938468198
1.39397141841
1.38901345636
1.38444346554
1.38019919167
1.37622236966
1.37245792062
1.3688534004
1.36535867582
1.36192580893
1.35850913006
1.35506547725
1.35155457332
1.34793950412
1.34418725264
1.3402692372
1.33616179829
1.33184658054
1.32731076383
1.32254711107
1.3175538176
1.31233416678
1.30689601438
1.30125113954
1.29541450855
1.28940350116
1.28323714588
1.2769354036
1.27051852856
1.26400652529
1.25741870935
1.2507733718
1.24408754036
1.23737682634
1.23065534429
1.22393569041
1.21722896652
1.21054483777
1.20389161351
1.19727634293
1.19070491869
1.18418218313
1.17771203335
1.17129752241
1.16494095464
1.15864397416
1.15240764599
1.14623252947
1.14011874423
1.13406602895
1.12807379335
1.12214116398
1.11626702421
1.11045004909
1.1046887356
1.09898142873
1.09332634393
1.08772158641
1.08216516759
1.07665501921
1.07118900538
1.06576493283
1.0603805598
1.05503360362
1.04972174734
1.04444264567
1.03919393016
1.03397321413
1.02877809717
1.02360616957
1.01845501666
1.0133222232
1.00820537789
1.00310207813
0.998009934888
0.992926578002
0.987849661674
0.982776870325
0.97770592475
0.972634588562
0.967560674906
0.962482053399
0.957396657241
0.952302490434
0.94719763505
0.942080258452
0.936948620391
0.931801079895
0.926636101845
0.921452263146
0.916248258413
0.911022905073
0.905775147793
0.900504062183
0.895208857683
0.889888879598
0.884543610227
0.879172669072
0.87377581211
0.868352930118
0.862904046093
0.857429311782
0.851929003364
0.846403516363
0.84085335984
0.835279149948
0.829681602944
0.82406152774
0.81841981809
0.812757444502
0.807075445987
0.801374921718
0.795657022693
0.789922943498
0.784173914225
0.778411192629
0.772636056584
0.766849796883
0.76105371043
0.755249093869
0.749437237657
0.74361942062
0.737796904994
0.731970931956
0.726142717649
0.720313449686
0.714484284137
0.708656342957
0.702830711871
0.697008438661
0.691190531856
0.685377959783
0.679571649966
0.673772488837
0.667981321736
0.662198953173
0.656426147329
0.650663628763
0.644912083306
0.639172159123
0.633444467907
0.6277295862
0.622028056809
0.616340390307
0.610667066598
0.605008536527
0.599365223527
0.593737525292
0.588125815446
0.582530445226
0.576951745137
0.571390026599
0.565845583557
0.560318694058
0.554809621787
0.54931861755
0.543845920713
0.538391760576
0.53295635769
0.527539925114
0.522142669605
0.516764792738
0.511406491963
0.506067961589
0.500749393701
0.495450979006
0.490172907611
0.484915369728
0.47967855632
0.474462659672
0.469267873902
0.464094395404
0.458942423237
0.453812159444
0.448703809325
0.443617581651
0.438553688818
0.433512346966
0.428493776042
0.423498199819
0.418525845877
0.413576945544
0.408651733804
0.403750449171
0.39887333353
0.394020631959
0.38919259252
0.384389466036
0.379611505839
0.374858967515
0.370132108627
0.36543118843
0.360756467575
0.356108207815
0.351486671692
0.346892122238
0.342324822664
0.337785036053
0.333273025062
0.328789051618
0.324333376628
0.31990625969
0.315507958818
0.311138730171
0.306798827791
0.302488503357
0.298208005946
0.293957581802
0.289737474127
0.285547922875
0.281389164563
0.277261432094
0.273164954591
0.269099957246
0.265066661182
0.261065283325
0.257096036291
0.253159128284
0.249254763006
0.245383139579
0.241544452478
0.237738891477
0.233966641601
0.230227883093
0.226522791388
0.2228515371
0.21921428601
0.215611199073
0.212042432423
0.208508137396
0.205008460549
0.201543543695
0.198113523937
0.194718533715
0.191358700855
0.188034148617
0.184744995761
0.181491356604
0.178273341089
0.175091054855
0.171944599309
0.168834071705
0.165759565215
0.16272116902
0.159718968384
0.156753044741
0.153823475782
0.150930335538
0.148073694472
0.145253619562
0.142470174393
0.139723419245
0.137013411178
0.134340204127
0.131703848986
0.129104393698
0.126541883338
0.124016360206
0.121527863908
0.119076431443
0.116662097288
0.114284893476
0.111944849684
0.109641993308
0.107376349546
0.105147941473
0.102956790118
0.100802914541
0.0986863319011
0.0966070575344
0.0945651050199
0.0925604862493
0.0905932114943
0.0886632894714
0.0867707274057
0.084915531093
0.0830977049599
0.0813172521226
0.0795741744436
0.0778684725876
0.0762001460743
0.074569193331
0.0729756117427
0.0714193977008
0.0699005466501
0.0684190531342
0.0669749108393
0.0655681126364
0.0641986506223
0.0628665161578
0.0615716999061
0.0603141918682
0.0590939814178
0.0579110573336
0.0567654078315
0.055657020594
0.0545858827993
0.0535519811478
0.0525553018883
0.0515958308419
0.0506735534252
0.0497884546716
0.0489405192519
0.0481297314924
0.0473560753931
0.0466195346436
0.0459200926381
0.0452577324888
0.0446324370387
0.044044188872
0.0434929703248
0.042978763493
0.04250155024
0.0420613122028
0.0416580307971
0.0412916872208
0.0409622624567
0.0406697372739
0.0404140922279
0.0401953076598
0.040013363694
0.0398682402351
0.0397599169631
0.0396883733281
0.0396535885434
0.0396555415775
0.0396942111454
0.0397695756979
0.0398816134103
0.0400303021703
0.040215619564
0.0404375428609
0.0406960489985
0.0409911145647
0.0413227157796
0.0416908284762
0.0420954280797
0.0425364895859
0.0430139875379
0.0435278960023
0.044078188544
0.0446648381994
0.045287817449
0.0459470981884
0.0466426516983
0.0473744486137
0.0481424588906
0.0489466517731
0.0497869957585
0.0506634585607
0.0515760070736
0.0525246073324
0.0535092244736
0.0545298226945
0.0555863652111
0.0566788142145
0.0578071308264
0.0589712750538
0.0601712057414
0.0614068805241
0.0626782557772
0.0639852865664
0.0653279265956
0.0667061281547
0.0681198420652
0.0695690176255
0.0710536025547
0.0725735429353
0.0741287831552
0.0757192658483
0.0773449318342
0.0790057200575
0.0807015675252
0.0824324092443
0.0841981781578
0.0859988050802
0.0878342186327
0.089704345177
0.0916091087492
0.093548430993
0.0955222310921
0.097530425703
0.0995729288868
0.101649652041
0.103760503833
0.105905390129
0.10808421393
0.1102968753
0.112543271303
0.114823295933
0.11713684005
0.119483791316
0.121864034126
0.124277449551
0.126723915272
0.129203305524
0.131715491031
0.134260338958
0.136837712849
0.139447472578
0.1420894743
0.144763570402
0.147469609459
0.150207436195
0.152976891443
0.155777812111
0.158610031156
0.161473377551
0.164367676268
0.167292748262
0.170248410452
0.173234475722
0.176250752913
0.17929704683
0.182373158248
0.185478883932
0.188614016653
0.191778345221
0.194971654517
0.198193725535
0.20144433543
0.204723257573
0.208030261614
0.211365113554
0.214727575819
0.218117407347
0.221534363681
0.224978197065
0.228448656555
0.231945488134
0.235468434831
0.23901723685
0.242591631709
0.24619135438
0.249816137437
0.253465711213
0.257139803961
0.260838142016
0.264560449968
0.268306450838
0.272075866252
0.275868416625
0.279683821347
0.28352179896
0.287382067352
0.291264343937
0.295168345842
0.299093790091
0.303040393781
0.307007874259
0.310995949296
0.315004337249
0.31903275722
0.323080929204
0.327148574233
0.331235414503
0.335341173495
0.33946557608
