-0.0
2.20901510152e-05
8.83615900987e-05
0.000198817275161
0.000353462135382
0.0005523030702
0.00079534894789
0.00108261060373
0.00141410083773
0.00178983441193
0.00220982804726
0.00267410041994
0.00318267215735
0.00373556583349
0.00433280596383
0.00497441899971
0.00566043332207
0.00639087923471
0.00716578895681
0.00798519661487
0.00884913823392
0.00975765172803
0.01071077689
0.0117085553805
0.0127510307156
0.0138382482546
0.0149702551856
0.0161471005113
0.0173688350324
0.0186355113311
0.0199471837527
0.0213039083859
0.0227057430421
0.024152747233
0.0256449821467
0.0271825106224
0.0287653971228
0.0303937077057
0.0320675099925
0.0337868731356
0.0355518677831
0.0373625660414
0.0392190414354
0.041121368866
0.0430696245653
0.0450638860478
0.0471042320603
0.0491907425268
0.0513234984913
0.0535025820562
0.0557280763173
0.0580000652941
0.0603186338572
0.0626838676492
0.0650958530025
0.0675546768514
0.0700604266382
0.0726131902151
0.0752130557384
0.0778601115577
0.0805544460977
0.083296147733
0.0860853046557
0.0889220047349
0.0918063353677
0.0947383833216
0.0977182345676
0.100745974103
0.103821685766
0.106945452034
0.110117353817
0.113337470235
0.116605878384
0.119922653084
0.123287866624
0.126701588474
0.130163885003
0.133674819158
0.137234450146
0.14084283308
0.144500018619
0.148206052578
0.151960975522
0.155764822336
0.159617621768
0.163519395956
0.167470159916
0.171469921013
0.175518678396
0.179616422411
0.183763133973
0.187958783909
0.192203332269
0.196496727595
0.200838906156
0.205229791141
0.209669291811
0.21415730261
0.218693702223
0.223278352597
0.227911097905
0.232591763459
0.237320154575
0.242096055373
0.246919227526
0.251789408942
0.256706312389
0.261669624044
0.266679001982
0.271734074583
0.27683443887
0.281979658757
0.287169263225
0.292402744392
0.297679555504
0.302999108808
0.308360773331
0.313763872528
0.319207681816
0.324691425961
0.330214276315
0.335775347891
0.341373696251
0.347008314189
0.352678128178
0.358381994567
0.364118695468
0.369886934321
0.375685331055
0.381512416813
0.387366628156
0.393246300662
0.399149661831
0.405074823159
0.411019771261
0.416982357848
0.42296028838
0.428951109135
0.434952192424
0.440960719611
0.446973661561
0.452987756098
0.458999482044
0.465005029495
0.471000266197
0.476980700415
0.482941441635
0.488877161811
0.494782061302
0.500649843851
0.506473702643
0.512246314315
0.517959832074
0.523605865968
0.529175443252
0.534658960721
0.540046154432
0.54532602297
0.550486247991
0.555511323923
0.560386407378
0.565099742524
0.569623070393
0.573934414095
0.578028730895
0.581890340502
0.585506512627
0.588850171229
0.591915141293
0.594701041213
0.597203098602
0.599424782629
0.601371858468
0.603046911441
0.6044485923
0.605583905586
0.606457142034
0.607062982224
0.607418768974
0.607525622026
0.607388720364
0.607013375683
0.606404076672
0.605575923548
0.60453872514
0.603308620311
0.601896769331
0.600309166292
0.598553401814
0.596644020525
0.594594232367
0.592415340056
0.590117679278
0.587710065644
0.585199154385
0.582591213813
0.579896885717
0.577127290586
0.574291451226
0.571396185966
0.568447235299
0.565448513164
0.562404880903
0.559323277741
0.556208638669
0.553065056611
0.549896274823
0.546705891234
0.543496493139
0.540269966911
0.537031902934
0.533785522622
0.530531552043
0.52727341984
0.524013912331
0.520753525952
0.517492976788
0.514237649444
0.510990103724
0.507752428559
0.504526261043
0.501311922343
0.498110727837
0.49492535551
0.49175765062
0.488608904535
0.485480084717
0.482371938052
0.479285113402
0.476220416918
0.473178914352
0.470161700246
0.467169717507
0.464203762098
0.461264539554
0.458352701725
0.455468857778
0.45261356008
0.449787265627
0.446990299271
0.444222967631
0.441485817838
0.438779511803
0.436104590997
0.433461462401
0.430850432805
0.428271752639
0.425725702083
0.423212640612
0.420732940292
0.418286915865
0.415874818843
0.413496839543
0.411153038225
0.408843467798
0.406568644728
0.40432911596
0.402125222694
0.399957207457
0.397825265911
0.39572956467
0.393670251024
0.391647453353
0.389661223729
0.387711270246
0.385797154064
0.383919630353
0.382079388251
0.380276717008
0.378511786972
0.37678472607
0.375095638935
0.373444615554
0.371831739559
0.370257096066
0.368720774591
0.367222865302
0.365763452642
0.364342610607
0.362960400734
0.361616873419
0.360312075274
0.359046063675
0.357818920205
0.356630749051
0.355481659488
0.354371745531
0.353301070368
0.352269648514
0.351277338523
0.350322435738
0.349405501567
0.348527857162
0.347689599191
0.346890335265
0.346130505867
0.345410498884
0.344730411257
0.344090294741
0.343490181898
0.342930093458
0.342410046839
0.341930062518
0.341490160469
0.341090352245
0.340730639059
0.3404110172
0.340131486408
0.339892055478
0.339692741102
0.339533561286
0.339414528077
0.339335642813
0.339296894165
0.339298258126
0.339339699503
0.339421175091
0.339542638597
0.339704046061
0.339905359073
0.340146543724
0.340427566042
0.340748386569
0.341108956042
0.341509212568
0.341949079925
0.342428466932
0.342947268496
0.343505369153
0.344102649038
0.34473898995
0.345414277867
0.346128400206
0.346881240167
0.347672672244
0.348502561457
0.349370766395
0.350277144432
0.351221556885
0.352203872431
0.353223968211
0.354281728181
0.355377037594
0.356509772384
0.357679777422
0.358886806365
0.360130559583
0.36141097998
0.362728001031
0.364081457204
0.365471145742
0.366896844919
0.368358316461
0.369855302676
0.371387522713
0.372954673987
0.374556444417
0.376192529293
0.377862633812
0.37956645743
0.381303677728
0.383073944704
0.384876882493
0.386712092981
0.388579158387
0.390477642098
0.392407087811
0.394367015365
0.39635689842
0.398375990306
0.400423179473
0.402498387316
0.404601385638
0.406731653484
0.408888608481
0.411071636732
0.413280096089
0.415513313429
0.417770562373
0.42004888721
0.422348664761
0.424669838984
0.427010777541
0.429368991309
0.43174469819
0.434137919113
0.436547892918
0.438973704946
0.441414421408
0.44386913986
0.446336958316
0.448816913588
0.451307970777
0.453809061594
0.456319112569
0.458837024124
0.461361585701
0.463891190373
0.466424485558
0.468960447486
0.471497542736
0.474033899754
0.476567588098
0.4790970646
0.481620719611
0.484136253327
0.486640405653
0.489130570505
0.491606033111
0.494066129791
0.496509487693
0.498933783384
0.501337818904
0.503720429081
0.506078571861
0.508412227048
0.510721349922
0.513001792874
0.515254548316
0.517478444923
0.519671980409
0.521833617063
0.523961723492
0.526054492771
0.528110008642
0.53012657024
0.532102472048
0.534034129439
0.535919012894
0.537757201127
0.539546833967
0.541285563205
0.542968605209
0.54458889287
0.54614847744
0.547651435388
0.549095272531
0.55047748234
0.551795921984
0.553049004957
0.5542304931
0.555348175492
0.556402911271
0.557392975465
0.558316198534
0.559172734996
0.559956413103
0.560666238099
0.561302011384
0.561868019886
0.562364771393
0.562791779469
0.563149642927
0.563440511593
0.563666346971
0.56382842983
0.563927302246
0.563962735465
0.563933755333
0.56383890751
0.563677673535
0.563451536646
0.563161813697
0.562809177144
0.56239447929
0.561918690804
0.561381950268
0.560783431882
0.560123487923
0.559403596322
0.558624399985
0.557787315608
0.556895435669
0.555951853927
0.554958940945
0.553918617632
0.552832566516
0.551702274628
0.550528961094
0.549313082285
0.548051378896
0.546744911462
0.5453970899
0.544007874028
0.542577816804
0.541105688282
0.539588905756
0.53802398185
0.536414107954
0.534767652791
0.533085310567
0.531365980026
0.529617657204
0.527843177253
0.52604425387
0.524221200944
0.522372902612
0.520494803206
0.518587810055
0.516656249654
0.514701412484
0.512723331979
0.510721909139
0.508697476818
0.506651035051
0.504584167497
0.502497527182
0.500390862686
0.498270126876
0.496138194603
0.49399679823
0.491845204984
0.489676923461
0.48749870834
0.485312028588
0.483119257007
0.480923335066
0.478726061241
0.476528237925
0.474329930743
0.472130474989
0.469928618111
0.467725526099
0.4655243698
0.463327190907
0.461135331877
0.458949754115
0.456771175507
0.454600081964
0.452436007055
0.450274487291
0.448120841139
0.445977107911
0.443844181507
0.441722369769
0.439611956182
0.437513881414
0.4354294021
0.433359808634
0.431306276059
0.429269796111
0.427251202833
0.42525121874
0.423270491808
0.421309618457
0.419369155259
0.417449625731
0.415551528418
0.413675347855
0.41182156378
0.409990651816
0.408183075261
0.406399277324
0.404639684356
0.402904717162
0.401194786889
0.399510250331
0.397851372114
0.396218492779
0.394612236482
0.393033280175
0.391482151308
0.389959246556
0.388464873666
0.386999260211
0.385562521439
0.384154574554
0.38277517165
0.381424408244
0.380102721439
0.378810385236
0.377547495796
0.376314097004
0.375110261077
0.373936107128
0.372791763286
0.371677336955
0.370592978772
0.369538975344
0.36851570336
0.367523521234
0.366562727424
0.365633562303
0.364736214642
0.363870817536
0.363036870028
0.362232560806
0.361460240491
0.360718898476
0.360008230174
0.359329787087
0.358683642212
0.358069728646
0.357488037707
0.356938679099
0.356421765043
0.355937301205
0.355485125476
0.355064810991
0.35467561441
0.35431685578
0.35398849201
0.353691111385
0.353425360092
0.353191591829
0.352989935463
0.352820407075
0.352682968519
0.352577552992
0.352504075337
0.352462435145
0.352452516712
0.352474188389
0.352527302542
0.352611695451
0.352727183337
0.352873540464
0.353050391675
0.353257159798
0.353493746653
0.353759974472
0.354055275024
0.35437890801
0.354730557977
0.355110523974
0.355519098277
0.355956304056
0.35642195039
0.356915732714
0.357437390166
0.357986832898
0.358564078599
0.359169097209
0.359801723067
0.360461609014
0.36114810128
0.361859959347
0.362596187042
0.363357223824
0.364143382389
0.364954539709
0.365790319087
0.36665010059
0.367533218043
0.368439404922
0.369368484929
0.370319273635
0.371291452042
0.372285321559
0.373300399918
0.374336246969
0.375392602068
0.376469239989
0.377565847189
0.378682006867
0.379817231799
0.380971007271
0.382142823454
0.383332183403
0.38453859894
0.385761590845
0.387000692841
0.388255453165
0.389525430933
0.39081018735
0.392109272797
0.393422211309
0.3947484826
0.396087486899
0.397438127334
0.398798270258
0.400168651382
0.401548657046
0.402937317145
0.404333658611
0.405736773137
0.407145836938
0.408560045947
0.409978565531
0.411400663097
0.412825901551
0.414254042381
0.415684819611
0.417117835255
0.418552325227
0.419986208631
0.421419245544
0.422852452548
0.424285713803
0.425718746
0.427151274786
0.428583027023
0.430013678002
0.431442756147
0.432869525806
0.434293152913
0.435713141081
0.437129491253
0.438542394156
0.439951228029
0.441354625286
0.442753089571
0.444144859694
0.445530520821
0.446910620283
0.44828465308
0.449651217995
0.451007779113
0.452353979434
0.453691017202
0.455019262613
0.456338758654
0.457649458214
0.45895123972
0.460243878184
0.461526968339
0.462799772961
0.464061385907
0.465311469483
0.466549841567
0.467775834426
0.468988466003
0.470187291314
0.471372509818
0.472544448375
0.47370299834
0.474847473636
0.475976417149
0.477088783832
0.478185623742
0.479267110469
0.48033262255
0.481381849908
0.482414614331
0.483430119022
0.48442654091
0.485403949951
0.486362905323
0.48730328597
0.488224840874
0.489127111002
0.490009043974
0.490868535076
0.491701296402
0.492510666791
0.493298033089
0.494062720397
0.494803522775
0.495519052801
0.496209953597
0.496877480633
0.497522137119
0.498143788176
0.498742239695
0.499317943247
0.49987132856
0.500402221944
0.500908873387
0.501390398798
0.501848110347
0.502282393045
0.502691743473
0.503077066796
0.503439874069
0.503780764896
0.504100086466
0.504397064906
0.504670006566
0.504921297159
0.505151936839
0.505361851003
0.505550840413
0.505717660472
0.505855850099
0.505969531987
0.50606074223
0.506128364573
0.506169390574
0.5061828677
0.506172106016
0.506138878688
0.50608263496
0.505999932984
0.505897101799
0.505775451899
0.505633625278
0.50547034376
0.505290208178
0.505093315348
0.504877959944
0.504636898762
0.504377116119
0.504097931586
0.503798412049
0.503478494249
0.503138582609
0.502775453034
0.5023868633
0.501975016836
0.501541690456
0.501089646459
0.500620439483
0.500135037981
0.499634096174
0.499118052591
0.498587303693
0.498042252896
0.497479036699
0.496900404699
0.496307894865
0.495700076568
0.495075265124
0.494434430737
0.493775468953
0.493096037245
0.492401388556
0.49169097071
0.490960538986
0.490204202019
0.489425868643
0.488629844258
0.487815270169
0.486987832603
0.486147719671
0.485296291255
0.484431292825
0.483551197417
0.482659010756
0.48175398639
0.480833190183
0.479893868074
0.478939389222
0.477972934807
0.476994954232
0.47600505011
0.47500379519
0.4739922834
0.472966647925
0.471929681321
0.470883638986
0.469830888754
0.468773148071
0.467711475606
0.466646377608
0.465577691533
0.464501962974
0.463416756314
0.4623252676
0.461227204179
0.4601245719
0.459020757646
0.457918306682
0.456817871002
0.455719758379
0.454624113076
0.45353096844
0.45244006079
0.45134910837
0.450259145905
0.449171848085
0.448088277744
0.447008984079
0.445934040228
0.444861749455
0.4437912797
0.442725498219
0.441665280979
0.440607590048
0.439553238271
0.438501580947
0.437455460823
0.436415399657
0.435381975443
0.434356028036
0.433334401336
0.432319631597
0.431313522702
0.430316188816
0.429327968567
0.42834939923
0.427380897686
0.426422602001
0.425474144654
0.424534668594
0.423604659521
0.422685076055
0.421776248774
0.420878238507
0.41999107675
0.419114869971
0.418249694423
0.417395465746
0.416551608636
0.415716896182
0.414892973839
0.414081022077
0.413281879449
0.412496438567
0.411725486415
0.410969599942
0.410229122876
0.409504179228
0.408794715845
0.408100441262
0.407420988737
0.406756678398
0.406108562581
0.405478024117
0.404865973326
0.404272823382
0.403698672167
0.403143609813
0.402607931534
0.402091902271
0.401595625727
0.401118199344
0.400657249156
0.400215830787
0.399794262349
0.399392378376
0.399009816886
0.398646104137
0.398300973021
0.397974458321
0.397666513094
0.397375805814
0.397101626302
0.39684655109
0.396611362522
0.396396366752
0.396201712011
0.396027429524
0.395873460589
0.395739699512
0.395626039933
0.395532376984
0.395458543247
0.395404256962
0.395369310724
0.395353818096
0.395357974303
0.39538182547
0.39542525984
0.395488008345
0.395569620272
0.395669610414
0.395787758618
0.395923926371
0.396077840023
0.396249140213
0.396437437107
0.396642331812
0.39686351761
0.397100942105
0.397354737243
0.397624974304
0.397911542698
0.39821416175
0.398532455981
0.398866034651
0.399214464593
0.399577160286
0.399953632539
0.400344049703
0.400748808615
0.401168048728
0.401601687515
0.40204951229
0.402511230399
0.402986496338
0.40347492858
0.403976120977
0.404489649337
0.405015072631
0.405551932197
0.406099752694
0.406658029814
0.407226200135
0.407803695428
0.408390153454
0.408985487355
0.409589634129
0.410202247036
0.410822994372
0.411452100719
0.412089632142
0.412735486968
0.413389497101
0.414051436713
0.414720989649
0.415397570933
0.416079995178
0.416768090454
0.417462194444
0.418161992939
0.418866913408
0.419576216359
0.420288970025
0.421004152585
0.421721315865
0.422440777617
0.423162882136
0.423887698236
0.424614675063
0.425341125979
0.426066558827
0.426793300562
0.427522041945
0.428252980063
0.428986066966
0.429721023232
0.430457382749
0.43119540269
0.431935745613
0.432678544476
0.433423421797
0.434169802357
0.434917620245
0.4356669419
0.436417545421
0.437169089036
0.437921508185
0.438674411027
0.439427200938
0.440180302193
0.440933915205
0.441687317466
0.442440025008
0.443192545072
0.443944948013
0.444696957695
0.445448281722
0.446198711662
0.446948054288
0.447696034181
0.448441982301
0.44918344613
0.44992151582
0.450656235993
0.451385828431
0.452110845216
0.452832287345
0.453550138132
0.454264115446
0.45497391945
0.455679220321
0.456379493962
0.457073803256
0.457761457109
0.458439250069
0.459108785602
0.459771748151
0.460428787701
0.461079749691
0.461724560694
0.462363230411
0.462995560589
0.463620784771
0.464237619416
0.464845676652
0.465443853831
0.466029270043
0.466603063681
0.467166207633
0.467719569893
0.468261830097
0.468790408133
0.469306506146
0.469811170883
0.470304144444
0.47078516577
0.471254123531
0.471710793292
0.472152505839
0.472578317904
0.472991547798
0.473392444203
0.473780842635
0.474156262997
0.47451801358
0.474865215493
0.47519659557
0.475510391761
0.475805454959
0.476081922742
0.476339726152
0.476577906975
0.47679577985
0.476994922896
0.477177383817
0.477344220988
0.477495731136
0.477631702968
0.477751117822
0.47785225831
0.477936239515
0.47800159988
0.478051399147
0.478086180126
0.478104515234
0.478107138508
0.478095253649
0.47806592289
0.478015704857
0.477947894499
0.477863967886
0.47776450997
0.477650374393
0.477522430196
0.477381378815
0.477227769161
0.477062024112
0.476884403009
0.47669496636
0.476493657591
0.476280518893
0.476055805253
0.475819789757
0.475572582835
0.475314377941
0.475045474316
0.474765863995
0.474475076743
0.474171992367
0.473854798973
0.473523696422
0.473179753062
0.472823728153
0.472456550007
0.47207912941
0.471692047192
0.47129531566
0.470888391592
0.470470841931
0.470042683687
0.469604070208
0.469155543374
0.468698263289
0.468233493051
0.467761975581
0.467283783057
0.466798198538
0.466303802644
0.46579994173
0.465286875577
0.464764552944
0.464232704524
0.463690980715
0.463139866884
0.462580995307
0.462015730645
0.461444812076
0.460868696844
0.460287756884
0.459702211933
0.45911221779
0.458518128525
0.457920549102
0.457320163295
0.4567175874
0.456113335529
0.455507834966
0.454901413408
0.45429362777
0.453678629775
0.45306232108
0.452445921438
0.45182984899
0.451214373527
0.450599355036
0.449984121634
0.449368538905
0.448753243101
0.448138481638
0.447524129134
0.446910059394
0.446296080736
0.445679261327
0.445060325042
0.444441039664
0.443821370245
0.443201660858
0.442583676621
0.441968115638
0.441354736334
0.440739928228
0.44012325994
0.439508898533
0.438896933857
0.4382844785
0.437670276328
0.437056721023
0.43644330833
0.435829730417
0.43521666184
0.434601659836
0.433986349557
0.433374037214
0.432765523357
0.432161191989
0.431561142647
0.430964727784
0.430369704124
0.429775619856
0.429184337549
0.428597679271
0.428016759035
0.427442061862
0.426873849555
0.426312335701
0.425757763707
0.425210398192
0.424670452333
0.424138043533
0.423613294942
0.423096305979
0.422586755191
0.422083921469
0.42158781891
0.42109833437
0.420610544657
0.420124822815
0.41964713237
0.419178124824
0.418717827228
0.418266196602
0.417823216549
0.417388928624
0.416963435484
0.416546885941
0.416139450669
0.415741301448
0.415352600766
0.414973498559
0.414604129654
0.414244609627
0.413895035898
0.413555510987
0.413226197307
0.412907367889
0.412599390425
0.412302648531
0.41201746741
0.411744080954
0.411482633443
0.411233200637
0.410995815232
0.410770479371
0.410557161155
0.410355796242
0.410166314472
0.409988683446
0.409822942405
0.409669206884
0.409527638165
0.409398390663
0.409281560147
0.409177108537
0.40908291201
0.408999036925
0.408926796343
0.408864473014
0.408809132723
0.408760958858
0.408721743427
0.408692828826
0.408674339926
0.408665187716
0.408663972704
0.40867112542
0.408687640615
0.408713902295
0.40875007851
0.40879623319
0.408852258711
0.408917845243
0.40899263253
0.409076503359
0.409169628676
0.409272391062
0.409385305755
0.409508821616
0.409643189764
0.409788437674
0.409944294485
0.410109860958
0.410283310807
0.410465635859
0.410657549251
0.410859023856
0.411070167563
0.41129106881
0.411521582772
0.411760914848
0.412008447163
0.412265349592
0.412532014005
0.412808312571
0.413092622363
0.41338505164
0.413682600753
0.413989133755
0.414305211297
0.414630821362
0.414965876716
0.415310251581
0.415663792736
0.416026325832
0.416397661539
0.416777602177
0.417165947504
0.417562497068
0.417967046913
0.418379380212
0.41879925253
0.419226371753
0.419660373529
0.420100805942
0.420547169156
0.420999034228
0.421455936269
0.421916377756
0.422380929505
0.422850043491
0.423323020515
0.423798625059
0.424276196742
0.424755964593
0.425237720547
0.425721077316
0.426205992208
0.426692176022
0.427179538769
0.427668241998
0.428158268704
0.428649932141
0.429143525699
0.4296390638
0.430136461215
0.43063559077
0.431136272581
0.431638336919
0.432141731426
0.432646541734
0.433152908453
0.433660942219
0.434170690506
0.434682171176
0.435195487965
0.435710889373
0.436228598279
0.436746838035
0.437261588322
0.437778148608
0.438296594758
0.438816599808
0.439337742655
0.439859478561
0.440381107213
0.440901848224
0.441421034505
0.441938192348
0.442452805832
0.44296318831
0.4434652959
0.443960449258
0.444450698929
0.444936643755
0.445419620154
0.445900006262
0.446377696807
0.446852363589
0.447323539504
0.447790754565
0.448253563946
0.448710685218
0.449159182895
0.449600518244
0.450034576313
0.450457309569
0.450864899349
0.45126063201
0.451646186892
0.452023859606
0.452395833365
0.45276319889
0.4531265884
0.453486345554
0.453842524524
0.454194814916
0.454542456047
0.454884385792
0.455219871542
0.455548742328
0.455870213266
0.456182224025
0.45648421212
0.456777597276
0.457061799889
0.457329967854
0.457588844135
0.457841080067
0.458085696587
0.458318988037
0.458541866491
0.458757846506
0.458967676159
0.459170597191
0.45936552806
0.459552049358
0.459730533416
0.459901638025
0.460065871732
0.46022312163
0.460373244799
0.460517438983
0.46065666931
0.460791174594
0.460920491821
0.461043337283
0.461158007593
0.461264038497
0.461362997039
0.461455305028
0.461540265656
0.461616600519
0.461681570316
0.461729274601
0.461764855014
0.461790661702
0.461804973248
0.461810080293
0.461808814452
0.461803434909
0.461794405179
0.461781659091
0.461764316519
0.461741301451
0.461712955273
0.461676069588
0.461632190404
0.461582903569
0.461527955896
0.4614667741
0.461398391576
0.461320938976
0.461232285603
0.461132524485
0.46102256346
0.46090252539
0.460771514905
0.460629045077
0.460475801705
0.460314346228
0.460144544397
0.459966218431
0.459779330844
0.459582190887
0.459374357651
0.459158097629
0.458934024506
0.458701730847
0.458460791865
0.458198861422
0.457927067016
0.457648718996
0.457363961296
0.457072128894
0.456772349835
0.456464231839
0.456147393818
0.455822268757
0.455490751939
0.455154022079
0.454812409209
0.454465910055
0.454114573193
0.453758555308
0.453397720493
0.453031925221
0.452662010725
0.452288757174
0.451912502001
0.451533345444
0.451151371451
0.450766866481
0.450380218545
0.449991762707
0.449601789413
0.449210469791
0.448817737149
0.448423189045
0.448026205028
0.447626723256
0.447225436488
0.446822981906
0.44641970304
0.446015766928
0.445611245353
0.445206157375
0.444800498826
0.444394261442
0.443987439916
0.443580020995
0.443171929585
0.442762908712
0.442352710641
0.441941638695
0.441530028063
0.441117940351
0.440705277128
0.440291861434
0.439877493273
0.439461981858
0.439045130892
0.438626700045
0.438206445881
0.437784267644
0.437360234448
0.436934494078
0.436507284853
0.43607901243
0.435650267061
0.43522173983
0.434794095291
0.434367886283
0.433943524441
0.433521266231
0.433101156425
0.432682805658
0.432264764658
0.431845163846
0.431425535805
0.431008025377
0.430593538391
0.430182438798
0.429774964419
0.429371320746
0.428971625725
0.428575858417
0.42818391001
0.427795514942
0.427407814623
0.427023563208
0.42664440404
0.426270777628
0.425902984567
0.425541253897
0.425185763742
0.424836643585
0.424493969076
0.424157753145
0.42382793325
0.423504352645
0.423186728716
0.422874572974
0.422566860384
0.422261439412
0.421957838341
0.421657089194
0.421358846569
0.421062400795
0.420768953669
0.42048023785
0.420197343947
0.419920960201
0.419651555315
0.419389459493
0.419134913744
0.418888097229
0.41864912268
0.418417991324
0.418194497583
0.417978258525
0.417769223057
0.417567629914
0.417373544842
0.417186891009
0.417007562807
0.416835521729
0.416670872789
0.416513804775
0.416364444346
0.416222833139
0.416089056516
0.415963310588
0.415845845455
0.415736887862
0.415636601892
0.415545116746
0.415462584386
0.415389206303
0.415325211178
0.415270814163
0.415226189703
0.415191463489
0.415166714585
0.415151978454
0.415147243429
0.415152429677
0.415167332424
0.415191568701
0.415224827746
0.415267236943
0.41531899443
0.415380046459
0.415450155503
0.415529088809
0.415616727887
0.415713010319
0.415817871236
0.415931265597
0.41605323462
0.416183925563
0.416323496396
0.416471856644
0.416627515207
0.41678847074
0.416957315092
0.417135149933
0.417322085117
0.41751804633
0.417722897033
0.417936451903
0.41815846037
0.418388594655
0.418626477726
0.418871754487
0.419124139353
0.419383384414
0.419649224096
0.419921374441
0.420199580024
0.420483639718
0.420773376616
0.421068602163
0.421369132834
0.421674851882
0.421985767942
0.422302011585
0.422623622685
0.422950287639
0.423282557745
0.423620861567
0.423965197859
0.42431537578
0.424671047522
0.425031757699
0.425397117052
0.425767005884
0.426141509319
0.42652063411
0.42690406777
0.427290564837
0.427678418149
0.428067821447
0.428457175947
0.42884376214
0.429227442426
0.429610738532
0.429995573278
0.430382848064
0.430772887799
0.431165711807
0.431561112399
0.431958649705
0.43235764581
0.432757228004
0.43315652195
0.433554961177
0.433951366568
0.43434364046
0.43473472801
0.435125678448
0.435515016998
0.435907143745
0.436302967586
0.436701652961
0.437105562013
0.437515181702
0.43793056689
0.438351121484
0.438774542499
0.43920146005
0.439632050795
0.440065049264
0.440500366947
0.440937699981
0.441375520347
0.441815055726
0.442256902777
0.44270062213
0.443145042145
0.443587687612
0.444025666806
0.444459017245
0.444887991516
0.4453118093
0.445731648301
0.446147601955
0.446559631268
0.446967781284
0.44737100602
0.447765646711
0.448153651633
0.448537577804
0.448917972681
0.449294544503
0.449665419848
0.450027082076
0.450382143608
0.450733540508
0.451082466968
0.451429302131
0.45177398731
0.452116149382
0.45245506275
0.452789254766
0.453115379375
0.453429971469
0.4537349347
0.454032104165
0.454321060017
0.454600608112
0.454869506498
0.455127127924
0.455372762566
0.455606057889
0.45582707913
0.45603797291
0.456240709899
0.456431526221
0.456608475792
0.456774203574
0.456927410412
0.457068696567
0.457199360115
0.457320288613
0.45743162807
0.457534199015
0.457629022685
0.457716165602
0.457792060103
0.457852900083
0.457904205149
0.457948936219
0.457987614056
0.458020144707
0.458046565994
0.458067486047
0.458083857086
0.458096382829
0.45810521831
0.458109467289
0.458096387236
0.458074224755
0.458046840659
0.458013159632
0.457971455108
0.457922513648
0.457867276932
0.45780548852
0.457738661453
0.457668407188
0.457594614831
0.457515160569
0.45742955569
0.457340425183
0.457249082414
0.45715554247
0.457058815688
0.456957917396
0.456852808272
0.456744111196
0.456632604922
0.456518554338
0.456401701492
0.456282788465
0.456161502501
0.45603704516
0.455911050756
0.455784186705
0.45565578982
0.455524385949
0.455389326921
0.455251085244
0.455109833623
0.454965517533
0.454818101185
0.454667576294
0.454513792144
0.454356125247
0.454193261948
0.454024465882
0.453850354141
0.453671920607
0.453489597017
0.453302630937
0.453108865734
0.452906437398
0.452695164236
0.452473592432
0.452244315826
0.452009699482
0.451771155969
0.45152940487
0.451284467076
0.451035071025
0.450779948503
0.450519633939
0.450254862493
0.449986239447
0.449714382451
0.449439219508
0.449154880622
0.448866764252
0.448576617917
0.448282526892
0.447983361952
0.447681899015
0.447379231331
0.447075464324
0.446770693321
0.446465111287
0.446158597733
0.445850375048
0.445541145992
0.445232952796
0.444926772178
0.444623212087
0.444322603667
0.444024744362
0.443727827401
0.443431421612
0.443137307781
0.442845310725
0.442556686565
0.442272678791
0.44199352847
0.441718670842
0.441446571777
0.441177810409
0.440912373728
0.440649347616
0.440388263984
0.440129266774
0.439872584616
0.439618388276
0.439366737659
0.439117588128
0.4388707694
0.438625916511
0.438382468218
0.438139797128
0.437897202926
0.437653862688
0.437409135613
0.437162740609
0.436914571295
0.43666500784
0.436415068252
0.43616570841
0.435917584421
0.435671171498
0.43542679744
0.435184658384
0.43494489098
0.434707655206
0.434473156009
0.43424161441
0.434013234503
0.433788173365
0.433566505733
0.433348172279
0.433132910454
0.432920301689
0.432710195442
0.432502975196
0.432299108732
0.432098797268
0.431901885209
0.431707520988
0.431514173424
0.431322858643
0.431134334496
0.430948497777
0.430764280721
0.430580864873
0.430398839418
0.430218699285
0.430042063339
0.429870029776
0.429702925667
0.429535779255
0.429372818389
0.429214743354
0.429061797223
0.428914218652
0.428772119022
0.428635484064
0.42850419764
0.428378060127
0.428256817977
0.428140231027
0.428028175087
0.427920713165
0.427818066406
0.427720512112
0.427628256782
0.427540688916
0.427452675983
0.427368788233
0.427290675521
0.427217891004
0.427145276874
0.427073347413
0.42700691175
0.426946540241
0.426892339945
0.426844351084
0.426802582844
0.426767020374
0.426737627786
0.426714349512
0.426697109474
0.426685807586
0.426680313261
0.42668045501
0.426686003177
0.426696638736
0.426711902589
0.426731172482
0.42675367827
0.426778219242
0.426803702987
0.426829708492
0.426853994402
0.426878338445
0.426904751344
0.426933686866
0.426965484226
0.427000442856
0.427038804091
0.42708071695
0.427126203309
0.427175129063
0.427227255126
0.42728250736
0.427341165476
0.427403581605
0.427469905124
0.427540027922
0.427613616569
0.427690469027
0.427770889798
0.427855263309
0.427943340603
0.428033758226
0.428125264857
0.428218834688
0.42831445421
0.428411066992
0.42850927927
0.428610373266
0.428714622701
0.428821781878
0.428931842332
0.429045074466
0.429161330788
0.429280068023
0.429400669539
0.429523119808
0.42964830922
0.429776771139
0.429908311643
0.430042837523
0.430180361295
0.430320104126
0.430460064872
0.430598447022
0.430736108914
0.430874243759
0.431012943307
0.431150818441
0.431285420728
0.431417817927
0.431548805709
0.431677698198
0.431807081283
0.431937593727
0.432069511351
0.432203093879
0.432338531605
0.432475781356
0.432614765836
0.432755906943
0.432899715082
0.433046388336
0.433195845898
0.433347656251
0.433500464936
0.433652779643
0.433805743547
0.433960124425
0.434115993756
0.434273248484
0.434431725928
0.434591210937
0.434751411851
0.434912002928
0.435072814875
0.435233995156
0.435395794168
0.435558163483
0.435720187139
0.435879075051
0.436034793071
0.436187554623
0.436336887026
0.436482998278
0.43662633203
0.436766850041
0.436897395505
0.437025903771
0.437152959922
0.437278702878
0.43740256836
0.437523425627
0.437640023375
0.437751276528
0.43785640331
0.437954682452
0.43804360917
0.438125255141
0.438200679706
0.438266434809
0.438322559154
0.43837277692
0.438418306183
0.438460294571
0.438502269083
0.438546036341
0.438592517227
0.438642215249
0.438695345383
0.438751873306
0.438811499415
0.438873640108
0.438937622568
0.439002840307
0.439068685353
0.439134695954
0.439200330833
0.439263948854
0.439323273595
0.439378244141
0.439429814225
0.439479302359
0.439527737592
0.439575763061
0.439623311438
0.439665880062
0.439707694554
0.439746935612
0.43978361213
0.439819218364
0.439853384939
0.439885995713
0.439918225422
0.439951660574
0.439987532124
0.440026695526
0.440069672497
0.440116814149
0.440168367362
0.44022429458
0.440284182314
0.44034726657
0.440412564398
0.440479368668
0.440541890613
0.440605598592
0.440671310662
0.440737095297
0.440799871333
0.440861174796
0.440920479506
0.440977365286
0.441034633523
0.441094782131
0.441158926676
0.441226604264
0.44129234775
0.441357760869
0.441426261962
0.441497253682
0.441570434331
0.44164605765
0.441724027409
0.441803186391
0.44188245757
0.441962563629
0.442043545466
0.442122154868
0.442196010002
0.442264989871
0.442325419604
0.442382442723
0.442437604734
0.44249044135
0.442540397786
0.442587194948
0.442630411952
0.442670052487
0.442706651175
0.442739745609
0.442768438092
0.442791780639
0.442809310421
0.442821050192
0.442827343062
0.442828617488
0.442825118537
0.442816848786
0.442803719923
0.442785805584
0.442763349884
0.442736491073
0.442704611455
0.442659117967
0.442605911196
0.442545405704
0.442478927081
0.442407565642
0.442331600572
0.442250881587
0.44216633972
0.442078762531
0.441988062945
0.441893041576
0.4417885518
0.441678664553
0.441565574525
0.44144974775
0.441331463173
0.441210800886
0.441087628039
0.440961462883
0.44083148634
0.44069718667
0.440558789219
0.440416468884
0.440270326955
0.440120114312
0.439965620873
0.439808708308
0.439644376692
0.439473216331
0.439295303544
0.439111235339
0.438924811664
0.438736567516
0.438546753615
0.438355480373
0.438163027923
0.43796983083
0.437776293399
0.437582644152
0.437388244677
0.437190872438
0.436993562524
0.43679773525
0.436603014499
0.436409944337
0.436219370039
0.436031564402
0.435846567421
0.43566429636
0.435484554524
0.435306782499
0.435124438859
0.434940751496
0.434757594548
0.434573833444
0.434388064571
0.434200505038
0.434013353259
0.433828326362
0.433645957965
0.433466415081
0.433289689908
0.433115693799
0.432944326053
0.432775637929
0.432609976172
0.432447842388
0.432289722718
0.432135920866
0.431986574446
0.431841728745
0.431701346956
0.431565162071
0.431432473626
0.431302900966
0.431177235805
0.43105639292
0.430940919588
0.430831121534
0.430727155884
0.430629063095
0.430536771078
0.430450105893
0.430368825179
0.430292687719
0.430221554878
0.430155445689
0.430094481675
0.430038788411
0.429988434404
0.429943408675
0.429903609461
0.429868803489
0.429838190709
0.429809376368
0.429783479925
0.429761155785
0.429741978203
0.429725341166
0.429710878752
0.429699114803
0.429690617207
0.429685229108
0.429683139269
0.429685128357
0.429691552156
0.429702506914
0.429717975623
0.42973784668
0.429761871543
0.429789585378
0.429820509846
0.429854421985
0.429890954363
0.429929503212
0.429969359276
0.430008023445
0.430043355811
0.43007261909
0.430100622854
0.430127703348
0.430153447697
0.430177840733
0.430200525135
0.430220876778
0.430241320235
0.430262661612
0.430285174047
0.430308849573
0.430333373423
0.43035824478
0.43038312027
0.430407879592
0.430432297413
0.430455761541
0.430477058847
0.430494947079
0.430509676559
0.430521703469
0.430530543661
0.430536531879
0.430540547529
0.430542856855
0.430543308685
0.430541216075
0.430534637156
0.430524219096
0.430511898944
0.430498507235
0.43048465452
0.430470928963
0.430457912112
0.430446113225
0.430435821893
0.430426798625
0.4304184495
0.430411462403
0.430406930554
0.430405259164
0.43040539361
0.430406389804
0.430409930527
0.430415836885
0.430423722477
0.430433143991
0.430443645605
0.430454755359
0.430465829258
0.430475765223
0.430483864479
0.430491282456
0.430499253504
0.430506987219
0.430513494555
0.430521128854
0.430529987102
0.430539823818
0.430550504704
0.430561606088
0.430573782618
0.430588453508
0.430606646037
0.430628922223
0.430655602198
0.430686872627
0.430722825142
0.430763471723
0.430808761366
0.430858560952
0.43091070098
0.430963720937
0.431021022541
0.431082593528
0.431148034627
0.431216712141
0.431287719068
0.431356960363
0.431424132567
0.431490909635
0.43155726027
0.431623586377
0.4316901307
0.43175680393
0.431823403759
0.431890083953
0.431957344293
0.432025518179
0.432094377674
0.432162709372
0.43222977812
0.432296768813
0.432364386422
0.432432816068
0.432500899053
0.432568380543
0.432637247891
0.43270754515
0.432778906027
0.432850369925
0.432921403921
0.432992950339
0.433065881711
0.433140239542
0.433215241243
0.433289148889
0.433360005536
0.433428259774
0.433493790374
0.433558693102
0.433623160483
0.433686243591
0.433746743385
0.433804116219
0.43385887024
0.433911808341
0.433963221022
0.434008589622
0.434043032712
0.434069628348
0.434096427236
0.434124145862
0.434152884825
0.434182711321
0.434213775994
0.43424628282
0.434280405623
0.434316229143
0.4343537253
0.434392752079
0.434433144545
0.434474976898
0.434518697655
0.434564894501
0.434614055742
0.434666516663
0.434722470941
0.434781975005
0.434844946815
0.434911174649
0.434980345578
0.435052093721
0.435126038506
0.435200023503
0.435273683616
0.435348037905
0.435421832884
0.435493044693
0.43555962453
0.435621514117
0.435680069683
0.435736101134
0.435789814942
0.43584129138
0.435890585324
0.435937345503
0.435979796462
0.436015543947
0.436046954565
0.436075996011
0.43610339989
0.436129447848
0.436154309578
0.436178075263
0.436200091611
0.436218673299
0.436235288883
0.436251225725
0.436266556571
0.436281237727
0.43629538926
0.43630919706
0.436322876262
0.436336649298
0.436350584986
0.436364186288
0.436375181785
0.436382033793
0.436386616635
0.436389230315
0.43638936202
0.436386214624
0.436378969382
0.436367693453
0.436353867425
0.436339195722
0.43632466569
0.436310663302
0.436297184388
0.436283821925
0.436269491855
0.43625260352
0.436232626477
0.436209499753
0.436183079377
0.436153565591
0.436121206977
0.436085870992
0.436047085245
0.436004377966
0.435957765079
0.435907795005
0.435855189282
0.435800896828
0.43574578536
0.435690294672
0.435634282358
0.435576747222
0.435515571929
0.435447261197
0.435374186037
0.435298122673
0.435220647282
0.435142492424
0.435064437677
0.434987501594
0.434912279396
0.434829948895
0.434746005868
0.434661610116
0.434576017944
0.434491241751
0.434408078108
0.434326843119
0.434246829829
0.434165806266
0.434087567339
0.434012373587
0.433940403186
0.433871724523
0.433806272062
0.433743828065
0.433684022137
0.43362637234
0.433570390355
0.433515691905
0.433461939912
0.433408740315
0.433355929684
0.43330387601
0.433253117231
0.433203964031
0.433156584505
0.433111217825
0.433068130734
0.433027422697
0.43298875247
0.43295091384
0.432913229921
0.432876513172
0.432840911841
0.432806361237
0.432773139435
0.432741466797
0.432711282579
0.432682306322
0.432654105604
0.43262565574
0.432595464902
0.432565223134
0.432536136701
0.432507469699
0.432477200566
0.432445419395
0.432414286112
0.43238144058
0.432346991159
0.432311882279
0.43227790624
0.432238096361
0.432196757393
0.432158712967
0.432121466059
0.43208313872
0.432045781125
0.432010336071
0.431977440898
0.431947674429
0.431921106411
0.431897370726
0.431875814739
0.431855665558
0.431836205026
0.431816867151
0.431797318842
0.431777623966
0.43175820236
0.431739193328
0.43171763792
0.431697657689
0.431679542507
0.431663547231
0.431649835455
0.431637708316
0.431622185015
0.431608247511
0.431595834469
0.431585120628
0.431576605167
0.431570939783
0.431568569388
0.431569623215
0.431573972221
0.431581305322
0.431591200071
0.431603195846
0.431616868983
0.431631706183
0.43164667951
0.431662619436
0.431680460697
0.431699925824
0.431720312543
0.43174079389
0.43175855267
0.431774179134
0.431790221009
0.431806970673
0.43182358863
0.43183868452
0.431852424977
0.431866087325
0.431880545348
0.431896405749
0.431914177216
0.431934263684
0.43195691641
0.431982285702
0.432010615165
0.4320422331
0.432077363809
0.432116074928
0.432158303805
0.432203880841
0.432252545667
0.432304002962
0.432358043468
0.432414507038
0.432472944486
0.432530247201
0.432581608889
0.432631760052
0.432682333708
0.432732934107
0.432782880229
0.432830897818
0.432873886701
0.43291256012
0.432948514481
0.43298286843
0.433015940073
0.433044968009
0.433075245574
0.433107362679
0.43314107635
0.433173749361
0.433201837073
0.433228247365
0.43325489235
0.43328278378
0.433312682
0.433345083849
0.433380331679
0.43341862781
0.433459996929
0.433504278929
0.433551252935
0.433600858106
0.433653242968
0.433708618316
0.433766995786
0.433824831654
0.433883491804
0.43393970521
0.43399861182
0.434060170027
0.43412408103
0.43418748081
0.434249698841
0.434313487293
0.434378346409
0.434442414358
0.434503940686
0.434563659556
0.434622456332
0.434681422917
0.434741233104
0.434802072829
0.434863883222
0.434926511339
0.434989776059
0.43505348948
0.435117456012
0.4351814634
0.435245274055
0.435308617847
0.435371181275
0.435432523955
0.435490663965
0.4355442804
0.435591176429
0.435636081933
0.435680539027
0.435724863009
0.43576900399
0.43581275312
0.435856531389
0.435899970217
0.435940842747
0.435979576705
0.436015785732
0.43605144817
0.436087213882
0.436120799377
0.436154217029
0.436187114148
0.436216532943
0.436241636828
0.436263419888
0.436281820882
0.436297001819
0.436309721786
0.43632151697
0.436333336995
0.436345527683
0.436357968122
0.436370205316
0.436382031794
0.436393217879
0.436401764381
0.436408412279
0.436415811729
0.436424144221
0.436433004454
0.436441517766
0.436449356325
0.436456428318
0.436461928849
0.436465088214
0.436466550363
0.436467920136
0.436468688173
0.436465694037
0.436460980838
0.436456083593
0.436452155584
0.436450311965
0.436451491712
0.436456275015
0.436464847727
0.436477023517
0.43649246893
0.43651099125
0.436532269315
0.436555523592
0.436579722995
0.436604202652
0.436629033739
0.43665437437
0.436679887501
0.436705058164
0.436729647288
0.436753243121
0.436774260399
0.43679197588
0.436807743789
0.436822172897
0.436834824848
0.436844783975
0.436852451379
0.436859254746
0.436866144912
0.436873354634
0.436880340059
0.436886935399
0.436893404597
0.436898903449
0.436905458507
0.436914490108
0.436926251658
0.436940684317
0.436957599024
0.43697671671
0.436997683176
0.437020122477
0.437043755943
0.437068403205
0.437091544339
0.437109700725
0.437123976733
0.43713515111
0.437143802381
0.437149952309
0.437153664509
0.437155247737
0.437154965345
0.437152944806
0.437149267917
0.437144037859
0.437137365495
0.437129252645
0.437119511993
0.437108062958
0.437094948376
0.437079941531
0.437062540128
0.437042100145
0.437019209847
0.436995175018
0.436970255935
0.436943891577
0.436915641107
0.436884943362
0.436851917155
0.436817283712
0.436781436777
0.436744308862
0.436705472528
0.43666307803
0.436617428355
0.436569724269
0.436519832271
0.436467547223
0.436411927412
0.436350190318
0.436287177969
0.436223336319
0.436158577593
0.436090159427
0.4360196459
0.435948905662
0.435878284935
0.435807998641
0.435738152848
0.435668710209
0.435598446751
0.435521287968
0.435443522617
0.435366341443
0.435290017758
0.435214744616
0.435140675614
0.43506789776
0.434996392256
0.434926016457
0.434856518087
0.434786132434
0.434711327742
0.434637091876
0.434563379534
0.434489379627
0.434416371146
0.434344941857
0.434274916335
0.434205874038
0.434137371454
0.434068968481
0.43400072332
0.433932877844
0.433865521481
0.433799034062
0.43373408591
0.433670942489
0.433608603045
0.433547670067
0.433488593462
0.433430578117
0.433373199759
0.43331726914
0.433263456778
0.43321184027
0.433161796989
0.433112249472
0.433063744664
0.433017689962
0.432974782401
0.432935420937
0.432899936769
0.432868511442
0.43284104009
0.432817336112
0.432797159702
0.432778967839
0.43276149342
0.432746324557
0.432733956789
0.43272376828
0.432714571825
0.432704809239
0.43269351158
0.432681421474
0.4326699571
0.432660236129
0.43265294147
0.43264836996
0.432646389657
0.43264585611
0.432645949685
0.432645011387
0.432637219375
0.432628632347
0.432618086908
0.432608845298
0.432602226358
0.432598286585
0.432596903122
0.43259756023
0.432598693744
0.43259985133
0.43260018118
0.432599182591
0.432598082103
0.43259804611
0.432599722284
0.432603631776
0.432610193474
0.432619651508
0.432632066207
0.432647373604
0.432665480291
0.43268631798
0.432709885251
0.432736305112
0.4327658216
0.432798719595
0.432835236596
0.432875477459
0.432918883817
0.432962179215
0.433006662845
0.433052633915
0.433101521234
0.433154519322
0.433212052482
0.433274201959
0.433340876777
0.433411859367
0.433486796509
0.433565213556
0.433646775941
0.433731485553
0.433819336219
0.433909968722
0.434001897374
0.434092285317
0.434182798496
0.434274562679
0.434367347585
0.43446073154
0.434554718656
0.434649538622
0.434745251864
0.434841626235
0.434938075556
0.435033631576
0.435126976665
0.435216822776
0.435302117926
0.435381087949
0.435453212981
0.43552034068
0.435583973459
0.43564545289
0.435706364559
0.435766446803
0.435824073113
0.435882519699
0.435942548867
0.436003783318
0.436065238403
0.436127086299
0.436189620031
0.436249651307
0.436308585015
0.436368069286
0.436427819359
0.436487556013
0.436546996306
0.436605602661
0.436663186581
0.436720109117
0.436776647889
0.436832798187
0.436888249709
0.436942367469
0.436993923648
0.437040431265
0.437079747608
0.437113713149
0.437145165329
0.437174618475
0.437202297119
0.437228385391
0.43725061065
0.43726865718
0.437286328805
0.437303990982
0.437321685382
0.437338142019
0.437350124739
0.437360759382
0.437371816167
0.437383363679
0.437394829836
0.437404639958
0.437411128251
0.437415916737
0.437420173024
0.437424339859
0.437428602836
0.437432969775
0.43743729779
0.437434749922
0.437425080736
0.437414407833
0.437402166715
0.437387747204
0.43737106159
0.437352300103
0.437330921678
0.437306793826
0.437281607829
0.43725637955
0.437231658889
0.437207808379
0.437185101051
0.437163773525
0.437144028633
0.437123702131
0.437102327542
0.437082976163
0.437065730891
0.437050557121
0.437037251829
0.437025406523
0.437014580204
0.437004629353
0.43699579873
0.436988558685
0.436983325216
0.436980350423
0.436979919594
0.436982443884
0.436988253563
0.436997482871
0.437010079362
0.437025822405
0.437044328742
0.437065047537
0.437087247489
0.437110039974
0.437132555662
0.437154223646
0.437174752197
0.4371937865
0.437210959348
0.43722651921
0.437240807224
0.437253739615
0.437265454142
0.437275931367
0.437283716465
0.43728703629
0.437284492245
0.437279692397
0.437274645296
0.437270042364
0.437266177595
0.437263049436
0.437260372342
0.437257798853
0.437255309912
0.437252934864
0.437250310317
0.437246362546
0.437238631757
0.437224245891
0.437207259132
0.437189905537
0.437172891328
0.437156529667
0.437141007322
0.437126693519
0.437114099223
0.43710356294
0.43709515904
0.437088626712
0.437082837406
0.437074169679
0.437061742656
0.437044871645
0.437023665592
0.437003067203
0.436982960604
0.436963196952
0.436943760619
0.436924749758
0.436906186517
0.436884748693
0.436862829125
0.436841614116
0.436821080781
0.436801147048
0.436781703236
0.436762630971
0.436743809161
0.436725093785
0.436706239301
0.436686655616
0.436664981554
0.436639464936
0.436606497255
0.436570464291
0.436532819259
0.436493617114
0.436452987482
0.436411327377
0.436368984892
0.436325911718
0.436281527401
0.436235434412
0.436188002453
0.436139738585
0.436091061672
0.436042302206
0.435993778814
0.435945744318
0.43589825175
0.435851124352
0.435804029596
0.43575640477
0.43570722434
0.435655936393
0.435602107761
0.435544310447
0.435481742994
0.435415840914
0.435348158092
0.435278988782
0.435208032191
0.43513482422
0.435059044213
0.434980716679
0.434900416024
0.434819130759
0.434737618064
0.434656141194
0.434574540137
0.434492646289
0.434410234502
0.434326470492
0.434241603288
0.4341571571
0.43407389396
0.43399204105
0.433911547821
0.433832157284
0.433753439204
0.433674593374
0.433591893914
0.433507313864
0.433420490886
0.433328412484
0.433230952994
0.433131168057
0.433030200576
0.43292885233
0.432827516168
0.432726155301
0.43262433382
0.432521638192
0.432418307848
0.432314825021
0.43221082813
0.4321049324
0.431997548543
0.431889693319
0.431781921548
0.431674286215
0.431563526513
0.431451458702
0.431340484585
0.431230979084
0.431123223102
0.43101749258
0.430913990977
0.430812745652
0.430713712534
0.430616936628
0.430522406645
0.430429918252
0.430339153716
0.430249821734
0.430161735234
0.430074796834
0.429988930246
0.42990400887
0.429819778697
0.429735662679
0.42965068282
0.42956462697
0.429477849235
0.429391055544
0.429305000087
0.429220177662
0.429136620093
0.429053960247
0.428972085948
0.428891025395
0.428811616553
0.428735018536
0.428661909579
0.428592677702
0.428527586228
0.428466826146
0.428410535414
0.428358813564
0.428311702407
0.428269019232
0.428230116638
0.428194574855
0.428162833982
0.42813538192
0.42811239201
0.428091346087
0.428072260502
0.428056612983
0.428042007921
0.428026689899
0.428013272577
0.427999666711
0.427986056859
0.427974905314
0.427966499347
0.427960736242
0.42795750055
0.427957392834
0.427961481086
0.427970526071
0.427984863263
0.428004417139
0.428028519228
0.428054506823
0.428078900346
0.428104025756
0.428132199621
0.428164723786
0.428202193098
0.428244756973
0.428292338543
0.4283448204
0.428402397714
0.428465618619
0.428534847617
0.428610102808
0.428691289196
0.42877837649
0.428871278435
0.428968902523
0.42907005258
0.429176374108
0.429287826455
0.429402015652
0.429512998043
0.429628481102
0.429749422879
0.42987578038
0.430007282789
0.430141457301
0.430276599929
0.430413474709
0.430552089
0.430692182993
0.430833588113
0.430977184174
0.431124203742
0.431275466604
0.43143143013
0.431591768046
0.431755283544
0.431923347894
0.432095795764
0.432272595461
0.43245359708
0.432638437882
0.432826544701
0.433016923881
0.433207797675
0.433396972081
0.433583084785
0.433766348949
0.433946910313
0.434123880374
0.434293183969
0.434455287959
0.434611779902
0.434762688712
0.434902780624
0.43503109539
0.435151662067
0.435266197118
0.435376086344
0.435481848809
0.43558341088
0.435680326226
0.435772482476
0.435860302801
0.435943777465
0.436021034052
0.436089814135
0.436152122043
0.436208893874
0.436260619114
0.436308010004
0.436351525983
0.436391075317
0.436425991952
0.436452065114
0.436468069852
0.436476965035
0.436480511016
0.436480244746
0.436477022242
0.43647113266
0.436462424623
0.436451686432
0.436439835304
0.436427139819
0.436413588049
0.4363992461
0.436384469351
0.436369768433
0.436355522632
0.436341768959
0.436327977968
0.436313403754
0.436298416919
0.436283397707
0.436267806773
0.436250638305
0.436231523198
0.436211150435
0.436190382681
0.436169627866
0.436149748204
0.436130214966
0.436112139805
0.436095321107
0.43607491251
0.436050777917
0.436022538691
0.435987728247
0.435948117708
0.435905096633
0.435860931558
0.435818360471
0.435778428071
0.435741373829
0.435706490499
0.435669715748
0.435630411067
0.435592155031
0.435554824427
0.435518167137
0.435482267878
0.435446348459
0.435409344481
0.435371379936
0.435333214824
0.435295435838
0.435258807527
0.435224314715
0.435192786076
0.435164762355
0.435140550126
0.435120292705
0.435104007177
0.435091469861
0.435081405808
0.43507290415
0.4350673296
0.435063989895
0.435061230899
0.43506073079
0.435062941696
0.435067725968
0.4350748244
0.435083862809
0.435094326357
0.435105510476
0.435115997401
0.435124677784
0.435131552527
0.435136255671
0.435139200469
0.435140714226
0.435138784165
0.435134067508
0.435128492734
0.435122145266
0.435115644664
0.435109759894
0.435104860616
0.435100898573
0.435097442874
0.435094136904
0.435090548229
0.43508627611
0.435081771401
0.435077334823
0.435072977956
0.435068546352
0.43506365368
0.435057599253
0.435049400105
0.435038227285
0.435023877512
0.435006452256
0.434985859359
0.434961667746
0.434933253969
0.434899763813
0.434859881725
0.434815046812
0.434766533874
0.434714516308
0.434658910355
0.434599638389
0.434536607834
0.434469596616
0.434398193665
0.434321866506
0.434240237759
0.434153429762
0.43406196399
0.433966449589
0.433867473531
0.433765311329
0.433659781633
0.433551802313
0.433442187292
0.433330793125
0.433217289401
0.433102219697
0.432986552679
0.432870847718
0.432755184354
0.432639328754
0.432523190768
0.432407008918
0.432290821973
0.432174194915
0.43205661394
0.431937778667
0.431817309129
0.431695540855
0.431573533999
0.431451957639
0.431331039862
0.431210691828
0.431089268749
0.430965480181
0.430839858399
0.430712244663
0.430583586414
0.430452710238
0.430320190352
0.430186508689
0.43005173301
0.4299163871
0.429781338731
0.429647410764
0.429515144747
0.429384659052
0.429255371888
0.429126824256
0.42899944188
0.428872991646
0.428746088307
0.42861901705
0.42849278458
0.428367437819
0.428242799081
0.428117223172
0.427988118005
0.427856502487
0.427723699662
0.427590253716
0.427453404045
0.427315387486
0.427177796988
0.42704071161
0.426904820956
0.426771020369
0.426639614847
0.426510302011
0.426382493765
0.4262560551
0.426131099626
0.426007372362
0.425884198438
0.425760553029
0.425636259359
0.425511196896
0.425387101479
0.42526506615
0.425145197636
0.425027342126
0.424909053476
0.424787967285
0.424668750342
0.424551748162
0.424436989425
0.424324301173
0.424213387998
0.424103911679
0.423995465125
0.423887363951
0.423776700242
0.423662213348
0.423547501827
0.423433052377
0.42331858533
0.423202995243
0.423085773259
0.422968327805
0.422851727232
0.422736347201
0.422618965039
0.422501464814
0.422385390806
0.422270614835
0.422157001485
0.422044477267
0.421932680642
0.421820906479
0.421710096282
0.421601406976
0.421495434661
0.421392614478
0.421293262466
0.421196987775
0.421103565792
0.42101443025
0.420929884326
0.420849888439
0.420774716495
0.420705070845
0.420641641846
0.420584822632
0.420534694618
0.420491043182
0.420453241381
0.420419871071
0.420390896802
0.420367099501
0.420347976917
0.420331155845
0.4203172146
0.420309261852
0.420307834062
0.420313173439
0.420325495907
0.420344959123
0.420371574582
0.420405143699
0.420445320005
0.42049186714
0.42054484269
0.42060441086
0.420670557915
0.420742965288
0.420821088379
0.420904542777
0.420993363309
0.42108739622
0.421185641023
0.421289123801
0.421399487281
0.421517457849
0.421643384421
0.421777367482
0.421919264943
0.42206870883
0.422225206784
0.422388275744
0.422557442885
0.422732210903
0.422912220856
0.423097282984
0.423287216196
0.423481797804
0.42368078146
0.42388390084
0.424090775557
0.424300426571
0.424510600051
0.424719559832
0.424928468329
0.425140466257
0.425356095323
0.425575183196
0.425797425232
0.42602223319
0.426248654629
0.426475657664
0.426702650567
0.426929586594
0.427156415273
0.427382271795
0.427604930787
0.427823876383
0.428041196194
0.428258039041
0.42847451652
0.428690210914
0.428904758502
0.429118412972
0.429331813763
0.429545509327
0.429759912919
0.429975297307
0.430191166811
0.430403526575
0.430609447879
0.430809561562
0.431002589822
0.431192465056
0.431382586076
0.431574061274
0.43176716558
0.431961872196
0.432156960994
0.432351009515
0.432546730401
0.432744701557
0.432945205519
0.433148452568
0.433353390663
0.43355462713
0.433757978338
0.43396406044
0.434172685178
0.434380822741
0.434587391912
0.434795609291
0.435005570049
0.435217546606
0.435427618328
0.435640623463
0.43585629004
0.436073830639
0.436291945044
0.436509336811
0.436725026125
0.43693727679
0.437144782298
0.43734210525
0.437530919526
0.437714587634
0.437894514015
0.438071535567
0.438245355589
0.438414447443
0.438577363556
0.43873436839
0.438886688261
0.439035719231
0.439182466237
0.439327697186
0.439472108948
0.439614837803
0.439754498948
0.439892158106
0.440025695946
0.440158368545
0.440291787143
0.440425906324
0.44056017022
0.440692508095
0.440819417197
0.440941513493
0.441056207578
0.441165348827
0.441267609701
0.441363372706
0.441454999273
0.441543376308
0.441629593911
0.441714453819
0.441798388275
0.441881609015
0.441964157991
0.442045914324
0.442126466556
0.44220288912
0.442270436883
0.442333742637
0.442393987606
0.44245199801
0.442508209011
0.442562717037
0.442615234975
0.44266330878
0.44270459188
0.44274282773
0.442778933216
0.442812963873
0.442844832947
0.442874424568
0.44290154253
0.442925322071
0.442942957933
0.442953486487
0.442959439974
0.442960734652
0.442955269883
0.44294417948
0.442929433459
0.442911282419
0.442888445321
0.442859821338
0.442823851019
0.442776545748
0.442723693412
0.442663820049
0.442596951999
0.442524843573
0.442447639957
0.44236448381
0.442272783007
0.442169133939
0.442053438687
0.441933154678
0.441811002241
0.441687354322
0.441561991487
0.441435166502
0.441307717709
0.441180103192
0.441052351336
0.440924102681
0.440794407804
0.440663044671
0.440530400487
0.440396056529
0.44025927422
0.440118698435
0.439973549264
0.43982420137
0.439670910432
0.439514440985
0.439355011601
0.439192120033
0.439024528911
0.438851914291
0.438675771511
0.438497125514
0.43831700936
0.43813614137
0.43795484877
0.437773215755
0.437591139362
0.437408294867
0.437224048903
0.437037502682
0.436848044055
0.436655886567
0.436461591989
0.436265509248
0.436067736628
0.435868242571
0.435666929069
0.435463546733
0.435257448382
0.435047631131
0.434832890471
0.434613355909
0.434390855692
0.434166015851
0.433938406171
0.433707308302
0.43347299048
0.433236420133
0.432998317538
0.43275911765
0.432519058732
0.432278156912
0.432036056338
0.431791637554
0.431543617101
0.431292703942
0.43103977649
0.430784438726
0.430518221204
0.430240700961
0.429959178608
0.429675798308
0.429391663577
0.429107159782
0.428815984558
0.428521877334
0.428224985643
0.427927495193
0.427629570653
0.427328818205
0.42702653106
0.426724875817
0.426424926159
0.42612769299
0.425833852321
0.425543714342
0.425257349552
0.424974675347
0.424695495862
0.424419496494
0.424146217954
0.42387512779
0.4236058735
0.423338391594
0.42307105319
0.422803904885
0.422536730571
0.422270488958
0.422005830829
0.421742884187
0.421481734047
0.421222459087
0.420964891114
0.42070781259
0.420450490937
0.420193177776
0.419936603234
0.419682302876
0.419431247092
0.419183875725
0.418940135003
0.418698234842
0.418456859586
0.418219184544
0.41798635213
0.41775888599
0.417537199533
0.417321625467
0.417112339334
0.416908915198
0.416710146295
0.416516332556
0.416326990127
0.416142244004
0.415963581962
0.415792307723
0.415629294876
0.41547497178
0.415327500307
0.415185417137
0.415052345275
0.414928984555
0.414815451168
0.414711045959
0.41461489491
0.414527575569
0.414450109433
0.414383094843
0.414326562812
0.414280261388
0.414244063105
0.414217985997
0.414201880145
0.41419535925
0.414197884868
0.414208874923
0.414227760783
0.414253962343
0.414287095825
0.414327518856
0.414376108847
0.414433570877
0.414500274105
0.414576345896
0.414661735886
0.414756219576
0.414859411218
0.414970946088
0.415090794035
0.415219211531
0.415356396912
0.415502309019
0.415656619731
0.415818685603
0.415987654414
0.416162855302
0.416343957307
0.416530803537
0.416723549187
0.416922310964
0.417126676304
0.417335915291
0.417549595797
0.417767478673
0.417989730911
0.418213819763
0.418443462198
0.418679075341
0.418919618054
0.419165420166
0.419415795725
0.419669506379
0.419925723248
0.420185085613
0.420448677544
0.420717022987
0.420989988325
0.421266795513
0.421545611747
0.421828563619
0.422113286291
0.422402356786
0.422695365049
0.422990337243
0.423285402144
0.423581699558
0.423881325578
0.424185414178
0.424494119426
0.424807241012
0.425124331614
0.425444755724
0.425767193852
0.426082723036
0.426394326854
0.426707774974
0.427022028308
0.427336857351
0.427652908609
0.427970179217
0.428288142727
0.428606513117
0.428924498824
0.429237498216
0.429549411459
0.429860982254
0.43017200104
0.430481548292
0.430788823044
0.431093672443
0.431394566467
0.431690339069
0.431980199081
0.43226324663
0.432539661377
0.432809232541
0.433072324537
0.433324546347
0.433569815989
0.433808991934
0.434041471855
0.434263051616
0.434474459329
0.434680609663
0.434881945671
0.435078638672
0.435270772183
0.435458389589
0.435641459778
0.435819887779
0.43599327942
0.436160471638
0.436319810819
0.436470681762
0.43661551019
0.436756616568
0.436894876822
0.43703046398
0.437161471773
0.437281283479
0.437396997985
0.437509223992
0.437617928628
0.437723449328
0.437826310697
0.437927050902
0.438026113154
0.438123776479
0.438220130385
0.438315071747
0.438408384564
0.438500039886
0.438590261871
0.438678877785
0.438764565461
0.438846831378
0.43892590784
0.438999099258
0.439066650704
0.439130321154
0.439190036694
0.439246068139
0.439297606764
0.439340272272
0.439378898935
0.439415931289
0.439451821494
0.439487773675
0.439524695368
0.439562897336
0.439602271787
0.439642593046
0.43968323581
0.439723133256
0.439762556228
0.43980168231
0.439839497595
0.439875087885
0.439910300579
0.439945862856
0.439981323782
0.440015702789
0.440048410224
0.44007948192
0.440108818725
0.440136046877
0.440160329914
0.440180529478
0.440196767449
0.440209993249
0.440218862479
0.440220819194
0.440218532473
0.440211950703
0.44020148624
0.44018762941
0.440165728668
0.440141471437
0.440116017059
0.440089414454
0.440061511271
0.440032006388
0.440000484706
0.43996645834
0.439929419496
0.439888824153
0.439843710974
0.439793436819
0.43973897118
0.439680563226
0.439617476499
0.439549358554
0.439476483918
0.439398179428
0.439311891326
0.439214781412
0.439109998082
