1.0
0.999837511312
0.999350180964
0.998538415949
0.997402894051
0.995944563042
0.994164639558
0.99206460766
0.989646217072
0.986911481114
0.983862674316
0.980502329729
0.976833235932
0.972858433742
0.968581212618
0.964005106794
0.959133891108
0.953971576569
0.94852240564
0.942790847262
0.936781591619
0.930499544647
0.923949822306
0.91713774461
0.910068829438
0.902748786118
0.895183508804
0.887379069658
0.879341711835
0.871077842287
0.8625940244
0.853896970469
0.844993534017
0.835890701983
0.826595586774
0.817115418202
0.807457535315
0.797629378124
0.78763847926
0.777492455544
0.767198999502
0.756765870828
0.746200887811
0.735511918731
0.72470687324
0.713793693744
0.702780346785
0.69167481445
0.680485085802
0.669219148361
0.657884979633
0.646490538705
0.635043757913
0.6235525346
0.612024722967
0.600468126033
0.588890487711
0.577299485013
0.56570272039
0.554107714223
0.542521897467
0.530952604458
0.5194070659
0.507892402034
0.496415615989
0.484983587345
0.473603065889
0.462280665599
0.451022858831
0.439835970751
0.428726173986
0.417699483517
0.406761751825
0.395918664274
0.385175734752
0.374538301577
0.364011523652
0.353600376895
0.343309650935
0.333143946076
0.323107670535
0.31320503796
0.303440065212
0.293816570438
0.28433817141
0.275008284149
0.26583012182
0.256806693909
0.247940805672
0.239235057855
0.230691846695
0.222313364177
0.214101598568
0.206058335212
0.19818515758
0.190483448583
0.182954392131
0.175598974941
0.168417988591
0.161412031802
0.154581512964
0.147926652871
0.141447487694
0.13514387215
0.129015482886
0.123061822062
0.117282221122
0.111675844748
0.106241694997
0.100978615603
0.095885296433
0.0909602781057
0.0862019567464
0.0816085888789
0.0771782964429
0.0729090719291
0.0687987836219
0.0648451809406
0.0610458998718
0.0573984684806
0.0539003124949
0.0505487609504
0.0473410518893
0.0442743381024
0.0413456929051
0.0385521159397
0.0358905389927
0.0333578318209
0.0309508079744
0.0286662306111
0.0265008182918
0.0244512507487
0.0225141746204
0.0206862091435
0.0189639517968
0.0173439838888
0.0158228760842
0.0143971938643
0.013063502916
0.0118183744476
0.0106583904298
0.00958014876281
0.00858026837182
0.00765539423997
0.00680220238879
0.00601740482563
0.00529775448573
0.00464005020964
0.00404114181586
0.0034979353557
0.00300739867849
0.00256656749798
0.00217255224947
0.00182254618873
0.00151383545976
0.00124381235889
0.00100999400298
0.000810050740374
0.000641854002885
0.000503569748919
0.000393891345286
0.000312957754143
0.000264594762642
0.000242125767217
0.000231393492566
0.000224587447466
0.000217468133926
0.000208415121304
0.000197170633297
0.000184432463067
0.000171701800472
0.000161267763531
0.000156578533785
0.000161863139959
0.00017699005622
0.000198330361234
0.000222801292569
0.000248307954931
0.000273344910822
0.000296774176399
0.000317739079649
0.000335587160514
0.000349821022928
0.000360096432722
0.000366223668461
0.000368118445251
0.000365869370753
0.000359741698833
0.000350195959382
0.000337999009734
0.000324263737986
0.000310680344656
0.000299723034615
0.000294862389364
0.000300586751824
0.000321446529149
0.000356485413335
0.000402741779346
0.000457575204457
0.000518849351871
0.000585105247697
0.00065519936053
0.000728141259916
0.000803045273422
0.000879092220267
0.000955498704875
0.0010315143348
0.00110642016876
0.00117952399058
0.00125015767742
0.00131767679275
0.00138146177191
0.00144092028968
0.00149549058546
0.00154464564923
0.00158789826763
0.00162480701029
0.00165498331706
0.00167809993099
0.00169390100561
0.00170221426982
0.00170296563472
0.00169619672412
0.00168208655203
0.0016609802843
0.00163343008863
0.00160025731159
0.00156266002588
0.00152238136188
0.00148185429155
0.0014441296415
0.00141317334244
0.0013949144486
0.00139676883042
0.0014299400854
0.00150249284302
0.00161585550509
0.0017638309452
0.00194058612695
0.00214153707429
0.00236377585299
0.00260509423251
0.00286375888421
0.00313828643624
0.00342738718086
0.00372991524497
0.00404481080638
0.00437106566695
0.00470770339301
0.00505376601362
0.00540830416577
0.00577036974918
0.00613901063143
0.00651326699789
0.00689216898823
0.00727473533267
0.0076599727701
0.00804687608587
0.00843442864823
0.00882160335246
0.00920736390372
0.00959066638522
0.00997046107043
0.0103456944471
0.0107153114272
0.0110782577234
0.0114334823753
0.0117799404144
0.012116595658
0.012442423626
0.0127564145765
0.0130575766589
0.0133449391849
0.0136175560212
0.0138745091089
0.0141149121182
0.0143379142507
0.0145427042026
0.0147285143097
0.0148946248962
0.0150403688579
0.0151651365144
0.0152683807751
0.0153496226721
0.0154084573264
0.0154445604275
0.0154576953289
0.0154477208846
0.015414600191
0.0153584104455
0.0152793542162
0.0151777725391
0.0150541604888
0.0149091862801
0.0147437156615
0.0145588439369
0.0143559347687
0.0141366511227
0.0139029728213
0.0136572600943
0.0134022736084
0.01314113374
0.0128776354104
0.0126170103654
0.0123649438981
0.0121273178152
0.0119131249692
0.0117350653253
0.0116028906925
0.0115265978727
0.0115208771913
0.0115983740808
0.0117730761581
0.0120569285998
0.0124603170133
0.0129770831629
0.0135928333216
0.0142878863658
0.0150514810987
0.0158745407703
0.0167519059201
0.0176781652785
0.0186474401635
0.0196553223376
0.0206980698133
0.0217723384763
0.022875073654
0.0240034407751
0.0251547768902
0.0263265555317
0.0275163605564
0.028721866292
0.0299408222737
0.0311710414186
0.0324103908381
0.0336567847102
0.0349081787842
0.0361625661964
0.0374179743473
0.0386724626476
0.0399241209768
0.0411710687323
0.0424114543685
0.0436434553425
0.044865278398
0.046075160132
0.0472713677942
0.0484522002785
0.0496159892735
0.0507611005385
0.0518859352826
0.0529889316205
0.0540685660877
0.0551233551958
0.0561518570127
0.0571526727538
0.058124448371
0.0590658761294
0.0599756961602
0.0608526979812
0.0616957219769
0.0625036608298
0.063275460897
0.0640101235243
0.0647067062941
0.0653643242002
0.0659821507454
0.0665594189583
0.067095422324
0.0675895156266
0.0680411156997
0.0684497020825
0.0688148175788
0.0691360687172
0.0694131261103
0.069645724712
0.0698336639713
0.0699768078821
0.0700750849279
0.0701284879214
0.0701370737392
0.0701009629515
0.0700203393467
0.0698954493527
0.0697266013552
0.0695141649136
0.0692585698772
0.0689603054024
0.0686199188723
0.068238014722
0.0678152531705
0.0673523488625
0.0668500694227
0.0663092339239
0.0657307112745
0.0651154185257
0.0644643191038
0.0637784209699
0.0630587747106
0.0623064715647
0.0615226413873
0.0607084505578
0.0598650998345
0.05899382216
0.0580958804225
0.0571725651764
0.0562251923278
0.0552551007881
0.0542636501018
0.0532522180527
0.052222198252
0.0511749977163
0.0501120344366
0.0490347349464
0.0479445318928
0.0468428616154
0.0457311617389
0.0446108687848
0.0434834158074
0.04235023006
0.0412127306972
0.0400723265199
0.0389304137693
0.0377883739775
0.0366475718827
0.0355093534182
0.0343750437874
0.0332459456354
0.0321233373374
0.0310084714218
0.0299025731591
0.0288068393518
0.0277224373756
0.026650504534
0.0255921478
0.0245484440188
0.0235204406482
0.0225091572218
0.0215155885235
0.0205407136978
0.0195855220241
0.018651037699
0.0177381816949
0.016847630397
0.0159800450157
0.015136182113
0.0143168233971
0.0135225842633
0.0127538748993
0.0120111425971
0.0112950066601
0.01060600889
0.00994429521014
0.00931001336615
0.00870339825179
0.00812475423088
0.00757475500458
0.00705399201011
0.00656179223513
0.00609869195604
0.00566431391957
0.00525812043788
0.00487928662289
0.00452723909433
0.00420157196135
0.0039000742761
0.0036215314915
0.00336503013682
0.00312935872239
0.00291337828405
0.00271658067079
0.00253822994112
0.00237808563888
0.00223596423848
0.00211069603843
0.00200087448384
0.00190545939484
0.00182485491733
0.00175792705844
0.00170437875285
0.00166353010428
0.0016348616656
0.00161658101954
0.00160599721958
0.00160035723368
0.00159664387111
0.00159346935958
0.00158997412857
0.00158558316475
0.00157997112773
0.00157319270308
0.00156516011922
0.00155610602669
0.00154607969324
0.00153528401095
0.00152401242571
0.00151248307533
0.00150076798613
0.00148875004587
0.00147657532149
0.00146428973259
0.00145185871647
0.00143909248839
0.0014259672772
0.00141265627373
0.00139976420914
0.00138725236793
0.00137526296818
0.00136398072557
0.00135380713761
0.00134589350651
0.00134143043675
0.0013419848112
0.00134884613221
0.00136359372785
0.00138688625497
0.00141943803009
0.00146063267865
0.00151017462073
0.00156775036977
0.00163308693085
0.00170596873539
0.00178600441324
0.00187292410554
0.00196628982566
0.00206555268835
0.0021708043678
0.00228221809907
0.00239956952305
0.00252269762472
0.00265135126501
0.00278525314684
0.00292392601313
0.00306687567186
0.00321378818142
0.00336411156084
0.00351762384149
0.00367352803321
0.00383114077212
0.00399007617432
0.00414934495313
0.00430826403149
0.00446639132331
0.00462302832641
0.00477729965921
0.00492833074272
0.00507533435958
0.00521755474775
0.00535416757576
0.00548435359096
0.00560736525792
0.00572253485906
0.0058290401183
0.00592607315115
0.00601290990226
0.00608880722172
0.00615302073163
0.00620484315155
0.00624362380735
0.00626893980881
0.00628016413832
0.00627676905968
0.00625841521161
0.00622485502417
0.00617594107851
0.00611168592428
0.00603230970951
0.00593827355647
0.00583029963011
0.0057094158251
0.00557711300595
0.00543545063898
0.00528764967214
0.00513747744268
0.00498850242
0.00484657010363
0.0047187602731
0.00461227536138
0.00453550137594
0.00449946804582
0.00451312041264
0.00457734967822
0.00469324281581
0.00486277578266
0.00508436603001
0.00535605788893
0.00567395307814
0.00603742244311
0.0064466807822
0.00689653844429
0.00738671708427
0.00791683605291
0.00848425533188
0.00908605963572
0.00972064376848
0.0103871250908
0.011083847101
0.0118077107062
0.0125562750233
0.013327797124
0.0141207155539
0.0149337283055
0.015765553681
0.0166137290932
0.0174765007385
0.0183527093774
0.0192410094384
0.0201393611385
0.0210459234258
0.0219590060225
0.0228770345641
0.0237984900594
0.024721850212
0.0256455435573
0.0265679471355
0.0274874212698
0.0284023398348
0.0293111007036
0.03021212489
0.0311038524683
0.0319847385483
0.0328532504549
0.0337078665946
0.0345470770452
0.0353693854606
0.0361733116394
0.0369573942001
0.0377201930792
0.0384602918031
0.0391762996034
0.0398668534596
0.0405306201311
0.0411662982115
0.0417726202163
0.0423483547006
0.0428923084011
0.0434033283911
0.0438803042407
0.0443221701718
0.0447279072017
0.0450965452688
0.0454271653364
0.0457189014708
0.0459709428914
0.0461825359933
0.046352986342
0.046481660642
0.0465679886849
0.0466114652794
0.0466116521734
0.0465681799753
0.0464807500876
0.0463491366659
0.0461731886195
0.0459528316724
0.0456880705044
0.0453789909943
0.0450257625902
0.0446286408403
0.044187970142
0.0437041868276
0.0431778228542
0.0426095106977
0.0419999908003
0.0413501244747
0.0406609171981
0.0399335498176
0.0391693623543
0.0383697421114
0.0375366802134
0.0366733021027
0.0357799959548
0.0348590896709
0.0339121699313
0.0329417095363
0.0319508164891
0.030943318605
0.0299246073014
0.0288967778547
0.0278634102849
0.0268296192427
0.0258007355854
0.0247834535667
0.0237833760822
0.0228038033502
0.0218524154581
0.0209372096971
0.0200648985576
0.0192483166249
0.0185061386334
0.0178465454104
0.0172813059295
0.0168154385818
0.0164544348984
0.0162070313377
0.0160815168277
0.0160815962824
0.0162073452861
0.0164527596335
0.0168240179516
0.0173055136405
0.0178876594179
0.0185643748467
0.0193204065691
0.0201461203322
0.0210343262729
0.0219733990843
0.0229451668034
0.0239395658847
0.0249499735938
0.025971574329
0.0270022519431
0.0280378012089
0.0290685748433
0.0300895400668
0.0310972964466
0.0320892537314
0.0330610351653
0.0340102030106
0.0349341130908
0.0358302263958
0.0366965402939
0.0375311430704
0.0383320857152
0.0390976291906
0.0398267117401
0.0405183314501
0.0411694778863
0.0417788330771
0.04234530728
0.0428679568345
0.0433459629569
0.0437786194954
0.044165324608
0.0445055748438
0.0447989609617
0.0450451650418
0.0452439584851
0.0453952005232
0.0454988369339
0.0455548987645
0.0455635009721
0.0455248409559
0.045439196997
0.0453069266276
0.0451284649523
0.0449043229327
0.0446350856441
0.0443214105038
0.0439640254714
0.0435637272183
0.0431213792633
0.0426379100733
0.0421143111283
0.0415516349505
0.0409509931012
0.0403135541485
0.0396405416131
0.0389332319007
0.0381929522352
0.0374210786078
0.0366190337702
0.035788285302
0.0349303438071
0.0340467613127
0.033139129996
0.0322090814501
0.0312582868833
0.0302884590552
0.0293013577609
0.0282988032248
0.0272827072085
0.026255128435
0.0252182660503
0.0241742795763
0.0231253705209
0.0220738170769
0.0210224305963
0.0199733941342
0.018928761217
0.0178905337737
0.0168619906037
0.0158471581997
0.0148501238477
0.0138736770919
0.0129206046236
0.0119953979384
0.0111048263848
0.010252654726
0.00944238074904
0.00867880340956
0.00797404668316
0.00733116414914
0.00675601816087
0.00625864558967
0.00584556303895
0.00552207774425
0.00529397013116
0.00516446298781
0.005134574681
0.00520082924788
0.00534970347627
0.00557342342376
0.00585233225421
0.00617221341801
0.00651881604703
0.00688079779128
0.00724819405891
0.00761347165055
0.00797052286338
0.00831523127667
0.00864367894793
0.00895103554445
0.00923232746125
0.00948573781904
0.00970977479615
0.00990341250863
0.0100667070891
0.010199336492
0.0103007375889
0.0103710269049
0.0104105892556
0.0104200568071
0.0104005024436
0.0103538399876
0.0102808307084
0.0101827484151
0.0100597734277
0.00991265274536
0.00974234057986
0.00954990788367
0.00933693894825
0.00910507485245
0.00885654421705
0.00859459816044
0.00832364099508
0.00804598198122
0.00776416038633
0.00748143026528
0.00719999522063
0.00692449244028
0.00665926694138
0.00640877996761
0.00617554561985
0.00596060925609
0.00576675638008
0.00559563317345
0.00545233541108
0.00534099445031
0.00526801835994
0.00524373764384
0.00527004902116
0.00534629601339
0.00547529675079
0.00565742000949
0.00589638855721
0.00618791877336
0.00652491803811
0.00690061920716
0.00730784282598
0.00773984562004
0.00818784973134
0.00864673100048
0.00911161525936
0.00957719788448
0.0100388895116
0.0104933736871
0.010938287188
0.01137268888
0.0117947257813
0.0122029276747
0.0125956304869
0.0129715255143
0.0133295352369
0.0136687518564
0.0139884535088
0.0142879802046
0.0145668550418
0.0148247123113
0.0150610546705
0.0152756487937
0.015468394211
0.0156392802045
0.0157884182949
0.0159160900525
0.0160226210873
0.0161087072856
0.0161746720294
0.0162208013543
0.0162470474626
0.0162535817039
0.0162409057556
0.0162097794191
0.0161611969607
0.0160958897514
0.0160147663703
0.0159193165945
0.0158098315411
0.015687096247
0.015552346526
0.0154072090398
0.0152528633391
0.0150905203192
0.0149208335947
0.0147447397475
0.0145634726147
0.0143785326283
0.014191266066
0.0140028157911
0.013814856454
0.0136284204349
0.0134440440012
0.0132641454161
0.0130887351212
0.0129188677657
0.0127569600675
0.0126049437036
0.0124625523179
0.0123304306874
0.0122081273464
0.0120971640861
0.0119987042338
0.0119128312103
0.0118394293265
0.0117794461245
0.0117325463385
0.0116986076319
0.0116765376796
0.0116672450329
0.0116701088985
0.0116829467681
0.011704657611
0.0117339540709
0.0117711845065
0.0118130493008
0.0118595986979
0.0119114170746
0.0119664052693
0.0120218193198
0.0120761269554
0.012127432164
0.0121733335286
0.0122136282535
0.0122456607376
0.0122696030379
0.0122832274219
0.0122853420211
0.0122741250744
0.0122490991438
0.0122092041078
0.0121537671298
0.0120828307578
0.0119971245176
0.0118978074957
0.0117855844773
0.0116633332297
0.0115335971767
0.0113976801801
0.0112596243092
0.0111274241857
0.0110018341508
0.0108866120846
0.0107861283597
0.0107046174002
0.0106454980546
0.0106151607502
0.0106138428072
0.0106417254083
0.0107002124977
0.0107956280269
0.0109284420604
0.0110999713302
0.0113070832072
0.0115492260171
0.0118273593769
0.012142576324
0.0124967118572
0.012889772111
0.0133220235906
0.0137926888026
0.0143019321913
0.0148471148593
0.0154289989307
0.016045542547
0.0166952312713
0.0173787741551
0.0180959124337
0.0188424498687
0.0196161994539
0.0204153710338
0.0212382348922
0.0220843791487
0.0229503094752
0.0238358614891
0.0247385633481
0.0256561209233
0.0265867574841
0.0275280375906
0.0284790286799
0.0294388823363
0.0304033397792
0.0313699150943
0.0323367536785
0.0333035200911
0.0342679033233
0.0352263378679
0.0361766576128
0.0371173843534
0.0380456998232
0.038959745797
0.0398579870882
0.0407389973929
0.0416011164177
0.0424425663705
0.0432617676482
0.0440574112832
0.0448282380444
0.045572967175
0.0462911538764
0.0469815955173
0.0476418681085
0.0482704600237
0.0488661637871
0.0494279276673
0.0499548101876
0.0504459584682
0.0509005950222
0.0513180068187
0.0516975362839
0.0520385774192
0.0523405786759
0.0526030495096
0.0528255660048
0.0530077735681
0.0531493872585
0.0532501909678
0.0533100362695
0.053328841292
0.0533065897099
0.0532433298437
0.0531391738272
0.0529942968067
0.0528089361404
0.0525833905779
0.0523180194055
0.0520132415471
0.0516695346194
0.0512874339409
0.0508675315101
0.0504104750077
0.0499169670869
0.0493877670974
0.0488237929601
0.0482276560527
0.0475987484046
0.0469377165529
0.0462455520223
0.0455232968522
0.0447720378632
0.0439929049219
0.0431870698405
0.0423557456505
0.041500186333
0.040621687227
0.0397215865029
0.0388012683739
0.0378621692976
0.0369057902425
0.0359337355779
0.0349483486368
0.033951698492
0.032944789424
0.0319295382936
0.030907970494
0.0298822757566
0.0288547390351
0.0278269944777
0.0268013773582
0.0257811900579
0.0247674364648
0.0237635393772
0.0227735320035
0.0217985395026
0.0208399644374
0.019901442418
0.0189840690463
0.018093222551
0.0172300859406
0.0163916479729
0.0155776423421
0.0147910063631
0.0140363097651
0.0133175852043
0.0126423837122
0.0120069553707
0.0114096097648
0.0108500249303
0.0103302698291
0.0098495192099
0.00940823938456
0.00900631186099
0.00864276094598
0.0083179790112
0.00803251897334
0.00778664452227
0.00758070638353
0.00741355361993
0.00728082909236
0.00717884651271
0.00710577827777
0.00706094510598
0.00704487961925
0.00705791567816
0.00709524744761
0.00715301101999
0.0072316976457
0.00732750548114
0.00743560031951
0.00755380725353
0.007677092441
0.00780079232655
0.00792086020946
0.00803408173864
0.00813774607323
0.00822835187091
0.00830500279764
0.00836621923096
0.00841000224258
0.00843712061776
0.00844737247896
0.0084408151646
0.00841865038311
0.00838299549906
0.00833405746216
0.00827229729039
0.00819932551319
0.00811647906148
0.00802530797061
0.0079267983727
0.00782190997402
0.00771224527026
0.00759997379321
0.0074863607304
0.0073724302573
0.00725802658151
0.00714420644421
0.00703374070736
0.00692709044936
0.00682505364415
0.00672834318906
0.00663856369157
0.00655590503325
0.00648163271008
0.00641592598757
0.00636002410506
0.00631530259401
0.00628430594916
0.00626539527198
0.00625831196248
0.00626295249408
0.00627912471916
0.0063055972443
0.00634142182487
0.00638582376077
0.0064377453406
0.00649625540461
0.00656154684409
0.00663291096854
0.00670911922993
0.00678893251608
0.00687022694971
0.00695204073379
0.00703328375704
0.00711267275759
0.00718978601767
0.00726359352137
0.00733306349836
0.00739688556591
0.00745389527664
0.00750334481695
0.00754414840499
0.00757591458287
0.00759884318336
0.00761301788822
0.0076172866453
0.00761148650873
0.00759570408285
0.00757088668794
0.00753780182971
0.00749808856497
0.00745307033753
0.00740403980142
0.00735306337051
0.00730539193426
0.00726228130607
0.0072248386844
0.00719440072053
0.00717174727099
0.00715843440404
0.00715729590005
0.00717300644942
0.00720566038643
0.00725787099265
0.00732834085523
0.00741860660378
0.00753059935891
0.00766310735394
0.00781712074313
0.00799249190176
0.00819034041754
0.00840909830489
0.0086515145891
0.00891762447578
0.00920847128345
0.0095238203838
0.00986241730079
0.0102233360904
0.0106050631964
0.0110077601391
0.0114292805902
0.0118689803211
0.012326395036
0.0128029742578
0.0133011653821
0.0138172716336
0.0143500027369
0.0148977009835
0.0154587438967
0.0160326629939
0.0166182587072
0.0172137526526
0.0178186540455
0.0184324328511
0.0190537567218
0.0196793189282
0.0203072024849
0.02093582874
0.0215635126989
0.022188594146
0.0228097104109
0.0234256517361
0.0240356267877
0.0246394229137
0.0252353474663
0.025823228443
0.0264004374721
0.0269654587967
0.0275175144453
0.0280562178239
0.0285808595801
0.0290898506519
0.0295821758751
0.0300564310543
0.0305116790325
0.0309472162053
0.0313624003106
0.0317566070658
0.0321292238213
0.0324796685548
0.0328074033672
0.0331119343888
0.0333928087192
0.0336496157639
0.0338819921484
0.0340896301248
0.0342723086537
0.0344299292776
0.0345622703483
0.0346690751991
0.0347502057018
0.0348055886297
0.0348352052364
0.0348391966295
0.034817638859
0.0347704686318
0.0346977997041
0.0345998085503
0.0344767605719
0.0343291750999
0.0341572781021
0.0339612057359
0.0337412896863
0.0334978957881
0.0332314095339
0.0329422543349
0.0326309122658
0.0322979384301
0.0319439684885
0.0315697112095
0.0311759069182
0.0307632693595
0.0303325049259
0.0298844179911
0.0294198824138
0.028939584662
0.0284442276013
0.0279347713527
0.0274119922566
0.026876792357
0.0263303487659
0.0257734669027
0.0252069488086
0.024632236487
0.0240501414609
0.0234628592382
0.0228708924005
0.022274632995
0.0216752954808
0.0210740859921
0.0204724478656
0.0198715629228
0.0192740033214
0.0186806936062
0.0180944886985
0.0175157232923
0.0169447603153
0.0163821820341
0.0158299744238
0.0152887477791
0.0147594684727
0.0142440681111
0.0137450129152
0.0132645592913
0.0128055831134
0.0123695451093
0.0119564596883
0.0115680034265
0.0112055327418
0.0108689551946
0.0105574347358
0.0102734445276
0.0100174044838
0.0097899340049
0.00959661199872
0.00943577666588
0.00930268443417
0.00919701543864
0.00912028030728
0.00907272756395
0.00905547326616
0.00906819781584
0.00910910176359
0.00917437067463
0.00926223586129
0.00937136282954
0.00949894263354
0.00964223098184
0.00980252225172
0.00997845032215
0.0101647220471
0.0103600059945
0.0105623925555
0.0107695643052
0.0109790729943
0.0111884778448
0.0113944542666
0.0115951861005
0.0117891342894
0.0119763104111
0.0121558511222
0.0123272255513
0.0124892546671
0.0126412356925
0.0127826469435
0.0129133302267
0.0130340447791
0.0131429774904
0.01323994811
0.0133247617197
0.0133972154617
0.0134573636193
0.0135052572934
0.0135406597421
0.0135630928058
0.0135723065672
0.0135682368297
0.0135509258743
0.0135204859209
0.0134770784798
0.0134209063309
0.0133522222172
0.0132717415889
0.0131797919298
0.0130760319139
0.0129607013699
0.0128340949039
0.0126965322271
0.0125483535454
0.0123899162968
0.0122215925412
0.0120437677147
0.0118568418845
0.0116612349592
0.0114573969256
0.0112458144351
0.0110269922518
0.0108014259557
0.0105696514149
0.0103324623245
0.0100901230655
0.00984289206378
0.00959122887856
0.00933563883033
0.00907666152509
0.00881490692503
0.00855106121299
0.00828598568177
0.00802047012782
0.00775547783616
0.00749131372727
0.00722829616088
0.00696699416432
0.00670853178942
0.00645337457914
0.00620177469021
0.00595441848225
0.00571250026951
0.00547667995891
0.00524772567431
0.00502623761667
0.0048133663643
0.00461006823656
0.00441708001211
0.00423365544795
0.00405978072328
0.00389646446906
0.00374462270458
0.00360433737495
0.00347607306708
0.0033601425838
0.00325676714744
0.00316580542604
0.00308819056574
0.00302411252042
0.00297447559354
0.0029402034774
0.00292283837939
0.00292180089383
0.00293440326748
0.00296035951552
0.00299757856191
0.00304470422524
0.00310229397546
0.00316835056553
0.00324169439688
0.00332161717831
0.00340728411937
0.00349700939344
0.0035905046925
0.00368479728213
0.00377951253355
0.00387286672786
0.0039643412269
0.00405379612616
0.00414070175867
0.00422443024759
0.004304688668
0.00438135617681
0.00445457588788
0.00452344200049
0.00458753467184
0.00464655568349
0.00470062752812
0.00474952130387
0.00479306043791
0.00483130325185
0.00486428741887
0.00489199107926
0.00491459380112
0.00493222338328
0.00494480523975
0.00495242582327
0.00495527497686
0.00495357662785
0.00494731242913
0.00493646434468
0.00492100660963
0.00490100360451
0.0048766976612
0.00484833448108
0.0048158865581
0.00477955918327
0.00473956413005
0.00469591040434
0.00464871268437
0.00459816255266
0.00454462797634
0.0044880285494
0.00442848462661
0.00436622603112
0.00430161516374
0.0042350131589
0.00416668084984
0.00409686005827
0.00402601599324
0.00395401415403
0.00388070228074
0.0038062328657
0.00373074512123
0.0036544067381
0.00357739340276
0.00350058233744
0.00342395774271
0.0033474582449
0.00327120485425
0.00319543837497
0.00312046240001
0.00304676699701
0.00297454364802
0.00290394306682
0.0028347680733
0.00276713979833
0.00270221296039
0.00264046546547
0.00258183210371
0.00252663095042
0.0024750723445
0.00242764012123
0.0023837980877
0.00234362527654
0.00230689737948
0.00227345773072
0.0022439502987
0.00221818519291
0.00219735950815
0.00218070641179
0.0021676462344
0.00215881751535
0.00215619742019
0.00215888408451
0.00216684187481
0.00218117199525
0.00220345004783
0.00223303015216
0.00226936658686
0.00231171458925
0.00235967507114
0.00241236600022
0.00246968550279
0.00253161411364
0.00259930283475
0.00267303302234
0.00275160928902
0.00283425140559
0.00292064509681
0.00301042799904
0.0031034544589
0.00320021823497
0.00329967335571
0.00340104605644
0.00350403455792
0.00360829379363
0.00371355336585
0.0038197804301
0.00392724878526
0.00403580500493
0.00414464473834
0.00425351918095
0.00436236038031
0.0044711683372
0.00457993101441
0.00468868383183
0.00479745287967
0.0049061961918
0.00501479361542
0.00512303669904
0.005230697044
0.00533762658125
0.00544374960858
0.00554903991794
0.00565342893629
0.00575667036732
0.00585858570882
0.00595907899925
0.00605812063883
0.0061557050498
0.00625170963073
0.00634595972706
0.00643830483219
0.00652863682009
0.00661683912536
0.00670269959964
0.00678605383778
0.00686683748724
0.00694499466865
0.00702072290729
0.00709399523279
0.00716456393141
0.00723234182821
0.0072972399199
0.00735921769052
0.00741829556807
0.00747460032982
0.00752814667685
0.00757843927768
0.0076253547141
0.00766884444935
0.00770896307376
0.00774578821872
0.00777923248034
0.00780911585255
0.00783534921257
0.00785791251389
0.00787676503339
0.00789187722166
0.00790325061972
0.00791092775503
0.00791503045239
0.00791601524337
0.00791387864968
0.00790890150398
0.00790103860883
0.00789053004251
0.00787726075846
0.00786115869275
0.00784232976973
0.00782095211944
0.00779728062685
0.00777164177647
0.00774435981661
0.00771558566025
0.00768537588148
0.00765367705104
0.00762063822614
0.00758679208597
0.00755204342576
0.00751648164721
0.00748028338101
0.00744355844015
0.00740641810067
0.00736908890779
0.00733183071053
0.0072949073198
0.00725869901908
0.00722346804198
0.00718940848435
0.00715720244524
0.00712627481947
0.00709616078055
0.007066989687
0.00703874670251
0.00701125733218
0.0069846434881
0.00695939952234
0.0069358824004
0.00691377560002
0.00689347972773
0.00687503236592
0.00685779841254
0.00684169040812
0.00682656558033
0.00681246287505
0.00679983959326
0.00678934519069
0.00678093265258
0.00677446254953
0.00676954743041
0.00676613546142
0.0067641117625
0.00676314348628
0.00676274397532
0.00676264634725
0.00676289149703
0.00676365016332
0.00676473277657
0.00676645515358
0.00676806597143
0.00676923834494
0.00676964078257
0.00676858473697
0.00676613412027
0.00676238065978
0.0067570818964
0.00674999358371
0.00674078050074
0.00672893492304
0.00671445350313
0.00669724982443
0.00667729238683
0.00665452593071
0.00662893287439
0.00660057504775
0.00656914072477
0.00653435986963
0.00649624043783
0.00645476784901
0.00640995393746
0.00636189494895
0.00631117117655
0.00625756313253
0.00620126394407
0.00614250160977
0.00608135832515
0.00601842341878
0.00595413542988
0.00588913560317
0.00582420121542
0.00575909359025
0.00569379335361
0.00562854756863
0.00556336689284
0.00549871356746
0.00543511257785
0.00537314224468
0.00531341092665
0.00525604586607
0.00520174207759
0.00515097666624
0.00510457940693
0.00506265207825
0.00502514060264
0.00499185314578
0.00496325108271
0.00494034701583
0.00492434466693
0.00491413976411
0.00490954103919
0.00491222649528
0.00492173084637
0.00493756846779
0.00495988548686
0.00498821562502
0.00502249811896
0.00506372012857
0.00511195088947
0.00516628374445
0.00522593275635
0.00529028584868
0.00535951875569
0.00543377803847
0.00551177424998
0.00559308478025
0.00567725458005
0.00576410554067
0.00585393626294
0.00594544113185
0.0060382676789
0.00612995688566
0.00621951192752
0.00630653130135
0.00639091050278
0.00647136628665
0.00654729692477
0.00661822542879
0.00668423967821
0.00674523781321
0.00680197294016
0.00685473678534
0.00690356171886
0.00694863855661
0.0069917993119
0.00703251854167
0.00707122583857
0.0071078562017
0.00714264408901
0.00717608426371
0.00720948175423
0.00724227050817
0.0072749248344
0.00730925469997
0.00734743448496
0.00739046896528
0.0074376010279
0.00748986591774
0.00754980641011
0.00761805539886
0.00769531273929
0.00778144966792
0.00787728300244
0.00798346171147
0.00810266229007
0.0082342461332
0.00837969438713
0.00853942334432
0.00871262160687
0.00890091238709
0.00910388912848
0.00932157785383
0.00955591167235
0.00980760513369
0.0100776715656
0.0103659428307
0.0106722502368
0.0109964419347
0.0113360366497
0.0116910840595
0.0120622149637
0.0124491842363
0.0128531321761
0.0132745164587
0.013713750818
0.0141709480923
0.0146442253747
0.0151323905981
0.0156343833588
0.0161488655295
0.0166763614533
0.0172170962808
0.0177688619833
0.0183317763468
0.0189033714262
0.0194826076494
0.0200679904727
0.0206577081851
0.0212499566413
0.0218431350851
0.0224363905632
0.0230290719886
0.0236198708975
0.0242068669863
0.0247880261236
0.0253623494665
0.0259280914205
0.0264830630925
0.0270254134614
0.0275537442067
0.0280668340451
0.0285636442814
0.0290428678384
0.0295028525137
0.0299427301807
0.0303610344123
0.030755816924
0.0311259011864
0.031470670008
0.0317897935496
0.0320813722289
0.0323434648092
0.0325748464744
0.0327745689464
0.032941882402
0.0330761753021
0.0331768870381
0.0332433640755
0.0332756217775
0.0332734586613
0.0332361966311
0.0331638920246
0.0330568582319
0.0329144635676
0.0327374861474
0.0325260796687
0.0322806652444
0.0320022071199
0.0316915541327
0.0313497672123
0.0309788044148
0.0305823361008
0.0301630945997
0.0297279398164
0.0292761303262
0.0288095019113
0.0283331523796
0.027849142529
0.0273619600193
0.0268727781831
0.0263900890979
0.025917512184
0.0254580789661
0.0250209775249
0.024610741051
0.024226805787
0.023872144576
0.0235522431147
0.0232690160274
0.0230277575489
0.0228397738564
0.0227170696381
0.0226687390753
0.0226930533511
0.022791533423
0.0229621443911
0.0232184356237
0.0235595750071
0.0239928873167
0.0245205036941
0.025142990561
0.0258657258429
0.0266878465005
0.0276121042266
0.028630210017
0.0297350722235
0.0309209174028
0.0321914313147
0.0335478721761
0.0349778154487
0.0364788634741
0.038042170583
0.0396579901557
0.0413190420667
0.0430187343068
0.0447528296026
0.0465175398701
0.0483130588945
0.0501368118693
0.0519799597448
0.0538374914108
0.055706858341
0.0575825833131
0.0594644306961
0.0613467869169
0.0632266712543
0.0651001881582
0.0669662156092
0.0688222150841
0.0706636328757
0.0724894700877
0.0743000169366
0.0760894403952
0.0778529100324
0.079587014725
0.0812893066029
0.082957653924
0.0845900792846
0.0861848072828
0.0877399303677
0.0892532211484
0.0907226535167
0.0921464685128
0.0935230488474
0.0948509037019
0.0961286025256
0.097354681179
0.0985276291503
0.0996459609368
0.100708314893
0.101713540975
0.102660522822
0.103548080863
0.104375509782
0.105142314642
0.105847063711
0.106489059834
0.107067695123
0.107582449633
0.108032892136
0.108418679269
0.108739554471
0.108995346872
0.109185969753
0.109311418508
0.109371768979
0.109367178379
0.109297976432
0.109164484351
0.108967000033
0.108706030529
0.108382191426
0.107996227649
0.107549064061
0.107041922213
0.106476422407
0.105854041262
0.105175706001
0.10444247679
0.103655355948
0.102815282061
0.101923477079
0.100981543681
0.0999917590768
0.0989566462977
0.0978766734663
0.096752743977
0.0955859604229
0.0943775885003
0.0931290817825
0.0918420763828
0.0905184343932
0.0891602738339
0.0877700323566
0.0863503561482
0.0849034280111
0.0834308099994
0.0819344076119
0.0804163657641
0.078878521027
0.0773234958046
0.0757541185671
0.0741721204489
0.0725796001167
0.0709785842169
0.069370818635
0.067758992335
0.0661499071425
0.0645443966164
0.0629458727023
0.0613522158639
0.0597674629115
0.0581978160042
0.0566434369512
0.0551045094049
0.0535827705464
0.0520787502645
0.0505935452842
0.0491290094486
0.0476868819006
0.0462654886071
0.0448691998389
0.0435004148782
0.0421612505535
0.0408519226361
0.0395721997444
