-2.55351295664e-17
4.44440740498e-05
0.000177771850301
0.000399969982332
0.000711016197021
0.00111087925089
0.00159951886899
0.00217688566622
0.00284292105114
0.00359755711218
0.00444071648619
0.00537231220929
0.00639224754995
0.00750041582433
0.00869670019356
0.00998097344324
0.0113530977448
0.0128129243987
0.0143602935597
0.0159950339437
0.0177169625161
0.0195258841625
0.0214215913401
0.0234038637115
0.0254724677597
0.0276271563846
0.0298676684813
0.0321937285004
0.0346050459893
0.0371013151156
0.0396822141733
0.0423474050702
0.0450965327979
0.0479292248853
0.0508450908339
0.0538437215377
0.0569246886863
0.0600875441526
0.0633318193658
0.0666570246694
0.0700626486666
0.0735481575524
0.0771129944345
0.0807565786431
0.084478305032
0.0882775432708
0.0921536371316
0.0961059037698
0.100133633002
0.104236086583
0.108412497483
0.112662069168
0.116983974883
0.121377356952
0.125841326075
0.130374960651
0.134977306113
0.13964737428
0.144384142739
0.149186554251
0.15405351619
0.158983900016
0.16397654079
0.169030236732
0.174143748832
0.179315800507
0.184545077331
0.189830226815
0.195169858264
0.200562542713
0.206006812936
0.211501163547
0.217044051188
0.222633894821
0.228269076116
0.233947939951
0.239668795028
0.245429914598
0.251229537322
0.257065868248
0.262937079927
0.268841313661
0.27477668089
0.280741264723
0.286733121605
0.292750283135
0.298790758026
0.304852534209
0.310933581084
0.317031851905
0.323145286313
0.329271812997
0.335409352488
0.341555820073
0.347709128831
0.353867192773
0.360027930083
0.366189266453
0.372349138487
0.378505497177
0.384656311435
0.390799571656
0.396933293313
0.403055520561
0.409164329828
0.415257833395
0.421334182926
0.427391572953
0.433428244278
0.439442487299
0.445432645221
0.451397117153
0.457334361066
0.463242896599
0.469121307707
0.474968245129
0.480782428663
0.486562649246
0.492307770828
0.498016732012
0.503688550717
0.50932234867
0.514914217394
0.520427858345
0.528708234231
0.518146874345
0.507132120955
0.496464369073
0.485952747265
0.47560609677
0.465422858728
0.455401205044
0.445539366771
0.435835614874
0.426288258398
0.416895643257
0.407656151033
0.398568197814
0.389630233065
0.380840738535
0.372198227204
0.363701242256
0.355348356089
0.347138169343
0.339069309974
0.331140432338
0.323350216309
0.315697366422
0.308180611033
0.300798701511
0.293550411436
0.286434535838
0.279449890431
0.272595310889
0.265869652118
0.25927178756
0.252800608509
0.246455023435
0.240233957328
0.23413635106
0.22816116075
0.222307357149
0.216573925033
0.210959862608
0.205464180925
0.200085903311
0.194824064797
0.189677711567
0.184645900414
0.179727698196
0.17492218131
0.17022843517
0.165645553688
0.161172638769
0.15680879981
0.152553153202
0.148404821844
0.14436293466
0.140426626118
0.136595035767
0.13286730776
0.129242590406
0.125720035705
0.122298798903
0.118978038047
0.115756913544
0.112634587729
0.109610224436
0.106682988572
0.103852045704
0.101116561639
0.0984757020264
0.0959286319487
0.0934745155324
0.0911125155575
0.088841793076
0.0866615070372
0.0845708139204
0.0825688673748
0.0806548178676
0.0788278123408
0.0651543431674
0.0592092625735
0.0600405519496
0.0666231270469
0.0778752328977
0.0927037599497
0.110075371427
0.129099422106
0.149100263143
0.169657178177
0.190601195482
0.211973365823
0.233958484025
0.256813607952
0.280807666022
0.306158236612
0.333062371768
0.31206766419
0.278728254485
0.249930698756
0.225267405947
0.20430140679
0.186595492226
0.171750293239
0.159440003089
0.149435301275
0.141607844589
0.135916891644
0.132383271317
0.131057589181
0.131988690208
0.135197029742
0.140651944862
0.148264961479
0.157881445235
0.169280758845
0.182239827922
0.196461905573
0.211701100394
0.227742088332
0.244426706403
0.261054723046
0.251571092923
0.239438905886
0.228145606318
0.217702140832
0.208162139932
0.199584655901
0.192018371197
0.18549018707
0.179999048473
0.175515748846
0.17198969768
0.169351370622
0.167560585294
0.166561303093
0.166348743434
0.166947679174
0.168413979896
0.170829122132
0.174284475082
0.178868339033
0.184651754268
0.191676848762
0.199943289431
0.209375389543
0.221659823042
0.213543362346
0.208927701716
0.205068185314
0.201696680174
0.19867377824
0.195896485071
0.193305423871
0.190883287899
0.188648288361
0.186644446097
0.184929889296
0.183566490942
0.182609963649
