-9.51619735393e-16
0.0292741840365
0.109179504966
0.21078121253
0.288249305632
0.307102744314
0.263232522485
0.211084055991
0.180070822205
0.168977982502
0.171454942807
0.186099176352
0.208469575148
0.226388910944
0.229232677836
0.221470280574
0.213089570926
0.207668575493
0.203735366659
0.204109393116
0.20919608454
0.213647210857
0.216222413595
0.213472757331
0.205776036695
0.197589330593
0.190921793332
0.190316601188
0.192974197527
0.195897154915
0.198995236518
0.200551485047
0.196332165182
0.187774454035
0.182208409096
0.182599302941
0.187194040659
0.194287411674
0.200962770594
0.205807023779
0.208194996097
0.204784533646
0.196077846707
0.192092903588
0.190222591036
0.190986001993
0.19629879413
0.202228029189
0.204402672257
0.20260264217
0.201207467108
0.200736999588
0.200137449897
0.196994115074
0.195809243996
0.19674189199
0.197609720803
0.196613039414
0.192389823939
0.189185008171
0.189833664399
0.190757054208
0.190208136629
0.191590442401
0.194714741115
0.199051742049
0.204004849081
0.20438348084
0.20318860351
0.200850247811
0.194020759934
0.186260972814
0.180575450109
0.182055336616
0.187924482318
0.194432636059
0.198615790336
0.200948002897
0.200201223452
0.199140247698
0.198880009622
0.198983898189
0.197210278356
0.195318894248
0.195299957169
0.192186971787
0.190445362504
0.19250805789
0.191592510824
0.189567182869
0.189551673477
0.193472830075
0.195863843003
0.197687967552
0.198000637526
0.196644280805
0.199378911091
0.204007766747
0.204460547118
0.201744535586
0.199082353194
0.197515381883
0.194533391573
0.191888711461
0.189236093621
0.18790348156
0.189575069677
0.194623942239
0.199152643466
0.201040534244
0.20062153292
0.198452368587
0.195069678849
0.193381701232
0.192278118632
0.191134906275
0.189457217602
0.190261283403
0.193072247354
0.193143439257
0.192535151289
0.192921105643
0.196473342678
0.202239147999
0.205824311545
0.201188759908
0.193222589151
0.188073965592
0.188215190429
0.18743471165
0.18804775004
0.19038544489
0.193289261279
0.197413422484
0.198823183118
0.195967612148
0.192930745801
0.189644865811
0.18677894095
0.184652108765
0.183263537768
0.183529839966
0.187131537876
0.194361000265
0.200639457217
0.205807765258
0.206584831183
0.20428083029
0.199938168375
0.195466098498
0.19131905262
0.190712637222
0.192007928629
0.197052347308
0.200343340113
0.199322427268
0.196372059062
0.196444347669
0.200232888533
0.199635276544
0.196779934665
0.19485502178
0.196268632392
0.198270639574
0.200397482074
0.200900765221
0.200760229947
0.199730821861
0.197062499665
0.193429481233
0.189589108817
0.189855539718
0.191586439838
0.193032620498
0.195414514666
0.194306986851
0.194189484073
0.196750700838
0.198536816132
0.20216346614
0.203108910559
0.199043403366
0.1973393408
0.197895261038
0.195315528903
0.190076054685
0.187002079455
0.187333982466
0.18920995735
0.189583339556
0.190303465507
0.194465019661
0.198953658088
0.198773234215
0.193141639182
0.188155648618
0.187906011838
0.190925064117
0.197034491499
0.203555676758
0.203114886809
