1.46549439251e-16
0.000109155363325
0.000436685835994
0.000982784737245
0.00174777483732
0.00273210921837
0.00393637248683
0.0053612823448
0.00700769152972
0.00887659013434
0.0109691083213
0.0132865194489
0.0158302436289
0.018601851737
0.0216030699043
0.024835784518
0.0283020477655
0.0320040837588
0.0359442952841
0.0401252712219
0.0445497946947
0.0492208520007
0.0541416424035
0.059315588855
0.0647463497366
0.0704378317193
0.07639420385
0.0826199129918
0.0891197007574
0.095898622097
0.102962065722
0.110315776572
0.117965880565
0.125918911892
0.134181843181
0.142762118876
0.151667692245
0.1609070665
0.170489340583
0.180424260246
0.190722275212
0.20139460327
0.212453302368
0.223911351937
0.235782744914
0.24808259221
0.260827241764
0.274034414688
0.287723361642
0.301915043192
0.31663233883
0.331900290437
0.347746387397
0.364200902505
0.381297290256
0.39907266247
0.417568360719
0.436830651294
0.456911577203
0.47787001441
0.499772998217
0.522697414409
0.546732195588
0.571981240259
0.59856741161
0.626638248328
0.656374633768
0.688005274183
0.721835048144
0.758318567628
0.798394562045
0.843488970853
0.883900927112
0.93229136336
0.987458743282
1.05129659687
1.12767305402
1.22516181916
1.37251013012
1.59425486192
1.57557278301
1.56388473391
1.53570760105
1.51797216168
1.49095659319
1.47111561574
1.45246556228
1.43258017032
1.41678191035
1.39619870501
1.37568388925
1.36815394388
1.34017527983
1.32716571419
1.30778629513
1.2885526553
1.2715490039
1.25519050512
1.23963249267
1.22684475654
1.21294356872
1.1930278285
1.17767970706
1.16812849877
1.14742023326
1.13855744155
1.11886634838
1.11350414801
1.09240158078
1.07845478019
1.0703756828
1.05344069284
1.0386907414
1.02766449548
1.02270190689
1.01030557926
0.992281221535
0.9786875884
0.966502587964
0.954996444215
0.943877446081
0.932988381996
0.922254141421
0.911670668933
0.901296401218
0.891243857838
0.881689886213
0.872958462422
0.866064540038
0.859046933657
0.86302392931
0.836228309588
0.825546685682
0.816926372572
0.811031162763
0.805904783324
0.794477105904
0.783907520745
0.777147866552
0.775500828804
0.763835774881
0.753829260858
0.749306523526
0.748571380078
0.733539551753
0.727774799228
0.726444295399
0.71458927104
0.709232463093
0.709288207101
0.696655640029
0.693654374464
0.690126414726
0.680478409185
0.683095616899
0.671382035921
0.667695174698
0.666422779856
0.657243955223
0.658935683969
0.649134319682
0.651026617601
0.642644125707
0.640180196642
0.637649749822
0.632532864672
0.634628859241
0.626311117296
0.632971925669
0.621114139106
0.62544178559
0.616772451926
0.62105953644
0.61321334095
0.617909007796
0.610427196423
0.616085556818
0.60845519453
0.61857613119
0.607385293739
0.612396926484
0.607363252822
0.60960960925
0.608654018078
0.608711688332
0.6119924535
0.609259924977
0.618000493191
0.611216776507
0.618522722164
0.61469782121
0.622074582083
0.620043226197
0.62281488904
0.628727447374
0.627134510474
0.635677971154
0.63373752402
0.644502344401
0.642828757417
0.647307788236
0.657312015884
0.655621168187
0.666391062499
0.666931797509
0.675789039462
0.682057144051
0.686251442051
0.698481218349
0.701041653135
0.714994591154
0.720636316424
0.730807455169
0.744862370788
0.745371936309
0.766539921591
0.765135943555
0.775394714154
0.793901241338
0.797480368703
0.817056909797
0.825004621847
0.840351039296
0.862207047562
0.871097046958
0.893979130847
0.909053243542
0.932565113049
0.956517823615
0.978338858677
1.0105898271
1.03801266512
1.08862434934
1.11965508286
1.17545797491
1.26177022126
1.39737482274
1.38851409246
1.37557594427
1.36892827842
1.35574369346
1.35009316508
1.33630753852
1.33729557795
1.31579188154
1.30709833666
1.29859253434
1.29014628267
1.27384268126
1.28030200585
1.25509703833
1.2510086167
1.23478957109
1.2371639461
1.22555189117
1.20716392136
1.20685864111
1.1965998713
1.18351895437
1.173167972
1.16364433961
1.15458138608
1.1224399067
1.08265486158
1.05541898357
1.03169765164
1.00966452586
0.989030061895
0.969736375394
0.951714309272
0.934939340591
0.91950446407
0.905848859769
0.900095575349
0.880174052165
0.865309952513
0.849003242924
0.836057241011
0.82698067756
0.816090304139
0.801287516892
0.7879766737
0.779491013811
0.771164284635
0.75628811187
0.745503575394
0.741877410751
0.728165917433
0.716554677862
0.718045028757
0.704864905552
0.690968140158
0.686336810169
0.670727312313
0.660340471887
0.655777434886
0.641707230624
0.636665813378
0.627389972316
0.616686223132
0.613786023194
0.600525295488
0.60322526277
0.586426222034
0.58048884789
0.574244651094
0.56501284301
0.566492048457
0.551186535161
0.550689270708
0.538416473612
0.537741962267
0.526448631782
0.526192934208
0.515151418141
0.515260283745
0.504473473073
0.504842671015
0.494431135049
0.495406416031
0.485100395821
0.489110036791
0.476618767854
0.477072109587
0.469228947447
0.466391042449
0.463527613787
0.457694256872
0.466070227827
0.450463747727
0.45323735754
0.4447657329
0.446013140375
0.441164172376
0.437712122111
0.444902540719
0.432557031045
0.439890670061
0.429909970117
0.429011338064
0.433110646206
0.424957017892
0.432946036371
0.424287082876
0.423756699428
0.430980829139
0.422117468685
0.426917163344
0.425122703777
0.42325796036
0.430068377314
0.42592200781
0.42795003638
0.4363880264
0.436479249024
0.434979324164
0.438348338246
0.432887014808
0.438611773891
0.439639371004
0.438058444534
0.446978767757
0.446057743057
0.446360019248
0.457767448173
0.456044448617
0.457532637947
0.469216267704
0.469565934062
0.471778843279
0.482637960255
0.487129269391
0.48955742769
0.499864452112
0.510354968772
0.51158858011
0.521826530708
0.535985836856
0.538960792637
0.549615955753
0.566051502966
0.57343065136
0.584984850744
0.605351843916
0.61847198413
0.631088070125
0.651693467419
0.677032204618
0.694735750709
0.721565912406
0.77348181218
0.798229185219
0.854526249741
0.969391003644
0.967359598009
0.953338807483
0.943443686577
0.94341540551
0.933828992059
0.920004956286
0.912947296009
0.908587946805
0.897908877976
0.884773545261
0.885472952147
0.886408224225
0.862232031224
0.853849613764
0.852652272608
0.84626640565
0.835051255727
0.828031213994
0.820976470769
0.817058631004
0.804204436025
0.799366584898
0.792796625238
0.787815067728
0.776228399601
0.766772050592
0.759790905968
0.755970619176
0.746318751414
0.740521463618
0.740850544486
0.729604875029
0.719396909441
0.719506342218
0.714688118832
0.706412235635
0.697492196801
0.689423364721
0.680566453106
0.678861463919
0.680008726341
0.663678701028
0.657092273433
0.656729984368
0.651112165064
0.6464381055
0.638107662653
0.629349589231
0.633076391769
0.627677004144
0.619369632622
0.610246237282
0.605918056879
0.622476633274
0.59835168905
0.593865082428
0.58452756967
0.587645952373
0.581586718891
0.580874393605
0.567358387579
0.573664284368
0.563608409268
0.569398584407
0.553081192999
0.559225937921
0.544108525285
0.551993733976
0.543599585506
0.53897775206
0.528939889788
0.531244155285
0.528473426635
0.538583321555
0.518803577206
0.516291055426
0.51379814237
0.513497551641
0.519939914649
0.504714371687
0.505345593604
0.498458439325
0.502490809143
0.502017459769
0.494941504915
0.494908450558
0.487577045223
0.493936002075
0.492841720652
0.489010008361
0.487464417366
0.479948417132
0.484067363461
0.487771966279
0.484370787683
0.483460684519
0.476390954277
0.477037498537
0.485918221726
0.481460312615
0.485193307572
0.482228331677
0.480171255885
0.485762543526
0.482210129195
0.4804573223
0.481474421078
0.474511222879
0.474054835058
0.480574619745
0.484273486114
0.487378358138
0.482535461292
0.477236875813
0.47898801529
0.486976025564
0.487971350888
0.490337300578
0.49084030642
0.487375026825
0.489494411832
0.500176716251
0.501654598446
0.502910127485
0.511524783722
0.506299588407
0.50700027154
0.517094072622
0.529308086313
0.525426268144
0.525959803547
0.533572044314
0.53451725181
0.541591345613
0.561404546384
0.563772433514
0.558633265345
0.566581269666
0.578113810034
0.581560346169
0.598689844709
0.612047370644
0.611217531536
0.615789006496
0.628286255742
0.644712778538
0.657105993944
0.669710882854
0.687817653123
0.703758544542
0.713170426441
0.734375403521
0.767657453187
0.794329761063
0.830028177285
0.870986130103
0.975132073836
0.967878184636
0.964125056888
0.96054154752
0.958162005777
0.944471454839
0.939302852012
0.930008380116
0.928957584247
0.917512676389
0.916805349516
0.912983727966
0.905087507308
0.899249026119
0.886151063926
0.881796397625
0.884299455181
0.885022520744
0.869774394835
0.857781164967
0.861972269948
0.847875453169
0.837187965985
0.836952919173
0.839671133391
0.837968439326
0.816493119716
0.808872650319
0.809406381945
0.809577863863
0.802125767897
0.800274056691
0.798799665722
0.787285933013
0.789812323266
0.771922008663
0.764656641016
0.771282723155
0.764985028413
0.759531672375
0.750146262506
0.7402849758
0.743803380986
0.739314958894
0.739384981548
0.727816087189
0.729659853118
0.731810363266
0.720344726225
0.709083394206
0.704562139042
0.708396854547
0.707627340971
0.705604137768
0.690085146107
0.685628288745
0.683299057957
0.684946682005
0.685212407217
0.675635659333
0.692472197687
0.666416942872
0.670451066259
0.661357300213
0.659187908695
0.653596242686
0.659015687662
0.662539184487
0.653697728104
0.646451557153
0.636224967976
0.640431978999
0.641100692787
0.650935791053
0.640789737375
0.629415798561
0.628854278285
0.624850369969
0.62673261858
0.635684873
0.621364796987
0.626353287708
0.625051131541
0.624593476434
0.635045432898
0.611239251577
0.612559365717
0.625365986659
0.618088512748
0.62359831558
0.613224410189
0.602126895508
0.605388309063
0.60097264035
0.6051331053
0.619419425196
0.603310018061
0.600044155871
0.599169140575
0.595316576059
0.612353222398
0.606404777761
0.599306518467
0.596918368245
0.605087032197
0.597503577515
0.601421233491
0.610684277991
0.597604471133
0.596063924525
0.606882709084
0.607025462751
0.610017593575
0.609723881947
0.606726552829
0.600266775581
0.603780511647
0.617008302651
0.619095695258
0.621366946339
0.620763140305
0.616699482659
0.613395988963
0.619813858997
0.632940060986
0.633680100117
0.636307830881
0.640812079624
0.637658913362
0.63615005437
0.644327820001
0.659324626498
0.673341449167
0.660158946343
0.665883450621
0.671172683499
0.670974372981
0.681011490713
0.698622849943
0.706794117861
0.700708463562
0.708594552264
0.718463768745
0.724792479367
0.741805232587
0.747623380815
0.770658884786
0.766957966803
0.777717625443
0.787626885573
0.807104669013
0.825825989209
0.843499722427
0.869635686735
0.887884986961
0.917504711452
0.951439154894
1.04720504068
1.0580529078
1.05120956133
1.0480393468
1.02932873147
1.0340097112
1.03494827412
1.01303635191
1.01224317748
1.01114862595
1.00610408627
0.996521811544
0.987770665954
0.981011584834
0.980253998701
0.980213846859
0.975172957573
0.965995732366
0.969480217844
0.957133411872
0.944076600194
0.938274137606
0.953296266235
0.947153342215
0.941250452348
0.924309947943
0.91678308955
0.912726232263
0.915649429257
0.913159875153
0.912645092441
0.904998309241
0.899325524215
0.892842138416
0.888292882994
0.87799335244
0.880871766491
0.885307727604
0.88781488509
0.869487788496
0.87539268746
0.857314796452
0.864386273469
0.854336641615
0.84594947386
0.845582444583
0.84784067821
0.86203943418
0.850323119051
0.824807396522
0.826955141705
0.819821145263
0.835279320944
0.82248722913
0.819970116631
0.824476168792
0.809766126832
0.809124772158
0.801249197087
0.802118381692
0.792850998472
0.800065920076
0.795500017663
0.800984895128
0.795809247335
0.780193689177
0.781171576529
0.777996203017
0.787327304029
0.784127616639
0.786846230366
0.781841039826
0.784161919772
0.769497762366
0.769878965586
0.763394530722
0.755961009975
0.756311752777
0.752638054606
0.736191488696
0.727518714765
0.700489259201
0.688614061426
0.685832093043
0.668508149084
0.675831607025
0.670971965472
0.656812199166
0.650082780777
0.65178860188
0.632908444702
0.636311967628
0.635226640811
0.616082277532
0.612730702693
0.613442671293
0.614777398851
0.61364835036
0.612544955028
0.595532277009
0.588028036259
0.59003801604
0.585926761961
0.59006611764
0.589685145952
0.593883362577
0.577527983153
0.575836519247
0.57437805536
0.572747048476
0.569142568303
0.571855583294
0.572618938096
0.562203164485
0.57022302127
0.571061175554
0.57320744401
0.567267174448
0.561637922154
0.561344962213
0.556390861572
0.558145511296
0.579612200078
0.575180211138
0.567230094371
0.568219767717
0.568371757816
0.565904369811
0.565051489209
0.572553054168
0.58026035337
0.574086178175
0.574147891229
0.584321229687
0.587536072497
0.592217721759
0.591195347139
0.597136145219
0.59741280729
0.598166662892
0.600768420087
0.609900222369
0.625934658312
0.633681619408
0.63803484017
0.639042806157
0.648855061119
0.655160907129
0.659520952805
0.673379715003
0.693052677892
0.710515592112
0.717469233541
0.732247810934
0.756302109907
0.781926554482
0.815150776038
0.902473930225
0.90377007835
0.897668425095
0.891627726208
0.880210770214
0.877171223941
0.878286574759
0.905513361715
0.868164873761
0.852182455575
0.841544475308
0.840137703185
0.834069313619
0.82628354901
0.823421961769
0.822795951657
0.82849902216
0.811632458245
0.800774161677
0.78934706052
0.784189985526
0.781946592984
0.783095612791
0.771249576497
0.765443084869
0.762682257428
0.763586877803
0.7633345928
0.754107623126
0.738893193783
0.744901942704
0.733818368066
0.727672320915
0.713925653982
0.711739593104
0.707716420928
0.71432250038
0.708332565891
0.709651705997
0.697101842637
0.692022974213
0.684904283996
0.685148678896
0.66838829563
0.667265306191
0.664132196976
0.691609084577
0.673623208084
0.662674883262
0.660347355136
0.645261247121
0.644494284728
0.639628243415
0.646846410672
0.636354912922
0.631575639159
0.637446807416
0.635940896416
0.652208487246
0.61979568144
0.614485268278
0.609729643064
0.605431506362
0.610006822411
0.611924052802
0.591524434692
0.594352055914
0.585260457046
0.584077183274
0.598685178573
0.584232620492
0.582879785222
0.578537409373
0.577974258067
0.568485713024
0.566381985684
0.558452094437
0.553131703049
0.554476206801
0.553998193902
0.567267362838
0.56297575736
0.559225347249
0.546273662016
0.543232577002
0.538059463975
0.536851868213
0.546717869678
0.541817616333
0.53750452877
0.536160855236
0.542182360292
0.535059871941
0.533841813687
0.539228555714
0.524958340668
0.519259132938
0.524868203589
0.532613508788
0.52922418636
0.54132992442
0.524224172813
0.51959228599
0.524714225522
0.521954826449
0.52914949138
0.523407670554
0.523006108791
0.526227965171
0.523449240279
0.515809423976
0.516437423393
0.527286240182
0.523678078005
0.520894841939
0.523686299464
0.526575309231
0.541040781352
0.528922108165
0.539400526739
0.539017634941
0.525038908113
0.522198343011
0.52655939924
0.532185357449
0.537429444078
0.54599073647
0.558479952759
0.552521505282
0.554449908726
0.54557044408
0.547890388304
0.555931474394
0.559626232106
0.563199525425
0.56236252248
