-0.0
0.00378828655898
0.0151160752303
0.0338652620075
0.0598158024209
0.0926104983667
0.131706547081
0.176319070442
0.225370206004
0.277469623613
0.330962852147
0.384078684805
0.435171022065
0.482989431058
0.526868862353
0.566754229077
0.603072047304
0.636556790505
0.668113933956
0.698623942442
0.728620405117
0.758314093554
0.788568150376
0.82215247953
0.86459315357
0.92261643242
0.990946045983
1.03008351503
1.00637927669
0.889379200307
0.771362313538
0.680831912375
0.608252275465
0.545311779944
0.486791773166
0.430558253397
0.37686804092
0.32706128546
0.282448447159
0.243811172461
0.211359950731
0.184873102281
0.163859301475
0.147692266244
0.135711954479
0.127296924754
0.121911723889
0.119131943947
0.118649580476
0.12026088813
0.123837860364
0.129285580344
0.13649426077
0.14530601093
0.15552461651
0.166988695064
0.179693964347
0.193897732594
0.210104019171
0.228844072031
0.25022222637
0.273274012272
0.295392445533
0.312590129232
0.321551998282
0.322535098957
0.319884370444
0.319582312961
0.326971522691
0.346378092117
0.382058147359
0.44006309809
0.532399517557
0.684721350754
0.8212500769
0.770863164806
0.600723783691
0.484105556186
0.409682632078
0.359065697797
0.323942228765
0.299808473941
0.28385270527
0.274110596071
0.269073242156
0.267483102648
0.268218220461
0.270226304604
0.272494968978
0.274050911457
0.273982439392
0.271490732314
0.265992940663
0.257292097445
0.245765220379
0.232446161419
0.218901614824
0.206932925544
0.198242384663
0.194173568056
0.195527940396
0.202377696211
0.213780487188
0.227394923367
0.239307562982
0.24484106105
0.240777377657
0.227488432045
0.208596622608
0.188592917572
0.17097827366
0.157887973088
0.150474278177
0.149363658189
0.154985163572
0.167793576178
0.188458430335
0.218093451929
0.258626258461
0.313522135564
0.389487304461
0.501126375775
0.666334512118
0.732690356694
0.732568245069
0.565668310588
0.449698088958
0.376322052306
0.325202872998
0.286893373306
0.256262727072
0.230488777189
0.208338526462
0.18967716117
0.17497562447
0.164885105807
0.159965911904
0.160572113555
0.166836178248
0.178694406143
0.195912400597
0.218083041362
0.244567585792
0.274333405573
0.30562558543
0.335470412337
0.359329730847
0.37179473266
0.368944663442
0.350894302076
0.321812590289
0.287269226299
0.251753311855
0.218039928892
0.187661588538
0.161496299148
0.140143466701
0.124101697014
0.113825671831
0.109722045328
0.112119412697
0.121229578886
0.137109582866
0.159638784233
0.188545910289
0.22355640892
0.264766750666
0.313371213357
0.372929170423
0.45178807031
0.566503372693
0.680588891908
0.66665003771
0.632194233944
0.490625985702
0.377793103549
0.300065880978
0.245264471055
0.206966560896
0.181702315922
0.167383131378
0.162596531362
0.166245376602
0.177321877864
0.19471793542
0.217003163374
0.242114512215
0.266979906276
0.287395700443
0.298941589673
0.299160138052
0.289116473261
0.272706622263
0.25460309409
0.238535753747
0.226731960018
0.220145911929
0.218845812366
0.222287496905
0.229460622967
0.238965823434
0.24909095833
