2.22044604925e-16
2.37330051458e-05
9.49331281228e-05
0.000213603693336
0.000379750247411
0.000593380568139
0.000854504677026
0.00116313485548
0.00151928566466
0.00192297396909
0.002374218964
0.00287304220651
0.00341946765082
0.00401352168727
0.0046552331856
0.00534463354234
0.00608175673259
0.00686663936612
0.00769932074816
0.00857984294483
0.00950825085345
0.0104845922779
0.0115089180094
0.0125812819119
0.0137017410146
0.0148703556088
0.0160871893514
0.0173523093752
0.0186657864051
0.0200276948815
0.0214381130909
0.0228971233038
0.0244048119207
0.0259612696262
0.0275665915517
0.0292208774467
0.0309242318604
0.0326767643322
0.034478589593
0.0363298277776
0.0382306046476
0.0401810518274
0.0421813070518
0.0442315144272
0.0463318247067
0.0484823955795
0.0506833919759
0.0529349863881
0.0552373592083
0.0575906990844
0.0599952032945
0.0624510781416
0.0649585393687
0.067517812596
0.0701291337817
0.0727927497066
0.0755089184858
0.0782779101059
0.081100006993
0.0839755046095
0.0869047120844
0.0898879528771
0.0929255654771
0.0960179041424
0.0991653396781
0.102368260258
0.105627072291
0.108942201337
0.112314093071
0.11574321431
0.119230054081
0.12277512477
0.126378963322
0.130042132518
0.133765222322
0.137548851305
0.141393668165
0.145300353317
0.149269620601
0.15330221907
0.15739893491
0.161560593456
0.165788061352
0.170082248832
0.174444112151
0.178874656177
0.183374937137
0.187946065554
0.19258920937
0.197305597286
0.202096522315
0.20696334559
0.211907500428
0.216930496678
0.222033925386
0.227219463784
0.232488880649
0.23784404206
0.243286917575
0.248819586894
0.254444247022
0.260163219998
0.265978961242
0.271894068568
0.277911291944
0.284033544062
0.290263911805
0.296605668703
0.30306228848
0.309637459815
0.316335102436
0.323159384708
0.33011474288
0.337205902173
0.344437899937
0.351816111111
0.359346276281
0.367034532635
0.374887448213
0.382912059837
0.391115915241
0.399507119938
0.408094389487
0.416887107908
0.425895393116
0.435130170413
0.444603255215
0.454327446431
0.464316632147
0.474585909552
0.485151721434
0.49603201196
0.507246405015
0.518816408972
0.530765652529
0.543120157159
0.555908652791
0.569162944656
0.58291834071
0.597214150798
0.612094270608
0.627607865325
0.643810169459
0.660763419623
0.678537934576
0.697213348205
0.716879979345
0.73764027341
0.759610145053
0.782919825552
0.807713336434
0.834144668097
0.862366454177
0.892501857866
0.924579194585
0.958385389768
0.993154120333
1.02698386757
1.05611402215
1.07517316603
1.08015794005
1.07188192331
1.05459928419
1.03225751835
1.00719186158
0.980638066349
0.95335128269
0.925893264596
0.89870786595
0.872128377261
0.846381881113
0.821604097348
0.797860111831
0.775164892737
0.753500346163
0.732828113648
0.713098555808
0.69425676124
0.676246404966
0.659012123537
0.642500899257
0.626662798823
0.611451300952
0.596823369052
0.582739371171
0.569162913272
0.556060627969
0.543401945089
0.53115886021
0.519305710689
0.507818964445
0.496677024086
0.485860047283
0.475349783296
0.465129424951
0.455183475073
0.445497626209
0.436058652457
0.426854312246
0.417873260943
0.409104972287
0.4005396677
0.392168252641
0.383982259239
0.375973794522
0.368135493655
0.360460477624
0.352942314912
0.345574986736
0.338352855467
0.331270635905
0.32432336911
0.317506398543
0.310815348258
0.304246102967
0.297794789772
0.291457761422
0.28523158093
0.27911300743
0.273098983161
0.267186621466
0.261373195718
0.255656129091
0.250032985095
0.244501458818
0.2390593688
0.233704649498
0.228435344286
0.223249598948
0.218145655617
0.213121847136
0.208176591795
0.203308388426
0.19851581181
0.193797508401
0.189152192309
0.184578641551
0.180075694535
0.175642246762
0.171277247733
0.166979698047
0.162748646671
0.158583188382
0.154482461347
0.150445644862
0.146471957209
0.142560653648
0.138711024516
0.134922393439
0.131194115645
0.127525576367
0.123916189344
0.120365395394
0.116872661073
0.113437477406
0.110059358682
0.106737841324
0.103472482807
0.100262860643
0.0971085714159
0.0940092298691
0.0909644680395
0.0879739344373
0.0850372932689
0.0821542236993
0.0793244191534
0.0765475866528
0.0738234461867
0.0711517301149
0.0685321826012
0.0659645590759
0.0634486257253
0.060984159007
0.0585709451899
0.0562087799173
0.0538974677917
0.0516368219813
0.0494266638455
0.0472668225793
0.0451571348763
0.0430974446075
0.0410876025176
0.0391274659352
0.0372168984985
0.0353557698947
0.0335439556128
0.0317813367078
0.0300677995788
0.0284032357566
0.0267875417034
0.0252206186226
0.0237023722776
0.0222327128218
0.0208115546354
0.019438816173
0.0181144198174
0.0168382917431
0.0156103617857
0.0144305633194
0.0132988331417
0.0122151113635
0.0111793413067
0.0101914694074
0.00925144512504
0.00835922085704
0.00751475185909
0.00671799617058
0.00596891454505
0.00526747038556
0.00461362968479
0.00400736096973
0.00344863525083
0.00293742597543
0.00247370898542
0.00205746247911
0.00168866697694
0.00136730529131
0.00109336250013
0.000866825924269
0.000687685108683
0.000555931807283
0.000471559971445
0.000434565742155
0.000444947445763
0.00050270559335
0.000607842883679
0.000760364209757
0.000960276669018
0.00120758957714
0.00150231448553
0.00184446520256
0.0022340578185
0.0026711107343
0.00315564469433
0.00368768282293
0.00426725066517
0.00489437623163
0.00556909004753
0.00629142520612
0.0070614174267
0.00787910511709
0.00874452944106
0.00965773439055
0.0106187668631
0.0116276767445
0.0126845169969
0.0137893437529
0.0149422164149
0.0161431977615
0.0173923540596
0.0186897551834
0.0200354747407
0.0214295902058
0.0228721830607
0.0243633389434
0.0259031478058
0.0274917040789
0.0291291068478
0.030815460036
0.0325508726001
0.0343354587343
0.0361693380863
0.0380526359845
0.0399854836774
0.0419680185856
0.0440003845671
0.0460827321966
0.0482152190594
0.050398010061
0.0526312777529
0.054915202675
0.0572499737167
0.0596357884967
0.0620728537626
0.0645613858118
0.0671016109344
0.0696937658796
0.0723380983465
0.0750348675016
0.0777843445233
0.080586813175
0.0834425704103
0.0863519270091
0.0893152082487
0.0923327546118
0.0954049225317
0.098532085179
0.101714633292
0.10495297605
0.108247542
0.111598780031
0.115007160404
0.118473175839
0.121997342668
0.125580202048
0.129222321248
0.132924295011
0.13668674699
0.140510331276
0.144395734012
0.148343675105
0.152354910043
0.156430231818
0.160570472975
0.164776507779
0.169049254529
0.173389678009
0.177798792102
0.182277662572
0.186827410026
0.19144921308
0.196144311727
0.200914010946
0.205759684546
0.210682779293
0.215684819318
0.220767410844
0.225932247259
0.231181114561
0.236515897209
0.241938584427
0.247451276979
0.253056194492
0.258755683349
0.264552225229
0.270448446348
0.27644712747
0.28255121478
0.288763831689
0.295088291692
0.30152811238
0.308087030732
0.314769019849
0.321578307273
0.328519395096
0.335597082065
0.342816487933
0.350183080338
0.357702704521
0.365381616287
0.373226518606
0.381244602389
0.389443592007
0.397831796249
0.406418165523
0.415212356258
0.424224803624
0.433466803928
0.442950608278
0.452689529454
0.462698064309
0.47299203454
0.483588749283
0.494507193805
0.505768249562
0.517394952208
0.529412795854
0.541850094072
0.554738411107
0.56811308065
0.582013834848
0.596485573438
0.611579312845
0.627353369014
0.643874847362
0.661221541254
0.679484380748
0.698770631777
0.719208130476
0.740950958088
0.764187126805
0.789149045232
0.816127672557
0.845490962376
0.877704970141
0.913346413745
0.953058041753
0.997254979679
1.04487759666
1.0893314492
1.11328402928
1.10439653017
1.07653781257
1.04560545271
1.01687724898
0.990735679009
0.966399590899
0.943060985359
0.920160629453
0.897411693977
0.874741868387
0.852213495558
0.829951242453
0.808090712909
0.786749432111
0.766015081808
0.745944340286
0.726566918931
0.707891338776
0.68991062166
0.672607127572
0.655956346552
0.639929719916
0.624496660357
0.609625952231
0.595286691301
0.581448891649
0.568083857099
0.555164388999
0.542664882299
0.530561346946
0.518831380602
0.507454110847
0.49641011935
0.48568135656
0.475251052615
0.465103628252
0.455224608135
0.445600538056
0.436218906863
0.427068073496
0.418137199251
0.409416185199
0.400895614543
0.392566699684
0.384421233655
0.376451545637
0.368650460227
0.361011260154
0.353527652144
0.346193735678
0.339003974357
0.331953169678
0.325036436966
0.318249183296
0.311587087208
0.305046080063
0.29862232888
0.292312220535
0.286112347194
0.280019492864
0.274030620978
0.268142862914
0.262353507367
0.256659990504
0.251059886841
0.24555090077
0.240130858687
0.234797701677
0.229549478703
0.224384340265
0.219300532482
0.214296391579
0.209370338732
0.204520875252
0.199746578084
0.195046095588
0.190418143594
0.185861501702
0.181375009803
0.17695756483
0.172608117692
0.168325670401
0.164109273364
0.159958022841
0.155871058549
0.151847561404
0.147886751395
0.143987885578
0.140150256185
0.136373188838
0.132656040862
0.128998199694
0.125399081378
0.121858129138
0.118374812038
0.114948623706
0.111579081129
0.108265723512
0.1050081112
0.101805824653
0.0986584634753
0.0955656454991
0.0925270059118
0.0895421964305
0.0866108845185
0.0837327526415
0.0809074975635
0.0781348296767
0.0754144723669
0.0727461614103
0.0701296444014
0.0675646802093
0.0650510384617
0.062588499055
0.0601768516882
0.0578158954214
0.0555054382555
0.0532452967334
0.0510352955608
0.0488752672466
0.0467650517607
0.0447044962092
0.042693454526
0.0407317871797
0.0388193608955
0.0369560483908
0.0351417281244
0.0333762840585
0.0316596054326
0.0299915865488
0.0283721265691
0.0268011293214
0.0252785031178
0.0238041605803
0.0223780184773
0.0209999975678
0.0196700224545
0.0183880214445
0.0171539264181
0.0159676727048
0.0148291989658
0.0137384470838
0.0126953620594
0.0116998919132
0.0107519875938
0.00985160289245
0.00899869436216
0.00819322124281
0.00743514539118
0.006724431216
0.00606104561789
0.00544495793389
0.00487613988659
0.00435456553768
0.00388021124579
0.00345305562855
0.00307307952873
0.00274026598446
0.00245460020334
0.00221606954051
0.00202466348047
0.00188037362277
0.00178319367138
0.00173311942783
0.00173014878805
0.00177428174285
0.00186552038218
0.002003868903
0.00218933362093
0.0024219229856
0.00270164759977
0.00302852024233
0.00340255589504
0.00382377177336
0.00429218736111
0.00480782444935
0.00537070717932
0.00598086208971
0.00663831816825
0.00734310690786
0.00809526236735
0.00889482123693
0.00974182290861
0.0106363095517
0.0115783261935
0.0125679208057
0.0136051443957
0.014690051105
0.0158226983123
0.0170031467441
0.0182314605912
0.019507707632
0.0208319593639
0.0222042911406
0.0236247823188
0.025093516412
0.026610581253
0.0281760691657
0.0297900771457
0.0314527070509
0.0331640658025
0.0349242655959
0.0367334241239
0.0385916648108
0.0404991170593
0.0424559165097
0.0444622053136
0.046518132421
0.0486238538831
0.0507795331698
0.0529853415049
0.0552414582181
0.057548071115
0.059905376867
0.0623135814211
0.0647729004308
0.0672835597102
0.0698457957111
0.0724598560253
0.0751259999135
0.0778444988614
0.0806156371661
0.0834397125524
0.0863170368229
0.0892479365418
0.0922327537561
0.0952718467552
0.0983655908714
0.101514379324
0.104718624111
0.107978756945
0.111295230246
0.114668518191
0.118099117812
0.121587550165
0.125134361568
0.128740124896
0.132405440967
0.136130939994
0.139917283136
0.143765164127
0.147675311011
0.15164848798
0.155685497321
0.159787181484
0.16395442528
0.168188158215
0.172489356969
0.176859048041
0.181298310562
0.185808279288
0.190390147801
0.195045171922
0.199774673351
0.204580043569
0.209462748007
0.214424330513
0.219466418142
0.224590726299
0.229799064257
0.235093341106
0.240475572142
0.245947885768
0.251512530933
0.257171885184
0.262928463361
0.268784927038
0.274744094753
0.280808953136
0.286982669013
0.293268602606
0.299670321943
0.306191618622
0.312836525084
0.319609333576
0.326514617008
0.333557251944
0.340742443995
0.348075755931
0.355563138871
0.36321096698
0.371026076162
0.37901580732
0.387188054876
0.395551321339
0.404114778874
0.412888339006
0.421882731818
0.431109596261
0.440581583569
0.450312476179
0.460317325103
0.470612609399
0.481216422277
0.492148689501
0.503431427275
0.515089048743
0.527148730874
0.539640857043
0.552599555407
0.566063359859
0.580076029624
0.594687576793
0.609955570154
0.625946811748
0.642739524482
0.660426253262
0.679117782225
0.698948530927
0.720084155861
0.74273252976
0.767160050364
0.793716638202
0.822875413605
0.855298100803
0.891946986239
0.934281569967
0.98459093842
1.04632481684
1.12165448834
1.18251611358
1.15427466833
1.09388411861
1.04519598594
1.00798336705
0.978302825762
0.95333183288
0.931204271313
0.910677918216
0.890939669989
0.87149397446
0.852085052529
0.832629901445
0.813157254763
0.793755809999
0.774535506333
0.755602648499
0.737046778092
0.718935874303
0.701316566125
0.684216834814
0.667649587727
0.651616207934
0.636109666072
0.621117061852
0.606621606358
0.592604117934
0.579044121801
0.565920639725
0.553212743827
0.540899934437
0.528962388703
0.51738111553
0.506138043484
0.495216061369
0.484599025959
0.474271747384
0.464219959784
0.454430282688
0.444890176983
0.435587898213
0.4265124491
0.417653532569
0.409001506146
0.40054733826
0.392282566779
0.384199259938
0.376289979722
0.368547747683
0.36096601312
0.353538623529
0.346259797203
0.339124097848
0.332126411091
0.325261922741
0.318526098689
0.311914666299
0.305423597208
0.299049091392
0.292787562422
0.286635623806
0.280590076326
0.274647896295
0.268806224661
0.263062356889
0.257413733554
0.251857931593
0.246392656171
0.24101573309
0.235725101728
0.230518808447
0.225395000431
0.220351919946
0.215387898957
0.210501354104
0.20569078199
0.200954754772
0.196291916021
0.191700976846
0.187180712248
0.182729957698
0.178347605918
0.174032603858
0.169783949846
0.165600690905
0.161481920229
0.157426774797
0.153434433129
0.149504113166
0.145635070263
0.141826595304
0.138078012915
0.134388679767
0.130757982989
0.12718533865
0.123670190327
0.120212007756
0.116810285546
0.11346454196
0.110174317771
0.106939175162
0.103758696696
0.100632484328
0.097560158481
0.094541357154
0.0915757350871
0.0886629629635
0.085802726653
0.0829947264936
0.0802386766091
0.0775343042611
0.0748813492331
0.0722795632452
0.0697287093988
0.0672285616475
0.0647789042957
0.0623795315208
0.0600302469203
0.0577308630803
0.0554812011659
0.053281090532
0.051130368353
0.049028879271
0.046976475062
0.0449730143178
0.0430183621443
0.0411123898753
0.0392549747995
0.0374459999023
0.0356853536201
0.0339729296075
0.0323086265154
0.0306923477817
0.0291240014319
0.0276034998906
0.0261307598024
0.0247057018625
0.0233282506563
0.0219983345078
0.0207158853357
0.0194808385181
0.0182931327645
0.0171527099947
0.0160595152255
0.0150134964633
0.0140146046037
0.0130627933369
0.0121580190595
0.0113002407914
0.0104894200992
0.00972552102401
0.00900851001517
0.00833835586842
0.00771502966942
0.00713850474174
0.00660875659955
0.00612576290473
0.00568950342849
0.00529996001715
0.00495711656217
0.00466095897434
0.00441147516198
0.00420865501318
0.00405249038196
0.0039429750784
0.0038801048626
0.00386387744257
0.00389429247595
0.00397135157559
0.00409505831903
0.00426541826181
0.00448243895474
0.00474612996514
0.00505650290198
0.00541357144517
0.00581735137892
0.00626786062927
0.00676511930588
0.00730914974826
0.00789997657635
0.00853762674578
0.00922212960773
0.00995351697374
0.0107318231854
0.0115570851892
0.0124293426169
0.0133486378707
0.0143150162153
0.0153285258747
0.0163892181353
0.0174971474565
0.018652371586
0.0198549516836
0.0211049524513
0.0224024422712
0.0237474933508
0.0251401818767
0.0265805881768
0.0280687968911
0.0296048971516
0.0311889827725
0.0328211524494
0.0345015099703
0.0362301644365
0.0380072304957
0.0398328285871
0.0417070851991
0.0436301331402
0.0456021118242
0.0476231675694
0.0496934539139
0.0518131319463
0.053982370654
0.0562013472886
0.0584702477504
0.0607892669926
0.0631586094456
0.0655784894636
0.0680491317942
0.0705707720711
0.0731436573332
0.0757680465699
0.0784442112949
0.0811724361493
0.0839530195364
0.0867862742893
0.089672528374
0.0926121256292
0.0956054265447
0.098652809082
0.101754669538
0.104911423457
0.108123506587
0.111391375894
0.114715510629
0.118096413454
0.121534611628
0.125030658266
0.12858513366
0.132198646685
0.135871836276
0.139605372998
0.143399960704
0.147256338291
0.151175281562
0.1551576052
0.159204164859
0.163315859393
0.16749363321
0.171738478786
0.176051439335
0.180433611653
0.184886149146
0.18941026506
0.194007235931
0.198678405268
0.203425187491
0.208249072146
0.213151628424
0.218134509999
0.223199460238
0.228348317779
0.233583022556
0.238905622272
0.244318279395
0.249823278706
0.255423035466
0.26112010426
0.266917188596
0.272817151321
0.278823025963
0.284938029091
0.291165573799
0.297509284461
0.303973012887
0.310560856067
0.317277175675
0.324126619572
0.331114145556
0.338245047653
0.345524985292
0.352960015761
0.360556630415
0.368321795167
0.376262995916
0.384388289662
0.392706362211
0.401226593543
0.409959132133
0.418914979777
0.428106088811
0.437545474019
0.447247342061
0.457227241921
0.467502240714
0.478091130346
0.489014671937
0.500295886865
0.511960405855
0.524036890994
0.536557550295
0.549558770984
0.563081906891
0.577174268417
0.591890382569
0.607293618573
0.623458316792
0.640472623616
0.658442337433
0.677496236853
0.697793640047
0.719535425181
0.742980610243
0.768472234295
0.796479574983
0.827670799096
0.863046617059
0.90420825555
0.953960530221
1.01791064413
1.109896541
1.2758681984
1.26302228277
1.12356334014
1.05083008684
1.0036217736
0.969195802696
0.942128083182
0.919555142607
0.899744387845
0.881559127826
0.864230625866
0.847250308092
0.830309303175
0.813253976738
0.796045513227
0.778721723106
0.761363483106
0.744068457947
0.726933110615
0.710042251722
0.693464371934
0.677250803898
0.661437060872
0.646045172039
0.631086277779
0.616563082849
0.602471985581
0.588804830675
0.575550300978
0.562694993562
0.550224234253
0.538122682855
0.526374774848
0.514965037521
0.503878310985
0.493099897914
0.482615660423
0.47241207811
0.462476277889
0.452796043576
0.443359811184
0.434156654358
0.425176263204
0.416408918916
0.407845465949
0.399477282994
0.391296253661
0.383294737491
0.37546554174
0.36780189421
0.360297417307
0.352946103435
0.345742291756
0.338680646328
0.331756135597
0.324964013194
0.318299799998
0.311759267375
0.305338421559
0.299033489082
0.292840903197
0.286757291229
0.280779462785
0.274904398771
0.269129241146
0.263451283375
0.257867961519
0.252376845918
0.24697563343
0.241662140176
0.236434294755
0.231290131908
0.226227786576
0.221245488345
0.216341556231
0.2115143938
0.206762484581
0.202084387764
0.197478734158
0.192944222386
0.188479615315
0.184083736692
0.179755467969
0.175493745323
0.17129755684
0.167165939859
0.163097978462
0.159092801115
0.155149578424
0.151267521028
0.147445877593
0.143683932928
0.139981006187
0.136336449183
0.132749644774
0.129220005344
0.125746971364
0.122330010018
0.118968613909
0.115662299826
0.112410607577
0.109213098875
0.106069356289
0.102978982239
0.0999415980476
0.0969568430319
0.0940243736484
0.0911438626737
0.0883149984284
0.0855374840384
0.0828110367323
0.0801353871731
0.0775102788229
0.0749354673378
0.0724107199926
0.0699358151339
0.0675105416584
0.0651346985182
0.0628080942488
0.0605305465203
0.0583018817112
0.0561219345015
0.0539905474868
0.0519075708107
0.0498728618152
0.0478862847082
0.0459477102475
0.0440570154399
0.0422140832558
0.0404188023578
0.0386710668422
0.0369707759944
0.0353178340561
0.0337121500042
0.0321536373415
0.0306422138977
0.029177801641
0.0277603264995
0.0263897181922
0.0250659100686
0.0237888389577
0.0225584450248
0.0213746716364
0.020237465233
0.0191467752091
0.0181025538002
0.0171047559766
0.0161533393442
0.0152482640511
0.0143894927007
0.0135769902704
0.0128107240359
0.0120906635018
0.0114167803364
0.010789048313
0.0102074432545
0.00967194298509
0.0091825272847
0.0087391778495
0.00834187825631
0.00799061393174
0.00768537212564
0.00742614188897
0.00721291405589
0.0070456812301
0.00692443777537
0.00684917981028
0.00681990520698
0.00683661359426
0.00689930636454
0.00700798668523
0.00716265951403
0.00736333161857
0.00761001160022
0.00790270992215
0.00824143894173
0.00862621294737
0.00905704819977
0.00953396297771
0.0100569776286
0.0106261146238
0.0112413986183
0.0119028565167
0.0126105175426
0.0133644133147
0.0141645779277
0.0150110480392
0.0159038629619
0.0168430647621
0.0178286983651
0.0188608116657
0.0199394556467
0.0210646845036
0.0222365557769
0.0234551304918
0.0247204733058
0.0260326526643
0.027391740965
0.0287978147308
0.0302509547923
0.0317512464797
0.0332987798248
0.0348936497737
0.0365359564101
0.0382258051903
0.0399633071907
0.0417485793668
0.0435817448259
0.0454629331142
0.0473922805169
0.0493699303744
0.0513960334141
0.0534707480986
0.0555942409915
0.0577666871409
0.0599882704829
0.062259184264
0.064579631486
0.0669498253716
0.0693699898544
0.0718403600924
0.0743611830086
0.0769327178569
0.0795552368182
0.0822290256254
0.0849543842208
0.0877316274466
0.0905610857706
0.0934431060492
0.0963780523301
0.0993663066957
0.102408270152
0.105504363561
0.108655028628
0.111860728933
0.115121951028
0.118439205582
0.121813028596
0.125243982684
0.128732658423
0.132279675774
0.135885685594
0.139551371226
0.14327745018
0.147064675916
0.15091383973
0.154825772753
0.158801348068
0.162841482957
0.16694714129
0.171119336059
0.175359132073
0.179667648831
0.184046063576
0.188495614557
0.193017604501
0.197613404335
0.202284457153
0.207032282467
0.211858480765
0.216764738396
0.221752832814
0.226824638224
0.231982131651
0.23722739949
0.242562644567
0.247990193777
0.253512506347
0.259132182798
0.264851974662
0.270674795062
0.276603730224
0.28264205204
0.288793231797
0.295060955211
0.301449138915
0.307961948589
0.314603818926
0.321379475674
0.328293960028
0.335352655679
0.342561318892
0.349926112039
0.357453641083
0.365150997607
0.373025806077
0.381086277173
0.389341268158
0.397800351479
0.406473893012
0.415373141668
0.42451033247
0.433898805663
0.443553145035
0.453489339408
0.463724972235
0.474279445566
0.485174246344
0.496433265276
0.508083181583
0.520153931086
0.532679280817
0.545697541321
0.559252459103
0.573394347941
0.588181541512
0.603682285254
0.619977239322
0.637162848589
0.655355970227
0.674700371056
0.695376084524
0.717613285725
0.741713580419
0.768084018392
0.797294157606
0.83017775787
0.868028463455
0.913016436716
0.969208728727
1.0456408539
1.168945546
1.33354794827
1.15157798564
1.0576576428
1.00137742688
0.962198960286
0.932520640547
0.908673377204
0.888562332211
0.870848333457
0.854611085998
0.839196493494
0.824142899156
0.809141545791
0.794009745075
0.778666630015
0.763108218866
0.747382536341
0.731567100487
0.715750807079
0.700021093233
0.684456106262
0.669120892166
0.654066398332
0.63933019783
0.624938101241
0.610906095565
0.597242275216
0.583948590858
0.571022344779
0.558457421305
0.546245271635
0.534375685685
0.52283738671
0.511618482509
0.500706802853
0.490090147959
0.47975646821
0.469693991217
0.459891308905
0.450337434461
0.441021836776
0.431934458215
0.42306572018
0.414406519869
0.405948220789
0.397682638969
0.389602026327
0.381699052267
0.373966784318
0.366398668386
0.358988509064
0.351730450287
0.344618956548
0.33764879481
0.330815017209
0.324112944591
0.317538150906
0.31108644846
0.304753874016
0.298536675705
0.292431300735
0.286434383847
0.280542736488
0.274753336664
0.26906331942
0.26346996793
0.25797070514
0.25256308594
0.247244789823
0.242013614006
0.236867466976
0.231804362431
0.226822413605
0.22191982792
0.217094901978
0.212346016845
0.207671633614
0.203070289237
0.198540592592
0.194081220781
0.189690915644
0.185368480468
0.181112776874
0.176922721895
0.172797285197
0.168735486463
0.164736392918
0.160799116983
0.156922814057
0.153106680415
0.149349951217
0.145651898623
0.142011829996
0.138429086209
0.13490304003
0.13143309459
0.12801868193
0.124659261617
0.12135431943
0.118103366112
0.114905936181
0.111761586799
0.108669896696
0.105630465145
0.102642910991
0.0997068717154
0.0968220025591
0.0939879756753
0.0912044793289
0.0884712171314
0.0857879073124
0.0831542820253
0.0805700866853
0.0780350793388
0.0755490300622
0.0731117203887
0.0707229427623
0.0683825000169
0.0660902048806
0.0638458795022
0.0616493550009
0.0595004710364
0.0573990754005
0.0553450236263
0.0533381786175
0.0513784102944
0.0494655952574
0.047599616466
0.0457803629342
0.0440077294395
0.0422816162472
0.0406019288475
0.038968577706
0.0373814780262
0.0358405495245
0.0343457162157
0.0328969062108
0.0314940515239
0.0301370878898
0.0288259545917
0.0275605942972
0.0263409529041
0.025166979394
0.0240386256951
0.0229558465518
0.0219185994029
0.0209268442667
0.0199805436331
0.0190796623628
0.0182241675932
0.0174140286504
0.0166492169675
0.015929706009
0.0152554712009
0.0146264898669
0.0140427411691
0.0135042060553
0.0130108672105
0.0125627090143
0.0121597175029
0.0118018803359
0.0114891867685
0.0112216276277
0.0109991952939
0.0108218836866
0.0106896882551
0.0106026059736
0.0105606353408
0.010563776384
0.010612030668
0.0107054013082
0.0108438929885
0.0110275119837
0.0112562661865
0.0115301651392
0.0118492200703
0.0122134439355
0.0126228514639
0.0130774592091
0.0135772856054
0.0141223510293
0.0147126778659
0.0153482905808
0.0160292157985
0.0167554823852
0.0175271215381
0.0183441668815
0.0192066545675
0.0201146233852
0.0210681148749
0.0220671734503
0.0231118465274
0.024202184661
0.025338241689
0.0265200748848
0.0277477451176
0.0290213170218
0.0303408591752
0.0317064442869
0.0331181493944
0.0345760560711
0.0360802506449
0.0376308244269
0.039227873952
0.040871501232
0.0425618140206
0.0442989260913
0.0460829575297
0.0479140350394
0.049792292263
0.0517178701188
0.0536909171536
0.0557115899124
0.0577800533264
0.0598964811188
0.0620610562314
0.0642739712703
0.0665354289743
0.0688456427043
0.0712048369584
0.0736132479094
0.0760711239704
0.0785787263864
0.0811363298552
0.0837442231788
0.0864027099456
0.0891121092476
0.0918727564316
0.0946850038888
0.0975492218824
0.100465799419
0.103435145159
0.106457688383
0.109533879995
0.112664193587
0.115849126556
0.119089201275
0.122384966339
0.125736997861
0.129145900846
0.132612310648
0.136136894488
0.139720353077
0.143363422317
0.147066875102
0.150831523231
0.154658219418
0.15854785944
0.162501384397
0.166519783118
0.17060409472
0.17475541132
0.178974880923
0.183263710498
0.187623169257
0.19205459215
0.196559383602
0.201139021506
0.205795061498
0.210529141533
0.215342986804
0.220238415015
0.225217342062
0.230281788141
0.235433884342
0.240675879769
0.246010149231
0.251439201585
0.256965688775
0.262592415656
0.268322350683
0.274158637565
0.28010460799
0.286163795546
0.292339950977
0.298637058949
0.305059356488
0.311611353328
0.318297854397
0.325123984739
0.332095217192
0.339217403217
0.34649680732
0.353940145603
0.361554629067
0.369348012403
0.377328649152
0.38550555429
0.393888475491
0.402487974607
0.4113155212
0.420383600415
0.429705837959
0.439297145638
0.449173891772
0.459354101864
0.46985769639
0.480706774445
0.491925954535
0.50354278718
0.51558825869
0.528097411808
0.541110117929
0.55467204822
0.568835909269
0.583663035584
0.599225471173
0.615608733124
0.632915544681
0.651270976199
0.670829680095
0.691786325119
0.714391069853
0.738973252965
0.765979020048
0.796033665703
0.830050000871
0.869426621198
0.916425640451
0.974857667471
1.05035151828
1.13415498575
1.12730686218
1.05509114583
0.997554400796
0.955620797997
0.92377437111
0.898488872365
0.877601871195
0.85970307858
0.843811310023
0.829209740087
0.815361347004
0.80186541624
0.788434335036
0.774878725307
0.761094085463
0.747045841174
0.732752518413
0.718268456568
0.703667977368
0.689032498914
0.67444124981
0.659965458261
0.645665402155
0.631589530302
0.617774909229
0.604248401508
0.591028156739
0.578125149709
0.565544616011
0.553287314034
0.54135059104
0.52972925867
0.518416296869
0.507403410478
0.496681463192
0.48624081169
0.476071559752
0.466163749043
0.456507500245
0.447093115548
0.437911151306
0.428952467788
0.420208261475
0.41167008415
0.403329852073
0.395179847814
0.387212716686
0.37942145932
0.371799421517
0.364340282273
0.357038040642
0.349887001936
0.34288176365
0.336017201372
0.3292884549
0.322690914694
0.316220208767
0.309872190089
0.303642924533
0.297528679386
0.29152591244
0.285631261647
0.279841535344
0.274153703007
0.268564886536
0.263072352038
0.257673502086
0.252365868423
0.247147105107
0.242014982041
0.23696737889
0.232002279359
0.227117765793
0.222312014101
0.217583288964
0.212929939326
0.208350394137
0.203843158339
0.199406809078
0.195039992123
0.190741418488
0.186509861234
0.182344152449
0.178243180386
0.174205886755
0.17023126416
0.166318353664
0.162466242484
0.158674061808
0.15494098471
0.151266224186
0.147649031275
0.144088693277
0.140584532063
0.13713590246
0.133742190715
0.13040281304
0.127117214213
0.123884866256
0.12070526717
0.11757793973
0.114502430335
0.111478307911
0.108505162864
0.105582606082
0.102710267981
0.0998877975928
0.0971148616982
0.0943911439935
0.091716344298
0.0890901777963
0.0865123743135
0.083982677623
0.0815008447858
0.079066645518
0.0766798615872
0.0743402862357
0.0720477236293
0.0698019883304
0.067602904795
0.0654503068923
0.0633440374453
0.0612839477927
0.0592698973704
0.0573017533118
0.0553793900665
0.0535026890366
0.0516715382291
0.0498858319257
0.0481454703664
0.0464503594491
0.0448004104432
0.0431955397165
0.0416356684754
0.0401207225183
0.038650632
0.0372253312091
0.0358447583553
0.0345088553689
0.0332175677093
0.0319708441847
0.0307686367806
0.0296109004982
0.0284975932017
0.0274286754736
0.0264041104792
0.025423863839
0.0244879035084
0.0235961996653
0.0227487246056
0.0219454526443
0.0211863600251
0.0204714248359
0.0198006269303
0.0191739478566
0.0185913707921
0.0180528804835
0.0175584631936
0.017108106653
0.0167018000184
0.0163395338357
0.0160213000086
0.015747091773
0.0155169036761
0.0153307315615
0.0151885725585
0.0150904250773
0.0150362888092
0.0150261647318
0.0150600551191
0.0151379635571
0.0152598949645
0.0154258556179
0.0156358531834
0.0158898967521
0.0161879968818
0.0165301656441
0.0169164166762
0.0173467652387
0.0178212282796
0.0183398245029
0.0189025744437
0.0195095005499
0.0201606272688
0.0208559811408
0.0215955908999
0.0223794875798
0.0232077046281
0.0240802780267
0.0249972464196
0.025958651249
0.0269645368981
0.0280149508428
0.0291099438111
0.0302495699519
0.0314338870117
0.0326629565213
0.033936843992
0.0352556191217
0.036619356011
0.0380281333906
0.0394820348592
0.0409811491338
0.0425255703113
0.0441153981429
0.0457507383217
0.0474317027836
0.0491584100225
0.0509309854202
0.0527495615913
0.0546142787452
0.0565252850629
0.0584827370932
0.0604868001658
0.0625376488235
0.0646354672748
0.0667804498669
0.06897280158
0.0712127385451
0.0735004885847
0.0758362917789
0.0782204010574
0.080653082819
0.0831346175795
0.0856653006502
0.0882454428475
0.0908753712364
0.0935554299088
0.0962859807988
0.0990674045367
0.101900101345
0.104784491976
0.107721018698
0.110710146328
0.113752363315
0.116848182881
0.119998144217
0.12320281374
0.12646278642
0.12977868717
0.133151172314
0.136580931133
0.140068687497
0.14361520158
0.147221271683
0.15088773615
0.154615475399
0.158405414072
0.162258523314
0.166175823181
0.170158385213
0.174207335146
0.178323855814
0.18250919023
0.186764644867
0.191091593164
0.195491479268
0.199965822031
0.204516219295
0.20914435248
0.213851991508
0.218641000092
0.223513341436
0.22847108436
0.233516409919
0.238651618555
0.243879137831
0.249201530812
0.254621505167
0.260141923064
0.26576581194
0.27149637626
0.277337010364
0.283291312535
0.289363100434
0.295556428077
0.301875604523
0.308325214527
0.314910141382
0.321635592269
0.328507126445
0.335530686672
0.342712634365
0.350059789004
0.357579472456
0.365279558995
0.373168531935
0.381255547964
0.389550510526
0.398064153842
0.406808139521
0.415795168143
0.425039108757
0.434555149919
0.444359976821
0.454471980208
0.464911504305
0.475701143003
0.486866096188
0.498434601711
0.510438463347
0.522913701789
0.535901365034
0.549448547624
0.563609686969
0.578448232182
0.594038820999
0.610470160523
0.627848899437
0.64630492219
0.66599872193
0.687131873032
0.709962216622
0.734826333921
0.762173380141
0.792616314521
0.827007101352
0.866529196836
0.912701392341
0.966578534562
1.02321889884
1.05395720663
1.0309210942
0.987033742699
0.947193511885
0.914821040037
0.888590189994
0.866913973565
0.848546577708
0.832554284477
0.818226798226
0.805011219678
0.792471538719
0.780265999951
0.76813505212
0.755894168104
0.743427423013
0.730679398745
0.717644669616
0.704355503616
0.690869180136
0.677256402516
0.6635918621
0.649947401077
0.636387686492
0.622967974671
0.609733418838
0.59671939305
0.583952401588
0.571451259977
0.559228340637
0.547290760035
0.535641443617
0.52428004351
0.513203707161
0.502407707644
0.49188595208
0.481631386271
0.471636313004
0.461892639804
0.452392069726
0.443126246651
0.434086864513
0.425265748116
0.416654911737
0.408246600415
0.400033317864
0.392007844083
0.384163245116
0.376492876846
0.368990384344
0.361649697918
0.354465026783
0.34743085103
0.34054191247
0.333793204734
0.327179962971
0.320697653362
0.31434196266
0.308108787845
0.301994226042
0.29599456472
0.290106272256
0.284325988875
0.278650517978
0.273076817885
0.26760199397
0.262223291199
0.25693808705
0.251743884806
0.246638307214
0.24161909048
0.236684078596
0.231831217977
0.227058552393
0.222364218177
0.217746439702
0.213203525099
0.208733862212
0.204335914771
0.200008218771
0.195749379044
0.191558066018
0.187433012638
0.183373011452
0.179376911851
0.175443617445
0.171572083574
0.167761314942
0.164010363372
0.16031832567
0.156684341591
0.153107591904
0.149587296549
0.146122712884
0.142713134007
0.139357887161
0.136056332212
0.132807860193
0.129611891915
0.126467876638
0.123375290807
0.120333636835
0.117342441942
0.114401257048
0.111509655709
0.1086672331
0.105873605039
0.103128407058
0.100431293505
0.0977819366902
0.0951800260658
0.0926252674377
0.0901173822133
0.0876561066781
0.0852411913041
0.0828724000848
0.0805495099001
0.0782723099054
0.0760406009473
0.0738541950034
0.0717129146451
0.0696165925232
0.0675650708751
0.0655582010524
0.0635958430686
0.0616778651668
0.0598041434046
0.0579745612577
0.0561890092409
0.0544473845447
0.0527495906887
0.0510955371903
0.0494851392479
0.0479183174389
0.0463949974308
0.0449151097065
0.0434785893023
0.0420853755575
0.0407354118775
0.0394286455071
0.0381650273159
0.0369445115944
0.0357670558603
0.0346326206755
0.0335411694724
0.0324926683899
0.0314870861192
0.0305243937576
0.0296045646714
0.0287275743679
0.0278934003745
0.0271020221263
0.0263534208617
0.0256475795248
0.0249844826763
0.0243641164103
0.0237864682791
0.0232515272243
0.022759283515
0.0223097286921
0.0219028555196
0.0215386579421
0.0212171310483
0.0209382710408
0.0207020752126
0.0205085419284
0.0203576706129
0.0202494617451
0.0201839168576
0.0201610385428
0.0201808304642
0.0202432973743
0.0203484451377
0.0204962807608
0.0206868124269
0.0209200495375
0.0211960027599
0.0215146840806
0.0218761068652
0.022280285924
0.0227272375849
0.023216979772
0.0237495320914
0.024324915923
0.0249431545204
0.0256042731167
0.026308299038
0.0270552618244
0.0278451933583
0.0286781280011
0.0295541027369
0.0304731573254
0.0314353344627
0.0324406799514
0.0334892428787
0.034581075805
0.0357162349614
0.0368947804568
0.0381167764962
0.0393822916084
0.0406913988857
0.0420441762341
0.0434407066356
0.0448810784224
0.046365385564
0.0478937279669
0.0494662117876
0.0510829497606
0.0527440615397
0.0544496740551
0.0561999218858
0.0579949476485
0.0598349024032
0.0617199460765
0.0636502479033
0.0656259868871
0.0676473522807
0.0697145440875
0.0718277735838
0.0739872638643
0.0761932504114
0.0784459816876
0.0807457197558
0.0830927409248
0.0854873364236
0.087929813106
0.0904204941851
0.0929597200014
0.095547848825
0.0981852576934
0.100872343288
0.103609522852
0.106397235147
0.109235941458
0.112126126646
0.115068300244
0.118062997621
0.121110781184
0.124212241653
0.127367999399
0.13057870584
0.133845044924
0.137167734678
0.140547528845
0.143985218608
0.147481634409
0.151037647872
0.15465417383
0.158332172478
0.162072651639
0.165876669184
0.169745335581
0.173679816616
0.177681336278
0.181751179837
0.185890697113
0.190101305977
0.194384496076
0.198741832834
0.203174961716
0.207685612814
0.212275605769
0.216946855051
0.221701375659
0.226541289249
0.231468830762
0.236486355583
0.241596347294
0.246801426084
0.252104357881
0.257508064292
0.263015633432
0.268630331756
0.274355616989
0.280195152313
0.286152821928
0.292232748193
0.298439310512
0.304777166216
0.311251273689
0.317866918048
0.324629739728
0.331545766385
0.338621448603
0.345863699967
0.353279942177
0.360878156007
0.368666939034
0.376655571306
0.384854090284
0.393273376723
0.4019252535
0.410822599839
0.419979483952
0.429411317822
0.439135038806
0.449169323862
0.459534843809
0.470254567004
0.48135412451
0.492862252389
0.50481133156
0.517238052181
0.530184238492
0.5436978825
0.557834452339
0.572658565843
0.588246155154
0.60468729892
0.622089971686
0.640585064643
0.660333177709
0.681533872004
0.704438267112
0.72936588176
0.756725725078
0.787037197636
0.820928606476
0.8590234268
0.901372881399
0.945299485456
0.979961027161
0.986885493348
0.96556240535
0.934320211576
0.904319322939
0.878340984384
0.856304140831
0.837509973463
0.821237327773
0.806864674586
0.793875709231
0.78184292243
0.770412426472
0.759294329113
0.748257805145
0.73712869048
0.725787340569
0.7141650175
0.70223794978
0.690019173623
0.677549014199
0.664885400903
0.652095120363
0.639246741846
0.626405502178
0.613630065835
0.600970849107
0.588469510858
0.576159225444
0.564065418763
0.552206730088
0.540596038691
0.529241455867
0.518147227985
0.507314526501
0.496742119876
0.486426933187
0.476364506711
0.466549366846
0.456975322846
0.44763570189
0.4385235336
0.429631693524
0.420953013586
0.412480366134
0.404206726992
0.396125221907
0.388229159922
0.380512056527
0.372967648823
0.36558990453
0.358373026242
0.351311452079
0.344399853609
0.337633131766
0.33100641129
0.324515034139
0.318154552203
0.311920719577
0.305809484591
0.299816981767
0.293939523798
0.288173593649
0.282515836831
0.276963053917
0.271512193298
0.266160344225
0.260904730144
0.255742702309
0.250671733711
0.245689413275
0.240793440355
0.235981619499
0.231251855483
0.226602148588
0.22203059014
0.21753535826
0.213114713852
0.208766996789
0.204490622301
0.200284077548
0.196145918371
0.192074766203
0.188069305149
0.1841282792
0.18025048959
0.176434792292
0.172680095621
0.168985357967
0.16534958563
0.161771830757
0.158251189378
0.15478679953
0.151377839472
0.148023525971
0.144723112675
0.141475888553
0.138281176396
0.135138331397
0.132046739779
0.129005817484
0.126015008919
0.123073785753
0.120181645758
0.117338111704
0.114542730294
0.111795071137
0.109094725774
0.106441306726
0.103834446595
0.101273797182
0.0987590286564
0.0962898287465
0.0938659019612
0.0914869688457
0.0891527652618
0.0868630416973
0.0846175626
0.0824161057383
0.0802584615849
0.0781444327245
0.0760738332835
0.0740464883822
0.0720622336069
0.0701209145033
0.0682223860891
0.0663665123854
0.0645531659667
0.0627822275284
0.0610535854721
0.059367135507
0.0577227802675
0.0561204289467
0.0545599969454
0.0530414055351
0.0515645815356
0.0501294570071
0.0487359689548
0.0473840590475
0.0460736733481
0.0448047620573
0.0435772792686
0.0423911827355
0.0412464336497
0.0401429964308
0.039080838526
0.0380599302215
0.0370802444625
0.0361417566847
0.0352444446545
0.034388288319
0.0335732696652
0.0327993725881
0.0320665827679
0.0313748875552
0.0307242758655
0.0301147380811
0.0295462659615
0.0290188525617
0.0285324921585
0.0280871801838
0.0276829131662
0.0273196886794
0.0269975052984
0.0267163625628
0.0264762609471
0.0262772018381
0.0261191875198
0.0260022211645
0.0259263068315
0.0258914494728
0.0258976549448
0.0259449300281
0.0260332824533
0.0261627209342
0.0263332552081
0.0265448960823
0.0267976554887
0.0270915465446
0.0274265836212
0.0278027824194
0.0282201600522
0.0286787351358
0.0291785278867
0.029719560228
0.0303018559024
0.0309254405936
0.0315903420556
0.0322965902508
0.0330442174954
0.0338332586148
0.0346637511068
0.0355357353141
0.0364492546063
0.0374043555709
0.0384010882145
0.0394395061737
0.0405196669359
0.0416416320716
0.0428054674765
0.0440112436249
0.0452590358353
0.0465489245468
0.0478809956083
0.0492553405796
0.0506720570462
0.0521312489467
0.0536330269141
0.0551775086315
0.0567648192023
0.0583950915352
0.060068466746
0.0617850945738
0.0635451338159
0.0653487527786
0.067196129747
0.0690874534735
0.0710229236846
0.07300275161
0.0750271605306
0.0770963863501
0.0792106781886
0.0813702990003
0.0835755262159
0.0858266524115
0.0881239860045
0.0904678519779
0.0928585926348
0.0952965683846
0.0977821585614
0.100315762278
0.102897799318
0.105528711061
0.108208961457
0.110939038037
0.113719452975
0.11655074419
0.119433476512
0.122368242892
0.125355665674
0.128396397931
0.131491124866
0.13464056528
0.137845473123
0.14110663912
0.144424892485
0.14780110273
0.151236181573
0.154731084954
0.158286815165
0.161904423109
0.165585010688
0.169329733345
0.173139802754
0.177016489689
0.180961127076
0.184975113241
0.189059915386
0.193217073295
0.197448203303
0.201755002548
0.206139253532
0.210602829021
0.21514769731
0.219775927908
0.224489697652
0.229291297332
0.23418313884
0.239167762931
0.244247847636
0.249426217418
0.25470585313
0.260089902883
0.265581693926
0.27118474564
0.276902783797
0.282739756228
0.288699850074
0.294787510826
0.301007463373
0.307364735342
0.313864683024
0.320513020252
0.327315850654
0.33427970376
0.34141157556
0.348718974175
0.356209971467
0.363893261535
0.371778227263
0.379875016288
0.388194628071
0.396749014084
0.405551193594
0.414615388068
0.423957177943
0.433593686402
0.443543795953
0.453828405109
0.464470734384
0.475496693383
0.48693532406
0.498819339668
0.511185784791
0.524076849713
0.537540882959
0.551633660054
0.566419985468
0.581975729671
0.598390434879
0.615770660108
0.634244270696
0.653965882653
0.675123569011
0.697946499234
0.722711779124
0.749744567748
0.779393262347
0.811925722095
0.847191882632
0.88366499704
0.916355637839
0.93543569728
0.933334857828
0.915017868953
0.890839740195
0.866946085487
0.845412774922
0.826537873292
0.810040355576
0.795499963636
0.782497680079
0.770654099149
0.759635939592
0.749154506398
0.738963711014
0.728859478436
0.718680209453
0.708307202899
0.697663874625
0.68671297832
0.675451638576
0.663904620933
0.652116681842
0.640144960759
0.628052224263
0.615901464426
0.603752023073
0.591657153181
0.579662774225
0.567807121615
0.556121001778
0.544628412018
0.533347343531
0.522290641984
0.511466846038
0.500880958558
0.490535128973
0.480429240601
0.470561405888
0.460928377426
0.451525884764
0.442348907523
0.433391894822
0.424648940109
0.416113919317
0.407780599115
0.399642720956
0.39169406562
0.383928502135
0.376340024233
0.368922776909
0.361671075147
0.354579416489
0.347642488779
0.340855174166
0.334212550206
0.327709888759
0.321342653223
0.315106494528
0.30899724624
0.303010919037
0.297143694773
0.29139192029
0.285752101107
0.280220895093
0.274795106177
0.269471678178
0.264247688776
0.259120343663
0.254086970894
0.249145015445
0.244292033996
0.239525689929
0.234843748553
0.230244072546
0.22572461761
0.221283428333
0.216918634256
0.212628446128
0.208411152347
0.204265115578
0.200188769539
0.196180615945
0.192239221599
0.188363215637
0.184551286894
0.180802181408
0.177114700039
0.173487696204
0.169920073714
0.166410784722
0.16295882775
0.159563245822
0.156223124669
0.15293759102
0.149705810964
0.146526988382
0.14340036345
0.1403252112
0.13730084014
0.134326590934
0.131401835129
0.128525973937
0.125698437061
0.122918681567
0.120186190797
0.117500473326
0.114861061951
0.112267512724
0.109719404014
0.107216335604
0.104757927821
0.102343820695
0.0999736731438
0.0976471621947
0.0953639822228
0.0931238442206
0.0909264750916
0.0887716169664
0.0866590265434
0.0845884744502
0.0825597446275
0.0805726337338
0.0786269505693
0.0767225155204
0.0748591600228
0.0730367260427
0.0712550655767
0.0695140401681
0.0678135204414
0.0661533856522
0.0645335232541
0.062953828481
0.0614142039448
0.0599145592481
0.0584548106116
0.0570348805157
0.0556546973565
0.054314195115
0.05301331304
0.0517519953439
0.0505301909117
0.0493478530221
0.048204939081
0.0471014103675
0.046037231791
0.0450123716603
0.0440268014639
0.0430804956616
0.0421734314864
0.0413055887579
0.0404769497056
0.0396874988023
0.0389372226089
0.0382261096272
0.0375541501639
0.0369213362041
0.0363276612931
0.035773120429
0.0352577099636
0.0347814275124
0.0343442718738
0.0339462429568
0.0335873417178
0.0332675701053
0.0329869310144
0.0327454282482
0.0325430664886
0.0323798512754
0.0322557889931
0.0321708868665
0.0321251529642
0.0321185962105
0.0321512264049
0.0322230542511
0.0323340913922
0.0324843504559
0.0326738451072
0.0329025901088
0.0331706013906
0.0334778961275
0.0338244928248
0.034210411413
0.0346356733507
0.0351003017359
0.0356043214266
0.0361477591697
0.0367306437394
0.0373530060837
0.0380148794813
0.038716299707
0.039457305207
0.0402379372833
0.0410582402887
0.0419182618312
0.0428180529886
0.043757668534
0.044737167171
0.0457566117804
0.0468160696778
0.0479156128822
0.0490553183962
0.0502352684982
0.0514555510461
0.0527162597942
0.0540174947217
0.0553593623751
0.0567419762231
0.0581654570259
0.0596299332177
0.0611355413044
0.0626824262754
0.0642707420316
0.0659006518278
0.0675723287329
0.0692859561057
0.0710417280883
0.0728398501178
0.0746805394563
0.0765640257403
0.0784905515496
0.080460372998
0.0824737603447
0.0845309986287
0.0866323883267
0.0887782460357
0.090968905181
0.0932047167518
0.0954860500643
0.0978132935556
0.100186855608
0.102607165406
0.10507467383
0.107589854385
0.11015320417
0.112765244885
0.115426523887
0.118137615287
0.120899121106
0.123711672468
0.126575930867
0.129492589482
0.132462374559
0.135486046867
0.138564403222
0.141698278092
0.144888545286
0.148136119741
0.151441959396
0.154807067185
0.158232493136
0.161719336594
0.165268748585
0.168881934318
0.172560155847
0.176304734903
0.18011705591
0.183998569205
0.187950794474
0.19197532443
0.196073828743
0.200248058267
0.204499849566
0.208831129789
0.213243921909
0.217740350379
0.222322647238
0.226993158705
0.231754352327
0.236608824726
0.241559310018
0.246608688964
0.251759998949
0.257016444869
0.26238141104
0.267858474235
0.273451417995
0.27916424837
0.285001211248
0.290966811496
0.297065834138
0.303303367829
0.309684830954
0.316216000702
0.322903045546
0.329752561611
0.336771613529
0.343967780448
0.351349208018
0.358924667307
0.366703621804
0.374696303882
0.382913802377
0.391368163294
0.400072506065
0.409041158347
0.418289813
0.42783571175
0.43769786113
0.447897287638
0.458457340841
0.469404055381
0.480766585724
0.492577731217
0.504874573736
0.517699256232
0.531099937945
0.545131971053
0.559859353517
0.57535652209
0.591710552936
0.609023822516
0.627417118134
0.647033003189
0.668038761739
0.690627042567
0.715009335184
0.741390004745
0.769890430742
0.800350447293
0.831854044247
0.861790094364
0.884856821895
0.894570854655
0.88905396655
0.87326703636
0.853555950409
0.833759735178
0.815438992779
0.798990459129
0.784335677212
0.771230353753
0.759387972516
0.748525915587
0.738381514173
0.728717407044
0.719323831846
0.710020550859
0.700658963462
0.691124003625
0.681335086282
0.67124543559
0.660839465676
0.650128336931
0.639144211903
0.627933958906
0.61655305768
0.605060294031
0.593513579816
0.581966989445
0.570468920256
0.559061179327
0.547778763634
0.536650112046
0.525697644127
0.514938445149
0.504384998821
0.494045904126
0.48392653912
0.474029653165
0.464355881419
0.454904182934
0.445672208012
0.436656602462
0.427853257045
0.419257510217
0.410864311613
0.402668352917
0.394664171836
0.386846234078
0.379208997405
0.371746961178
0.364454704195
0.357326913118
0.350358403381
0.343544134086
0.336879218144
0.330358928658
0.323978702342
0.317734140657
0.311621009158
0.305635235494
0.299772906378
0.294030263818
0.288403700799
0.282889756608
0.277485111914
0.272186583725
0.266991120296
0.261895796053
0.256897806578
0.251994463696
0.247183190691
0.242461517663
0.237827077049
0.233277599305
0.228810908765
0.224424919669
0.220117632365
0.21588712968
0.211731573458
0.207649201253
0.203638323186
0.199697318944
0.195824634927
0.192018781526
0.188278330537
0.184601912695
0.180988215325
0.177435980105
0.173944000937
0.170511121908
0.167136235355
0.163818280015
0.160556239253
0.157349139374
0.15419604801
0.151096072569
0.148048358758
0.145052089162
0.142106481883
0.139210789233
0.136364296479
0.133566320635
0.130816209305
0.128113339557
0.125457116856
0.122846974013
0.120282370195
0.117762789947
0.11528774226
0.112856759669
0.110469397374
0.108125232395
0.105823862752
0.103564906669
0.101348001806
0.0991728045074
0.0970389890833
0.0949462471027
0.0928942867126
0.0908828319762
0.0889116222293
0.0869804114575
0.0850889676895
0.0832370724097
0.081424519987
0.0796511171208
0.0779166823033
0.0762210452978
0.0745640466326
0.07294553711
0.0713653773307
0.0698234372328
0.0683195956452
0.0668537398554
0.065425765191
0.0640355746157
0.0626830783378
0.0613681934334
0.0600908434816
0.0588509582139
0.0576484731755
0.0564833293999
0.0553554730959
0.0542648553471
0.0532114318233
0.0521951625045
0.0512160114168
0.0502739463797
0.0493689387655
0.0485009632703
0.0476699976965
0.0468760227457
0.0461190218247
0.0453989808603
0.044715888127
0.0440697340843
0.0434605112254
0.0428882139364
0.0423528383657
0.0418543823043
0.0413928450763
0.0409682274396
0.0405805314967
0.0402297606158
0.0399159193619
0.0396390134377
0.0393990496345
0.0391960357929
0.0390299807736
0.0389008944372
0.0388087876345
0.0387536722061
0.0387355609915
0.0387544678484
0.0388104076806
0.0389033964767
0.0390334513573
0.0392005906329
0.03940483387
0.0396462019683
0.0399247172465
0.0402404035385
0.0405932862984
0.0409833927164
0.0414107518435
0.0418753947264
0.042377354553
0.0429166668065
0.0434933694305
0.0441075030044
0.0447591109281
0.0454482396181
0.0461749387126
0.0469392612891
0.0477412640903
0.0485810077626
0.0494585571045
0.0503739813262
0.0513273543206
0.0523187549449
0.0533482673143
0.0544159811071
0.0555219918815
0.0566664014041
0.0578493179915
0.059070856863
0.0603311405067
0.0616302990588
0.0629684706947
0.064345802035
0.0657624485642
0.0672185750637
0.0687143560594
0.0702499762838
0.0718256311532
0.0734415272608
0.0750978828856
0.0767949285183
0.0785329074034
0.0803120761007
0.0821327050635
0.0839950792372
0.0858994986774
0.0878462791886
0.0898357529851
0.0918682693741
0.0939441954635
0.0960639168935
0.0982278385956
0.100436385579
0.102690003746
0.10498916074
0.107334346822
0.109726075788
0.112164885919
0.114651340972
0.117186031211
0.119769574486
0.122402617357
0.125085836269
0.127819938786
0.130605664873
0.133443788257
0.136335117837
0.139280499182
0.142280816098
0.145336992281
0.148449993065
0.151620827259
0.154850549096
0.158140260297
0.161491112252
0.164904308343
0.168381106402
0.171922821337
0.175530827922
0.17920656377
0.182951532518
0.18676730722
0.190655533989
0.194617935895
0.198656317151
0.202772567612
0.206968667613
0.211246693189
0.215608821701
0.220057337916
0.224594640592
0.229223249602
0.233945813679
0.238765118824
0.243684097458
0.248705838408
0.253833597806
0.259070811012
0.264421105683
0.269888316119
0.275476499039
0.281189950969
0.287033227444
0.293011164254
0.299128901006
0.305391907313
0.311806011969
0.318377435542
0.32511282686
0.332019303985
0.339104500336
0.346376616784
0.353844480643
0.361517612708
0.36940630368
0.377521701589
0.385875912167
0.394482114522
0.403354694949
0.412509402361
0.42196352957
0.431736125605
0.441848245457
0.452323245102
0.463187131488
0.474468979379
0.486201429667
0.498421286847
0.511170236777
0.524495709093
0.538451910605
0.553101054187
0.568514796523
0.584775865869
0.601979782346
0.620236393501
0.639670547489
0.660420341443
0.682629427419
0.706425543812
0.731868074171
0.758828323545
0.786734448452
0.814097471429
0.837908592024
0.853739945942
0.858030159187
0.851261248459
0.837452969829
0.820799837401
0.803912600002
0.787993044152
0.773441680291
0.760280139163
0.748369535439
0.737511461175
0.727492398217
0.718102854126
0.709145895974
0.700441679098
0.691830749158
0.683177041557
0.674370573532
0.665329395932
0.656000278728
0.646357758627
0.636401483124
0.62615212355
0.615646385855
0.604931752347
0.594061535342
0.583090662515
0.572072412415
0.561056136343
0.550085872767
0.539199689868
0.528429570845
0.51780166863
0.507336785765
0.497050969473
0.486956144244
0.477060731154
0.467370223676
0.457887704477
0.448614297527
0.439549556112
0.430691790896
0.422038344024
0.413585815904
0.405330251283
0.3972672908
0.389392293581
0.381700435744
0.374186789011
0.366846382971
0.359674253986
0.352665483203
0.345815225753
0.339118732801
0.332571367857
0.326168618467
0.319906104228
0.313779581858
0.307784947961
0.301918239961
0.296175635623
0.290553451478
0.285048140417
0.279656288673
0.274374612337
0.26919995358
0.264129276649
0.259159663754
0.2542883109
0.249512523708
0.244829713292
0.24023739219
0.2357331704
0.231314751522
0.22697992902
0.222726582627
0.218552674869
0.21445624774
0.210435419509
0.206488381664
0.202613395997
0.19880879181
0.195072963258
0.191404366809
0.187801518822
0.184262993245
0.180787419412
0.177373479947
0.174019908768
0.170725489178
0.167489052051
0.164309474096
0.161185676199
0.158116621844
0.155101315598
0.152138801667
0.14922816251
0.146368517511
0.14355902171
0.140798864583
0.138087268865
0.13542348943
0.132806812201
0.130236553111
0.127712057093
0.125232697109
0.122797873217
0.120407011656
0.118059563978
0.115755006192
0.113492837946
0.111272581724
0.109093782074
0.106956004857
0.10485883651
0.102801883342
0.100784770833
0.098807142967
0.0968686615735
0.0949690056855
0.0931078709179
0.0912849688586
0.0895000264759
0.0877527855395
0.0860430020568
0.0843704457219
0.0827348993793
0.0811361584999
0.0795740306705
0.0780483350958
0.0765589021131
0.0751055727201
0.0736881981136
0.0723066392419
0.0709607663681
0.0696504586466
0.0683756037105
0.0671360972716
0.0659318427321
0.0647627508079
0.0636287391643
0.0625297320626
0.0614656600195
0.0604364594776
0.0594420724876
0.058482446403
0.0575575335851
0.0566672911217
0.0558116805555
0.0549906676256
0.0542042220203
0.053452317141
0.0527349298788
0.0520520404019
0.051403631955
0.0507896906701
0.0502102053894
0.0496651674991
0.0491545707749
0.0486784112396
0.0482366870312
0.0478293982836
0.0474565470176
0.0471181370439
0.0468141738777
0.046544664664
0.0463096181149
0.0461090444573
0.045942955393
0.0458113640687
0.0457142850587
0.045651734357
0.0456237293824
0.0456302889929
0.045671433513
0.0457471847702
0.0458575661441
0.0460026026258
0.046182320888
0.0463967493669
0.0466459183543
0.0469298601015
0.0472486089327
0.0476022013712
0.0479906762751
0.0484140749843
0.0488724414789
0.0493658225476
0.0498942679681
0.0504578306972
0.0510565670731
0.0516905370275
0.0523598043096
0.0530644367201
0.0538045063571
0.0545800898725
0.0553912687393
0.0562381295307
0.0571207642092
0.0580392704282
0.0589937518435
0.0599843184371
0.0610110868517
0.0620741807373
0.0631737311083
0.0643098767139
0.0654827644183
0.0666925495945
0.0679393965295
0.0692234788415
0.0705449799103
0.0719040933198
0.073301023314
0.074735985266
0.0762092061605
0.0777209250906
0.0792713937689
0.0808608770536
0.0824896534893
0.0841580158648
0.0858662717864
0.0876147442695
0.0894037723468
0.0912337116968
0.0931049352912
0.0950178340631
0.096972817597
0.0989703148425
0.101010774851
0.103094667541
0.105222484485
0.107394739735
0.109611970668
0.111874738873
0.11418363107
0.116539260066
0.118942265752
0.121393316147
0.123893108479
0.126442370327
0.129041860809
0.131692371827
0.134394729383
0.13714979495
0.139958466922
0.142821682139
0.145740417496
0.148715691645
0.151748566788
0.154840150586
0.157991598169
0.161204114284
0.164478955564
0.167817432956
0.171220914292
0.174690827047
0.178228661273
0.181835972739
0.185514386295
0.189265599474
0.19309138636
0.196993601742
0.200974185584
0.205035167836
0.209178673633
0.213406928895
0.217722266393
0.222127132316
0.226624093386
0.231215844589
0.235905217582
0.240695189843
0.245588894657
0.25058963202
0.255700880576
0.260926310694
0.266269798831
0.271735443329
0.277327581827
0.283050810482
0.288910005239
0.294910345417
0.301057339912
0.307356856384
0.31381515384
0.320438919099
0.327235307703
0.334211989942
0.341377202772
0.348739808559
0.356309361719
0.364096184581
0.372111453993
0.380367300534
0.388876922534
0.39765471756
0.406716434571
0.416079350567
0.425762476391
0.435786797233
0.446175554521
0.456954577135
0.468152671259
0.479802079538
0.49193902132
0.504604325863
0.517844168479
0.531710913009
0.546264048118
0.561571170032
0.577708891605
0.594763408815
0.612830153768
0.632011350297
0.652409043019
0.674108652059
0.697143118406
0.721418451518
0.746567339902
0.771689238786
0.794990160239
0.813598252786
0.824285433712
0.825411704803
0.818278853486
0.806018499216
0.79157880857
0.77684747318
0.762774432582
0.749733198611
0.737794865835
0.726885255758
0.716865709013
0.707572733807
0.698837260542
0.690494359429
0.682388817847
0.674379120451
0.666340866898
0.658169839574
0.649784497263
0.641127498893
0.632165897867
0.622889836226
0.613309830193
0.603452983846
0.593358621578
0.583073860058
0.572649560304
0.562136954773
0.551585084286
0.541039044207
0.530538947522
0.520119465721
0.509809797507
0.499633927647
0.489611062141
0.479756152938
0.470080450656
0.460592044741
0.451296366619
0.44219664307
0.433294294953
0.424589281501
0.416080393382
0.407765499328
0.399641751733
0.391705756689
0.383953713632
0.376381529293
0.368984910115
0.361759436737
0.354700623638
0.347803966544
0.341064979801
0.334479225525
0.328042336067
0.321750031033
0.315598129897
0.309582561068
0.303699368083
0.297944713534
0.292314881157
0.286806276499
0.281415426443
0.276138977871
0.270973695646
0.265916460101
0.260964264145
0.256114210121
0.251363506481
0.246709464357
0.242149494082
0.237681101699
0.233301885511
0.229009532662
0.22480181581
0.220676589876
0.216631788897
0.212665422979
0.208775575369
0.204960399629
0.201218116931
0.197547013464
0.193945437951
0.190411799279
0.186944564227
0.18354225531
0.18020344871
0.176926772312
0.173710903824
0.170554568992
0.167456539889
0.164415633292
0.161430709126
0.158500668988
0.155624454731
0.152801047111
0.1500294645
0.147308761651
0.144638028516
0.142016389113
0.139443000445
0.136917051456
0.134437762033
0.132004382043
0.129616190411
0.127272494224
0.124972627875
0.122715952233
0.120501853838
0.118329744126
0.116199058674
0.114109256475
0.112059819224
0.110050250636
0.108080075766
0.106148840367
0.104256110247
0.102401470651
0.100584525656
0.0988048975767
0.0970622263896
0.0953561691653
0.0936863995154
0.0920526070498
0.0904544968458
0.0888917889274
0.0873642177559
0.0858715317295
0.0844134926943
0.0829898754638
0.081600467349
0.0802450676976
0.0789234874432
0.0776355486631
0.0763810841463
0.0751599369713
0.073971960092
0.0728170159352
0.0716949760056
0.0706057205024
0.0695491379446
0.0685251248066
0.067533585164
0.0665744303493
0.0656475786186
0.0647529548273
0.0638904901185
0.0630601216199
0.0622617921535
0.0614954499548
0.060761048404
0.0600585457682
0.0593879049548
0.0587490932766
0.0581420822284
0.0575668472752
0.0570233676524
0.0565116261778
0.0560316090752
0.0555833058109
0.0551667089411
0.0547818139727
0.0544286192356
0.0541071257674
0.0538173372102
0.0535592597206
0.0533329018908
0.0531382746833
0.0529753913769
0.0528442675262
0.0527449209325
0.0526773716277
0.0526416418706
0.0526377561551
0.0526657412309
0.0527256261371
0.052817442247
0.0529412233257
0.0530970056004
0.0532848278413
0.0535047314563
0.0537567605964
0.0540409622737
0.054357386491
0.054706086383
0.0550871183698
0.0555005423215
0.0559464217343
0.0564248239184
0.0569358201975
0.0574794861184
0.0580559016735
0.058665151533
0.0593073252887
0.0599825177092
0.0606908290049
0.0614323651049
0.062207237944
0.0630155657604
0.0638574734043
0.0647330926569
0.0656425625597
0.0665860297549
0.0675636488356
0.0685755827068
0.0696220029573
0.0707030902413
0.0718190346712
0.0729700362211
0.0741563051408
0.0753780623812
0.0766355400298
0.0779289817591
0.0792586432852
0.0806247928388
0.0820277116483
0.0834676944359
0.0849450499257
0.0864601013664
0.0880131870673
0.0896046609493
0.0912348931114
0.0929042704131
0.0946131970736
0.09636209529
0.0981514058732
0.0999815889049
0.101853124416
0.103766513087
0.105722276974
0.10772096026
0.109763130034
0.111849377102
0.113980316824
0.116156589993
0.118378863749
0.120647832525
0.122964219046
0.125328775372
0.127742283982
0.130205558922
0.132719447003
0.135284829065
0.13790262131
0.140573776697
0.143299286428
0.146080181508
0.148917534404
0.151812460796
0.154766121437
0.157779724132
0.160854525837
0.163991834894
0.167193013416
0.170459479833
0.173792711602
0.177194248118
0.180665693821
0.184208721529
0.187825076018
0.19151657786
0.195285127554
0.199132709983
0.203061399198
0.207073363606
0.211170871551
0.215356297378
0.219632127975
0.224000969896
0.228465557077
0.23302875924
0.237693591043
0.242463222063
0.247340987702
0.25233040112
0.257435166313
0.262659192474
0.268006609787
0.27348178682
0.279089349741
0.28483420355
0.290721555629
0.296756941881
0.302946255834
0.309295781093
0.315812227636
0.322502772488
0.32937510542
0.33643748043
0.343698773882
0.351168550352
0.358857137391
0.366775710668
0.374936391199
0.383352356681
0.392037969334
0.401008923088
0.410282413444
0.419877333937
0.429814503728
0.440116931521
0.450810121582
0.461922427968
0.473485462914
0.485534563947
0.498109320714
