4.07081775696e-16
2.38791135686e-05
9.55175822204e-05
0.000214918791642
0.000382088390801
0.000597034301201
0.000859766729866
0.00117029818609
0.00152864350199
0.00193481985691
0.00238884680576
0.00289074631132
0.00344054278057
0.00403826310528
0.00468393670671
0.00537759558476
0.00611927437161
0.00690901038987
0.00774684371561
0.00863281724617
0.00956697677317
0.0105493710607
0.0115800519288
0.0126590743431
0.0137864965097
0.0149623799764
0.0161867897408
0.0174597943637
0.0187814660912
0.0201518809826
0.0215711190463
0.0230392643835
0.0245564053408
0.0261226346703
0.0277380496992
0.0294027525095
0.0311168501266
0.0328804547192
0.0346936838091
0.0365566604936
0.0384695136792
0.0404323783282
0.0424453957185
0.0445087137177
0.0466224870712
0.048786877707
0.0510020550554
0.0532681963871
0.0555854871688
0.0579541214377
0.060374302197
0.0628462418315
0.0653701625469
0.0679462968313
0.0705748879432
0.0732561904249
0.0759904706445
0.0787780073668
0.0816190923559
0.0845140310112
0.0874631430379
0.0904667631547
0.0935252418417
0.0966389461289
0.0998082604305
0.103033587425
0.106315348986
0.109653987166
0.113049965239
0.116503768798
0.120015906926
0.123586913422
0.127217348116
0.13090779825
0.134658879948
0.13847123977
0.142345556374
0.146282542263
0.150282945653
0.154347552462
0.158477188409
0.162672721269
0.16693506326
0.171265173593
0.175664061195
0.180132787606
0.184672470086
0.18928428493
0.193969471017
0.198729333609
0.20356524843
0.20847866604
0.213471116531
0.218544214586
0.223699664911
0.228939268108
0.234264926998
0.239678653459
0.245182575826
0.250778946903
0.25647015266
0.262258721678
0.268147335428
0.27413883948
0.280236255725
0.286442795762
0.292761875544
0.29919713147
0.305752438073
0.312431927523
0.319240011155
0.326181403315
0.333261147803
0.340484647298
0.347857696161
0.355386517126
0.36307780243
0.370938760079
0.378977166048
0.387201423356
0.39562062917
0.404244651303
0.413084215735
0.422151007188
0.43145778515
0.441018518357
0.450848541392
0.460964737953
0.471385756479
0.482132265251
0.493227255996
0.504696407472
0.516568523743
0.528876066166
0.54165580383
0.554949614842
0.568805481226
0.583278734106
0.598433624624
0.614345321
0.631102464598
0.648810457555
0.667595696473
0.687610990943
0.709042350626
0.732117010616
0.757111476638
0.784355016118
0.814213991858
0.847012640327
0.882759423714
0.920328689325
0.955494161866
0.978811815554
0.980926280357
0.964805778793
0.941301887627
0.917601204112
0.896260585002
0.877712019254
0.861684975386
0.847731960378
0.835394562015
0.824248168022
0.813909880385
0.804038176592
0.794333508317
0.784541931531
0.774460844275
0.763944512421
0.752906764934
0.741318958346
0.72920275748
0.716618842247
0.703653674192
0.690406619068
0.676979158483
0.663467043506
0.649955440987
0.636516608326
0.623209423379
0.610080106456
0.597163594159
0.584485178693
0.572062165666
0.559905410637
0.548020668559
0.536409736607
0.525071397293
0.514002181904
0.503196979334
0.49264951576
0.48235272864
0.472299055531
0.462480655024
0.452889574015
0.443517872892
0.434357717849
0.425401447709
0.416641621029
0.408071048066
0.399682811153
0.391470276292
0.383427098104
0.375547219844
0.367824869772
0.360254554888
0.352831052813
0.345549402411
0.338404893598
0.3313930567
0.324509651601
0.317750656898
0.311112259184
0.30459084258
0.29818297858
0.291885416261
0.285695072887
0.279609024935
0.273624499532
0.267738866326
0.261949629762
0.256254421769
0.250650994845
0.245137215509
0.239711058125
0.234370599068
0.229114011219
0.22393955877
0.218845592328
0.213830544294
0.208892924505
0.204031316128
0.199244371784
0.194530809892
0.18988941122
0.185319015635
0.180818519027
0.176386870415
0.172023069206
0.167726162614
0.163495243217
0.159329446647
0.155227949414
0.151189966841
0.147214751116
0.143301589447
0.139449802319
0.135658741842
0.131927790186
0.128256358105
0.124643883532
0.121089830254
0.117593686651
0.114154964507
0.110773197877
0.10744794202
0.104178772376
0.10096528361
0.0978070886933
0.0947038180365
0.0916551186684
0.0886606534538
0.0857201003523
0.0828331517149
0.0799995136152
0.0772189052156
0.0744910581647
0.0718157160246
0.0691926337282
0.0666215770626
0.0641023221789
0.0616346551262
0.0592183714094
0.0568532755688
0.0545391807806
0.0522759084773
0.0500632879879
0.0479011561949
0.0457893572091
0.0437277420612
0.0417161684074
0.0397545002515
0.03784260768
0.0359803666105
0.0341676585536
0.032404370386
0.030690394136
0.0290256267795
0.0274099700467
0.0258433302384
0.0243256180529
0.0228567484206
0.0214366403488
0.0200652167735
0.01874240442
0.0174681336712
0.0162423384423
0.0150649560635
0.0139359271689
0.0128551955918
0.0118227082663
0.0108384151349
0.00990226906123
0.00901422574945
0.00817424366757
0.00738228397674
0.00663831046521
0.00594228948699
0.00529418990524
0.00469398304005
0.00414164262062
0.00363714474161
0.00318046782368
0.00277159257799
0.00241050197471
0.00209718121532
0.00183161770878
0.0016138010514
0.00144372301036
0.00132137751102
0.00124676062767
0.00121987057801
0.0012407077212
0.00130927455945
0.00142557574324
0.0015896180801
0.0018014105471
0.00206096430692
0.00236829272766
0.0027234114064
0.00312633819655
0.00357709323914
0.00407569899797
0.00462218029897
0.00521656437353
0.0058588809062
0.00654916208677
0.00728744266685
0.00807376002103
0.00890815421302
0.00979066806657
0.0107213472417
0.0117002403163
0.0127273988731
0.0138028775925
0.0149267343516
0.0160990303296
0.0173198301187
0.0185892018437
0.0199072172866
0.0212739520205
0.0226894855504
0.0241539014617
0.0256672875784
0.0272297361297
0.0288413439255
0.0305022125425
0.0322124485206
0.0339721635695
0.0357814747872
0.0376405048908
0.0395493824592
0.0415082421892
0.0435172251663
0.0455764791491
0.0476861588702
0.0498464263522
0.0520574512423
0.0543194111638
0.0566324920872
0.0589968887217
0.0614128049272
0.0638804541498
0.0664000598799
0.0689718561365
0.0715960879767
0.0742730120348
0.0770028970898
0.0797860246646
0.0826226896593
0.0855132010185
0.0884578824373
0.0914570731057
0.0945111284963
0.0976204211963
0.100785341787
0.104006299773
0.107283724568
0.110618066537
0.114009798093
0.117459414875
0.120967436974
0.124534410255
0.12816090774
0.131847531092
0.135594912177
0.139403714732
0.143274636133
0.147208409282
0.151205804607
0.155267632197
0.159394744079
0.16358803664
0.167848453222
0.172176986886
0.17657468337
0.181042644254
0.185582030357
0.190194065364
0.194880039739
0.199641314911
0.204479327789
0.209395595619
0.21439172122
0.219469398641
0.224630419271
0.229876678457
0.235210182675
0.240633057316
0.246147555151
0.25175606555
0.257461124537
0.263265425781
0.269171832621
0.275183391264
0.281303345281
0.287535151574
0.293882497994
0.300349322831
0.306939836413
0.313658545112
0.320510278091
0.327500217172
0.334633930298
0.341917409115
0.349357111317
0.356960008499
0.364733640422
0.372686176747
0.380826487533
0.389164224035
0.397709911668
0.406475057421
0.4154722745
0.424715427597
0.434219803036
0.444002309004
0.454081712434
0.464478920747
0.475217318845
0.486323174528
0.497826129172
0.509759795257
0.522162488513
0.535078130512
0.548557367872
0.562658967167
0.577451560187
0.593015830784
0.609447247297
0.626859439625
0.645388261055
0.665196369888
0.686477579977
0.709458657678
0.734392102816
0.761522574451
0.790981344427
0.822494093487
0.854658041135
0.883564360664
0.901963348001
0.9033956686
0.889614852441
0.86829645038
0.845528780676
0.824078421574
0.804781702214
0.787685278562
0.772570698256
0.759156227182
0.747166900375
0.736354943835
0.726502503671
0.717418757317
0.708935889523
0.700905517695
0.693196037972
0.685690930763
0.678287890075
0.670898564769
0.663448665306
0.65587818159
0.648141475826
0.640207060258
0.6320569396
0.623685481719
0.615097862441
0.606308196071
0.597337501519
0.588211661643
0.578959514759
0.569611181352
0.560196686492
0.550744898176
0.541282769723
0.531834852642
0.522423034812
0.513066455481
0.503781550902
0.494582190192
0.485479868138
0.476483929038
0.46760180237
0.458839236759
0.450200523322
0.441688702923
0.433305754494
0.425052763371
0.416930069825
0.408937398735
0.401073971829
0.393338604106
0.385729786146
0.378245753979
0.37088454808
0.363644062939
0.356522088521
0.34951634476
0.342624510117
0.335844245091
0.329173211452
0.322609087854
0.316149582402
0.309792442657
0.303535463491
0.297376493145
0.291313437783
0.285344264803
0.279467005108
0.27367975453
0.267980674538
0.262367992382
0.256840000763
0.251395057125
0.246031582645
0.240748060988
0.235543036866
0.230415114467
0.225362955771
0.220385278796
0.215480855791
0.210648511408
0.205887120857
0.201195608068
0.196572943864
0.192018144167
0.187530268222
0.183108416873
0.17875173087
0.174459389226
0.170230607624
0.166064636863
0.16196076137
0.157918297751
0.153936593398
0.150015025147
0.146152997985
0.142349943809
0.138605320232
0.134918609439
0.131289317085
0.127716971247
0.124201121411
0.120741337507
0.117337208984
0.113988343926
0.110694368205
0.107454924673
0.104269672388
0.101138285876
0.0980604544238
0.0950358814098
0.0920642836569
0.089145390821
0.0862789448051
0.0834646992011
0.0807024187577
0.0779918788719
0.0753328651058
0.0727251727254
0.0701686062605
0.0676629790869
0.0652081130269
0.0628038379702
0.060449991512
0.0581464186091
0.0558929712522
0.0536895081545
0.0515358944553
0.0494320014379
0.0473777062618
0.0453728917077
0.0434174459355
0.0415112622542
0.0396542389034
0.0378462788457
0.03608728957
0.0343771829047
0.0327158748399
0.0311032853599
0.029539338284
0.028023961115
0.0265570848972
0.0251386440808
0.0237685763941
0.0224468227228
0.0211733269965
0.0199480360802
0.018770899674
0.017641870217
0.0165609027975
0.0155279550696
0.0145429871731
0.0136059616604
0.0127168434272
0.0118755996478
0.0110821997157
0.0103366151881
0.00963881973429
0.00898878908901
0.00838650100893
0.0078319352336
0.00732507344983
0.00686589925993
0.00645439815344
0.00609055748245
0.00577436644034
0.00550581604394
0.00528489911904
0.00511161028925
0.00498594596813
0.00490790435459
0.00487748543157
0.00489469096799
0.00495952452397
0.00507199145928
0.0052320989452
0.00543985597965
0.00569527340573
0.00599836393368
0.00634914216636
0.00674762462832
0.00719382979844
0.00768777814639
0.00822949217288
0.0088189964539
0.00945631768894
0.0101414847535
0.010874528756
0.0116554830989
0.0124843835448
0.0133612682873
0.0142861780268
0.0152591560515
0.0162802483241
0.0173495035739
0.0184669733953
0.0196327123516
0.0208467780865
0.0221092314414
0.0234201365802
0.0247795611216
0.0261875762792
0.0276442570093
0.0291496821683
0.0307039346777
0.0323071016999
0.0339592748232
0.0356605502571
0.0374110290392
0.0392108172528
0.0410600262573
0.042958772931
0.0449071799275
0.0469053759455
0.0489534960148
0.0510516817963
0.0532000818999
0.0553988522188
0.057648156282
0.0599481656272
0.0622990601926
0.0647010287307
0.0671542692449
0.0696589894494
0.072215407255
0.0748237512802
0.0774842613917
0.080197189274
0.0829627990295
0.0857813678133
0.0886531865017
0.0915785603984
0.0945578099798
0.0975912716816
0.100679298731
0.103822262021
0.107020551044
0.110274574863
0.113584763158
0.116951567309
0.120375461567
0.12385694427
0.127396539145
0.13099479668
0.134652295583
0.138369644318
0.142147482745
0.145986483853
0.149887355599
0.153850842867
0.157877729538
0.161968840705
0.166125045017
0.17034725718
0.174636440621
0.178993610323
0.183419835857
0.187916244612
0.192484025247
0.197124431386
0.201838785566
0.206628483473
0.211494998477
0.216439886502
0.221464791256
0.226571449855
0.231761698874
0.237037480868
0.242400851403
0.247853986651
0.253399191594
0.2590389089
0.26477572854
0.270612398216
0.27655183467
0.282597135984
0.288751594945
0.2950187136
0.301402219109
0.307906081026
0.314534530162
0.321292079155
0.328183544939
0.335214073263
0.342389165451
0.349714707575
0.357197002222
0.364842803004
0.372659351934
0.380654419723
0.388836348952
0.397214099904
0.405797298596
0.41459628618
0.423622168311
0.432886862246
0.442403138225
0.452184649844
0.462245945489
0.472602448925
0.483270391348
0.494266668609
0.505608584636
0.517313423365
0.529397763906
0.541876413357
0.554760773337
0.568056373783
0.581759195182
0.595850258136
0.610287805022
0.624996296616
0.639851561829
0.65466212351
0.669148597017
0.682926889419
0.695506841432
0.706323403897
0.714814913431
0.720542910012
0.723312930917
0.723234582726
0.720684618397
0.716195627225
0.710330573288
0.703592045409
0.696379929145
0.68898611505
0.681608630938
0.674371933149
0.667346298737
0.660563669698
0.654029602606
0.647731894434
0.641646671837
0.635742661843
0.629984209623
0.624333457025
0.618751969798
0.6132020053
0.607647541338
0.602055135255
0.596394645938
0.590639826885
0.584768783895
0.578764284673
0.572613908465
0.566310029849
0.559849640338
0.553234022098
0.546468298052
0.539560890043
0.532522920723
0.525367595064
0.518109594227
0.510764508888
0.503348332057
0.495877023996
0.488366154953
0.480830625619
0.4732844608
0.465740668855
0.458211157739
0.450706697932
0.4432369227
0.435810356889
0.428434466474
0.421115722294
0.413859672568
0.406671019906
0.399553699547
0.392510956368
0.385545418963
0.378659169609
0.371853809436
0.365130518414
0.35849011005
0.351933080868
0.345459654864
0.339069823202
0.332763379503
0.326539951051
0.320399026288
0.314339978945
0.308362089149
0.302464561821
0.29664654266
0.290907131982
0.28524539667
0.279660380446
0.27415111267
0.26871661585
0.263355912017
0.258068028107
0.252852000482
0.247706878691
0.242631728579
0.237625634825
0.232687702979
0.227817061086
0.223012860922
0.218274278925
0.213600516846
0.208990802168
0.204444388323
0.199960554738
0.195538606739
0.191177875334
0.186877716886
0.182637512712
0.178456668609
0.174334614317
0.170270802947
0.166264710364
0.162315834552
0.158423694951
0.154587831786
0.150807805389
0.147083195508
0.143413600633
0.139798637309
0.136237939471
0.132731157773
0.129277958943
0.125878025142
0.12253105334
0.119236754704
0.115994854009
0.11280508906
0.109667210133
0.106580979434
0.103546170578
0.100562568077
0.0976299668619
0.0947481718043
0.0919169972691
0.0891362666785
0.0864058120944
0.0837254738176
0.0810951000039
0.0785145462954
0.0759836754682
0.073502357095
0.0710704672229
0.0686878880649
0.0663545077061
0.0640702198229
0.0618349234153
0.0596485225518
0.0575109261266
0.0554220476284
0.0533818049201
0.0513901200301
0.0494469189532
0.0475521314619
0.0457056909275
0.0439075341499
0.0421576011968
0.0404558352507
0.0388021824651
0.0371965918269
0.0356390150281
0.0341294063428
0.0326677225126
0.0312539226378
0.0298879680744
0.0285698223382
0.0272994510137
0.0260768216691
0.0249019037761
0.0237746686349
0.0226950893044
0.0216631405363
0.0206787987142
0.0197420417967
0.018852849265
0.0180112020736
0.017217082606
0.0164704746327
0.0157713632737
0.0151197349644
0.0145155774241
0.0139588796284
0.0134496317842
0.0129878253085
0.0125734528093
0.0122065080697
0.0118869860354
0.0116148828043
0.011390195619
0.0112129228625
0.0110830640563
0.0110006198613
0.0109655920811
0.0109779836687
0.0110377987356
0.0111450425634
0.0112997216188
0.0115018435711
0.0117514173126
0.012048452982
0.0123929619912
0.0127849570547
0.0132244522225
0.0137114629165
0.01424600597
0.0148280996707
0.015457763808
0.0161350197235
0.0168598903659
0.0176324003497
0.0184525760185
0.019320445513
0.0202360388433
0.0211993879666
0.0222105268699
0.0232694916578
0.0243763206469
0.0255310544655
0.0267337361596
0.0279844113057
0.0292831281307
0.0306299376389
0.0320248937463
0.0334680534239
0.0349594768481
0.0364992275616
0.0380873726421
0.0397239828818
0.0414091329771
0.0431429017288
0.044925372254
0.0467566322099
0.0486367740305
0.050565895176
0.052544098397
0.0545714920121
0.0566481902026
0.0587743133217
0.0609499882222
0.0631753486009
0.0654505353629
0.0677756970049
0.0701509900195
0.0725765793219
0.0750526386985
0.077579351281
0.0801569100446
0.082785518334
0.0854653904163
0.0881967520649
0.0909798411728
0.0938149083997
0.0967022178529
0.0996420478039
0.102634691444
0.105680457679
0.108779671965
0.111932677191
0.115139834605
0.118401524792
0.121718148699
0.125090128722
0.128517909838
0.132001960815
0.135542775463
0.139140873976
0.142796804322
0.146511143726
0.150284500219
0.154117514277
0.158010860542
0.16196524964
0.165981430096
0.170060190346
0.174202360865
0.178408816406
0.182680478358
0.187018317235
0.191423355297
0.195896669312
0.200439393468
0.20505272244
0.209737914622
0.214496295528
0.219329261373
0.224238282843
0.22922490905
0.234290771692
0.23943758941
0.244667172358
0.24998142697
0.255382360931
0.260872088349
0.266452835101
0.272126944344
0.277896882153
0.283765243253
0.28973475677
0.295808291933
0.301988863616
0.308279637575
0.314683935195
0.321205237501
0.32784718812
0.334613594781
0.34150842881
0.348535821957
0.355700059645
0.363005569514
0.370456903783
0.378058713549
0.385815712568
0.393732627413
0.401814129953
0.410064747011
0.418488740546
0.427089949917
0.435871585407
0.444835959362
0.453984137781
0.463315491038
0.472827117756
0.482513110889
0.492363630594
0.502363745844
0.51249200834
0.522718732307
0.533003978516
0.543295289352
0.553525305404
0.563609523758
0.573444638072
0.582908114777
0.591859853582
0.600146843344
0.607611495226
0.614103663635
0.619495243953
0.623694949646
0.626660013378
0.628401761005
0.628983471683
0.62851112916
0.627119578905
0.624957412299
0.62217346984
0.618906681571
0.615279708643
0.611395956246
0.607339108137
0.603174282405
0.598950058933
0.594700843925
0.590449236614
0.586208216516
0.581983073177
0.577773063166
0.573572812781
0.569373499727
0.565163850587
0.560930988163
0.556661157146
0.552340349872
0.547954847309
0.543491684646
0.538939046164
0.53428659075
0.529525707526
0.524649700494
0.519653901763
0.514535714505
0.509294588986
0.503931937437
0.498450995855
0.49285664264
0.487155185252
0.481354126445
0.475461921383
0.469487735904
0.46344121474
0.457332266679
0.451170871711
0.44496691333
0.438730037463
0.432469538024
0.426194267984
0.419912574015
0.413632252217
0.407360522181
0.401104016521
0.394868783131
0.388660297555
0.382483483145
0.376342736948
0.37024195957
0.36418458754
0.358173626985
0.352211687647
0.346301016519
0.340443530523
0.334640847834
0.328894317567
0.323205047656
0.317573930824
0.312001668612
0.30648879348
0.301035689043
0.295642608489
0.290309691308
0.285036978401
0.279824425696
0.274671916375
0.269579271822
0.264546261395
0.259572611128
0.254658011458
0.249802124057
0.245004587875
0.240265024447
0.235583042554
0.230958242295
0.226390218632
0.221878564466
0.217422873283
0.213022741437
0.208677770079
0.204387566806
0.200151747028
0.195969935111
0.191841765303
0.187766882482
0.183744942738
0.179775613812
0.175858575415
0.171993519426
0.168180150009
0.164418183636
0.160707349044
0.157047387128
0.153438050784
0.149879104705
0.146370325141
0.14291149963
0.139502426698
0.136142915542
0.132832785702
0.129571866712
0.126359997746
0.123197027261
0.120082812634
0.117017219797
0.11400012288
0.111031403848
0.108110952146
0.105238664357
0.102414443852
0.0996382004632
0.0969098501528
0.0942293147003
0.091596521394
0.0890114027338
0.0864738961444
0.0839839436987
0.0815414918516
0.079146491184
0.0767988961576
0.0744986648801
0.0722457588805
0.0700401428947
0.0678817846608
0.0657706547246
0.0637067262545
0.0616899748651
0.0597203784511
0.0577979170284
0.0559225725851
0.0540943289398
0.0523131716084
0.0505790876779
0.0488920656881
0.04725209552
0.0456591682912
0.0441132762578
0.0426144127219
0.041162571946
0.0397577490722
0.0383999400474
0.0370891415534
0.0358253509416
0.0346085661732
0.0334387857632
0.0323160087287
0.0312402345416
0.0302114630847
0.0292296946121
0.028294929712
0.0274071692743
0.02656641446
0.0257726666745
0.0250259275433
0.0243261988909
0.0236734827221
0.0230677812055
0.0225090966601
0.0219974315442
0.0215327884459
0.0211151700764
0.0207445792656
0.0204210189592
0.0201444922185
0.0199150022219
0.0197325522683
0.0195971457832
0.0195087863259
0.0194674775992
0.0194732234614
0.0195260279399
0.0196258952472
0.0197728297989
0.019966836234
0.0202079194377
0.0204960845657
0.0208313370728
0.0212136827415
0.0216431277158
0.022119678536
0.0226433421772
0.0232141260909
0.0238320382496
0.0244970871947
0.0252092820884
0.025968632769
0.0267751498104
0.0276288445858
0.0285297293354
0.0294778172397
0.0304731224966
0.031515660405
0.0326054474528
0.0337425014114
0.0349268414363
0.0361584881739
0.0374374638756
0.0387637925187
0.0401374999354
0.0415586139499
0.0430271645231
0.0445431839076
0.0461067068113
0.047717770571
0.0493764153367
0.0510826842667
0.0528366237344
0.0546382835471
0.0564877171776
0.0583849820093
0.060330139595
0.0623232559304
0.0643644017438
0.0664536528005
0.0685910902255
0.0707768008424
0.0730108775322
0.0752934196102
0.0776245332232
0.0800043317683
0.0824329363323
0.0849104761551
0.0874370891161
0.0900129222448
0.092638132258
0.0953128861227
0.0980373616471
0.1008117481
0.103636246858
0.106511072089
0.109436451461
0.112412626886
0.115439855297
0.118518409466
0.121648578846
0.124830670464
0.128065009838
0.131351941943
0.134691832217
0.138085067599
0.141532057614
0.145033235507
0.148589059407
0.152200013541
0.155866609494
0.159589387508
0.163368917826
0.167205802081
0.171100674722
0.175054204486
0.179067095906
0.183140090857
0.187273970131
0.191469555046
0.195727709072
0.200049339479
0.204435398987
0.208886887417
0.213404853323
0.217990395596
0.22264466501
0.227368865698
0.232164256524
0.237032152318
0.241973924924
0.246991004023
0.252084877668
0.257257092438
0.262509253156
0.267843022028
0.273260117096
0.278762309844
0.284351421761
0.290029319635
0.295797909317
0.301659127593
0.307614931802
0.313667286679
0.319818147869
0.326069441399
0.332423038258
0.338880723081
0.345444155711
0.352114824179
0.358893987364
0.365782605251
0.372781254357
0.379890025428
0.387108400083
0.394435102564
0.401867922254
0.409403502216
0.417037088679
0.424762236367
0.432570464998
0.440450863439
0.448389640255
0.456369623299
0.464369717076
0.472364335645
0.480322841396
0.48820903652
0.495980774139
0.503589778258
0.510981782629
0.518097112162
0.524871828109
0.531239529637
0.537133840628
0.542491508882
0.547255914681
0.551380651987
0.554832747077
0.55759505723
0.559667472041
0.561066716187
0.561824783821
0.561986257755
0.56160492124
0.560740123603
0.559453316282
0.557805064549
0.555852704235
0.553648688066
0.551239573906
0.548665552937
0.54596039481
0.543151689413
0.540261281068
0.537305812624
0.534297318819
0.531243827452
0.528149942213
0.525017392384
0.521845542461
0.518631859829
0.51537234147
0.512061902115
0.508694726525
0.505264588335
0.501765137202
0.498190155239
0.494533782993
0.490790714647
0.486956361805
0.483026985158
0.478999793555
0.474873010479
0.470645908558
0.466318813579
0.461893080234
0.457371042645
0.452755943335
0.448051844818
0.44326352822
0.438396383389
0.433456294797
0.428449527163
0.42338261423
0.418262253548
0.41309520947
0.40788822595
0.402647950088
0.397380866887
0.392093245187
0.386791094382
0.381480131268
0.376165756137
0.370853037152
0.365546701943
0.360251135403
0.35497038264
0.349708156165
0.344467846421
0.339252534895
0.334065009107
0.32890777891
0.32378309358
0.318692959297
0.313639156671
0.308623258048
0.303646644371
0.298710521455
0.29381593555
0.2889637881
0.28415484967
0.279389772992
0.274669105143
0.269993298837
0.265362722876
0.260777671772
0.256238374579
0.25174500297
0.247297678604
0.242896479827
0.238541447737
0.234232591679
0.229969894181
0.225753315401
0.221582797106
0.217458266219
0.213379637982
0.209346818751
0.205359708472
0.201418202848
0.197522195238
0.193671578306
0.189866245445
0.186106091997
0.18239101629
0.178720920509
0.175095711415
0.171515300932
0.167979606617
0.164488552019
0.161042066946
0.157640087645
0.154282556912
0.150969424134
0.147700645275
0.144476182812
0.141296005629
0.138160088876
0.135068413795
0.132020967518
0.129017742855
0.126058738047
0.123143956521
0.120273406629
0.117447101377
0.114665058151
0.111927298449
0.109233847594
0.106584734469
0.10397999124
0.101419653089
0.0989037579554
0.0964323462741
0.0940054607316
0.0916231460228
0.0892854486185
0.0869924165413
0.0847440991506
0.0825405469364
0.0803818113231
0.0782679444823
0.0761989991552
0.0741750284846
0.0721960858556
0.0702622247463
0.0683734985867
0.0665299606267
0.064731663813
0.0629786606735
0.0612710032102
0.0596087427998
0.0579919301017
0.0564206149728
0.0548948463896
0.0534146723764
0.0519801399397
0.0505912950089
0.0492481823819
0.0479508456767
0.0466993272871
0.0454936683439
0.0443339086804
0.043220086801
0.0421522398555
0.0411304036154
0.0401546124544
0.0392248993319
0.0383412957795
0.0375038318903
0.0367125363107
0.0359674362344
0.0352685573991
0.034615924085
0.034009559115
0.0334494838575
0.0329357182299
0.0324682807046
0.0320471883158
0.0316724566685
0.0313440999482
0.0310621309321
0.0308265610021
0.0306374001585
0.0304946570352
0.030398338916
0.0303484517526
0.0303450001835
0.0303879875543
0.0304774159398
0.0306132861669
0.0307955978397
0.0310243493661
0.0312995379857
0.0316211597999
0.0319892098044
0.0324036819232
0.0328645690452
0.0333718630631
0.0339255549156
0.0345256346314
0.0351720913777
0.0358649135106
0.0366040886301
0.0373896036386
0.0382214448035
0.0390995978244
0.040024047905
0.04099477983
0.0420117780473
0.0430750267565
0.0441845100033
0.0453402117802
0.0465421161346
0.0477902072843
0.0490844697407
0.0504248884404
0.0518114488857
0.0532441372945
0.05472294076
0.0562478474203
0.0578188466402
0.0594359292027
0.0610990875144
0.0628083158219
0.0645636104427
0.0663649700092
0.0682123957273
0.0701058916504
0.0720454649684
0.0740311263138
0.076062890084
0.0781407747815
0.0802648033725
0.0824350036635
0.0846514086979
0.0869140571722
0.0892229938727
0.0915782701331
0.0939799443135
0.0964280823012
0.0989227580344
0.101464054047
0.104052062039
0.106686883466
0.109368630157
0.112097424948
0.114873402351
0.117696709232
0.120567505519
0.123485964938
0.126452275755
0.129466641555
0.132529282035
0.135640433807
0.138800351236
0.142009307276
0.145267594332
0.148575525124
0.151933433564
0.155341675637
0.158800630281
0.162310700261
0.16587231304
0.169485921628
0.173152005412
0.176871070955
0.180643652752
0.184470313941
0.188351646943
0.192288274033
0.196280847808
0.200330051548
0.204436599439
0.208601236637
0.212824739139
0.217107913431
0.221451595873
0.225856651775
0.230323974108
0.234854481793
0.239449117496
0.244108844844
0.248834644966
0.253627512254
0.258488449199
0.263418460175
0.26841854397
0.273489684883
0.278632842137
0.283848937342
0.289138839694
0.294503348538
0.299943172881
0.305458907365
0.311051004164
0.31671974014
0.322465178581
0.328287124686
0.334185073914
0.340158152192
0.346205046921
0.352323927618
0.358512355015
0.364767177439
0.371084413379
0.377459119331
0.383885242382
0.390355457513
0.39686099048
0.403391428292
0.409934520958
0.416475980365
0.422999284869
0.429485501583
0.435913142233
0.442258072638
0.448493500045
0.454590065825
0.460516072742
0.466237874671
0.47172045115
0.476928178242
0.481825790292
0.486379504879
0.490558257486
0.494334967037
0.497687733428
0.500600859008
0.503065591757
0.505080510193
0.506651506377
0.507791367828
0.50851900343
0.508858394441
0.508837373438
0.508486339382
0.507837007375
0.506921271474
0.505770233447
0.504413424739
0.502878226753
0.501189477931
0.499369245412
0.497436733717
0.495408301753
0.493297561149
0.491115532306
0.48887083864
0.486569923674
0.4842172794
0.481815677604
0.479366398424
0.476869452405
0.474323793734
0.471727523297
0.469078080788
0.466372425405
0.46360720477
0.460778911693
0.457884028292
0.454919156899
0.451881137066
0.448767147969
0.445574795547
0.442302183808
0.438947969949
0.435511403194
0.431992347577
0.428391289231
0.42470932911
0.420948162419
0.417110046276
0.413197757417
0.409214541869
0.405164058601
0.401050319171
0.396877625286
0.392650506046
0.388373656462
0.384051878578
0.379690026288
0.375292954689
0.370865474537
0.366412312156
0.361938074945
0.357447222452
0.352944042814
0.348432634299
0.343916891556
0.339400496144
0.334886910894
0.330379377622
0.325880917733
0.321394335269
0.316922221979
0.312466964032
0.308030750008
0.303615579875
0.299223274652
0.294855486552
0.290513709367
0.286199288957
0.281913433671
0.277657224619
0.273431625661
0.269237493086
0.265075584884
0.260946569607
0.256851034769
0.252789494773
0.248762398369
0.244770135623
0.240813044422
0.236891416507
0.233005503058
0.229155519841
0.225341651943
0.221564058096
0.217822874633
0.214118219077
0.210450193394
0.206818886925
0.203224379021
0.199666741397
0.196146040225
0.192662337986
0.189215695099
0.185806171335
0.182433827052
0.179098724238
0.175800927406
0.172540504332
0.169317526667
0.166132070412
0.162984216298
0.159874050056
0.1568016626
0.153767150127
0.15077061415
0.147812161463
0.144891904055
0.142009958968
0.139166448124
0.136361498103
0.133595239905
0.130867808675
0.128179343415
0.125529986674
0.122919884233
0.120349184776
0.117818039557
0.115326602064
0.112875027684
0.11046347337
0.108092097311
0.105761058606
0.103470516955
0.101220632342
0.0990115647457
0.0968434738455
0.0947165187499
0.0926308577305
0.0905866479703
0.0885840453245
0.086623204094
0.0847042768113
0.0828274140403
0.0809927641871
0.0792004733256
0.0774506850332
0.0757435402403
0.0740791770902
0.0724577308117
0.0708793336016
0.0693441145181
0.0678521993846
0.0664037107028
0.064998767575
0.0636374856358
0.0623199769906
0.0610463501635
0.0598167100518
0.0586311578867
0.0574897912016
0.0563927038057
0.0553399857629
0.0543317233764
0.0533679991775
0.052448891919
0.0515744765725
0.0507448243292
0.0499600026044
0.0492200750441
0.0485251015353
0.0478751382181
0.0472702375003
0.0467104480736
0.046195814932
0.0457263793913
0.0453021791108
0.0449232481148
0.044589616817
0.0443013120451
0.0440583570658
0.0438607716119
0.0437085719097
0.043601770707
0.0435403773025
0.0435243975761
0.0435538340195
0.0436286857685
0.0437489486364
0.0439146151483
0.0441256745765
0.0443821129784
0.0446839132352
0.0450310550928
0.0454235152046
0.0458612671771
0.0463442816175
0.0468725261845
0.0474459656423
0.048064561918
0.0487282741627
0.049437058817
0.050190869681
0.0509896579893
0.0518333724913
0.0527219595376
0.0536553631724
0.054633525233
0.0556563854565
0.0567238815943
0.0578359495349
0.0589925234357
0.0601935358648
0.0614389179516
0.0627285995497
0.0640625094097
0.0654405753647
0.066862724528
0.0683288835041
0.0698389786135
0.0713929361315
0.0729906825422
0.0746321448087
0.0763172506583
0.0780459288857
0.0798181096725
0.081633724925
0.0834927086305
0.0853949972322
0.0873405300225
0.0893292495575
0.0913611020894
0.0934360380202
0.095554012375
0.0977149852956
0.099918922554
0.102165796086
0.104455584546
0.106788273876
0.109163857901
0.111582338936
0.114043728414
0.116548047527
0.119095327885
0.121685612186
0.124318954898
0.126995422953
0.129715096446
0.132478069337
0.135284450163
0.138134362735
0.141027946848
0.143965358964
0.146946772894
0.149972380456
0.15304239211
0.15615703756
0.159316566324
0.162521248251
0.16577137399
0.169067255394
0.172409225844
0.175797640494
0.179232876409
0.182715332597
0.186245429896
0.18982361072
0.193450338634
0.197126097723
0.200851391748
0.204626743048
0.208452691149
0.212329791056
0.216258611172
0.220239730797
0.224273737165
0.228361221931
0.232502777061
0.236698990032
0.240950438252
0.245257682603
0.249621259983
0.254041674723
0.25851938872
0.263054810137
0.26764828047
0.272300059773
0.277010309818
0.28177907493
0.286606260206
0.291491606823
0.296434664079
0.30143475784
0.306490954976
0.311602023433
0.316766387526
0.321982078087
0.327246677125
0.332557256724
0.33791031201
0.343301688186
0.348726501838
0.354179057053
0.359652757263
0.365140014291
0.370632156703
0.3761193404
0.381590465313
0.387033103178
0.392433442495
0.397776258025
0.40304491325
0.408221405073
0.413286460437
0.418219694207
0.422999836299
0.427605033505
0.432013227433
0.436202604542
0.44015210762
0.443841990642
0.447254391708
0.450373892645
0.453188030039
0.455687721985
0.45786757828
0.459726069196
0.461265538604
0.462492059895
0.463415145916
0.464047335487
0.46440368736
0.464501216952
0.464358311633
0.46399415732
0.463428203494
0.46267968666
0.461767224919
0.460708489366
0.459519952331
0.458216708088
0.456812358791
0.455318956743
0.453746993591
0.452105427252
0.450401738135
0.448642007272
0.446831010104
0.444972320877
0.443068423596
0.441120826457
0.439130177423
0.437096379219
0.435018702468
0.432895896032
0.430726293825
0.428507917496
0.426238574433
0.423915950574
0.421537697485
0.419101513145
0.416605215894
0.414046810969
0.411424549104
0.408736976743
0.405982977472
0.403161804447
0.400273103701
0.397316928424
0.394293744449
0.391204427392
0.388050252052
0.384832874814
0.381554309948
0.378216900786
0.374823286798
0.37137636763
0.367879265142
0.364335284452
0.360747874876
0.357120591621
0.353457058916
0.34976093518
0.346035880695
0.34228552812
0.338513456081
0.334723165961
0.330918061919
0.327101434094
0.323276444876
0.319446118095
0.315613330912
0.311780808201
0.307951119168
0.304126675972
0.300309734095
0.296502394226
0.29270660542
0.288924169339
0.285156745355
0.281405856355
0.277672895072
0.273959130806
0.270265716411
0.266593695432
0.262944009304
0.259317504527
0.255714939761
0.252136992768
0.248584267176
0.245057299016
0.241556563003
0.238082478552
0.234635415497
0.231215699521
0.227823617269
0.224459421165
0.221123333913
0.217815552702
0.214536253103
0.211285592681
0.208063714317
0.204870749257
0.20170681989
0.198572042279
0.195466528435
0.192390388369
0.189343731908
0.186326670314
0.18333931769
0.180381792205
0.177454217139
0.174556721761
0.171689442056
0.1688525213
0.16604611051
0.163270368764
0.160525463407
0.15781157016
0.155128873126
0.152477564718
0.149857845499
0.147269923969
0.144714016277
0.142190345888
0.1396991432
0.137240645122
0.134815094623
0.132422740246
0.130063835611
0.127738638889
0.125447412274
0.123190421444
0.120967935021
0.118780224025
0.116627561337
0.114510221172
0.112428478549
0.110382608785
0.108372886994
0.106399587609
0.104462983909
0.102563347577
0.100700948266
0.0988760531909
0.0970889267389
0.095339830099
0.0936290209134
0.0919567529495
0.0903232757922
0.0887288345569
0.0871736696225
0.0856580163841
0.0841821050252
0.0827461603077
0.0813504013812
0.0799950416088
0.0786802884095
0.0774063431169
0.0761734008534
0.0749816504174
0.0738312741858
0.0727224480282
0.0716553412335
0.0706301164473
0.069646929621
0.0687059299691
0.0678072599367
0.0669510551748
0.0661374445236
0.0653665500023
0.0646384868062
0.0639533633088
0.0633112810701
0.0627123348486
0.0621566126191
0.0616441955931
0.0611751582437
0.0607495683332
0.0603674869439
0.0600289685114
0.05973406086
0.0594828052409
0.0592752363722
0.0591113824804
0.0589912653443
0.0589149003408
0.0588822964918
0.0588934565136
0.0589483768679
0.0590470478152
0.0591894534699
0.0593755718578
0.0596053749768
0.0598788288598
0.0601958936411
0.0605565236258
0.0609606673639
0.0614082677276
0.0618992619941
0.0624335819331
0.0630111539
0.0636318989356
0.0642957328714
0.0650025664438
0.0657523054151
0.066544850703
0.0673800985201
0.0682579405225
0.0691782639692
0.0701409518931
0.0711458832836
0.0721929332823
0.0732819733917
0.074412871699
0.0755854931139
0.0767996996228
0.0780553505594
0.0793523028921
0.0806904115296
0.0820695296451
0.0834895090188
0.0849502004014
0.0864514538964
0.0879931193642
0.0895750468469
0.0911970870137
0.0928590916292
0.0945609140423
0.0963024096974
0.0980834366671
0.0999038562057
0.101763533325
0.103662337388
0.105600142727
0.107576829273
0.109592283214
0.111646397656
0.113739073311
0.115870219193
0.118039753324
0.120247603454
0.122493707781
0.124778015684
0.127100488446
0.129461099983
0.131859837563
0.134296702517
0.136771710932
0.139284894328
0.141836300307
0.144425993177
0.147054054533
0.149720583802
0.152425698732
0.155169535828
0.157952250719
0.160774018453
0.163635033707
0.166535510901
0.169475684205
0.172455807431
0.175476153792
0.178537015509
0.181638703266
0.184781545476
0.187965887351
0.191192089749
0.194460527785
0.19777158916
0.201125672204
0.204523183578
0.207964535623
0.211450143293
0.214980420651
0.218555776861
0.222176611645
0.225843310115
0.22955623695
0.233315729813
0.237122091954
0.240975583891
0.244876414085
0.248824728496
0.252820598907
0.256864009887
0.260954844264
0.265092866958
0.269277707024
0.273508837745
0.277785554618
0.282106951065
0.286471891711
0.290878983089
0.29532654165
0.299812558978
0.304334664182
0.308890083486
0.313475597136
0.318087493866
0.322721523309
0.327372846953
0.332035988441
0.33670478434
0.341372336795
0.346030969896
0.350672191972
0.355286666482
0.359864194633
0.364393713213
0.368863311524
0.373260271436
0.377571134591
0.381781800462
0.385877658304
0.389843754885
0.393664998346
0.397326396411
0.40081332475
0.404111818566
0.407208877702
0.410092773099
0.41275334052
0.415182246461
0.417373211382
0.419322176903
0.421027406413
0.422489512443
0.423711408791
0.424698190177
0.425456946797
0.425996524852
0.426327246788
0.426460606287
0.426408953038
0.426185181223
0.425802433597
0.42527383052
0.424612230545
0.423830026472
0.422938978367
0.421950083094
0.420873478357
0.419718378231
0.418493036563
0.417204734314
0.415859786997
0.414463568518
0.413020548107
0.411534337413
0.410007745255
0.408442837956
0.406841003543
0.405203018445
0.403529115573
0.401819052927
0.400072182002
0.398287515416
0.396463793267
0.394599547761
0.392693165682
0.390742948313
0.388747168372
0.386704123551
0.384612186256
0.382469849127
0.380275765954
0.378028787655
0.375727992991
0.373372713813
0.370962554685
0.368497406814
0.365977456347
0.363403187189
0.360775378563
0.3580950977
0.355363688063
0.35258275363
0.349754139796
0.346879911488
0.343962329131
0.341003823062
0.338006967019
0.334974451255
0.33190905581
0.328813624403
0.32569103935
0.322544197848
0.319375989883
0.31618927797
0.312986878874
0.309771547368
0.306545962083
0.303312713413
0.30007429344
0.296833087775
0.293591369219
0.290351293123
0.28711489429
0.283884085297
0.280660656079
0.277446274633
0.274242488695
0.271050728272
0.267872308882
0.264708435394
0.261560206363
0.258428618749
0.255314572943
0.252218878016
0.249142257114
0.246085352945
0.243048733305
0.240032896584
0.237038277229
0.234065251115
0.231114140802
0.228185220653
0.225278721794
0.2223948369
0.219533724784
0.216695514801
0.213880311031
0.211088196262
0.208319235745
0.20557348074
0.202850971834
0.200151742046
0.197475819703
0.194823231113
0.192194003007
0.189588164785
0.187005750546
0.184446800918
0.181911364693
0.179399500268
0.176911276901
0.174446775791
0.172006090984
0.169589330114
0.167196614987
0.164828082017
0.162483882519
0.160164182871
0.15786916455
0.155599024048
0.153353972688
0.151134236336
0.148940055019
0.146771682467
0.144629385576
0.14251344381
0.14042414854
0.138361802336
0.136326718213
0.134319218849
0.132339635767
0.130388308499
0.12846558373
0.12657181444
0.124707359038
0.122872580491
0.121067845466
0.119293523483
0.117549986071
0.115837605954
0.114156756245
0.112507809675
0.110891137835
0.109307110452
0.107756094694
0.106238454501
0.104754549951
0.103304736653
0.101889365174
0.100508780504
0.0991633215411
0.0978533206215
0.0965791030714
0.0953409867952
0.0941392818931
0.0929742903074
0.0918463054983
0.0907556121477
0.0897024858886
0.0886871930612
0.0877099904927
0.0867711253009
0.0858708347195
0.0850093459442
0.0841868759987
0.0834036316195
0.0826598091576
0.0819555944967
0.0812911629865
0.0806666793904
0.0800822978464
0.0795381618402
0.0790344041893
0.078571147039
0.0781485018667
0.0777665694964
0.0774254401219
0.0771251933374
0.076865898176
0.0766476131561
0.0764703863333
0.0763342553602
0.0762392475517
0.0761853799576
0.0761726594406
0.0762010827609
0.0762706366673
0.0763812979951
0.0765330337699
0.0767258013195
0.0769595483925
0.0772342132852
0.0775497249762
0.0779060032705
0.0783029589526
0.0787404939496
0.079218501505
0.079736866364
0.080295464971
0.0808941656799
0.081532828978
0.082211307725
0.082929447407
0.0836870864068
0.084484056292
0.0853201821204
0.0861952827652
0.0871091712591
0.0880616551597
0.0890525369363
0.0900816143788
0.091148681029
0.0922535266364
0.0933959376375
0.0945756976593
0.0957925880486
0.0970463884256
0.0983368772634
0.0996638324926
0.101027032131
0.102426254937
0.10386128109
0.105331892893
0.106837875495
0.108379017641
0.109955112437
0.111565958135
0.113211358938
0.114891125816
0.116605077337
0.118353040504
0.120134851606
0.121950357067
0.123799414294
0.125681892533
0.127597673702
0.129546653224
0.13152874084
0.133543861403
0.135591955639
0.137672980886
0.139786911791
0.141933740964
0.14411347958
0.14632615793
0.148571825909
0.150850553425
0.153162430744
0.155507568737
0.157886099044
0.160298174128
0.162743967221
0.165223672152
0.167737503043
0.170285693859
0.172868497817
0.17548618662
0.178139049524
0.180827392205
0.183551535434
0.186311813514
0.189108572499
0.191942168135
0.194812963542
0.197721326581
0.200667626905
0.203652232658
0.206675506781
0.209737802918
0.212839460862
0.21598080151
0.219162121294
0.222383686022
0.225645724092
0.228948419019
0.23229190122
0.23567623898
0.239101428546
0.242567383276
0.246073921749
0.24962075479
0.253207471302
0.256833522844
0.260498206884
0.26420064864
0.267939781476
0.271714325781
0.275522766341
0.27936332818
0.283233950935
0.287132261849
0.291055547532
0.295000724725
0.298964310387
0.302942391529
0.306930595361
0.310924060447
0.314917409766
0.318904726698
0.322879535222
0.326834785746
0.330762848231
0.334655514386
0.338504010897
0.342299025665
0.346030749012
0.349688931684
0.353262961128
0.356741957103
0.360114886961
0.363370700117
0.366498480174
0.369487611995
0.372327959816
0.375010051245
0.377525260974
0.379865987189
0.382025813287
0.383999647516
0.385783833788
0.387376227993
0.388776235738
0.389984809396
0.391004404454
0.391838897284
0.392493468445
0.392974457141
0.393289193678
0.393445817261
0.393453086623
0.393320190499
0.393056564201
0.392671717505
0.392175077816
0.391575851414
0.390882904368
0.390104663713
0.389249038608
0.388323360537
0.387334341149
0.386288046
0.385189882362
0.384044599161
0.382856297232
0.381628448153
0.380363920091
0.37906500929
0.377733475983
0.376370583705
0.374977141148
0.373553545804
0.372099828812
0.370615700476
0.369100596002
0.367553721086
0.365974096967
0.36436060464
0.362712027892
0.361027094851
0.359304517736
0.357543030496
0.355741424037
0.353898578732
0.352013493948
0.350085314321
0.348113352566
0.34609710865
0.344036285188
0.341930798992
0.339780788781
0.337586619084
0.335348880476
0.333068386318
0.330746166247
0.328383456717
0.325981688901
0.323542474352
0.32106758879
0.318558954423
0.316018621201
0.313448747392
0.31085157985
0.308229434315
0.305584676061
0.302919701164
0.300236918618
0.297538733497
0.294827531308
0.292105663658
0.289375435295
0.286639092577
0.28389881337
0.281156698369
0.278414763801
0.275674935446
0.272939043935
0.270208821202
0.267485898051
0.264771802715
0.262067960321
0.25937569318
0.256696221804
0.254030666557
0.251380049873
0.248745298949
0.246127248848
0.243526645946
0.240944151664
0.238380346418
0.235835733757
0.23331074463
0.23080574175
0.228321024016
0.225856830965
0.223413347229
0.220990706971
0.218588998275
0.216208267488
0.213848523472
0.211509741784
0.209191868744
0.206894825399
0.204618511364
0.202362808535
0.200127584671
0.197912696828
0.195717994646
0.193543323489
0.191388527423
0.189253452029
0.187137947056
0.185041868902
0.182965082929
0.180907465593
0.178868906413
0.17684930975
0.174848596423
0.172866705136
0.170903593738
0.168959240305
0.167033644049
0.165126826062
0.163238829888
0.161369721939
0.159519591751
0.157688552091
0.155876738915
0.154084311192
0.152311450593
0.150558361059
0.14882526825
0.147112418891
0.145420080013
0.143748538111
0.142098098216
0.1404690829
0.13886183121
0.137276697557
0.135714050555
0.134174271823
0.132657754765
0.131164903318
0.129696130702
0.128251858151
0.126832513656
0.125438530713
0.124070347078
0.122728403553
0.121413142786
0.120125008108
0.118864442391
0.117631886955
0.116427780506
0.115252558113
0.114106650235
0.112990481786
0.11190447125
0.110849029842
0.109824560714
0.108831458208
0.107870107156
0.106940882233
0.106044147342
0.105180255058
0.104349546106
0.103552348887
0.102788979045
0.10205973907
0.101364917944
0.100704790822
0.100079618749
0.0994896484136
0.0989351119264
0.0984162266389
0.0979331949865
0.0974862043608
0.0970754270091
0.0967010199597
0.0963631249716
0.0960618685072
0.095797361728
0.095569700512
0.0953789654915
0.0952252221114
0.0951085207072
0.0950288966017
0.0949863702219
0.094980947233
0.095012618692
0.0950813612198
0.0951871371918
0.0953298949475
0.0955095690192
0.0957260803806
0.0959793367153
0.0962692327055
0.0965956503426
0.0969584592591
0.0973575170831
0.0977926698166
0.0982637522369
0.0987705883237
0.0993129917117
0.0998907661686
0.100503706102
0.101151597092
0.101834216454
0.102551333829
0.103302711807
0.104088106573
0.104907268593
0.105759943319
0.106645871937
0.107564792133
0.108516438896
0.10950054535
0.110516843609
0.111565065665
0.112644944296
0.113756214008
0.114898611988
0.116071879085
0.117275760806
0.118510008329
0.119774379527
0.121068640001
0.122392564121
0.123745936063
0.125128550852
0.126540215389
0.127980749473
0.129449986801
0.130947775954
0.132473981348
0.134028484154
0.135611183185
0.137221995733
0.138860858357
0.140527727618
0.142222580747
0.143945416248
0.145696254422
0.147475137819
0.14928213159
0.151117323756
0.152980825374
0.154872770594
0.156793316612
0.158742643495
0.160720953891
0.162728472605
0.164765446034
0.16683214147
0.168928846239
0.171055866696
0.173213527053
0.175402168029
0.17762214533
0.179873827935
0.182157596187
0.184473839674
0.186822954897
0.189205342694
0.191621405436
0.194071543944
0.196556154147
0.19907562343
0.201630326678
0.204220621976
0.206846845948
0.209509308712
0.212208288415
0.214944025319
0.217716715414
0.220526503504
0.22337347575
0.226257651614
0.229178975173
0.23213730576
0.235132407889
0.238163940425
0.241231444965
0.244334333383
0.247471874538
0.250643180089
0.253847189446
0.257082653833
0.260348119514
0.263641910217
0.266962108842
0.270306538571
0.273672743545
0.277057969312
0.280459143334
0.283872855879
0.287295341737
0.290722463261
0.294149695323
0.297572112904
0.300984382095
0.304380755403
0.307755072343
0.311100766342
0.314410879033
0.317678083019
0.320894714108
0.324052813935
0.327144183676
0.330160449286
0.333093138327
0.335933768032
0.33867394367
0.341305465758
0.343820444005
0.346211415296
0.348471462477
0.350594330258
0.352574534284
0.354407459321
0.356089442702
0.357617839529
0.358991066803
0.360208624463
0.361271092321
0.362180102929
0.362938291489
0.36354922487
0.364017312669
0.364347703825
0.364546172719
0.364618998817
0.36457284384
0.364414630138
0.364151423518
0.36379032323
0.363338361204
0.362802412044
0.36218911468
0.361504806098
0.360755467081
0.359946679603
0.359083595173
0.358170913315
0.357212869205
0.356213229456
0.355175295045
0.354101910393
0.352995477679
0.351857975552
0.350690981468
0.349495696991
0.348272975446
0.347023351416
0.345747071625
0.344444126804
0.343114284189
0.341757120325
0.340372053895
0.338958378281
0.33751529361
0.336041938028
0.334537417948
0.333000837033
0.331431323679
0.329828056763
0.328190289448
0.326517370826
0.32480876524
0.323064069103
0.321283025119
0.319465533786
0.317611662152
0.315721649803
0.313795912124
0.311835040897
0.309839802374
0.307811132953
0.305750132673
0.303658056733
0.301536305286
0.299386411752
0.297210029947
0.295008920268
0.292784935228
0.290540004592
0.28827612036
0.285995321819
0.283699680883
0.281391287889
0.279072238005
0.276744618391
0.274410496196
0.272071907486
0.269730847139
0.267389259758
0.265049031596
0.262711983496
0.260379864823
0.258054348363
0.255737026133
0.253429406063
0.251132909497
0.24884886944
0.246578529507
0.244323043503
0.242083475578
0.239860800898
0.237655906766
0.235469594162
0.23330257963
0.231155497472
0.229028902216
0.226923271305
0.224839007983
0.22277644434
0.22073584449
0.218717407859
0.216721272554
0.21474751881
0.212796172468
0.210867208509
0.208960554593
0.207076094617
0.20521367227
0.203373094582
0.201554135449
0.19975653914
0.197980023768
0.196224284723
0.194488998059
0.192773823831
0.191078409368
0.189402392487
0.187745404631
0.186107073928
0.184487028161
0.182884897656
0.181300318052
0.179732932974
0.178182396591
0.176648376041
0.175130553734
0.173628629515
0.172142322679
0.17067137384
0.169215546638
0.16777462929
0.166348435966
0.164936808001
0.163539614934
0.162156755361
0.160788157626
0.159433780324
0.158093612632
0.156767674464
0.15545601646
0.154158719806
0.152875895887
0.151607685791
0.150354259667
0.149115815931
0.147892580353
0.146684805011
0.145492767138
0.144316767865
0.143157130871
0.142014200948
0.140888342505
0.139779938002
0.138689386345
0.137617101234
0.13656350949
0.135529049366
0.134514168842
0.133519323931
0.132544976991
0.131591595056
0.130659648192
0.12974960789
0.128861945494
0.127997130672
0.127155629944
0.126337905257
0.125544412621
0.124775600803
0.124031910086
0.123313771091
0.12262160367
0.121955815859
0.121316802904
0.120704946353
0.120120613219
0.119564155202
0.119035907987
0.118536190606
0.118065304852
0.11762353478
0.117211146242
0.116828386505
0.116475483919
0.116152647634
0.115860067392
0.115597913355
0.115366335994
0.115165466034
0.114995414439
0.114856272455
0.114748111699
0.11467098429
0.114624923034
0.114609941651
0.114626035049
0.114673179636
0.114751333687
0.114860437745
0.115000415073
0.115171172142
0.115372599166
0.115604570684
0.115866946176
0.116159570728
0.116482275739
0.116834879666
0.117217188817
0.117628998181
0.118070092303
0.118540246194
0.119039226288
0.119566791431
0.120122693909
0.120706680517
0.121318493656
0.121957872465
0.122624553986
0.123318274347
0.124038769986
0.124785778878
0.125559041795
0.126358303574
0.127183314394
0.128033831061
0.128909618296
0.129810450015
0.130736110601
0.131686396163
0.132661115774
0.133660092681
0.134683165483
0.135730189271
0.136801036724
0.137895599151
0.139013787477
0.140155533166
0.141320789073
0.142509530218
0.143721754486
0.144957483226
0.146216761775
0.147499659868
0.148806271953
0.150136717404
0.151491140612
0.152869710971
0.154272622739
0.155700094786
0.157152370212
0.15862971584
0.160132421586
0.161660799692
0.163215183834
0.164795928092
0.166403405787
0.168038008187
0.169700143066
0.171390233128
0.173108714292
0.174856033829
0.176632648353
0.178439021658
0.180275622408
0.182142921657
0.184041390214
0.18597149582
0.187933700164
0.189928455689
0.191956202212
0.194017363328
0.196112342583
0.198241519416
0.200405244842
0.20260383686
0.204837575572
0.207106697992
0.209411392516
0.211751793043
0.214127972715
0.216539937257
0.218987617889
0.221470863794
0.223989434109
0.226542989439
0.229131082851
0.23175315036
0.234408500882
0.23709630567
0.239815587227
0.242565207737
0.245343857032
0.248150040159
0.250982064625
0.253838027404
0.256715801857
0.259613024701
0.262527083243
0.265455103109
0.268393936755
0.271340153093
0.274290028611
0.277239540429
0.280184361771
0.283119860392
0.286041100519
0.288942848928
0.291819585747
0.294665520619
0.297474614762
0.300240609478
0.302957061467
0.305617385251
0.308214902758
0.310742899925
0.313194689907
0.315563682162
0.317843456405
0.320027840045
0.322110987469
0.324087459218
0.325952298929
0.327701105756
0.329330099965
0.330836179514
0.332216965564
0.333470835283
0.334596940634
0.335595212412
0.336466349309
0.337211792365
0.337833685696
0.338334824906
0.338718594946
0.338988899529
0.339150084355
0.339206856482
0.339164202115
0.339027304952
0.338801466976
0.338492033349
0.338104322692
0.337643563777
0.337114839292
0.336523037082
0.335872809012
0.335168537351
0.334414308442
0.333613893262
0.332770734386
0.33188793882
0.330968276126
0.330014181264
0.32902776157
0.328010807348
0.326964805547
0.325890956059
0.324790190205
0.323663191016
0.32251041494
0.321332114671
0.320128362777
0.318899075874
0.317644039074
0.316362930483
0.31505534551
0.313720820779
0.312358857423
0.310968943574
0.309550575848
0.308103279634
0.306626628032
0.305120259265
0.303583892427
0.30201734145
0.300420527167
0.298793487422
0.297136385143
0.295449514385
0.293733304326
0.291988321264
0.290215268672
0.288414985412
0.286588442209
0.284736736544
0.282861086105
0.280962820979
0.279043374763
0.277104274784
0.275147131622
0.273173628114
0.271185508037
0.269184564628
0.267172629111
0.265151559375
0.263123228936
0.261089516292
0.259052294769
0.257013422951
0.254974735722
0.252938036009
0.250905087216
0.248877606397
0.246857258149
0.244845649234
0.242844323907
0.240854759923
0.238878365199
0.236916475103
0.234970350309
0.233041175203
0.231130056787
0.229238024037
0.227366027679
0.22551494034
0.223685557039
0.221878595978
0.220094699597
0.218334435871
0.216598299805
0.214886715115
0.213200036063
0.211538549427
0.209902476586
0.208291975709
0.206707144025
0.205148020173
0.203614586607
0.202106772066
0.200624454088
0.199167461565
0.197735577341
0.196328540838
0.194946050721
0.193587767587
0.192253316681
0.19094229064
0.189654252257
0.18838873727
0.187145257169
0.185923302013
0.184722343274
0.183541836679
0.182381225067
0.181239941238
0.18011741081
0.179013055052
0.177926293713
0.176856547814
0.175803242415
0.174765809336
0.17374368982
0.172736337146
0.171743219153
0.170763820691
0.169797645968
0.168844220791
0.167903094693
0.166973842921
0.166056068287
0.165149402872
0.164253509557
0.163368083396
0.162492852804
0.161627580563
0.160772064639
0.159926138798
0.159089673034
0.158262573793
0.157444783999
0.15663628288
0.155837085609
0.155047242749
0.154266839515
0.153495994859
0.152734860398
0.15198361917
0.151242484255
0.150511697256
0.149791526658
0.149082266084
0.148384232443
0.147697764013
0.147023218444
0.146360970712
0.145711411032
0.145074942752
0.144451980224
0.143842946683
0.143248272136
0.142668391277
0.142103741432
0.141554760556
0.141021885278
0.140505549014
0.140006180146
0.139524200282
0.139060022596
0.138614050257
0.138186674951
0.137778275502
0.137389216584
0.137019847545
0.136670501328
0.136341493497
0.136033121366
0.135745663242
0.135479377764
0.13523450335
0.135011257748
0.134809837694
0.134630418663
0.134473154728
0.134338178515
0.134225601255
0.134135512931
0.13406798252
0.134023058321
0.134000768382
0.134001121003
0.134024105329
0.134069692027
0.134137834041
0.13422846742
0.134341512225
0.13447687351
0.134634442364
0.134814097023
0.135015704044
0.135239119532
0.13548419043
0.135750755847
0.136038648444
0.136347695848
0.13667772211
0.137028549193
0.137399998477
0.137791892289
0.138204055447
0.138636316798
0.139088510771
0.139560478909
0.140052071389
0.140563148527
0.141093582239
0.141643257479
0.142212073618
0.142799945785
0.143406806133
0.144032605054
0.144677312304
0.145340918058
0.146023433874
0.146724893565
0.147445353971
0.148184895627
0.148943623324
0.149721666557
0.150519179856
0.151336342999
0.152173361106
0.153030464607
0.153907909091
0.154805975026
0.155724967359
0.156665214993
0.157627070142
0.158610907564
0.15961712368
0.160646135577
0.161698379892
0.162774311597
0.163874402665
0.164999140644
0.16614902712
0.167324576084
0.168526312207
0.169754769017
0.171010486983
0.172294011508
0.173605890838
0.174946673866
0.176316907863
0.177717136094
0.179147895359
0.180609713423
0.182103106342
0.183628575686
0.185186605645
0.186777660009
0.188402179019
0.190060576083
0.191753234329
0.193480503011
0.195242693725
0.197040076452
0.19887287539
0.200741264569
0.202645363251
0.204585231063
0.206560862887
0.208572183473
0.210619041756
0.21270120489
0.214818351957
0.216970067375
0.219155833977
0.221375025776
0.22362690042
0.225910591342
0.228225099639
0.230569285701
0.232941860636
0.235341377543
0.237766222714
0.240214606833
0.242684556303
0.245173904808
0.247680285275
0.250201122415
0.252733626035
0.255274785367
0.257821364663
0.260369900353
0.262916700073
0.265457843889
0.267989188084
0.270506371849
0.273004827234
0.275479792714
0.277926330662
0.280339349002
0.282713627242
0.285043846985
0.287324626933
0.289550562244
0.291716267962
0.293816426097
0.29584583572
0.297799465303
0.299672506339
0.301460427149
0.30315902565
0.304764479765
0.306273394155
0.307682841936
0.308990400143
0.310194177838
0.311292835954
0.312285598211
0.313172252713
0.313953144138
0.314629156746
0.315201688719
0.315672618603
0.316044264878
0.316319339819
0.316500898966
0.316592287546
0.316597085213
0.316519050414
0.316362065584
0.316130084239
0.315827080914
0.315457004663
0.315023736724
0.314531052752
0.313982589859
0.313381818591
0.312732019814
0.312036266391
0.311297409473
0.310518069124
0.309700628986
0.308847234661
0.307959795453
0.307039989133
0.306089269369
0.305108875496
0.304099844304
0.303063023536
0.3019990868
0.300908549646
0.299791786525
0.298649048414
0.297480480866
0.296286142273
0.295066022149
0.293820059229
0.292548159204
0.291250211928
0.289926107922
0.288575754036
0.287199088115
0.285796092554
0.284366806628
0.282911337497
0.281429869805
0.279922673825
0.278390112098
0.276832644558
0.275250832127
0.273645338828
0.272016932433
0.27036648373
0.26869496447
0.2670034441
0.265293085385
0.26356513904
0.261820937498
0.260061887944
0.258289464751
0.25650520145
0.254710682366
0.252907534049
0.251097416607
0.249282015068
0.247463030857
0.24564217348
0.243821152501
0.242001669865
0.240185412631
0.238374046152
0.236569207738
0.234772500818
0.232985489623
0.231209694378
0.229446587022
0.227697587421
0.22596406008
0.224247311323
0.222548586918
0.220869070125
0.219209880144
0.21757207092
0.215956630288
0.214364479426
0.21279647259
0.211253397091
0.209735973508
0.208244856091
0.206780633348
0.205343828782
0.203934901767
0.202554248535
0.201202203273
0.199879039302
0.198584970329
0.19732015177
0.196084682123
0.194878604393
0.193701907557
0.192554528068
0.191436351399
0.190347213611
0.189286902963
0.188255161548
0.187251686965
0.186276134022
0.185328116482
0.184407208839
0.183512948143
0.182644835868
0.181802339818
0.180984896096
0.180191911117
0.179422763679
0.178676807084
0.17795337133
0.177251765345
0.176571279294
0.175911186933
0.175270748028
0.174649210814
0.174045814523
0.173459791934
0.172890371979
0.172336782374
0.171798252267
0.171274014915
0.170763310344
0.170265388022
0.169779509493
0.169304950985
0.168841005976
0.16838698768
0.167942231475
0.167506097219
0.167077971475
0.166657269595
0.166243437678
0.165835954368
0.165434332488
0.16503812049
0.164646903723
0.164260305488
0.163877987894
0.16349965249
0.163125040683
0.162753933921
0.162386153663
0.162021561116
0.16166005675
0.161301579603
0.160946106368
0.160593650287
0.160244259847
0.159898017308
0.159555037054
0.159215463805
0.158879470692
0.158547257213
0.158219047097
0.157895086078
0.157575639615
0.157260990566
0.156951436831
0.156647288997
0.156348867982
0.156056502715
0.155770527855
0.155491281564
0.155219103362
0.154954332058
0.15469730378
0.154448350121
0.154207796394
0.153975960018
0.153753149039
0.153539660786
0.153335780681
0.153141781192
0.152957920939
0.152784443956
0.152621579109
0.152469539666
0.15232852302
0.152198710572
0.152080267756
0.151973344212
0.151878074105
0.151794576577
0.151722956335
0.151663304362
0.151615698752
0.151580205655
0.151556880326
0.151545768275
0.151546906506
0.151560324827
0.151586047246
0.151624093415
0.151674480128
0.151737222869
0.151812337375
0.151899841235
0.151999755488
0.152112106222
0.152236926166
0.152374256251
0.15252414715
0.152686660758
0.152861871639
0.153049868392
0.153250754957
0.153464651832
0.153691697212
0.153932048018
0.154185880835
0.154453392733
0.154734801977
0.155030348618
0.15534029496
0.155664925904
0.156004549159
0.156359495337
0.156730117904
0.157116793017
0.157519919227
0.157939917061
0.158377228484
0.15883231624
0.159305663087
0.159797770914
0.160309159767
0.160840366762
0.161391944922
0.161964461915
0.162558498717
0.163174648202
0.163813513656
0.164475707237
0.165161848366
0.165872562074
0.166608477294
0.16737022511
0.168158436959
0.168973742805
0.169816769261
0.170688137686
0.171588462242
0.172518347913
0.173478388496
0.17446916454
0.175491241256
0.176545166378
0.177631467973
0.178750652201
0.179903201016
0.181089569797
0.182310184912
0.183565441197
0.184855699351
0.186181283226
0.187542477018
0.188939522338
0.190372615155
0.191841902604
0.19334747965
0.194889385592
0.1964676004
0.198082040883
0.199732556675
0.20141892602
0.20314085138
0.204897954837
0.206689773295
0.208515753495
0.210375246835
0.212267504014
0.214191669515
0.216146775945
0.218131738261
0.220145347924
0.222186267015
0.224253022377
0.226343999849
0.228457438658
0.230591426075
0.23274389243
0.234912606602
0.237095172132
0.239289024089
0.241491426875
0.243699473116
0.245910083869
0.2481200103
0.250325837078
0.252523987667
0.254710731733
0.256882194848
0.259034370689
0.261163135853
0.263264267418
0.265333463313
0.267366365497
0.269358585889
0.271305734909
0.273203452402
0.275047440637
0.276833498955
0.278557559578
0.28021572398
0.281804299164
0.283319833108
0.284759148634
0.286119374904
0.287397975785
0.288592774366
0.289701972965
0.290724168083
