7.40148683083e-17
8.4554906044e-05
0.000338225155299
0.000761027307169
0.00135298884733
0.00211414801735
0.00304455357544
0.00414426448737
0.00541334954646
0.00685188692102
0.00845996362695
0.0102376749228
0.0121851236231
0.0143024193259
0.016589677547
0.0190470187531
0.021674567284
0.0244724501495
0.0274407956834
0.0305797320343
0.0338893854646
0.0373698784229
0.0410213273475
0.0448438401455
0.0488375132808
0.0530024283867
0.0573386482987
0.0618462123809
0.0665251309856
0.0713753788547
0.0763968872241
0.0815895343429
0.0869531340537
0.0924874220084
0.0981920390013
0.104066510797
0.1101102237
0.11632239498
0.122702037064
0.129247914246
0.135958490403
0.142831865962
0.149865702074
0.157057129643
0.164402640518
0.171897957852
0.179537882336
0.187316110796
0.195225023592
0.203255437436
0.21139632081
0.219634470325
0.227954148341
0.236336685256
0.244760054507
0.25319843475
0.261621782294
0.269995447667
0.27827988289
0.2864304995
0.294397749522
0.30212750897
0.309561841406
0.316640202065
0.323301106513
0.329484229815
0.335132827003
0.340196284829
0.344632547726
0.348410129658
0.351509446137
0.353923281474
0.355656332223
0.35672390945
0.357150005223
0.356965003984
0.356203335156
0.354901324968
0.353095431529
0.350820960225
0.348111275775
0.344997464691
0.341508361913
0.337670836667
0.333510231136
0.329050856139
0.324316466008
0.319330656357
0.314117150369
0.308699959467
0.303103421038
0.297352128592
0.29147077773
0.28548395507
0.279415897243
0.273290244299
0.267129807309
0.260956364589
0.254790495597
0.24865145675
0.242557099516
0.236523828197
0.230566592956
0.224698912569
0.218932921028
0.21327943228
0.207748017849
0.20234709274
0.197084005796
0.191965131402
0.18699596012
0.182181186476
0.177524792625
0.173030127081
0.168699978016
0.164536640925
0.160541980658
0.156717487952
0.153064330717
0.14958340039
0.146275353706
0.14314065027
0.140179586299
0.137392324915
0.134778923341
0.132339357338
0.130073543212
0.127981357673
0.126062655828
0.124317287558
0.12274511251
0.121346013916
0.120119911428
0.119066773165
0.118186627118
0.117479572082
0.116945788258
0.116585547662
0.11639922448
0.116387305489
0.116550400689
0.11688925427
0.117404756043
0.118097953494
0.118970064593
0.12002249153
0.121256835557
0.122674913129
0.124278773565
0.126070718473
0.128053323241
0.130229460887
0.132602328677
0.135175477913
0.137952847422
0.140938801318
0.144138171733
0.147556307346
0.151199128648
0.155073191104
0.159185757565
0.163544881533
0.168159503236
0.1730395608
0.178196119315
0.183641521139
0.189389561432
0.195455693794
0.201857271766
0.208613833172
0.215747435474
0.223283051779
0.231249038401
0.239677685893
0.248605865335
0.258075779236
0.268135818808
0.278841511525
0.290256504307
0.302453447778
0.315514484579
0.329530716183
0.344599358249
0.360815950441
0.378256283917
0.396937413096
0.416737496602
0.437240320028
0.457465965885
0.475518873013
0.488472720738
0.493228002068
0.488471324315
0.475771924553
0.458284129806
0.438842819455
0.419233849228
0.400360658295
0.382595234969
0.366035325484
0.350650605123
0.336357504287
0.323055441389
0.310643533793
0.299027732156
0.28812335724
0.27785549439
0.268158447168
0.258974832077
0.250254589871
0.241954037545
0.234035010699
0.226464110213
0.219212050685
0.21225310126
0.20556460733
0.199126581662
0.192921354544
0.186933273854
0.181148447331
0.175554520572
0.170140485356
0.164896513806
0.159813814688
0.154884508727
0.15010152038
0.145458483875
0.140949661688
0.136569873887
0.132314437009
0.128179111289
0.124160055238
0.120253786661
0.116457149332
0.112767284597
0.10918160729
0.105697785359
0.102313722701
0.099027544722
0.0958375861924
0.0927423810168
0.0897406535564
0.0868313111965
0.0840134378738
0.0812862883146
0.0786492827665
0.0761020020339
0.0736441826581
0.0712757121094
0.0689966238846
0.0668070924269
0.0647074278088
0.0626980701391
0.0607795836732
0.0589526506219
0.0572180646711
0.0555767242326
0.0540296254597
0.0525778550664
0.0512225829949
0.0499650549799
0.0488065850588
0.0477485480758
0.0467923722276
0.0459395316924
0.0451915393801
0.0445499398374
0.0440163023315
0.0435922141315
0.0432792739971
0.0430790858777
0.0429932528138
0.0430233710264
0.0431710241692
0.0434377777109
0.0438251734036
0.0443347237853
0.0449679066535
0.0457261594368
0.0466108733805
0.0476233874497
0.048764981842
0.0500368709856
0.0514401958878
0.0529760156759
0.0546452981612
0.0564489092306
0.0583876008508
0.0604619974463
0.0626725803819
0.0650196702564
0.0675034066799
0.0701237251762
0.0728803308197
0.0757726681864
0.0787998871651
0.0819608041592
0.0852538581896
0.0886770614161
0.0922279436138
0.0959034901977
0.0997000734826
0.103613377017
0.107638313057
0.111768933558
0.115998335504
0.120318561961
0.124720500982
0.129193785406
0.133726697716
0.138306085407
0.14291729377
0.147544124515
0.152168830143
0.15677215519
0.161333436209
0.165830772242
0.170241276243
0.174541415057
0.178707440874
0.182715910509
0.186544280583
0.190171557386
0.193578970853
0.196750634183
0.199674145572
0.202341087887
0.204747386518
0.206893495266
0.208784393938
0.21042939742
0.211841792189
0.213038329969
0.21403861787
0.214864448747
0.215539114827
0.21608674256
0.216531678684
0.216897948087
0.217208794648
0.217486307868
0.217751131436
0.218022245021
0.218316807648
0.218650049539
0.21903519908
0.219483432208
0.220003832637
0.220603352835
0.221286767268
0.222056611113
0.222913099442
0.223854023736
0.224874624757
0.225967443281
0.227122153233
0.228325385502
0.229560555215
0.230807710646
0.232043427998
0.233240782654
0.234369433422
0.23539586044
0.236283798226
0.236994900578
0.237489661764
0.237728597089
0.237673655596
0.237289800674
0.23654665594
0.235420081827
0.233893531518
0.231959040713
0.229617736985
0.226879807874
0.223763932598
0.220296247096
0.216508962805
0.212438787412
0.208125298123
0.203609398681
0.198931957932
0.194132689185
0.189249293319
0.18431685946
0.17936749706
0.174430162084
0.169530636191
0.164691619176
0.159932899389
0.15527157285
0.150722288025
0.146297499054
0.142007715233
0.137861738659
0.133866885072
0.130029185301
0.1263535664
0.122844012676
0.119503707577
0.116335157811
0.113340301313
0.110520600717
0.107877124017
0.105410613955
0.10312154761
0.101010187496
0.0990766253646
0.0973208197401
0.0957426281261
0.094341834682
0.0931181740716
0.0920713520955
0.091201063634
0.0905070083593
0.0899889046143
0.0896465018014
0.089479591582
0.089488018149
0.0896716878017
0.0900305780271
0.0905647462681
0.0912743385422
0.0921595980575
0.0932208739637
0.0944586303626
0.0958734556995
0.0974660726496
0.0992373486091
0.101188306903
0.103320138813
0.105634216545
0.108132107225
0.11081558806
0.113686662759
0.116747579323
0.120000849329
0.123449268805
0.127095940789
0.130944299666
0.134998137321
0.139261631142
0.143739373806
0.148436404714
0.153358242803
0.158510920224
0.163901016155
0.169535689514
0.175422708796
0.181570476371
0.187988043328
0.194685109182
0.201671998215
0.20895960055
0.21655926078
0.224482589461
0.232741161867
0.241346052942
0.25030713521
0.259632035313
0.269324601654
0.279382677662
0.289794901235
0.300536165862
0.311561302155
0.322796522197
0.334128327445
0.345390131227
0.356348128414
0.366690317675
0.376025991035
0.383906023727
0.38987314182
0.393541090288
0.394682334206
0.393287875004
0.389568540774
0.383897053133
0.376720708485
0.36848137813
0.359564010991
0.350275340009
0.340843819188
0.331430392002
0.322142633817
0.313048244692
0.304186288536
0.295575892717
0.287222693908
0.279123484656
0.27126950287
0.263648730718
0.256247484189
0.249051500119
0.242046669056
0.235219518842
0.228557522547
0.222049282256
0.215684624838
0.209454635113
0.203351644544
0.197369188458
0.191501941369
0.185745637516
0.180096982019
0.174553556861
0.16911372494
0.163776534763
0.158541627787
0.153409149922
0.148379668363
0.143454094515
0.138633613558
0.133919620889
0.129313665504
0.124817400212
0.120432538417
0.11616081713
0.112003965772
0.107963680306
0.104041602189
0.100239301647
0.0965582647719
0.0929998839486
0.0895654511842
0.0862561538977
0.0830730728001
0.0800171815166
0.0770893476453
0.074290334986
0.0716208067048
0.0690813292385
0.0666723767694
0.0643943361343
0.0622475120529
0.0602321325858
0.0583483547534
0.0565962702631
0.0549759113082
0.0534872564159
0.052130236334
0.0509047399539
0.0498106202782
0.0488477004467
0.0480157798429
0.0473146403051
0.046744052474
0.0463037823089
0.0459935978109
0.0458132759909
0.0457626101241
0.045841417333
0.0460495465436
0.0463868868589
0.0468533763952
0.0474490116286
0.0481738572969
0.0490280569069
0.0500118438936
0.0511255534825
0.052369635306
0.0537446668275
0.0552513676299
0.0568906146286
0.0586634582744
0.0605711398189
0.0626151097206
0.0647970472836
0.0671188816294
0.0695828141195
0.0721913423632
0.0749472859657
0.0778538141965
0.0809144757835
0.084133231072
0.0875144868204
0.0910631339405
0.094784588531
0.0986848365897
0.102770482823
0.107048804005
0.111527807332
0.116216294231
0.121123929983
0.12626131941
0.131640088613
0.137272972331
0.143173905753
0.149358118514
0.155842226779
0.16264431653
0.169784006752
0.177282474399
0.185162412372
0.193447875204
0.202163941311
0.211336080517
0.220989053034
0.231145069466
0.241820793978
0.253022553445
0.26473880476
0.276928515232
0.289503718088
0.302304443381
0.31506534909
0.327377451319
0.338657893082
0.348156247961
0.355038048904
0.358568230494
0.358345663344
0.354458289363
0.347447532666
0.338108946173
0.327263754593
0.315609145184
0.303665942592
0.291789209848
0.280203597723
0.269040753445
0.2583699043
0.248220112581
0.238595487542
0.229485208034
0.220869971376
0.212726069105
0.205027919078
0.197749605779
0.190865788769
0.184352211533
0.178185959832
0.172345564965
0.166811012892
0.161563698025
0.156586346323
0.151862923165
0.147378535665
0.14311933527
0.139072424135
0.135225767187
0.131568110859
0.128088908854
0.124778254961
0.121626822714
0.118625811604
0.115766899474
0.113042200743
0.110444230088
0.10796587125
0.105600350641
0.103341215447
0.101182315956
0.0991177918221
0.0971420620145
0.0952498181719
0.093436021091
0.0916959000608
0.0900249547344
0.0884189592147
0.0868739680047
0.0853863234527
0.0839526643031
0.0825699349464
0.0812353949537
0.0799466284734
0.0787015530782
0.0774984276606
0.0763358590028
0.0752128066807
0.0741285860058
0.0730828687649
0.0720756815729
0.0711074017261
0.0701787505064
0.0692907839604
0.0684448812416
0.067642730668
0.066886313705
0.0661778871275
0.0655199636579
0.0649152914016
0.0643668324168
0.0638777407661
0.0634513403869
0.0630911031102
0.0628006271305
0.0625836162086
0.0624438598496
0.0623852146705
0.062411587131
0.0625269177646
0.0627351670151
0.0630403027459
0.0634462894638
0.0639570792679
0.0645766045149
0.0653087721716
0.0661574598099
0.0671265131913
0.0682197453765
0.0694409372952
0.0707938397084
0.0722821764959
0.0739096492065
0.075679942813
0.0775967326176
0.0796636922642
0.0818845028158
0.0842628628638
0.086802499641
0.0895071811117
0.0923807290122
0.0954270328111
0.0986500645495
0.102053894502
0.105642707572
0.109420820291
0.113392698239
0.117562973596
0.12193646244
0.126518181226
0.131313361645
0.136327462767
0.141566178931
0.147035441268
0.152741409951
0.158690453194
0.164889107534
0.171344011963
0.178061805737
0.185048976016
0.192311636483
0.199855211385
0.207683990456
0.215800508333
0.224204686824
0.232892659309
0.241855174068
0.251075449551
0.260526335084
0.270166627635
0.279936432929
0.289751579067
0.299497357065
0.309022355354
0.318133932903
0.326597875971
0.334145651605
0.340492599759
0.345368285555
0.348555506217
0.349928520465
0.34947775671
0.347311336893
0.343632787932
0.338703759543
0.332804504749
0.32620218413
0.319131205803
0.311784814971
0.304314716745
0.296835257225
0.289429494973
0.282155506211
0.275052078774
0.268143474863
0.26144323184
0.254957103953
0.248685292828
0.242624114948
0.236767236047
0.231106578562
0.225632985486
0.220336704356
0.215207739338
0.210236107057
0.20541202246
0.200726033955
0.196169121795
0.191732769808
0.187409017659
0.183190498719
0.17907046708
0.175042816081
0.17110208994
0.167243489504
0.163462872723
0.159756750251
0.1561222764
0.152557235634
0.149060024794
0.145629631252
0.142265607296
0.138968041085
0.135737524611
0.132575119154
0.129482318786
0.126461012507
0.12351344562
0.120642180941
0.117850060426
0.115140167778
0.112515792494
0.109980395821
0.10753757896
0.105191053835
0.10294461663
0.100802124268
0.098767473918
0.096844585565
0.095037387637
0.0933498056346
0.0917857536815
0.0903491288918
0.0890438084342
0.0878736491687
0.0868424897285
0.0859541549294
0.0852124624002
0.084621231341
0.0841842933429
0.083905505222
0.0837887638509
0.0838380230025
0.0840573122554
0.0844507580463
0.0850226070001
0.0857772517136
0.0867192592195
0.0878534024183
0.0891846948321
0.0907184291096
0.0924602198024
0.0944160510366
0.0965923298259
0.098995945922
0.101634339269
0.104515576347
0.107648436938
0.111042513177
0.114708323107
0.11865744146
0.122902650946
0.127458118054
0.132339598254
0.13756467661
0.143153051128
0.149126867884
0.155511118946
0.162334116586
0.169628060016
0.177429713947
0.185781221109
0.194731072551
0.204335257837
0.214658607497
0.225776312241
0.237775536347
0.250756891369
0.264835203947
0.280138287519
0.296800851379
0.314947250689
0.334649415174
0.355831252657
0.378064707858
0.400180837145
0.419712828556
0.432707785231
0.43524207616
0.42652346038
0.409671921854
0.388932625058
0.367350604304
0.346503158784
0.327031883745
0.309109183465
0.29270125503
0.277695292258
0.263956673161
0.251353121428
0.239763871046
0.229082209967
0.219215229763
0.210082512385
0.201614522787
0.193751034177
0.18643971044
0.179634879587
0.173296493179
0.167389251881
0.161881873418
0.15674647999
0.151958084817
0.147494160501
0.143334274861
0.139459782421
0.135853561972
0.132499792396
0.129383760476
0.126491695584
0.123810627147
0.121328261603
0.119032876188
0.116913227453
0.114958472838
0.113158103983
0.111501890767
0.109979835271
0.108582135079
0.107299155457
0.106121410044
0.105039549777
0.104044359771
0.103126763891
0.102277836697
0.101488822368
0.100751160133
0.100056515573
0.0993968170609
0.0987642964138
0.0981515327155
0.0975514980991
0.0969576041764
0.0963637477079
0.0957643540648
0.0951544170452
0.0945295336725
0.0938859327287
0.093220495963
0.0925307711473
0.0918149764283
0.0910719957278
0.0903013652539
0.0895032514962
0.0886784213552
0.0878282053074
0.0869544546969
0.0860594943876
0.0851460720815
0.0842173056296
0.0832766296182
0.0823277424288
0.0813745548407
0.0804211410923
0.0794716931463
0.0785304787239
0.0776018035025
0.0766899777011
0.0757992871357
0.0749339686918
0.0740981900575
0.0732960334772
0.0725314832185
0.0718084164075
0.0711305968611
0.070501671534
0.0699251692071
0.0694045010543
0.0689429627482
0.0685437377936
0.0682099018093
0.0679444275097
0.0677501901761
0.0676299734354
0.0675864752021
0.0676223136654
0.067740033233
0.0679421103698
0.0682309592913
0.0686089374931
0.0690783511157
0.06964146016
0.0703004835831
0.0710576043148
0.0719149742476
0.0728747192602
0.073938944345
0.075109738915
0.0763891823734
0.0777793500376
0.0792823195124
0.0809001776169
0.0826350279769
0.0844889994005
0.0864642551656
0.0885630033599
0.0907875084213
0.0931401040463
0.0956232076451
0.0982393365457
0.100991126167
0.103881350408
0.106912944541
0.110089030903
0.113412947771
0.116888281803
0.120518904531
0.124309013443
0.128263178286
0.132386393317
0.13668413639
0.141162435881
0.145827946688
0.150688036757
0.155750885899
0.161025599026
0.16652233639
0.17225246401
0.178228728181
0.184465458905
0.190978808221
0.197787030951
0.204910817238
0.212373688684
0.220202473021
0.228427876131
0.237085175238
0.246215063205
0.255864681283
0.266088885951
0.276951803508
0.288528730519
0.300908430706
0.314195839836
0.328515073327
0.344012327807
0.360857518803
0.379241677168
0.39936271642
0.421381527292
0.445305300932
0.470702169261
0.496080548568
0.51789531958
0.530276473653
0.528292985318
0.513062861264
0.490445346337
0.465692633958
0.441578891986
0.41916009833
0.398679870469
0.380062067073
0.363126661835
0.347675728544
0.333524691224
0.320511528563
0.308497485386
0.29736481544
0.287013764151
0.277359632242
0.268330199584
0.259863563721
0.25190636345
0.244412332269
0.237341124215
0.230657360764
0.224329855749
0.218330983331
0.212636161005
0.207223425356
0.202073082849
0.19716742155
0.192490472536
0.188027811934
0.183766396302
0.179694425398
0.175801227498
0.172077163234
0.168513544635
0.165102566601
0.161837248471
0.158711383737
0.155719496247
0.152856801534
0.150119172091
0.147503105663
0.145005695754
0.142624603749
0.140358032151
0.138204698599
0.136163810396
0.134235039425
0.132418497385
0.130714711346
0.129124599712
0.127649448693
0.126290889458
0.125050876135
0.123931664864
0.122935794107
0.122066066434
0.121325531969
0.120717473729
0.120245395018
0.119913009078
0.119724231173
0.119683173261
0.11979414144
0.120061636328
0.120490356562
0.121085205597
0.121851302046
0.122793993783
0.123918876129
0.125231814455
0.126738971624
0.128446840791
0.130362284182
0.132492578589
0.134845468534
0.1374292282
0.140252733536
0.143325546224
0.146658011594
0.150261373095
0.15414790652
0.158331078006
0.162825730838
0.167648307419
0.172817114493
0.17835264196
0.184277948666
0.190619132571
0.197405908198
0.204672321773
0.212457644891
0.220807502179
0.229775309233
0.239424127063
0.249829083088
0.261080573457
0.273288558485
0.286588409607
0.301148988475
0.317183971766
0.334967911047
0.354859096699
0.377331570166
0.403016565244
0.432740175443
0.467478531182
0.5078503806
0.551513842443
0.584617241531
0.581155912634
0.545134428717
0.502459247743
0.463994955301
0.431126379392
0.403073092812
0.37886768024
0.357716495978
0.339016068189
0.322312159848
0.307259767832
0.293592935329
0.281103316308
0.269625124894
0.25902450531
0.249191930816
0.240036688784
0.23148281893
0.223466077808
0.215931638527
0.208832324736
0.202127238165
0.195780679808
0.18976129291
0.184041375369
0.178596322958
0.173404174586
0.168445237899
0.163701778746
0.159157761844
0.154798632865
0.150611134305
0.146583149167
0.142703567711
0.13896217352
0.135349545882
0.131856976039
0.128476395374
0.125200313889
0.122021767672
0.118934274228
0.115931794738
0.113008702432
0.110159756367
0.107380079979
0.104665143833
0.102010752022
0.0994130317442
0.0968684255516
0.0943736858253
0.0919258710387
0.0895223433778
0.0871607673134
0.0848391087386
0.0825556343046
0.0803089106192
0.0780978030005
0.0759214735173
0.0737793780842
0.0716712624251
0.0695971567642
0.0675573691479
0.0655524773514
0.0635833193671
0.0616509825165
0.0597567912658
0.0579022938619
0.0560892479334
0.054319605227
0.0525954956641
0.0509192109154
0.0492931876958
0.0477199909778
0.046202297319
0.0447428784862
0.0433445855416
0.0420103335445
0.0407430869957
0.0395458461367
0.0384216341901
0.0373734856099
0.0364044353898
0.0355175094567
0.0347157161641
0.0340020388805
0.0333794296596
0.0328508039655
0.0324190364197
0.0320869575294
0.0318573513535
0.0317329540601
0.0317164533293
0.0318104885546
0.0320176518022
0.0323404894863
0.032781504728
0.0333431603689
0.0340278826159
0.0348380653046
0.0357760747731
0.0368442553483
0.0380449354576
0.039380434385
0.040853069706
0.0424651654445
0.0442190610075
0.0461171209685
0.0481617457847
0.0503553835493
0.052700542899
0.0551998072174
0.0578558502984
0.0606714536591
0.0636495257232
0.0667931231294
0.070105474461
0.0735900067388
0.0772503750752
0.0810904959526
0.0851145846671
0.0893271975705
0.0937332798556
0.0983382197645
0.103147910261
0.108168819412
0.113408070964
0.118873536902
0.124573944164
0.130518998134
0.136719526157
0.14318764501
0.149936957281
0.15698278272
0.16434243226
0.172035534317
0.180084425605
0.188514622014
0.197355389484
0.206640440495
0.216408789172
0.226705807606
0.237584538121
0.24910733105
0.261347894459
0.274393857774
0.28834995587
0.30334190817
0.319520932744
0.33706843059
0.356199269586
0.377159168305
0.400203965287
0.425528330655
0.453060274319
0.481926957816
0.50929562806
0.528980950208
0.53328424889
0.520603604035
0.497522575571
0.471267870849
0.445687681785
0.422145337716
0.400895339411
0.381796841088
0.364600368805
0.349050832429
0.334919974215
0.322013075196
0.310166911487
0.299245275952
0.289134324834
0.279738472539
0.270976986898
0.262781238787
0.255092504048
0.247860212051
0.241040548681
0.234595338453
0.228491146106
0.222698551092
0.217191558695
0.211947119626
0.206944736106
0.202166137221
0.197595009989
0.193216775402
0.189018400838
0.184988242
0.18111590881
0.177392150768
0.173808758121
0.170358475865
0.167034928142
0.163832551071
0.1607465324
0.157772756698
0.154907755055
0.15214865849
0.149493154432
0.146939445814
0.14448621243
0.14213257431
0.139878056968
0.137722558415
0.135666317907
0.133709886409
0.1318540988
0.130100047844
0.128449059965
0.126902672875
0.125462615062
0.1241307872
0.122909245465
0.121800186787
0.120805936015
0.119928935008
0.119171733595
0.118536982414
0.118027427567
0.117645907075
0.117395349091
0.117278771841
0.117299285263
0.117460094325
0.117764504006
0.118215925944
0.118817886759
0.119574038071
0.120488168264
0.12156421604
0.122806285862
0.124218665356
0.125805844805
0.127572538877
0.129523710725
0.131664598666
0.134000745603
0.136538031423
0.139282708568
0.142241440983
0.145421346624
0.148830043637
0.15247570023
0.156367088092
0.160513638938
0.164925503376
0.16961361064
0.174589726821
0.179866507822
0.185457541152
0.191377367566
0.197641468881
0.204266201349
0.211268643537
0.218666312183
0.226476676226
0.234716364752
0.243399913488
0.252537820013
0.262133571715
0.272179165768
0.282648459113
0.293487499134
0.304600895589
0.315833561216
0.326948314081
0.337602796155
0.347334825409
0.355573011576
0.361693787173
0.365135045196
0.365541684556
0.362877417944
0.357436514093
0.349747875945
0.340430092486
0.330067977449
0.319144261672
0.308021351019
0.296952521718
0.286104287409
0.275579359884
0.265435849271
0.255701795341
0.246385564842
0.237483041805
0.228982491264
0.220867797218
0.213120589246
0.205721619434
0.198651637858
0.191891934681
0.185424661844
0.17923300993
0.17330129068
0.167614958812
0.162160595515
0.15692586849
0.151899478339
0.147071097721
0.142431307467
0.137971532292
0.133683977767
0.129561569517
0.125597895205
0.121787149534
0.118124082367
0.114603949899
0.111222468793
0.107975773136
0.104860374045
0.101873121771
0.099011170134
0.0962719431419
0.0936531036396
0.0911525238688
0.0887682578078
0.0864985151856
0.0843416370692
0.0822960729355
0.0803603591481
0.0785330987694
0.0768129426489
0.0751985717356
0.073688680575
0.0722819619596
0.0709770927118
0.0697727205879
0.068667452305
0.0676598426994
0.066748385039
0.0659315025215
0.0652075410006
0.0645747629921
0.0640313430209
0.0635753643772
0.0632048173554
0.062917599055
0.0627115148191
0.0625842813898
0.0625335318473
0.0625568223946
0.0626516410292
0.0628154181277
0.0630455389389
0.0633393579537
0.0636942150815
0.0641074535221
0.0645764391784
0.0650985814067
0.0656713548521
0.0662923220679
0.0669591565728
0.0676696659557
0.0684218146038
0.0692137456046
0.0700438013554
0.0709105424128
0.0718127641263
0.0727495106256
0.0737200857743
0.0747240607546
0.0757612780174
0.0768318514093
0.0779361623703
0.0790748521893
0.0802488103899
0.0814591594089
0.0827072358114
0.0839945683559
0.0853228532885
0.0866939272921
0.0881097385535
0.089572316434
0.0910837402388
0.0926461075802
0.0942615028179
0.0959319660414
0.0976594630346
0.0994458566359
0.101292879877
0.103202111257
0.105174952468
0.107212608896
0.10931607314
0.111486111834
0.113723255991
0.116027795079
0.118399775025
0.120839000288
0.123345040142
0.125917239213
0.128554732297
0.131256463377
0.134021208665
0.136847603376
0.139734171807
0.142679360104
0.145681570942
0.148739199119
0.151850666852
0.155014457332
0.158229144866
0.161493419703
0.164806105404
0.168166166458
0.1715727036
0.175024934183
0.178522154797
0.182063683238
0.185648776857
0.189276524296
0.192945707641
0.196654632112
0.20040092065
0.204181271159
0.207991174853
0.211824595342
0.21567360983
0.219528016531
0.223374916276
0.227198281696
0.230978534589
0.234692161199
0.238311406016
0.241804096534
0.245133662621
0.248259422066
0.251137204598
0.253720375608
0.255961293314
0.257813186685
0.259232377519
0.260180696634
0.260627875868
0.26055365374
0.25994933142
0.258818566588
0.257177290973
0.255052762473
0.252481885266
0.249509022357
0.246183566848
0.242557528651
0.238683343905
0.234612043982
0.230391848418
0.226067184959
0.221678096956
0.217259974124
0.212843534191
0.208454985405
0.204116308806
0.199845610806
0.19565750853
0.191563521123
0.187572449103
0.183690730822
0.179922770171
0.176271233326
0.172737314688
0.169320973685
0.166021144901
0.162835924404
0.159762735145
0.156798474199
0.153939644336
0.15118247208
0.148523014076
0.145957253213
0.143481185646
0.14109089954
0.1387826461
0.136552903232
0.134398432029
0.132316326105
0.130304053781
0.128359493047
0.126480959258
0.124667225567
0.122917536163
0.12123161249
0.11960965272
0.118052324891
0.116560754205
0.115136505111
0.113781558868
0.112498287347
0.111289423889
0.110158032034
0.109107472922
0.108141372172
0.107263586944
0.106478173849
0.105789358307
0.105201505812
0.104719095547
0.104346696635
0.10408894727
0.103950536886
0.103936191427
0.104050661762
0.104298715213
0.104685130124
0.105214693386
0.1058922008
0.106722460164
0.107710296945
0.108860562421
0.110178144169
0.11166797881
0.113335066891
0.115184489859
0.117221429036
0.119451186557
0.121879208222
0.124511108206
0.127352695586
0.130410002586
0.133689314422
0.137197200537
0.140940546906
0.144926588922
0.149162944111
0.153657643577
0.158419160532
0.163456433551
0.168778881124
0.174396402575
0.180319358306
0.186558519303
0.193124971573
0.200029955089
0.207284608223
0.214899576487
0.222884427261
0.23124678837
0.239991095695
0.249116791466
0.258615759479
0.268468719045
0.278640237835
0.28907199699
0.299674020385
0.310313899532
0.320804828055
0.330894779404
0.340261541955
0.348521012218
0.355257131614
0.360077595514
0.362687493236
0.362957486061
0.360956679675
0.356933642417
0.351255284305
0.344331822587
0.336554594508
0.328258967489
0.319710794726
0.311108527706
0.302593006579
0.294259440505
0.286168660134
0.278356488529
0.270841038382
0.263628166356
0.256715444129
0.250094999002
0.24375552055
0.237683664293
0.231865024931
0.226284804754
0.22092826735
0.215781040614
0.210829314275
0.206059963754
0.201460622684
0.197019719759
0.19272649085
0.188570974056
0.184543993023
0.180637132265
0.176842707066
0.173153729784
0.169563873827
0.166067436182
0.16265929917
0.159334891882
0.156090151678
0.152921486038
0.149825735028
0.146800134574
0.143842280778
0.14095009542
0.138121792848
0.135355848392
0.132650968452
0.130006062382
0.127420216289
0.12489266883
0.12242278909
0.120010056594
0.117654043482
0.115354398878
0.113110835434
0.110923118045
0.108791054676
0.106714489269
0.104693296632
0.102727379242
0.100816665853
0.098961111791
0.0971607008115
0.0954154483828
0.0937254062421
0.0920906680686
0.0905113761103
0.088987728593
0.0875199877377
0.0861084882109
0.0847536458332
0.0834559663732
0.0822160542599
0.081034621055
0.0799124935365
0.078850621258
0.0778500834643
0.07691209526
0.0760380129488
0.0752293384814
0.0744877229717
0.0738149692635
0.0732130335522
0.0726840260899
0.0722302110199
0.0718540054097
0.0715579775675
0.0713448447444
0.0712174703362
0.0711788607115
0.0712321617995
0.071380655579
0.0716277566106
0.0719770087583
0.0724320822441
0.0729967711779
0.0736749917015
0.0744707808797
0.0753882964681
0.0764318176807
0.0776057470743
0.0789146136634
0.0803630773701
0.0819559349143
0.0836981272384
0.0855947485599
0.0876510571393
0.0898724878398
0.0922646665502
0.0948334265244
0.09758482667
0.100525171788
0.103661034716
0.106999280262
0.110547090712
0.114311992548
0.118301883821
0.122525061296
0.126990246108
0.131706606039
0.136683771681
0.141931842589
0.147461377788
0.153283362618
0.159409140502
0.165850293378
0.172618447685
0.179724973132
0.187180527772
0.194994383816
0.203173442099
0.2117208072
0.220633748073
0.229900810737
0.239497785405
0.249382177833
0.259485836481
0.26970553264
0.279891742589
0.289836883662
0.299266059922
0.307835935581
0.315149703754
0.320795675341
0.324410215961
0.325751834224
0.324759450791
0.321567769434
0.316471907853
0.30985893188
0.302135732007
0.293675421645
0.284789120864
0.275718657519
0.2666419086
0.257683627593
0.248927251474
0.240425478516
0.232208861099
0.22429240089
0.216680434689
0.20937017087
0.20235420825
0.195622308519
0.18916263044
0.182962580093
0.177009389048
0.171290500633
0.16579382123
0.16050787692
0.155421903954
0.150525893146
0.145810602401
0.141267547413
0.136888977663
0.13266784277
0.128597752778
0.124672934965
0.120888188996
0.117238841722
0.113720702583
0.110330020255
0.107063441029
0.103917969232
0.100890929916
0.0979799339452
0.095182845548
0.0924977523766
0.0899229380455
0.0874568571193
0.0850981124858
0.0828454350363
0.0806976655618
0.078653738766
0.076712669288
0.0748735396261
0.0731354898504
0.0714977089927
0.0699594280043
0.068519914173
0.0671784668954
0.0659344147025
0.0647871134428
0.0637359455285
0.062780320157
0.0619196744232
0.0611534752399
0.0604812219918
0.0599024498463
0.0594167336523
0.0590236923574
0.058722993879
0.0585143603646
0.0583975737819
0.0583724817782
0.0584390037531
0.0585971370897
0.0588469634927
0.0591886553836
0.0596224823068
0.0601488173047
0.0607681432226
0.0614810589083
0.0622882852794
0.0631906712321
0.0641891993752
0.0652849915773
0.0664793143228
0.067773583879
0.0691693712836
0.0706684071699
0.0722725864533
0.0739839729097
0.0758048036834
0.0777374937661
0.0797846404944
0.0819490281167
0.0842336324793
0.0866416258835
0.0891763821606
0.0918414820022
0.0946407185762
0.0975781034343
0.100657872696
0.103884493458
0.10726267032
0.110797351875
0.114493736883
0.118357279783
0.122393694982
0.126608959196
0.131009310812
0.135601244864
0.14039150174
0.145387047032
0.150595039078
0.156022779549
0.161677640797
0.167566961617
0.173697900148
0.180077228916
0.186711051989
0.193604417669
0.200760791704
0.208181345296
0.215863999175
0.223802150008
0.231982989937
0.24038531782
0.248976739326
0.257710176719
0.266519682211
0.275315707817
0.283980276952
0.292362969074
0.300279258086
0.307513391253
0.313828275112
0.318984120629
0.322765307218
0.325011202937
0.325643086714
0.324678452475
0.32222748268
0.318473012423
0.313641048057
0.307970706652
0.301690228613
0.295001795704
0.288074613086
0.281044067399
0.274014522245
0.267063795574
0.26024803358
0.253606270185
0.247164357665
0.240938189448
0.234936257073
0.229161633787
0.223613489075
0.218288231656
0.213180364313
0.208283118431
0.203588921732
0.199089740605
0.194777328616
0.190643405126
0.186679782018
0.182878452068
0.179231649078
0.175731887359
0.172371986245
0.169145083873
0.166044643418
0.163064454138
0.160198629021
0.157441600322
0.154788113984
0.152233223619
0.149772284575
0.147400948419
0.14511515807
0.142911143697
0.140785419445
0.138734780979
0.136756303789
0.134847342164
0.133005528726
0.131228774373
0.12951526849
0.127863479267
0.126272153971
0.124740319016
0.123267279694
0.121852619438
0.120496198517
0.119198152069
0.117958887418
0.116779080641
0.115659672377
0.114601862901
0.113607106511
0.112677105296
0.111813802387
0.111019374814
0.110296226079
0.109646978629
0.109074466354
0.108581727309
0.108171996805
0.107848701072
0.107615451645
0.107476040661
0.107434437238
0.107494785095
0.107661401589
0.107938778315
0.108331583449
0.108844665976
0.109483061981
0.110252003155
0.111156927717
0.112203493919
0.113397596357
0.114745385309
0.11625328936
0.1179280416
0.119776709705
0.121806730293
0.124025947923
0.126442659234
0.129065662692
0.131904314523
0.134968591401
0.138269160493
0.141817457464
0.14562577293
0.149707347709
0.154076476892
0.158748622158
0.163740530837
0.169070358624
0.174757790359
0.180824149217
0.187292478285
0.194187568301
0.201535889228
0.209365357711
0.217704831742
0.226583159225
0.236027504726
0.24606051802
0.256695660498
0.267929638147
0.279730384675
0.292018456014
0.304639347506
0.317325062801
0.329647416738
0.340976653676
0.350479192406
0.357207644789
0.3603186338
0.359361227796
0.354465291647
0.34628481302
0.335742047042
0.323754063375
0.31107040186
0.298229799024
0.285585053371
0.273349479245
0.26164083971
0.250515078838
0.23998978254
0.230059638646
0.220706301367
0.211904548571
0.203626053788
0.195841648718
0.188522640363
0.181641540841
0.175172435528
0.16909113116
0.163375172595
0.158003783607
0.152957766103
0.148219378994
0.143772209544
0.139601044865
0.13569174788
0.132031140038
0.128606891834
0.125407421382
0.122421800899
0.119639670698
0.11705116019
0.114646815384
0.112417532401
0.110354496563
0.108449126725
0.106693024589
0.105077928834
0.103595674017
0.102238154267
0.1009972919
0.0998650111803
0.0988332175014
0.0978937823589
0.097038534503
0.0962592577024
0.0955476955431
0.0948955636528
0.0942945696749
0.0937364412029
0.0932129617374
0.0927160145297
0.0922376339407
0.0917700636719
0.091305820927
0.0908377652545
0.0903591705176
0.0898637981594
0.0893459697049
0.0888006362811
0.0882234428693
0.0876107850452
0.0869598561129
0.0862686828101
0.0855361481356
0.0847620003114
0.0839468474171
0.0830921377826
0.0822001267718
0.0812738310944
0.080316972214
0.0793339107585
0.0783295740665
0.0773093791116
0.0762791530453
0.0752450534942
0.0742134905573
0.0731910521972
0.0721844344256
0.0712003773682
0.0702456079839
0.0693267899142
0.0684504806712
0.0676230961408
0.066850882187
0.0661398929912
0.0654959756562
0.0649247605277
0.0644316566483
0.0640218517473
0.0637003161762
0.0634718102282
0.0633408943169
0.0633119415358
0.0633891521715
0.0635765697973
0.0638780986267
0.0642975218592
0.0648385207999
0.0655046945816
0.0662995803627
0.0672266739133
0.0682894505404
0.0694913863389
0.0708359797858
0.0723267737304
0.073967377859
0.0757614917489
0.077712928653
0.0798256401928
0.082103742173
0.0845515417686
0.0871735663837
0.0899745945304
0.0929596891393
0.0961342337819
0.0995039723748
0.103075053035
0.106854076885
0.110848152751
0.115064958904
0.119512813203
0.124200753301
0.129138628948
0.134337208865
0.139808305245
0.145564919712
0.151621415477
0.157993721734
0.164699577935
0.171758827779
0.17919377563
0.187029622048
0.195295000451
0.204022644414
0.213250225627
0.223021417486
0.233387261137
0.244407942975
0.256155141357
0.268715175497
0.28219330879
0.296719753411
0.312458250848
0.329618676758
0.348476166438
0.369401271874
0.392909775894
0.419749835355
0.451065923093
0.488738120272
0.536182805574
0.600645912051
0.702224332464
0.921085380987
0.761785669294
0.638818909419
0.569524214699
0.521861820211
0.485845844941
0.45710998127
0.433356679985
0.413227192538
0.39585023762
0.380632742222
0.36715197015
0.355095313917
0.344224544242
0.334353504673
0.325333621152
0.317044168118
0.30938554382
0.302274512845
0.295640771102
0.289424421168
0.283574086897
0.27804548431
0.272800322368
0.267805444525
0.263032147154
0.258455628345
0.254054532946
0.249810568679
0.245708174763
0.241734229516
0.237877787209
0.23412983737
0.230483081985
0.226931727723
0.223471291549
0.220098418966
0.216810714677
0.213606585809
0.210485097967
0.207445844383
0.204488828378
0.20161435915
0.198822960775
0.196115294127
0.193492091222
0.190954101412
0.188502048675
0.186136599241
0.183858338664
0.181667757502
0.179565244706
0.17755108786
0.175625479446
0.173788528327
0.172040275695
0.170380714755
0.168809813489
0.167327539845
0.165933888768
0.164628910509
0.163412739681
0.162285624586
0.161247956351
0.160300297462
0.159443409317
0.158678278485
0.158006141373
0.157428507091
0.156947178343
0.156564270237
0.15628222699
0.156103836536
0.156032243155
0.156070958278
0.156223869698
0.156495249488
0.156889760968
0.157412465123
0.158068826934
0.158864722085
0.159806444596
0.160900715905
0.162154695993
0.163575997132
0.165172700856
0.166953378789
0.168927117935
0.171103551062
0.173492892797
0.176105982029
0.178954331164
0.182050182707
0.185406573481
0.189037406561
0.192957530602
0.197182825557
0.201730292813
0.206618146103
0.211865897072
0.217494425435
0.223526017567
0.229984347888
0.236894362621
0.244282002509
0.252173665189
0.260595252084
0.269570558105
0.279118629747
0.289249517858
0.299957564343
0.311210981429
0.322936066415
0.334994188276
0.347150368801
0.359035368709
0.370111124768
0.379663781625
0.386863625271
0.39092430218
0.391335356404
0.388052807728
0.381516506244
0.372481065048
0.3617802621
0.350151326589
0.338159816364
0.326198389668
0.314518900494
0.303270736849
0.292533587693
0.282341812968
0.272701301744
0.263600658235
0.255018433356
0.246927713949
0.239298988244
0.232101903004
0.225306315204
0.218882898765
0.212803473756
0.207041165327
0.201570460902
0.196367209299
0.191408589386
0.186673065552
0.182140340494
0.177791311452
0.173608033064
0.169573688121
0.165672566186
0.161890049175
0.15821260245
0.154627769622
0.151124169101
0.147691490378
0.144320488133
0.141002972429
0.137731793521
0.134500820155
0.131304910575
0.128139875911
0.125002435953
0.121890167747
0.118801447761
0.115735388642
0.112691771798
0.109670977187
0.106673911708
0.10370193763
0.100756802355
0.0978405707433
0.0949555610105
0.0921042850387
0.0892893937464
0.0865136279419
0.0837797749101
0.081090630797
0.0784489687151
0.075857512358
0.0733189148205
0.0708357422422
0.068410461843
0.0660454338921
0.0637429071388
0.0615050172397
0.0593337877307
0.057231133121
0.0551988637128
0.0532386917914
0.0513522388638
0.0495410436654
0.0478065706908
0.0461502190415
0.0445733314186
0.0430772031208
0.0416630909355
0.0403322218401
0.0390858014517
0.0379250221876
0.0368510711123
0.0358651374684
0.034968419897
0.034162133369
0.0334475158543
0.0328258347666
0.0322983932269
0.0318665361938
0.0315316565123
0.0312952009385
0.0311586761966
0.0311236551301
0.0311917830096
0.0313647840611
0.0316444682824
0.0320327386155
0.0325315985486
0.0331431602207
0.0338696531123
0.034713433405
0.0356769941055
0.0367629760346
0.0379741797953
0.0393135788463
0.0407843338229
0.0423898082697
0.044133585969
0.0460194900819
0.0480516043501
0.0502342966491
0.0525722452324
0.0550704680667
0.0577343557286
0.0605697084227
0.0635827777827
0.0667803142516
0.0701696209889
0.0737586154516
0.0775559000336
0.0815708434493
0.08581367492
0.0902955936965
0.0950288970506
0.100027130636
0.10530526611
0.110879912194
0.11676956705
0.122994922064
0.129579230168
0.136548755856
0.143933329623
0.151767037302
0.160089085614
0.168944900832
0.17838754007
0.188479528196
0.199295284094
0.210924378358
0.223475988976
0.23708512478
0.251921529425
0.268202779261
0.286214186803
0.306340233465
0.32911656679
0.35532105663
0.386145079784
0.423546955729
0.471077211687
0.536160665623
0.637748536809
0.783216002465
0.652572729532
0.548738459335
0.484247754165
0.4383394073
0.403013435283
0.374504327323
0.35075751103
0.330532697322
0.313024823975
0.297682098127
0.284109962688
0.272016564243
0.261179934433
0.251427282584
0.242621407002
0.234651477163
0.227426600678
0.220871221565
0.214921756302
0.209524086796
0.204631659248
0.200204019534
0.196205668372
0.19260515432
0.1893743461
0.186487841861
0.183922484275
0.181656958398
0.179671455043
0.177947386702
0.176467146253
0.175213901116
0.174171417441
0.173323910382
0.172655917707
0.172152194954
0.171797631151
0.17157718471
0.171475839603
0.171478582276
0.171570399922
0.171736300769
0.171961356885
0.172230769633
0.172529957389
0.172844664375
0.173161088558
0.173466025558
0.173747024403
0.173992549942
0.174192145825
0.174336591297
0.174418044774
0.174430167297
0.174368219591
0.174229127541
0.174011512436
0.173715684091
0.173343596995
0.17289877151
0.172386183985
0.171812131031
0.171184074232
0.170510472113
0.169800606182
0.169064407533
0.168312289733
0.16755499277
0.166803441729
0.166068622755
0.165361477791
0.164692818625
0.164073260002
0.163513170934
0.163022642895
0.162611473332
0.162289162743
0.16206492359
0.16194769935
0.161946192151
0.162068897611
0.162324145694
0.162720146615
0.163265041035
0.163966954009
0.164834052339
0.16587460519
0.167097048003
0.168510049911
0.170122585035
0.171944008177
0.173984135602
0.176253331715
0.178762602575
0.181523697327
0.18454921866
0.187852743485
0.19144895492
0.195353786465
0.19958457878
0.204160248572
0.2091014675
0.21443084631
0.220173114826
0.226355280879
0.233006738782
0.240159277387
0.247846903949
0.256105344147
0.264970986526
0.27447888791
0.284659208165
0.295531043603
0.30709200905
0.319301028953
0.332050735566
0.345125264189
0.358141136691
0.370478248485
0.381232319449
0.38925956153
0.393400835856
0.392878714134
0.387650965201
0.378431452297
0.366359366798
0.352593088226
0.338065013018
0.323422142549
0.30906813691
0.295232151641
0.282029553645
0.269505826176
0.257665473604
0.246490111609
0.235949447005
0.226007792081
0.216627841921
0.20777279755
0.199407499412
0.19149897492
0.184016644163
0.176932330933
0.170220167453
0.163856445553
0.157819445453
0.152089260121
0.146647625285
0.141477760312
0.136564222346
0.131892774366
0.127450266916
0.123224532696
0.119204292968
0.115379074666
0.11173913706
0.108275406901
0.104979421055
0.101843275708
0.0988595813379
0.0960214227075
0.0933223232558
0.0907562133037
0.088317401583
0.0860005496541
0.0838006488304
0.0817129992829
0.079733191041
0.0778570866444
0.0760808052389
0.0744007079394
0.0728133843106
0.071315639843
0.0699044843195
0.0685771209924
0.0673309365013
0.0661634914808
0.065072511816
0.0640558805154
0.0631116301778
0.0622379360357
0.0614331095638
0.0606955926433
0.0600239522736
0.0594168758281
0.0588731668443
0.0583917413445
0.0579716246753
0.057611948858
0.0573119504354
0.0570709688
0.0568884449854
0.0567639209
0.0566970389805
0.0566875422383
0.056735274673
0.0568401820224
0.0570023128194
0.0572218197242
0.0574989611008
0.0578341028052
0.0582277201556
0.0586804000526
0.0591928432228
0.0597658665558
0.0604004055118
0.0610975165737
0.0618583797249
0.0626843009315
0.0635767146134
0.0645371860892
0.0655674139808
0.0666692325681
0.06784461408
0.0690956709149
0.070424657776
0.0718339737124
0.0733261640481
0.0749039221809
0.0765700912262
0.0783276654698
0.0801797915874
0.0821297695693
0.0841810532729
0.0863372505004
0.0886021224687
0.0909795824995
0.0934736937083
0.0960886654103
0.0988288478807
0.101698725011
0.104702904277
0.107846103285
0.111133131948
0.114568869128
0.118158232243
0.121906137955
0.125817451585
0.129896922269
0.134149100127
0.138578230771
0.143188121344
0.147981970852
0.15296215594
0.158129961241
0.163485241319
0.16902599882
0.174747861238
0.180643436951
0.186701530747
0.192906201137
0.199235648287
0.205660935292
0.212144570432
0.218639018754
0.22508527206
0.231411689239
0.237533419228
0.243352819405
0.248761346496
0.253643367104
0.257882142703
0.26136784335
0.264006864232
0.265731107652
0.266505505814
0.26633215146
0.265250060556
0.26333062395
0.260669815113
0.257378823383
0.253574815914
0.249373107734
0.244881400546
0.24019618469
0.235401020201
0.230566240344
0.225749604032
0.220997493913
0.21634635875
0.211824197776
0.207451965317
0.203244832468
0.199213281452
0.195364031844
0.191700810816
0.188224985483
0.184936077176
0.18183217684
0.178910278891
0.176166548614
0.173596535804
0.171195345192
0.168957772231
0.16687841118
0.164951741029
0.163172193662
0.161534207706
0.160032270797
0.158660952343
0.157414928402
0.156288999927
0.155278105298
0.15437732785
0.153581898936
0.152887196921
0.152288742429
0.151782190097
0.151363317068
0.151028008452
0.150772239984
0.150592058151
0.150483558101
0.150442859689
0.150466082103
0.150549317552
0.150688604605
0.150879901834
0.151119062495
0.151401811056
0.151723722475
0.152080205168
0.152466488676
0.152877617064
0.153308449078
0.153753666089
0.154207788712
0.154665202943
0.155120196404
0.155567005073
0.155999870568
0.156413107649
0.156801181216
0.157158791569
0.157480966259
0.157763156337
0.158001334423
0.158192091647
0.158332730286
0.158421348866
0.158456916557
0.158439333998
0.158369478134
0.158249229256
0.158081479184
0.157870120332
0.157620016235
0.157336954866
0.157027586818
0.156699350914
0.156360390243
0.156019461778
0.155685842792
0.155369237122
0.155079684062
0.154827472308
0.154623060925
0.154477008848
0.154399913961
0.154402362401
0.154494888291
0.154687943838
0.154991879453
0.155416933316
0.155973229736
0.156670785489
0.157519523318
0.158529291731
0.15970989021
0.161071098957
0.162622712266
0.164374574567
0.166336618077
0.16851890084
0.170931643669
0.173585264089
0.176490404792
0.179657953249
0.183099047911
0.186825064662
0.190847574789
0.195178262264
0.199828783357
0.204810544915
0.210134368311
0.21580999329
0.22184535836
0.228245570913
0.235011449515
0.242137482621
0.249609004335
0.257398346753
0.265459709711
0.273722534776
0.282083360662
0.290396601421
0.298465595597
0.306036742656
0.312801392628
0.318411479604
0.322513763783
0.32480178415
0.325074439113
0.323281023571
0.319533324934
0.314079089602
0.307249085579
0.299399073073
0.290864029373
0.281931457086
0.272831806403
0.26374026367
0.254784265808
0.246052801124
0.237605315698
0.229479292059
0.221696281709
0.214266512397
0.207192312883
0.200470611847
0.194094736679
0.188055694277
0.18234307397
0.176945677274
0.171851951396
0.167050282355
0.162529188027
0.158277440071
0.154284135497
0.150538732728
0.147031062781
0.143751323151
0.140690059827
0.137838141301
0.135186727347
0.132727234537
0.130451299929
0.128350743956
0.126417533293
0.124643744305
0.123021527552
0.121543073798
0.120200581923
0.118986229159
0.117892144087
0.116910382877
0.116032909311
0.115251579148
0.114558129473
0.113944173683
0.113401202805
0.112920593801
0.112493625537
0.11211150296
0.111765389948
0.111446451119
0.111145902652
0.110855071908
0.110565465315
0.110268843602
0.109957303096
0.109623361386
0.109260045309
0.108860978856
0.108420468405
0.107933582498
0.107396223431
0.106805188025
0.106158215276
0.105454018995
0.104692304108
0.103873765936
0.103000072465
0.102073830284
0.101098535536
0.100078511755
0.0990188369118
0.097925262274
0.0968041258157
0.0956622629239
0.0945069169969
0.0933456522931
0.0921862710638
0.0910367366293
0.0899051036669
0.08879945659
0.0877278565332
0.0866982971354
0.0857186690408
0.0847967328141
0.0839400998038
0.0831562203716
0.0824523788372
0.0818356944608
0.0813131277894
0.0808914917224
0.0805774667048
0.0803776195196
0.0802984252231
0.0803462918516
0.0805275876042
0.0808486702976
0.0813159189663
0.0819357675694
0.0827147408474
0.0836594924529
0.0847768455686
0.0860738363067
0.087557760281
0.0892362228353
0.0911171935211
0.0932090655316
0.0955207209315
0.0980616026681
0.100841794517
0.103872110301
0.107164193942
0.110730632131
0.114585081664
0.118742413766
0.123218877972
0.128032288357
0.13320223499
0.138750323347
0.144700443786
0.151079071729
0.157915596214
0.165242668828
0.173096554719
0.181517448847
0.190549687739
0.200241728646
0.210645664664
0.221815860966
0.233805972084
0.246663026215
0.260416265931
0.275056771497
0.2905013663
0.30653134058
0.322696117046
0.338184370953
0.35171288042
0.361582208425
0.366108676466
0.364395403271
0.356866269863
0.345003188072
0.33057415653
0.315041166155
0.29938401
0.284172333027
0.269698048074
0.256085713607
0.24336606239
0.231520327415
0.220505608549
0.21026891662
0.200754717331
0.191908819419
0.183680234951
0.176021931139
0.168890989862
0.162248463503
0.156059087429
0.150290937127
0.144915077136
0.139905225932
0.135237448004
0.13088987729
0.126842472296
0.123076801284
0.119575855045
0.116323884447
0.113306259972
0.11050935062
0.107920419772
0.105527535885
0.103319496106
0.101285761118
0.0994163997433
0.0977020419828
0.0961338393136
0.0947034312062
0.0934029169117
0.0922248316665
0.0911621265392
0.0902081512127
0.089356639059
0.0886016939222
0.0879377780861
0.0873597009567
0.0868626080528
0.0864419699539
0.0860935709191
0.0858134969526
0.0855981231552
0.0854441002663
0.0853483403625
0.0853080017416
0.0853204730771
0.0853833569826
0.0854944531712
0.0856517414374
0.0858533647224
0.0860976125446
0.0863829050995
0.086707778335
0.0870708703098
0.0874709091309
0.0879067027482
0.0883771308568
0.0888811391239
0.0894177359172
0.089985991662
0.0905850409069
0.0912140871159
0.0918724101515
0.0925593763477
0.0932744510132
0.0940172131427
0.0947873720607
0.0955847856631
0.0964094798842
0.0972616689713
0.0981417761277
0.0990504540657
0.099988605011
0.10095739971
0.101958295017
0.102993049674
0.104063737961
0.105172760927
0.106322855024
0.107517098003
0.108758912043
0.110052064136
0.111400663853
0.112809158655
0.114282327
0.115825269517
0.117443398566
0.119142426496
0.120928352937
0.122807451402
0.124786255457
0.126871544635
0.129070330181
0.13138984061
0.133837506887
0.136420946887
0.13914794853
0.142026450743
0.145064521009
0.148270327834
0.151652105893
0.155218110871
0.158976560096
0.162935553812
0.167102970398
0.171486326793
0.176092592762
0.180927944304
0.185997437284
0.191304577077
0.196850753712
0.20263450458
0.208650558888
0.214888610601
0.22133176216
0.227954583914
0.234720751594
0.241580268026
0.248466362644
0.255292314061
0.261948674891
0.268301692836
0.274194066104
0.279449403903
0.283881634286
0.287309815387
0.289577223256
0.29057153599
0.29024134549
0.288604269888
0.285744111744
0.281797974756
0.276937246558
0.271347457651
0.265211110875
0.25869560285
0.251946465014
0.245084970101
0.238208732314
0.23139402182
0.224698827987
0.218166046066
0.211826438043
0.205701208896
0.199804155779
0.194143410445
0.188722823782
0.183543050097
0.178602387046
0.173897420792
0.169423518052
0.165175199002
0.161146418102
0.157330774124
0.153721665932
0.150312406858
0.147096307507
0.144066734605
0.141217151687
0.138541146092
0.136032445697
0.133684928016
0.131492623682
0.129449715896
0.127550537039
0.125789563409
0.124161408817
0.122660817644
0.121282657812
0.120021914084
0.118873681967
0.117833162523
0.116895658265
0.116056570348
0.115311397205
0.114655734739
0.114085278187
0.113595825726
0.113183283862
0.112843674625
0.112573144553
0.112367975428
0.112224596665
0.112139599255
0.112109751096
0.112132013524
0.112203558814
0.112321788398
0.112484351514
0.112689163971
0.112934426711
0.113218643856
0.113540639887
0.113899575678
0.114294963084
0.114726677848
0.115194970617
0.115700475928
0.116244219085
0.116827620898
0.117452500349
0.118121075297
0.118835961424
0.119600169676
0.120417102502
0.121290549283
0.122224681334
0.123224046953
0.124293566965
0.125438531284
0.126664596967
0.127977788303
0.129384499436
0.130891500054
0.132505944665
0.134235385993
0.136087793035
0.138071574342
0.14019560712
0.142469272756
0.144902499463
0.147505812747
0.150290394507
0.153268151593
0.156451794767
0.159854928986
0.163492155984
0.167379189989
0.171532987231
0.175971889393
0.180715780302
0.185786253622
0.191206786711
0.197002911467
0.20320236579
0.209835197507
0.21693377319
0.224532612507
0.232667916426
0.241376571635
0.250694272428
0.260652171265
0.271271100087
0.282551832224
0.294459029562
0.306895517191
0.319662877672
0.332405828653
0.344545756498
0.355230165483
0.363361383703
0.36778956048
0.367682251207
0.362889276684
0.354017154119
0.342146113914
0.328429606188
0.313826481323
0.299018628683
0.284440858678
0.270346187056
0.256867025053
0.244060708467
0.231939982906
0.2204923048
0.209691663126
0.19950565275
0.189899614466
0.18083899077
0.172290607559
0.164223315559
0.156608255003
0.149418903118
0.142631000748
0.136222415931
0.130172978849
0.124464308264
0.119079640858
0.114003669641
0.109222394387
0.104722985202
0.100493659206
0.0965235697544
0.0928027072586
0.0893218105992
0.0860722880528
0.0830461467169
0.0802359294707
0.0776346585938
0.0752357852487
0.0730331441105
0.0710209125082
0.0691935735084
0.0675458824338
0.0660728363662
0.0647696462284
0.0636317110831
0.0626545943224
0.0618340014515
0.061165759198
0.0606457957015
0.0602701215564
0.0600348115017
0.059935986566
0.0599697964906
0.0601324022712
0.0604199586717
0.0608285965808
0.0613544051019
0.0619934132863
0.0627415714459
0.0635947320117
0.0645486299388
0.065598862701
0.0667408699707
0.0679699131338
0.0692810548626
0.0706691390451
0.0721287714586
0.0736543016741
0.0752398067848
0.0768790776652
0.0785656085832
0.0802925911017
0.0820529133108
0.0838391655164
0.0856436535727
0.087458421057
0.0892752814539
0.0910858613995
0.0928816558549
0.094654095785
0.0963946285386
0.0980948106393
0.0997464121158
0.101341530857
0.102872714784
0.104333088952
0.10571648406
0.107017562354
0.108231936544
0.109356277291
0.110388404931
0.111327361583
0.112173460475
0.11292831028
0.113594813356
0.114177137995
0.114680665989
0.115111917913
0.115478459439
0.115788792705
0.11605223714
0.116278804304
0.116479071159
0.116664055817
0.116845099321
0.117033756363
0.117241697152
0.117480621994
0.117762189483
0.118097958665
0.118499345047
0.118977589996
0.119543742781
0.120208654364
0.120982981979
0.121877203504
0.122901640723
0.124066490642
0.125381864171
0.126857831671
0.128504474998
0.130331945931
0.132350531036
0.134570723287
0.137003300985
0.139659414793
0.142550684001
0.145689303481
0.149088163147
0.152760982236
0.156722461194
0.160988454656
0.165576169703
0.170504394563
0.175793763987
0.181467068876
0.187549619278
0.194069671664
0.201058933275
0.208553158204
0.216592851056
0.225224093616
0.234499505519
0.244479336995
0.255232661005
0.266838564607
0.2793870965
0.292979429125
0.307726071953
0.323740676752
0.341124280824
0.359929320763
0.380082069733
0.401224624526
0.422423643207
0.441749114932
0.456039429754
0.461746569983
0.457234389917
0.444222466412
0.426273831178
0.406519037548
0.386854107539
0.368190225779
0.350873268409
0.334970815443
0.320427239952
0.307139689802
0.294993288531
0.283876514984
0.273687220203
0.264334332046
0.255737656823
0.247826917449
0.240540558334
0.233824554673
0.227631323822
0.221918770387
0.216649466604
0.211789956999
0.207310172075
0.203182935407
0.199383549774
0.195889449807
0.192679910551
0.189735803063
0.187039389745
0.184574153351
0.182324654702
0.180276415003
0.17841581932
0.176730038352
0.175206966054
0.173835170988
0.172603859528
0.17150284926
0.170522551005
0.16965395804
0.168888641132
0.168218748074
0.167637006445
0.167136728394
0.166711816269
0.166356768022
0.166066681388
0.165837255949
0.16566479232
0.165546187864
0.165478928458
0.165461076043
0.165491251844
0.165568615313
0.165692839024
0.165864079875
0.166082947082
0.166350467555
0.166668049306
0.167037443589
0.167460706486
0.167940160628
0.168478357747
0.169078042646
0.169742119162
0.17047361858
0.171275670903
0.172151479285
0.173104297846
0.174137413035
0.175254128592
0.176457754134
0.17775159731
0.179138959408
0.180623134258
0.182207410243
0.183895075139
0.185689423525
0.187593766386
0.189611442535
0.191745831362
0.194000366365
0.19637854881
0.198883960691
0.201520276055
0.204291269452
0.207200820058
0.210252909585
0.213451611645
0.216801069627
0.22030545931
0.223968931484
0.227795528476
0.23178906687
0.235952976579
0.240290083772
0.244802321878
0.24949035093
0.254353060783
0.259386928549
0.264585195234
0.269936822071
0.275425185286
0.281026472141
0.286707756561
0.292424767393
0.298119427642
0.303717351852
0.30912565192
0.314231617161
0.318903070524
0.322991374532
0.326338017559
0.328785265253
0.330190393042
0.330441644609
0.329472778667
0.327272613939
0.323886900566
0.319411964792
0.31398195624
0.307753056501
0.300888135784
0.293544340492
0.285864680708
0.27797350177
0.269975048844
0.261954132715
0.253978002713
0.246098754357
0.238355830541
0.230778363247
0.223387234934
0.216196821953
0.209216429154
0.202451447748
0.195904276843
0.189575049398
0.18346219974
0.177562904645
0.171873424581
0.166389366734
0.161105887113
0.15601784539
0.151119923218
0.146406714404
0.141872793419
0.137512767319
0.133321314938
0.129293216371
0.12542337504
0.121706834111
0.118138788598
0.11471459417
0.11142977343
0.108280020222
0.105261202384
0.102369363244
0.0996007220599
0.0969516735475
0.0944187865704
0.0919988020548
0.0896886301393
0.0874853465707
0.0853861883381
0.0833885485356
0.0814899704451
0.0796881408346
0.0779808824731
0.0763661458755
0.0748420002994
0.0734066240291
0.0720582939941
0.0707953747827
0.0696163071241
0.0685195959232
0.0675037979468
0.0665675092677
0.0657093525859
0.0649279645536
0.0642219832401
0.0635900358792
0.0630307270495
0.0625426274432
0.0621242633819
0.0617741072458
0.0614905689814
0.0612719888554
0.0611166316248
0.061022682287
0.0609882435736
0.0610113353418
0.0610898960089
0.0612217861613
0.0614047944502
0.0616366458661
0.0619150124529
0.0622375264903
0.0626017961373
0.063005423479
0.0634460248766
0.0639212534638
0.0644288235782
0.0649665368591
0.0655323096891
0.0661242016028
0.0667404442382
0.0673794703707
0.0680399425394
0.0687207807614
0.0694211888311
0.0701406787189
0.0708790926161
0.0716366222263
0.0724138249706
0.0732116368528
0.0740313818264
0.0748747776024
0.0757439379435
0.0766413715925
0.0775699780826
0.0785330407708
0.0795342175139
0.0805775294779
0.0816673486206
0.0828083844269
0.0840056704984
0.0852645516075
0.0865906718204
0.0879899642859
0.0894686432624
0.0910331989387
0.0926903955794
0.0944472735124
0.0963111554638
0.0982896577514
0.100390706862
0.102622561978
0.10499384407
0.107513572276
0.110191208378
0.113036710377
0.116060596356
0.119274020078
0.122688860136
0.126317824864
0.130174575796
0.13427387314
0.138631747648
0.143265704413
0.148194965627
0.153440761343
0.159026679856
0.164979092875
0.171327675372
0.178106046455
0.185352566615
0.193111339227
0.201433482029
0.210378760054
0.220017709132
0.230434435102
0.241730358668
0.254029306213
0.267484550737
0.282288729966
0.298688082764
0.317003253181
0.33766010198
0.361235309467
0.3885209308
0.42059748095
0.458812395636
0.504042606005
0.552093821738
0.579015845198
0.556373924417
0.509192801901
0.463755312528
0.425299081556
0.393109453809
0.365830486979
0.342354256316
0.321866492602
0.303775053293
0.287643686639
0.273144825575
0.260027646637
0.248096520041
0.237196285485
0.227202012376
0.218011743666
0.209541258727
0.201720227501
0.194489340595
0.18779813574
0.181603329119
0.175867518182
0.170558161608
0.165646768668
0.161108248675
0.156920384162
0.153063400661
0.149519612599
0.146273129711
0.143309611953
0.140616063574
0.138180659031
0.135992594985
0.134041963764
0.132319644635
0.130817209896
0.129526843413
0.128441269607
0.127553691329
0.126857735263
0.126347403808
0.126017032518
0.125861252367
0.125874956231
0.126053269071
0.12639152142
0.12688522583
0.127530056012
0.128321828469
0.129256486461
0.130330086197
0.131538785194
0.132878832762
0.134346562649
0.135938387869
0.137650797795
0.13948035763
0.141423710372
0.143477581434
0.145638786098
0.147904239986
0.15027097276
0.152736145268
0.155297070358
0.157951237572
0.160696341953
0.163530317166
0.166451373125
0.169458038318
0.172549206983
0.175724191298
0.178982778717
0.182325294588
0.185752670236
0.189266516667
0.192869204188
0.196563948293
0.200354902342
0.204247257784
0.208247352955
0.21236279189
0.21660257509
0.220977244847
0.225499048549
0.230182124484
0.23504271597
0.240099421434
0.245373490274
0.250889177278
0.256674172284
0.262760126902
0.269183307206
0.275985410935
0.28321460123
0.290926827962
0.299187534983
0.308073891217
0.317677741788
0.328109562103
0.339503828095
0.352026411939
0.365884904561
0.381343181591
0.398742038887
0.418528006639
0.441290933516
0.467800749618
0.498985100215
0.535570104804
0.576186249265
0.610521631165
0.61383913037
0.580976990102
0.536654540409
0.495079469351
0.458929685677
0.427715429441
0.400505809671
0.376491126732
0.355046302443
0.335699604629
0.318093534888
0.301953714913
0.287066384619
0.273262491909
0.260406429934
0.248387983144
0.237116489882
0.226516550129
0.216524824047
0.207087611273
0.198158996893
0.189699414346
0.181674519045
0.174054296442
0.166812348993
0.159925321131
0.153372431784
0.147135091471
0.141196586534
0.135541817088
0.130157078298
0.125029876861
0.120148776295
0.115503265973
0.111083649814
0.1068809514
0.102886832849
0.0990935253021
0.0954937692482
0.092080763229
0.0888481197101
0.0857898271026
0.0829002170798
0.0801739364639
0.0776059230598
0.0751913849034
0.0729257824547
0.0708048133293
0.068824399204
0.0669806745721
0.0652699770559
0.0636888390092
0.0622339801655
0.060902301107
0.059690877345
0.0585969538183
0.057617939629
0.0567514028482
0.0559950652372
0.0553467967394
0.054804609615
0.0543666520966
0.0540312014628
0.0537966564331
0.0536615288064
0.0536244342724
0.0536840823438
0.0538392653657
0.054088846574
0.0544317471884
0.0548669325357
0.0553933972154
0.0560101493317
0.0567161938288
0.0575105149825
0.0583920581167
0.0593597106267
0.0604122824159
0.0615484858663
0.0627669154938
0.06406602746
0.0654441191479
0.0668993090406
0.0684295171828
0.0700324465481
0.0717055656815
0.0734460930409
0.0752509835091
0.0771169176075
0.0790402939881
0.0810172258326
0.0830435418184
0.0851147923378
0.0872262616581
0.0893729866849
0.0915497829379
0.0937512782504
0.0959719545669
0.0982061980251
0.100448357273
0.102692809687
0.10493403484
0.107166694199
0.109385715685
0.11158638135
0.113764416103
0.115916075142
0.118038227582
0.120128433644
0.122185012877
0.12420710102
0.126194693462
0.128148673673
0.130070825546
0.131963829174
0.133831240219
0.135677453659
0.137507653218
0.139327748287
