-0.0
4.39485165129e-05
0.000175773837138
0.000395415232321
0.000702771343521
0.00109769996952
0.00158001776782
0.00214949987161
0.00280587942311
0.00354884702412
0.00437805010503
0.00529309221366
0.00629353222556
0.00737888347792
0.00854861282936
0.00980213964844
0.0111388347342
0.0125580191723
0.0140589631316
0.0156408846055
0.0173029481044
0.0190442633055
0.0208638836668
0.0227608050148
0.0247339641142
0.0267822372294
0.0289044386916
0.0310993194807
0.0333655658395
0.0357017979329
0.038106568569
0.0405783620015
0.0431155928304
0.0457166050226
0.0483796710741
0.0511029913359
0.0538846935275
0.0567228324624
0.0596153900106
0.0625602753233
0.0655553253448
0.0685983056367
0.0716869115377
0.0748187696826
0.0779914399
0.0812024175095
0.0844491360313
0.0877289703243
0.0910392401576
0.094377214224
0.0977401145915
0.10112512159
0.104529379122
0.107950000381
0.111384073954
0.11482867028
0.118280848444
0.121737663239
0.125196172487
0.128653444543
0.132106565948
0.135552649161
0.138988840327
0.142412327009
0.145820345819
0.14921018991
0.152579216237
0.155924852547
0.159244604041
0.162536059641
0.165796897825
0.169024891977
0.17221791521
0.175373944635
0.178491065034
0.181567471933
0.184601474035
0.187591495023
0.190536074724
0.193433869634
0.196283652821
0.199084313218
0.201834854334
0.204534392397
0.207182153982
0.209777473143
0.212319788087
0.214808637451
0.217243656198
0.219624571191
0.221951196498
0.224223428461
0.226441240602
0.228604678426
0.230713854207
0.232768941851
0.234770171954
0.236717827126
0.238612237652
0.240453777401
0.242242859735
0.243979932965
0.245665474604
0.247299983336
0.248883966943
0.250417923179
0.251902309991
0.253337510258
0.254723825659
0.256061547919
0.25735116274
0.258593506253
0.259789542803
0.260940119328
0.262045925836
0.26310754565
0.264125506714
0.265100310002
0.266032416631
0.266922167805
0.267769661436
0.268574795993
0.269331898044
0.27004769994
0.270722383516
0.271355215466
0.271944443906
0.272488805774
0.272986788938
0.273435804079
0.273838589354
0.274196795561
0.274513266708
0.274788433743
0.27502182097
0.275212498475
0.275357887209
0.275458646543
0.27551868412
0.27554060808
0.275526437467
0.275477931414
0.275396251862
0.275282102651
0.275136220809
0.274959616674
0.274753269265
0.274517960253
0.274254510723
0.273963651243
0.273645406649
0.273301273399
0.272933941603
0.272545237902
0.272136387267
0.27170619328
0.271251905729
0.270774416305
0.270277076911
0.269756645425
0.269211864354
0.268647565407
0.268065395351
0.267466705534
0.266852992547
0.266225713569
0.265586152253
0.264935323956
0.264273818434
0.263601595213
0.262918275761
0.262225100821
0.26152493614
0.260819084858
0.260108057135
0.259391361904
0.258668999474
0.257942712522
0.257213413307
0.256481464042
0.255747247412
0.255011316623
0.254274197552
0.253536131301
0.252796870487
0.252055714009
0.251312410227
0.250565692553
0.249818880981
0.249071968009
0.248324426632
0.24757427844
0.246819130846
0.24606037658
0.245299254988
0.244536612581
0.243773812609
0.243011986361
0.242251931094
0.241494266345
0.240739498776
0.239988016524
0.23924008476
0.238496067895
0.237756566852
0.237021934878
0.236292126069
0.23556746173
0.234848779168
0.234136668036
0.233431800424
0.232735061554
0.232047098885
0.231368297265
0.230698797109
0.230037848644
0.229384544946
0.228740585384
0.228106637924
0.227482963102
0.226869653522
0.226266550517
0.225673239947
0.225089126806
0.224513243032
0.223947555663
0.22339304719
0.222850021608
0.222318693052
0.221799198752
0.221291639657
0.220796136348
0.220312804674
0.219841710307
0.219382857502
0.218936185301
0.21850154598
0.218078667622
0.217667156949
0.217266683572
0.216877222927
0.216498812637
0.216130816546
0.215770278697
0.215415254002
0.21507086657
0.214737829924
0.214415207716
0.214103091548
0.213802118861
0.213512103413
0.213232687386
0.21296364887
0.212704970434
0.212456753562
0.212219117927
0.211992145898
0.21177586256
0.21157025055
0.211375275682
0.211188617121
0.211010366968
0.210842732437
0.210685148428
0.210536163667
0.210396510419
0.210266993678
0.210147692279
0.2100385994
0.209939629385
0.209850457283
0.209770231892
0.209698655293
0.209636344085
0.209583453285
0.209539898537
0.209505536866
0.209480205218
0.209463729638
0.209455928528
0.209456614407
0.209465594826
0.209482672479
0.209507644496
0.209540301102
0.20958042404
0.209627785583
0.209682149527
0.209743275618
0.209810926403
0.209884869461
0.209964862149
0.210050609286
0.210141723884
0.210237848299
0.210338906642
0.210445014974
0.21055629233
0.210672832914
0.210794707294
0.210921958087
0.211054599547
0.21119262097
0.21133599103
0.211484661992
0.211638573937
0.211797659249
0.211961846832
0.212131064408
0.212305236508
0.212484276123
0.212668069449
0.212856456162
0.213049214788
0.213246074258
0.213446765837
0.21365108489
0.213858929404
0.214070327877
0.214285426975
0.214504409377
0.214727408761
0.214954476137
0.215185582437
0.21542063238
0.215659484373
0.215901983476
0.216148002919
0.216397459352
0.216650277286
0.216906363273
0.217165678994
0.217428267195
0.217694134303
0.217963194294
0.218235291554
0.218510241762
0.218787871942
0.219068044383
0.219350658722
0.219635645199
0.219922957149
0.220212558309
0.22050440607
0.220798438827
0.221094570054
0.221392683264
0.221692619709
0.221994159919
0.222297029173
0.222600971337
0.222905830238
0.223211587328
0.223518505369
0.223827019124
0.224137432019
0.224449827105
0.224763301521
0.225078280808
0.22539520424
0.22571395916
0.226034364867
0.226356183283
0.226679123153
0.227002860023
0.227323016957
0.227640143014
0.227957307666
0.228274463671
0.228591634312
0.228908896711
0.229226377753
0.229544251778
0.22986272731
0.230182016547
0.230502283671
0.230823537966
0.231145364062
0.231467108457
0.231789262862
0.232112495447
0.23243703647
0.232762860386
0.233089069061
0.233413857477
0.233738472131
0.234064429881
0.234392121339
0.234721615021
0.235052881746
0.235385835591
0.235720343274
0.236056232595
0.236393305799
0.236731353747
0.237070160603
0.237409488358
0.237749034637
0.238088370324
0.238426941508
0.238764303178
0.239100381169
0.239435399286
0.239769707198
0.240103685012
0.240437630586
0.240771692725
0.241105882502
0.241440109531
0.241774211687
0.242107971785
0.242441106383
0.242772442667
0.24310027728
0.243426308539
0.243750247089
0.244071630159
0.244390004574
0.244705386106
0.245018102403
0.245328298984
0.245635922435
0.24594080745
0.246242716242
0.246541344216
0.246836296939
0.247127016301
0.247412649439
0.247692216612
0.247965366768
0.248232182718
0.248492671128
0.248746824068
0.248994538874
0.249235271696
0.249467407081
0.249690468165
0.249904166377
0.250108192002
0.250303426865
0.250490600279
0.250669935347
0.250841406819
0.251004860958
0.251160035453
0.251306246286
0.251441495451
0.251566868636
0.251683664965
0.251792038536
0.251891874064
0.251982745895
0.252063082611
0.252132097046
0.25218843564
0.252232013926
0.252263547225
0.252281386551
0.252287843324
0.252283654193
0.252269375701
0.25224562659
0.252212816578
0.252171514853
0.252122390377
0.252065908956
0.252002368068
0.25193187065
0.251853180372
0.251764702254
0.251668823936
0.251566097882
0.25145650876
0.251339986955
0.251216466313
0.251085900993
0.250948142734
0.250801687098
0.250642866654
0.250475938181
0.250302564769
0.250122977416
0.249936903247
0.249743074195
0.249541772927
0.249334668827
0.249123048373
0.248907476382
0.248688071536
0.248463770826
0.248232383534
0.247996306748
0.24775704539
0.247514964847
0.247270235839
0.247022737319
0.246770983703
0.246516014733
0.246258412433
0.245999209559
0.245739509032
0.245479922724
0.245220851743
0.244962514254
0.244704928744
0.24444793893
0.244191311366
0.24393479036
0.243678034918
0.243420567851
0.243161375029
0.242894585529
0.242623142352
0.242350365226
0.242076989708
0.241803564467
0.241530492756
0.241252666956
0.240973335542
0.240694107431
0.240415244694
0.2401374336
0.239861356494
0.239587210989
0.239314829857
0.239044019306
0.238775099631
0.238508578001
0.238244313372
0.237981626209
0.237720753808
0.237462817245
0.237208545336
0.236958267278
0.236712132998
0.236470191837
0.236232393364
0.23599855171
0.235765605074
0.235528656632
0.235294853328
0.235064701355
0.234838462767
0.234616387141
0.234398224523
0.234183564604
0.233972611772
0.23376599083
0.233564090006
0.233367037767
0.233174763818
0.232987030784
0.232803500005
0.232623885589
0.232448049275
0.232275901922
0.23210715453
0.231940581269
0.231775621703
0.231613429866
0.231454207417
0.23129785134
0.231144213557
0.23099314611
0.230844519785
0.23069821594
0.230554017964
0.230411471641
0.230268723092
0.230127796542
0.229989717579
0.229854562113
0.229722192041
0.229590683073
0.229460220849
0.229332204213
0.22920687104
0.229084267058
0.22896239373
0.228841064223
0.228722959103
0.228608363981
0.228497241139
0.228389526301
0.228285204523
0.228184281772
0.228086687695
0.227992206525
0.227900611933
0.2278119549
0.227726467711
0.22764428919
0.227565451679
0.227489964619
0.227417758646
0.227348510369
0.227281423549
0.227215151575
0.227148723876
0.227083182311
0.227019771184
0.2269590039
0.226901096502
0.226846142747
0.226794142466
0.226744995194
0.226698326448
0.22665193055
0.226607036336
0.226564047365
0.226522763902
0.226483251615
0.226445784434
0.226410605077
0.226377856068
0.226347618797
0.226319979963
0.226295098523
0.226273210895
0.226254556092
0.226239293445
0.226227482976
0.226219173311
0.226214510448
0.226213678368
0.22621678754
0.226223861433
0.226234878854
0.226249815876
0.226268658332
0.226291385564
0.226317950896
0.226348277157
0.226382267254
0.226419820259
0.226460837609
0.226505213345
0.226552859714
0.226603818696
0.226658282916
0.226716453458
0.226778458223
0.226844359425
0.226914168728
0.226987842988
0.227065267909
0.227146244202
0.227230489458
0.227317671618
0.227407499617
0.227499849746
0.22759476342
0.227692206257
0.227791832077
0.227893409031
0.227997412107
0.228104443695
0.228214851639
0.228328792108
0.22844629469
0.228567276991
0.228691430545
0.228816414965
0.228941952373
0.229069647468
0.229199484549
0.229331273471
0.229464847185
0.229600113932
0.229736960139
0.229875239632
0.230014900503
0.230156067061
0.230298955307
0.230443747558
0.230590518726
0.23073922334
0.230889876031
0.23104254261
0.231197271079
0.23135411743
0.231513120832
0.231674240118
0.231837239708
0.232001647842
0.232167354109
0.232334710352
0.232503966923
0.232675288704
0.232848808477
0.233024609489
0.233202699418
0.233382981872
0.233565226111
0.233749106414
0.233934364237
0.234120885454
0.234308629459
0.23449747803
0.23468708273
0.234876823219
0.235066016536
0.235254297455
0.235441814637
0.235629037142
0.235816315593
0.236003681973
0.236190921991
0.236378031665
0.236565355418
0.236753104004
0.236940796641
0.237127297641
0.237313812976
0.23750073851
0.237688018944
0.237875505271
0.238062980388
0.238250145775
0.238436603924
0.238621893796
0.238805620788
0.238987455925
0.239166834937
0.239343083665
0.239516682407
0.239688461457
0.239858838004
0.240028010064
0.240196052211
0.240362940613
0.24052857357
0.240692812758
0.240855552571
0.2410167718
0.241176292646
0.241332155479
0.241486185209
0.241638898736
0.241790158585
0.241939402301
0.24208532093
0.242226820894
0.242365001364
0.24250128824
0.242636442859
0.24277084456
0.242904451874
0.243035824422
0.243163133866
0.243288161698
0.243411260102
0.243532748302
0.243652971739
0.243772114099
0.243890467412
0.244008397087
0.244126051536
0.244243317852
0.244359900943
0.244475431885
0.244589508097
0.244701564475
0.244810311738
0.244914290218
0.245014813256
0.245112741966
0.245205344059
0.245293933029
0.245379763061
0.245463031902
0.245543889941
0.245622288908
0.245696191242
0.245766237552
0.245832517618
0.245894194234
0.245952452263
0.246007772274
0.246060452091
0.246110806526
0.246158865455
0.246204394802
0.246246921877
0.246285702163
0.246319842984
0.246348727641
0.246371887136
0.246388358439
0.24639687053
0.246396556272
0.24638711074
0.246367419777
0.246337823525
0.246299631344
0.246252980748
0.24619708314
0.246130988188
0.246054999309
0.245969581522
0.245874677624
0.245770054967
0.245656298139
0.245534484253
0.245405692891
0.245270830256
0.245130622129
0.244985620846
0.2448360714
0.244681806666
0.24452140978
0.244355686325
0.244185225124
0.244010267391
0.243830884727
0.243647738148
0.243462181489
0.243274942491
0.24308648957
0.242897675112
0.242708701881
0.242519079781
0.24232643855
0.242129185497
0.241928497284
0.24172555879
0.241521513278
0.241311856402
0.241100546161
0.24088938639
0.240678504427
0.240467970725
0.24025780496
0.240047962601
0.239838346128
0.239628893584
0.239419661812
0.239210745373
0.239002134855
0.238793669948
0.238585068987
0.238375972319
0.23816606431
0.237955434301
0.237744504897
0.237533600575
0.237322868468
0.237112335683
0.23690195978
0.236691658491
0.236481340529
0.236271005851
0.236060808953
0.235850913425
0.235641431362
0.235432491076
0.235224209515
0.235016578697
0.234808338184
0.234596986787
0.234383631816
0.234167802808
0.233949522859
0.23373126492
0.233514179758
0.233297957877
0.233081958542
0.232866420355
0.232651979961
0.232438832227
0.232226853841
0.232015586638
0.231804142485
0.231592228914
0.231380447652
0.231167597723
0.23095635753
0.23074743426
0.230541249968
0.230337947159
0.230137480359
0.229940202389
0.229746730705
0.22955744531
0.229372551126
0.229192136095
0.229016174221
0.228844521168
0.228676930176
0.228513114702
0.228352901739
0.228196320223
0.228043380409
0.227894462392
0.227750361677
0.227611555511
0.227478218908
0.227350394392
0.227228066268
0.227111177664
0.226999607597
0.226893084274
0.226791003244
0.226692877874
0.226598934201
0.226509232812
0.226423611487
0.226341870071
0.226263833714
0.226189358289
0.226118307365
0.226050522499
0.225985804899
0.225923918199
0.225864613352
0.225807669451
0.225752936547
0.225700354634
0.225649922173
0.225601598986
0.225554975413
0.225508294209
0.225461676469
0.225416316568
0.225372184825
0.225328935062
0.225286041378
0.225242849671
0.225199286856
0.225156175329
0.225114139455
0.225073578595
0.225034891767
0.224998425871
0.224962597324
0.224925171162
0.224890422125
0.224858621659
0.224829792347
0.224803984674
0.224781349782
0.224762142699
0.224746663046
0.224735183237
0.224727904919
0.224724949695
0.224726372882
0.224732181229
0.224742306813
0.224756644486
0.224775358546
0.224798361857
0.224825073532
0.224856248022
0.224891490173
0.224930697223
0.224974085061
0.225021690822
0.225073750997
0.225130699064
0.22519298457
0.225260835982
0.2253336334
0.225410534971
0.225492913332
0.225580563967
0.225673080544
0.225771656556
0.225876277765
0.225986948766
0.226103665796
0.226226350869
0.226354755478
0.226488424603
0.226627234207
0.226771506012
0.226921343165
0.227076433454
0.227236073443
0.227400228976
0.227569138277
0.227741659204
0.22791469448
0.228091236685
0.228271570977
0.228455290581
0.228641803867
0.228830503706
0.229021029875
0.229213335548
0.229407493794
0.229603548164
0.229801483222
0.230001231888
0.230202684812
0.230405703142
0.23061013812
0.230815854495
0.231022749216
0.231230755482
0.231439826341
0.231649897842
0.23186084127
0.23207246606
0.232284685218
0.232497634969
0.23271147175
0.232926156525
0.233141302011
0.233356215262
0.233570783381
0.233783468703
0.233995443508
0.234208072054
0.234421332166
0.234635325346
0.234850129024
0.235065666477
0.235281706168
0.235497923382
0.235714061247
0.235929945284
0.236145377023
0.236360294715
0.236574806843
0.236789192529
0.23700244125
0.237213919857
0.237426222424
0.237639406037
0.23785325941
0.238067406287
0.238281314693
0.238494342097
0.238705808019
0.23891507752
0.239121139989
0.23932352944
0.239523519052
0.239721209806
0.239916334384
0.240108805636
0.240298851642
0.240486710476
0.24067241792
0.240855763749
0.241036319231
0.241213383029
0.241385821075
0.241553919394
0.24171339313
0.241866697161
0.242015990071
0.242160804862
0.242300409613
0.242433934425
0.242561064233
0.242682036904
0.242796955866
0.242905748541
0.243008269415
0.243104181006
0.243192906119
0.243274656718
0.243350634799
0.243421732038
0.243488470862
0.243551004424
0.243607413235
0.243658363642
0.24370592825
0.243749559136
0.24378980681
0.243827470793
0.243862804701
0.243895960363
0.243926987591
0.243955664675
0.243981290199
0.244003803889
0.244024162298
0.244042885761
0.244060038674
0.244075416175
0.244088385066
0.24409767322
0.244101974386
0.244099580349
0.244093737323
0.244086307953
0.244077764039
0.244068406052
0.244058313652
0.244047200385
0.244034384962
0.24401899627
0.244000594146
0.243979356032
0.243955447469
0.243928692136
0.243898665615
0.243864929867
0.243826126683
0.243782296541
0.243734882027
0.243685201674
0.243633970956
0.243580851207
0.243524347747
0.243462205519
0.243394337273
0.24332189248
0.243245555669
0.243165248205
0.243080640642
0.242993936625
0.242906524669
0.242818791934
0.242730710768
0.242641914157
0.242551232879
0.242454911509
0.242353317035
0.242249879146
0.242145566987
0.242040537297
0.241934685009
0.241827686902
0.241718998278
0.241608505562
0.241496741617
0.241384089452
0.241270540229
0.241155769248
0.241039228081
0.240920329455
0.240798655122
0.240673872289
0.24054559843
0.240413922395
0.240279378687
0.24014224701
0.240002534701
0.239859923183
0.239712754668
0.239560355297
0.239404426003
0.239246102221
0.239086293711
0.238925508475
0.238764092653
0.238602297936
0.238440293793
0.238278170455
0.238115908358
0.23795268517
0.23778460336
0.237615305406
0.237445857555
0.237276378371
0.237106941811
0.236937330823
0.236765283717
0.236591430306
0.236416919939
0.23624210662
0.236067295068
0.235892384823
0.23571697514
0.23554040967
0.235362293033
0.235182445466
0.23500049894
0.234816782202
0.234631871285
0.234446049923
0.234259506012
0.234072428943
0.233884984042
0.233697251469
0.233509194322
0.233320732319
0.233131876891
0.232942435713
0.232751303534
0.232559700536
0.232368941173
0.232176761873
0.231984019667
0.231793582613
0.231605804192
0.23142091836
0.23123911716
0.231060586388
0.230885508978
0.230713892158
0.230545145419
0.230379976296
0.230218566167
0.230059046362
0.229901235791
0.229747125832
0.229596828107
0.229449315711
0.229300401535
0.22915340469
0.229007556274
0.228859601558
0.228710470643
0.228561600101
0.228413230648
0.228265796652
0.228119927103
0.227976195845
0.227835039384
0.227696787492
0.227561706665
0.227430024624
0.227301939068
0.227177622539
0.227057228069
0.226940892615
0.226828735864
0.226720856183
0.226617326893
0.226518192998
0.226423462633
0.226333077353
0.226246820403
0.226164104639
0.226084096222
0.226006842532
0.225932955831
0.225862849219
0.225796726767
0.225734608992
0.225676286591
0.22562125849
0.225569285858
0.225520547567
0.225474900676
0.225431829199
0.225390701275
0.225351222678
0.225313614364
0.225278319014
0.225245726118
0.225216056353
0.225189234686
0.225164761797
0.225142404503
0.225122863999
0.225106812071
0.225094571663
0.225086276713
0.225081953538
0.22508155022
0.225084939191
0.225091813955
0.225101156158
0.225113437405
0.22512847055
0.225145876716
0.225165133939
0.225184632672
0.225198862056
0.22521334382
0.225229471769
0.225247587093
0.225267932653
0.22529068805
0.22531597092
0.225343827522
0.225374229515
0.225407074311
0.225442182665
0.225479295667
0.225518083707
0.225558184589
0.225599275425
0.22564116067
0.225683816436
0.225727322689
0.225771754083
0.225817133693
0.225863440726
0.225910630582
0.225958649578
0.226007441914
0.226056950095
0.226107109419
0.22615783577
0.226209005064
0.226260423539
0.226311793549
0.226362697259
0.226412649274
0.226461241836
0.226508232971
0.226553425911
0.226596875226
0.2266391357
0.226680009832
0.226719150294
0.226757814327
0.226796288404
0.226834576356
0.226872772664
0.226911034448
0.22694944867
0.226988003893
0.227026641872
0.227065325902
0.227104093756
0.227143061863
0.227182354966
0.227221911641
0.227260866243
0.227297705513
0.227333515844
0.227367106674
0.227399527375
0.2274324507
0.227465478599
0.227498510342
0.227531953517
0.227565793162
0.227597448169
0.227625605244
0.227654477086
0.227685544131
0.22771933315
0.227756053838
0.227795787033
0.227838467541
0.227883956361
0.227932145077
0.227982985542
0.228036541368
0.228092974785
0.228152031318
0.228213255148
0.228277871697
0.228346491036
0.228417274311
0.228489242504
0.228564963818
0.228645517098
0.228731284089
0.228822399447
0.228918843437
0.22902047128
0.229127009172
0.22923812084
0.229353618738
0.229473524581
0.22959787315
0.229726616904
0.229859649677
0.229996812481
0.230137869712
0.230282576091
0.230430844785
0.230582691833
0.23073802204
0.23089650365
0.231057425242
0.231220294817
0.231385052637
0.231551439669
0.231719105466
0.231885699218
0.232051808426
0.232218528781
0.232385458859
0.232552189545
0.232718600626
0.232884811413
0.233050901999
0.233216796693
0.233382285945
0.233547077273
0.233710826391
0.233872979937
0.234031674415
0.234186237622
0.234338178106
0.234487764485
0.234635251323
0.234780961458
0.234925147391
0.235067968022
0.235209508909
0.235349796448
0.235488791821
0.23562633587
0.235761932291
0.235894714145
0.236024971212
0.236153579065
0.236280849643
0.236406089405
0.236529477843
0.236651882121
0.236773361903
0.236893800366
0.237012479523
0.237128560246
0.237242277436
0.2373528229
0.237460872943
0.237566896098
0.237670579356
0.237772899896
0.237873848865
0.237972972025
0.238069414109
0.238161896597
0.238250292072
0.238335321651
0.238416894168
0.238494725459
0.238569095085
0.23864033521
0.238708457038
0.238773227981
0.238834274852
0.238891083148
0.238943356191
0.238991586239
0.239035608257
0.239074306537
0.239108260403
0.239138843571
0.23916647431
0.239191098452
0.239212400551
0.239229573439
0.23924180712
0.239249366271
0.239252264971
0.239248305225
0.239236314987
0.239219162693
0.239198633299
0.239174772866
0.239144609913
0.239104772712
0.239059785461
0.239010459908
0.238957215553
0.238900340097
0.238839945558
0.238776089876
0.238708704667
0.238637647398
0.238562994583
0.23848489841
0.238403338262
0.238318160453
0.238229177007
0.238136309258
0.238039711584
0.23793887427
0.237832470451
0.2377220026
0.237607896232
0.237490403545
0.237370063605
0.237246841946
0.237121208948
0.236993889846
0.236865238233
0.236735524797
0.23660506942
0.236474204821
0.236343220321
0.236212335934
0.236081680523
0.235951182166
0.235819964406
0.23568670749
0.235552938046
0.235419732257
0.23528741004
0.235156109718
0.235025878436
0.234896683174
0.23476841529
0.234640896803
0.234513886531
0.2343870818
0.23426010974
0.234132506325
0.234003714325
0.233873179461
0.233740457366
0.23360503073
0.233465861559
0.233321462817
0.233171817849
0.233017939762
0.23286002744
0.232697536607
0.232529728521
0.232356383236
0.232177926993
0.231994930926
0.23180777544
0.231613583201
0.231413752893
0.231208564671
0.230997571326
0.230781438777
0.230560576067
0.230335421795
0.230106586476
0.229874675024
0.229640183172
0.229403509162
0.229164988608
0.228924916259
0.22868355602
0.228441148161
0.22819792152
0.227954112914
0.227709984093
0.227465817601
0.227221875764
0.226978301302
0.22673495462
0.226491644094
0.226248870302
0.226007159703
0.225766158264
0.225526342382
0.225288591307
0.225053183239
0.224820236304
0.224589803072
0.224361883528
0.22413642693
0.223913328397
0.223692396942
0.223473283011
0.223255641049
0.223039563875
0.222825259715
0.222612725789
0.22240202568
0.222193466081
0.221987326875
0.221783775068
0.221582919893
0.221384866683
0.221189765609
0.220997834403
0.220809327089
0.220624484064
0.220443544773
0.220266816477
0.220094667326
0.219927432534
0.219765359203
0.219608620124
0.219457354651
0.219311701014
0.219171801396
0.219037781326
0.218909719442
0.218787624487
0.21867143663
0.21856107637
0.21845654764
0.218358029839
0.218265862251
0.218180439074
0.21810211188
0.218031133134
0.217967614541
0.217911480874
0.217862477515
0.217820272075
0.217782742982
0.217749363717
0.21772302019
0.217704590888
0.217694214038
0.217690932033
0.217693849673
0.217702272809
0.217715817561
0.217732893394
0.21775518751
0.217783790847
0.21781889418
0.217860237363
0.217906936578
0.21795485648
0.218004204803
0.218057931918
0.218115571005
0.218176577353
0.218240707688
0.218307964757
0.218378730285
0.218453096684
0.218531022821
0.218612711887
0.218698391537
0.218788140327
0.218881986621
0.218979988715
0.219082198706
0.219188601127
0.219299089166
0.219413458322
0.21953137486
0.219652299366
0.21977565584
0.219901245931
0.220028745435
0.220157513162
0.220287664143
0.220419887752
0.220554525445
0.220691630535
0.220831100533
0.220972631799
0.221115550862
0.221259309382
0.221403541851
0.221548110266
0.22169337375
0.221839783246
0.221987616431
0.22213697735
0.222287846168
0.2224401128
0.222593607178
0.222748139967
0.222903543583
0.223059697873
0.223216535203
0.2233740278
0.223532169385
0.223690964866
0.223850432968
0.224010618464
0.224171605875
0.224333524343
0.224496537488
0.224660821347
0.224826538064
0.22499380448
0.225162612885
0.225332422374
0.225502635333
0.225674008673
0.225846646164
0.226020380214
0.226195049006
0.226370552218
0.226546824729
0.226723788348
0.226901335504
0.227079333418
0.22725760579
0.22743589504
0.227614085087
0.227792453586
0.227971357603
0.228150989053
0.228331285243
0.228511864573
0.228691960183
0.228870626079
0.229047456206
0.229222560632
0.22939612164
0.22956831718
0.229739202637
0.229908546352
0.230075852707
0.230241348207
0.230404553483
0.230563805022
0.230721322583
0.230878090917
0.231034318052
0.231190024287
0.231345028111
0.231498866294
0.231650914924
0.231800923726
0.231949257465
0.232096484953
0.232243035368
0.232389197874
0.232535197613
0.232681092332
0.23282628326
0.232970923265
0.233115691752
0.233260485328
0.233404962827
0.233548954388
0.233692242818
0.23383454733
0.233975983242
0.234116922877
0.234257615421
0.234398207185
0.234538828912
0.234679313878
0.234817161316
0.23495470661
0.235092140832
0.235229389586
0.235366423175
0.235503211828
0.235638909746
0.235772872082
0.235905920941
0.23603648444
0.236164333266
0.236290665904
0.236415607186
0.236538920344
0.236659754611
0.236776124826
0.236888664407
0.236997189096
0.23710206728
0.23720355282
0.237301382513
0.237395240158
0.237484855911
0.237570031744
0.237650680456
0.237726746434
0.237798053833
0.237864570952
0.237926790564
0.237985151747
0.238039528855
0.238090438724
0.238138860657
0.238185258608
0.238229837361
0.238272604055
0.238313384337
0.23835191948
0.238387989843
0.238421548071
0.238452665039
0.238481200482
0.238506780848
0.238528978323
0.238547456664
0.238562138485
0.238573318609
0.238581447533
0.238586812082
0.238588187661
0.238584510829
0.238574588078
0.238561628637
0.238546745938
0.238529939518
0.238511150249
0.238490432713
0.238467924844
0.238443733081
0.238417740265
0.238389309815
0.238357252904
0.238321955666
0.238284485724
0.238245172235
0.238204142686
0.238161503713
0.238117244519
0.238071140901
0.238022669312
0.237970877599
0.237914537799
0.237853063417
0.237786770933
0.237716186437
0.237641647578
0.237563179244
0.237480477405
0.237392844676
0.237298971163
0.237194196315
0.237080403383
0.236961307747
0.236837800306
0.236710449324
0.236579717022
0.236445404455
0.236307680934
0.23616760683
0.236025936297
0.23588327056
0.235739993682
0.235595774662
0.235450943339
0.23530530168
0.235158606045
0.235012518209
0.234867714297
0.234724310519
0.234581544364
0.234436730671
0.234291733596
0.234148140324
0.234006279551
0.233866367191
0.233728571656
0.233592998329
0.233459691579
0.233328644908
0.233199813823
0.233073125398
0.232948471684
0.232825673525
0.232704414476
0.232584192433
0.232464438142
0.232344866639
0.232225665558
0.232107259316
0.231990073599
0.231874517433
0.231760940781
0.231649478451
0.231539758648
0.23143062201
0.231321626186
0.231213465026
0.23110681438
0.231001736723
0.230898390841
0.230797281609
0.230698735987
0.230602782787
0.230509241179
0.23041784547
0.230328431603
0.230241028363
0.230155785127
0.230072875408
0.229992396245
0.229914154682
0.229837166913
0.22975988494
0.229682449797
0.229606582892
0.229533696261
0.229464360575
0.22939875216
0.229336991292
0.229279250496
0.229225699562
0.229176433913
0.22913145175
0.229090658754
0.229053876626
0.229020849069
0.22899124941
0.228964702839
0.228940841113
0.228919373851
0.228900066151
0.228882510443
0.228865956412
0.228849899897
0.228834269532
0.228819113513
0.228805054597
0.228792716681
0.228782357902
0.228774034274
0.228767688854
0.228762929064
0.228759144835
0.228756539993
0.228755308254
0.228755992269
0.228759170019
0.228765063822
0.228773644262
0.228784725572
0.228797979907
0.228812954749
0.228829285497
0.228846901565
0.228865791978
0.228881777289
0.228896955666
0.228913469994
0.228931345094
0.228950540248
0.228970966989
0.228992524687
0.229015147729
0.229038829408
0.229063602564
0.229089479041
0.229116068782
0.229142415909
0.229169460979
0.229197248476
0.229225436759
0.22925239062
0.229277490696
0.22930222458
0.229326408852
0.229349505818
0.229370872663
0.229390538644
0.229408670718
0.229425273101
0.229440316306
0.22945380306
0.229465798853
0.229476426477
0.229485832222
0.229494015867
0.229500896947
0.229507014449
0.229512608843
0.229517762637
0.229522464055
0.229526622253
0.229530151209
0.229533130256
0.229535863544
0.22953874327
0.229542098901
0.229546149274
0.229550865314
0.229554734743
0.229559259337
0.229564582324
0.229569374548
0.229573979707
0.229579436031
0.229585722836
0.22959265868
0.229599883474
0.229606760877
0.229612470047
0.229616477481
0.229619123082
0.229621129345
0.229622823585
0.229624236097
0.22962537762
0.229626491429
0.229628437103
0.229632188921
0.229638389909
0.229647377527
0.229659116494
0.229673525538
0.22969104388
0.229711959103
0.229736427555
0.229764572624
0.229796452055
0.229832036909
0.229871230319
0.2299138884
0.22995868804
0.230005905735
0.230056526636
0.230110431869
0.230167352432
0.230226790946
0.230288032364
0.230350740962
0.230414879812
0.230480294997
0.230546832998
0.23061443031
0.230683077916
0.230752684814
0.230822908071
0.23089308385
0.230962570785
0.231031246061
0.231099206245
0.231166361848
0.231232497059
0.231297428568
0.231361151341
0.23142389607
0.231485853811
0.231546817847
0.231606974214
0.231666549213
0.231725317128
0.231782816577
0.231838516891
0.231892034859
0.231943263009
0.23199243996
0.232040250203
0.232087510048
0.23213295208
0.232175014622
0.232218080433
0.232262565586
0.23230869501
0.232356630115
0.232406479688
0.232458308209
0.232512148664
0.232568022975
0.232625962983
0.232686016157
0.232748227145
0.232812599156
0.232879039933
0.232947287694
0.233016827635
0.233086955474
0.233157222881
0.233227652483
0.233298125798
0.233366648956
0.233435188615
0.233504416741
0.233573288521
0.23364193199
0.233711372609
0.233781621421
0.233852607817
0.233924180473
0.233996162906
0.234068496567
0.234141202654
0.234214227307
0.234287483804
0.234360948335
0.234434551216
0.234508288537
0.234582538365
0.234657751474
0.234734198515
0.234812007048
0.234891149569
0.234971321929
0.235052359014
0.235134535888
0.235217871843
0.235302112661
0.235386906525
0.235471931683
0.235556973164
0.235641926807
0.235726664157
0.235810918967
0.235894387335
0.235976866858
0.236058020492
0.236137192518
0.236213861647
0.236287375196
0.236357905393
0.236425657289
0.236490183865
0.236551875888
0.236611059138
0.23666730736
0.236719755106
0.236767495306
0.236809986364
0.236846002986
0.236875867035
0.236899154904
0.236916307277
0.236929155529
0.236938515358
0.236943886267
0.236946138192
0.236946250535
0.236944607223
0.236941563538
0.236937386441
0.23693211279
0.236925557461
0.236917477559
0.236907769169
0.236896581451
0.236884299219
0.236871381744
0.236858188678
0.236844676928
0.236829705804
0.236813646504
0.236796734776
0.236778152885
0.236757675576
0.236734986471
0.236710926707
0.236685793357
0.236659469989
0.236631795958
0.236602661036
0.236571997069
0.236539724066
0.236505713034
0.23646977849
0.236431670395
0.236391047621
0.236347459179
0.23630038571
0.23624934369
0.2361938522
0.236133276378
0.236067632039
0.235997485176
0.235923143506
0.23584471845
0.235762253879
0.235675762468
0.235584881652
0.23548972063
0.235391573021
0.235291062002
0.23518842544
0.235083817568
0.234977344703
0.234868903144
0.234757788763
0.234642189883
0.234522526662
0.234400704813
0.234277479534
0.234153109513
0.234027622187
0.23390090743
0.233772716173
0.233642495832
0.233509323436
0.233372809444
0.233232474029
0.233089233404
0.232945263748
0.232801566952
0.232658693667
0.23251707154
0.232377064396
0.2322389746
0.232103032257
0.231969383369
0.231838084981
0.231709122101
0.23158247603
0.23145823639
0.231336624058
0.231217878821
0.231102163088
0.230989537737
0.230879966321
0.230773315779
0.230669356643
0.230567860536
0.230468764951
0.230372095663
0.23027788566
0.230186215852
0.230097200446
0.230010869808
0.229927002012
0.22984523898
0.229765677848
0.229688494293
0.229612406104
0.229535900326
0.229460648145
0.229386401573
0.229312593123
0.229239191908
0.229166267931
0.229093800212
0.229021662423
0.228948910849
0.22887455393
0.228800372715
0.228727237818
0.228655490076
0.228585518026
0.228517728204
0.228452446017
0.228389921389
0.228330336851
0.228273791891
0.228220293411
0.228169818808
0.228122462785
0.228078465418
0.228038070247
0.228001429291
0.227968594601
0.227939526168
0.2279140771
0.227891962829
0.227872861768
0.227856622605
0.227842919712
0.227830832728
0.227819859355
0.227809493239
0.227800148284
0.227793320033
0.227789378281
0.227788282101
0.22779008983
0.22779493891
0.227802881718
0.227813941186
0.227828312798
0.227846151045
0.22786748317
0.227892136709
0.227916901815
0.227941689632
0.227968835082
0.227998428867
0.228030422051
0.228064811837
0.228101696106
0.228141178556
0.228183305072
0.22822805106
0.22827533738
0.228325062162
0.228377131078
0.228431468094
0.22848800933
0.228546691541
0.22860743328
0.228670103482
0.228734480025
0.228800194384
0.228866646277
0.228933011985
0.228998777565
0.229064130279
0.229129335679
0.229194232645
0.229257752901
0.229316794394
0.229372249544
0.229426673493
0.229480959995
0.229535533695
0.229590595948
0.229646254139
0.229702568299
0.229759563717
0.229815737703
0.229871336814
0.229924306902
0.229976966998
0.23003020352
0.230084042961
0.230138468722
0.230193463843
0.230248749367
0.230302224614
0.230355092743
0.230408888564
0.230463767509
0.230519615435
0.230576414782
0.230634217242
0.230692409277
0.230749179663
0.230804940877
0.230862104388
0.230921403259
0.230982884609
0.23104632024
0.23111151007
0.231177773781
0.231242964658
0.231307054872
0.231371200128
0.23143545438
0.231499512737
0.231563316277
0.231627304054
0.231691875423
0.231756974926
0.231820630562
0.231884205204
0.231948763525
0.232014172116
0.232080103717
0.232146190692
0.232212130466
0.232277785569
0.232343080766
0.232406825919
0.232470202864
0.232533693861
0.232597046929
0.232659746442
0.23272122826
0.232781357126
0.232840454091
0.232898856399
0.232956740481
0.233014135474
0.233070945594
0.233126993564
0.233182171836
0.23323653584
0.233290131999
0.233342817723
0.233394161625
0.233443851555
0.233492442438
0.23354058729
0.233588611078
0.233636678497
0.233684898246
0.233733341388
0.233782008309
0.233830776778
0.233879380903
0.233927486512
0.233974785741
0.234020913358
0.234065439762
0.234108035394
0.234148229414
0.234185997457
0.234222832684
0.234260091887
0.234298422343
0.234338123104
0.234379338617
0.234422083805
0.234465902234
0.234510647586
0.234556845401
0.234604489317
0.234653455453
0.234703548903
0.234754404611
0.234805440394
0.234856289073
0.234906973028
0.234957471762
0.235007813342
0.235058292772
0.235109497973
0.235162203523
0.235217142914
0.235274913241
0.235335974997
0.235400647385
0.235469093831
0.23554131009
0.235617133087
0.235696292761
0.235778490521
0.235863427286
0.235950760642
0.236040104031
0.236131052883
0.236222960474
0.23631493337
0.236406662685
0.236498136741
0.236589116993
0.23667959732
0.236769743
0.236859479389
0.236948284216
0.237033964454
0.237112961568
0.237188509293
0.237261960618
0.237333380815
0.237402803474
0.237470340964
0.237536089639
0.237600087151
0.237662316227
0.237722727361
0.23778127598
0.237837960722
0.237892835919
0.237942953299
0.23798366594
0.238022342845
0.238056562731
0.238080830336
0.238099508328
0.238113954141
0.238126409354
0.238138136678
0.238149539193
0.238160763865
0.23817180446
0.238182512806
0.238192536959
0.238201161284
0.238207613985
0.23821136106
0.238210755816
0.238205426174
0.238195711416
0.238181878021
0.238164259406
0.238142961829
0.238117184491
0.23808773834
0.238055659428
0.238021006826
0.237983586481
0.237943207065
0.237899696043
0.237852766901
0.237801363996
0.237741418026
0.237674942222
0.237603020841
0.237526011926
0.237443798462
0.237355935448
0.237261798605
0.237161219463
0.237054614875
0.236942442535
0.236825035783
0.236702608967
0.236574770542
0.236440174771
0.236299660248
0.236153943365
0.236004650474
0.235853153667
0.235697738119
0.235541353194
0.235385005491
0.235228821285
0.235072607306
0.234915929939
0.234758583166
0.234600729106
0.234443063811
0.234286574185
0.234131601619
0.233978070272
0.233825680178
0.233674122275
0.233523040531
0.233371772305
0.233219785116
0.233066310433
0.232912593975
0.232759956786
0.232609158782
0.232460767676
0.232315183127
0.232172625234
0.232033150366
0.231896652663
0.231762830952
0.231631181036
0.231501376646
0.231373653286
0.231248296196
0.231125429146
0.231005106062
0.230886888189
0.230770178675
0.23065605624
0.230544476521
0.230435094499
0.230327301641
0.230220876008
0.230116329254
0.230014073252
0.229914237086
0.229817007413
0.229722662632
0.229631383703
0.229543180804
0.229455986867
0.229369879094
0.229286403016
0.22920552908
0.229127315017
0.229051834039
0.228979123336
0.228909182325
0.228841979274
0.22877745067
0.228715494813
0.228655962261
0.22859863322
0.228542917827
0.228486931704
0.228431765983
0.228377597677
0.228324173089
0.228271178737
0.228218085064
0.228163417381
0.22810731997
0.228051231846
0.227995375079
0.227939500889
0.22788331897
0.227826808828
0.227769926107
0.227712648292
0.227655097218
0.227597549837
0.227540422356
0.22748411506
0.227428917453
0.227375009527
0.227321619077
0.227267332035
0.22721468122
0.227163971521
0.227115356293
0.227068920061
0.227024647022
0.226982469533
0.226942439705
0.22690469333
0.226869291555
0.226836207466
0.226805355589
0.226776608007
0.226749815755
0.22672485913
0.22670171084
0.22668045278
0.226661224762
0.226644135878
0.226628808588
0.226612798098
0.22659816994
0.22658551895
0.226574882682
0.226566496699
0.226560548701
0.226556842002
0.226554776003
0.226554320554
0.226555840943
0.226559257492
0.226563934088
0.226568957355
0.22657414344
0.226579341448
0.226585590972
0.226593896216
0.226604439151
0.226616972817
0.226631222065
0.226647286753
0.226665324004
0.226685131562
0.226706060997
0.226727856068
0.226751530863
0.226777675691
0.226806367175
0.22683745713
0.226870661227
0.226905605935
0.226941906937
0.226979241638
0.227017299511
0.227054774206
0.227091234136
0.227128674159
0.22716749766
0.227207722415
0.227248926065
0.227290626647
0.227333526651
0.227378223689
0.227424954544
0.227473859221
0.227525048117
0.227578612083
0.227634621146
0.227693122756
0.227754142292
0.227817686105
0.227883746286
0.22795230566
0.228023341313
0.228096825833
0.228172726992
0.228251007403
0.228331624339
0.22841452738
0.228499650066
0.228586892407
0.228676090508
0.228766959691
0.228858962846
0.228951105443
0.229042701318
0.229134315856
0.229226847127
0.229320908592
0.229416806863
0.229514614979
0.229614210505
0.229715303029
0.22981747025
0.229920194439
0.23002289073
0.230124986789
0.23022613867
0.230326024288
0.230423238186
0.230519432688
0.230616275956
0.230714056767
0.230812784093
0.230912429669
0.231012979456
0.23111442254
0.231216731794
0.231319855893
0.231423704872
0.231528083973
0.23163244609
0.231735690114
0.231837702741
0.231939094425
0.232039853427
0.232140024479
0.232239965448
0.23234002151
0.232440288438
0.232540002612
0.232636671192
0.232730846513
0.232824723046
0.232919013325
0.233014018317
0.233109711146
0.233205909413
0.233301920081
0.233398646128
0.233497004774
0.23359736196
0.233699947259
0.233804826512
0.233911947638
0.234021288514
0.234132638125
0.23424529992
0.234359518857
0.234475399193
0.234593021155
0.234712566697
0.234833749516
0.234954675261
0.23507396965
0.235193519258
0.235313084717
0.235431941252
0.235550841951
0.235671193404
0.235791487664
0.235909956279
0.23602913528
0.236147726257
0.236267407713
0.236388821158
0.236511511817
0.236634999694
0.236758782105
0.23688224883
0.237004776818
0.237126057384
0.237246199512
0.237365437155
0.237483868218
0.237601392711
0.237717726629
0.237832407005
0.237944886132
0.238054892835
0.238162489343
0.238267694918
0.238370618111
0.238471388932
0.238569908275
0.238665872169
0.238758768492
0.238847792642
0.238931835183
0.23901010276
0.239082826121
0.239150634366
0.239213944068
0.239272893535
0.239327388425
0.239377164646
0.239421954646
0.239461684843
0.239496382984
0.23952513242
0.239545640084
0.239561986203
0.239574617744
0.23958361592
0.239588851868
0.239589761299
0.23958094866
0.239567367822
0.239549188945
0.239525905123
0.239496896332
0.239461691209
0.23942061334
0.239374509598
0.239323467377
0.239265924974
0.239203688819
0.23913752321
0.239067384608
0.238992910327
0.238913820116
0.238830394055
0.23874308933
0.23865209602
0.238557235565
0.238458237585
0.23835560246
0.238250255331
0.2381429224
0.238034184874
0.237924563248
0.23781453503
0.237704535906
0.237594962019
0.237486163346
0.237378417555
0.237271890121
0.237166588632
0.237062322695
0.23695872529
0.236855400909
0.236752089489
0.236648644889
0.236544860249
0.236440442311
0.23633521597
0.236229184846
0.23612226342
0.236014758906
0.23590792561
0.235802843822
0.235700042719
0.235599680054
0.235501740631
0.235406285313
0.23531340936
0.235222408478
0.235131703787
0.235040423518
0.234948361164
0.234856918136
0.234768034867
0.234681704139
0.234597954507
0.234516930604
0.234438868594
0.234364021269
0.234292584152
0.234224646686
0.234160156752
0.234098877132
0.234040332144
0.233983788098
0.233927118312
0.233867524171
0.233808642126
0.233751166182
0.233694882786
0.233638763012
0.233578898889
0.233517691615
0.233456688003
0.233396091468
0.233337179173
0.233280508287
0.233226158663
0.23317401533
0.233123776966
0.233074736205
0.233024846365
0.232969836372
0.232913390237
0.232856152466
0.232798891837
0.232742023476
0.232685783991
0.232630332775
0.232575766295
0.232522106999
0.232469095947
0.232413496469
0.232356583945
0.232300185622
0.232244343357
0.232189051568
0.232134320935
0.232080044363
0.232025557749
0.231970700102
0.231915075666
0.231857786655
0.231799246546
0.231740334902
0.231681406516
0.231622359579
0.231562785073
0.231503171622
0.231443979974
0.231385275836
0.23132693822
0.231268700609
0.231210289305
0.231151627822
0.231092714477
0.231033176025
0.230972050342
0.230909918316
0.230847124089
0.230783637914
0.230719289834
0.230653852952
0.2305870926
0.230518818427
0.230448948558
0.230377573245
0.230304930058
0.230231270948
0.230156756119
0.230081429108
0.230005230884
0.229928023977
0.229849628678
0.229769873846
0.229688635442
0.229605856004
0.229521592834
0.229436073332
0.229349653765
0.229262695391
0.229175473024
0.229088154342
0.229000779566
0.228912143743
0.228821578094
0.228730436216
0.228639344174
0.228548418839
0.228457457898
0.228366617913
0.228276167716
0.228186197955
0.228096742948
0.228007860401
0.22791956635
0.22783162486
0.22774341553
0.227654677544
0.227566169491
0.22747872465
0.227392833196
0.227308802754
0.227226867795
0.227147216675
0.2270699779
0.226995191603
0.226922807448
0.226852786038
0.226785208408
0.226720162316
0.226657130944
0.226593572403
0.226531826285
0.226472403304
0.226414754607
0.226360156443
0.226309782849
0.226264126819
0.226223229562
0.226183183535
0.226144957565
0.226111794898
0.226083691818
0.226060276764
0.226041195553
0.226026354917
0.226015066293
0.226007042612
0.226003077297
0.226003335887
0.226007727632
0.226016099377
0.226027811191
0.226042355595
0.226060272493
0.226081327686
0.226105217059
0.226131561219
0.226159905465
0.226189756133
0.226220548997
0.226251523041
0.226282432915
0.226313886369
0.226346277191
0.226379666457
0.226413907632
0.226445515803
0.226476491588
0.226507695097
0.226539049023
0.226570823784
0.226603196811
0.226636197611
0.226669748646
0.226703653535
0.226737472684
0.226770208998
0.226800326787
0.226827490905
0.226853117039
0.226878285347
0.226902286631
0.226925765028
0.226949817216
0.22697123386
0.226993044295
0.227015806892
0.227039371774
0.227063620743
0.227088686181
0.227114883433
0.22714248565
0.227171644992
0.227202391298
0.227234631648
0.227268157585
0.2273027227
0.22733820888
0.227374708944
0.227412454562
0.227451738484
0.227492866187
0.227536116396
0.227581717677
0.227629810351
0.227675668854
0.227722957004
0.227772869672
0.227825342035
0.227880178224
0.227936938528
0.227994689089
0.228052266166
0.228109897884
0.228168682998
0.228229308251
0.22829210188
0.228357135685
0.228424221632
0.228492900585
0.228562459213
0.228632037223
0.228700857543
0.228768490528
0.228834954126
0.228900509077
0.228965408181
0.229029877273
0.229094154889
0.229158436028
0.229222848182
0.229287487997
0.229352456419
0.229417865153
0.229483819573
0.229550393079
0.229617604453
0.229685399708
0.229753621056
0.229821912252
0.229889573686
0.229956018702
0.230021502444
0.230086505048
0.230151370344
0.230216277762
0.230281194238
0.230345842391
0.230409821117
0.23047201065
0.230530222322
0.230588068162
0.230646095473
0.230704623803
0.230763718516
0.230820995337
0.230876538914
0.230933345214
0.23099186599
0.231052068397
0.231113633384
0.231177220423
0.231243458947
0.231312402141
0.231383762452
0.231456944371
0.231531025466
0.231605081482
0.231679116401
0.231754119774
0.231831079145
0.231910600745
0.231992976252
0.232078267036
0.232166346509
0.232256901549
0.232349404203
0.232443197733
0.232537938601
0.232633541428
0.232728762384
0.232825630416
0.232924392144
0.233025128723
0.233127821664
0.233232366166
0.233338613146
0.233446282898
0.233553462579
0.233660855296
0.233768771591
0.233876784458
0.233985452959
0.234095349745
0.234206613235
0.234319146869
0.234432739228
0.234547113493
0.234661952582
0.234776918437
0.234891680088
0.235005948353
0.235119482277
0.235232058227
0.235343441997
0.235453384776
0.235561630264
0.235667910987
0.235771892352
0.235872485811
0.235965990119
0.23605494327
0.236139987176
0.236220820668
0.236297067339
0.236368173089
0.236433525526
0.236493028712
0.236547474648
0.236597746968
0.236644318179
0.236687369916
0.236720694483
0.236749669426
0.236772164312
0.236788232938
0.236800522763
0.236809739304
0.236816072733
0.236819638681
0.236820507904
0.236818651934
0.236813908803
0.236805927423
0.236794020648
0.236777307129
0.236753541357
0.23672383336
0.236691144914
0.236655925226
0.236618326549
0.236578229015
0.236535130464
0.236487300928
0.236432353068
0.236371382859
0.236307033317
0.236240585198
0.236172657722
0.236103560718
0.236033456771
0.235962420049
0.235890377064
0.235816881354
0.235740988715
0.235662182791
0.235581141975
0.235498528502
0.235414520979
0.235329465376
0.235244080579
0.235158915354
0.235074217398
0.234989884725
0.23490493527
0.234817410153
0.234727797304
0.234638163584
0.234549642675
0.234462686591
0.234377437834
0.234293806683
0.23421090994
0.234126608499
0.23404292186
0.23396010572
0.233878189454
0.233796984263
0.233715890422
0.233633943088
0.233550878926
0.233467276004
0.233383625313
0.233300083089
0.233216560765
0.23313282642
0.233048539111
0.232963274187
0.232876561069
0.232787844139
0.232697017284
0.232605089206
0.23251287793
0.232420702273
0.232327567643
0.232233262006
0.23213880592
0.232043889603
0.231948391078
0.231852223966
0.231754434857
0.231655499793
0.23155692489
0.23145947089
0.23136340278
0.231264660607
0.231163090778
0.231062469942
0.230962298259
0.230863493347
0.230766515432
0.230671499393
0.230578573725
0.230487959624
0.230399937358
0.230314756101
0.230232580419
0.230153489974
0.230077522271
0.230004707375
0.229935022995
0.229868294509
0.229804122798
0.229741926509
0.229681208061
0.229621836953
0.22956395911
0.229507771107
0.229453406514
0.229400860575
0.22934990462
0.229300035098
0.229250644608
0.229201397214
0.229152051845
0.229099755821
0.229038566638
0.228976665162
0.228913035803
0.2288462785
0.22877795241
0.228708681024
0.228638443946
0.228567139852
0.228494684594
0.228420973994
0.228345999598
0.228269936755
0.228192737276
0.22811405876
0.228033740257
0.227951921137
0.227868984858
0.2277854328
0.227701696119
0.227618108453
0.227534975635
0.227452612771
0.227371314757
0.22729130269
0.227212696393
0.227135522868
0.227059739808
0.22698544465
0.22691320899
0.226843662273
0.226776310169
0.226711269845
0.226649370697
0.226588851561
0.226530107476
0.226475068308
0.226424072286
0.22637659201
0.226331717242
0.226289278488
0.226249483493
0.226213019415
0.226180628222
0.226152741349
0.226129583208
0.226111198823
0.226097441343
0.226088070095
0.226082924196
0.226081031183
0.226081354529
0.22608545618
0.226093760394
0.226106860762
0.226125215138
0.226149081416
0.226178555001
0.226213513926
0.226253223039
0.226297954553
0.226348103611
0.226403625214
0.226464374219
0.226530136045
0.226600652075
0.226675676963
0.226755036295
0.22683862427
0.226926344112
0.227018055241
0.227113559124
0.227212613646
0.227314966229
0.22742037318
0.227528557837
0.227639161516
0.227751843159
0.227866441659
0.227982875673
0.228100963783
0.228220207598
0.228335828808
0.228448597748
0.228557657325
0.22866247012
0.228763693589
0.22886268289
0.228960730893
0.229058964398
0.229158200727
0.229258939889
0.229361404718
0.22946316428
0.22956434947
0.229667464227
0.229772464893
0.22987921888
0.229987563302
0.23009732013
0.23020830548
0.23032033552
0.230433231696
0.230546839359
0.230661048384
0.230775739291
0.2308905681
0.231003155056
0.231111322081
0.231213360735
0.231310725165
0.231406516425
0.23149896769
0.231587734864
0.231674171288
0.231758784544
0.231842435471
0.231926086116
0.23201042969
0.232093947839
0.232178141153
0.232263863918
0.232351225301
0.232440194297
0.232530398226
0.232619627871
0.232707146371
0.232794430026
0.232881849136
0.232969485395
0.233057312974
0.233145127457
0.233232504916
0.233319078933
0.233404889329
0.233490070843
0.233573659438
0.233654292467
0.233733613503
0.233812697521
0.233891792106
0.2339709217
0.234049960906
0.234128593867
0.234206033571
0.234279954015
0.234349703273
0.234417190849
0.234482965765
0.234547274656
0.234610318517
0.234672208437
0.234732222422
0.234787948411
0.234842108184
0.234894423498
0.234943795369
0.234990179978
0.23503349098
0.235074800014
0.235114990617
0.235154631295
0.235194177159
0.235234002107
0.235274381714
0.235311366277
0.235348602395
0.23538540217
0.235421567978
0.23545808637
0.235495138963
0.235532496308
0.235569376732
0.235603776824
0.23563451058
0.235661786236
0.235685506051
0.235705731185
0.235722526728
0.235735218157
0.235740295549
0.235738872677
0.235731065554
0.23571807052
0.235701213306
0.235679937684
0.235655104062
0.23562821965
0.235599459053
0.235568891642
0.235536646402
0.235502885366
0.235467775271
0.235431496257
0.235394253045
0.235356270661
0.23531777771
0.23527898381
0.23524005377
0.23520107998
0.235162062589
0.235122921562
0.235083553054
0.235043866109
0.235003699068
0.234962822448
0.234921544972
0.234880626875
0.234840584671
0.234801671212
0.234763978228
0.234727441039
0.234691738629
0.234656127642
0.234619836374
0.234582809109
0.234545146752
0.234506575167
0.23446685873
0.234426116366
0.234384783551
0.234343320857
0.234302024755
0.23426093306
0.234219680346
0.234177600615
0.234134768425
0.234092130831
0.234050436519
0.23401005968
0.23397117974
0.233933884622
0.233898211174
0.23386415665
0.233831677759
0.233800686562
0.233771048603
0.233742585829
0.233715084372
0.233688301418
0.233661936413
0.233635353206
0.233607343156
0.233578418962
0.233549375312
0.233520769366
0.233493107083
0.233466709754
0.233441766859
0.233418450503
0.23339696349
0.233377375827
0.233359301156
0.233341983063
0.233325473684
0.233308251649
0.233289914114
0.23327290661
0.233256681177
0.233238502931
0.233219559686
0.233201967818
0.233185963847
0.233171394358
0.233157936405
0.233145154883
0.233132580422
0.233119813562
0.233106561582
0.233092579182
0.233077595277
0.233061205044
0.233042296715
0.233020122642
0.232996589564
0.23297262471
0.232948470005
0.232924134893
0.232899531034
0.232874529683
0.232848970401
0.232822655912
0.232795363066
0.232766856072
0.232736841353
0.23270486661
0.23267050103
0.232633820994
0.232595146992
0.232554672202
0.232512481876
0.232468591178
0.232422943792
0.232375437714
0.232325949144
0.232274244514
0.232219869151
0.232162195477
0.232100454466
0.232034665959
0.2319664485
0.231897063149
0.231827180367
0.231757161866
0.23168721228
0.231617556392
0.231548532916
0.231480498568
0.231413610634
0.231344395015
0.231275341231
0.231207920286
0.231142248472
0.231078432696
0.231016555005
0.23095646361
0.230895700499
0.230833819561
0.230771809064
0.230709793418
0.230649311802
0.230591443476
0.230536577678
0.23048437288
0.230433850084
0.230385802159
0.230341251895
0.230300496618
0.23026360813
0.230230572372
0.230201294188
0.230175546274
0.230153043108
0.230131704565
0.230110415968
0.230090367529
0.230071575677
0.230054581378
0.230041665098
0.230033113532
0.230028786834
0.2300284342
0.230031728495
0.230038288977
0.230047728576
0.23005973076
0.230074115462
0.230090836301
0.230109911753
0.23013134059
0.230154748121
0.230177837893
0.230202519182
0.230229436917
0.230258715331
0.23029052102
0.230325040484
0.230362417305
0.230402693887
0.230445773972
0.230491415048
0.230539270183
0.230588989481
0.230640332579
0.230693225665
0.230747737869
0.230803981644
0.230861993274
0.230921652153
0.230982664852
0.231044649987
0.231107285395
0.231170290072
0.23123311862
0.231294373899
0.231351900378
0.231405823572
0.231457346134
0.231506954702
0.231554828864
0.231601022997
0.231645623911
0.231688858517
0.23173080599
0.231769512495
0.231800792042
0.231827193968
0.231849637487
0.231870070485
0.231889036647
0.231906554017
0.231922556652
0.231935950766
0.231944904583
0.231951177964
0.231953442405
0.231950659657
0.231943648629
0.231933126006
0.231919537732
0.231903305228
0.231884533125
0.23186289344
0.231837380914
0.231804658662
0.231767005348
0.231726918285
0.231685111464
0.231642122656
0.231598441011
0.23155445664
0.231510343724
0.231466147016
0.231422314737
0.231379406324
0.231337646173
0.231296902722
0.231256657308
0.231216452046
0.231176419306
0.231136724276
0.231097409555
0.231058538263
0.231020141051
0.230981998444
0.230943079252
0.230902211172
0.230860366396
0.230818146854
0.230775589931
0.230732645683
0.230689267788
0.23064539593
0.230600925459
0.230555840077
0.230510505605
0.230465657068
0.230422066022
0.230380359473
0.230341026366
0.230304456798
0.230270949657
0.230240663618
0.230213460548
0.230188775247
0.230166493714
0.230147561525
0.230132774002
0.230122477729
0.230116839753
0.230116010925
0.230120091384
0.230129046711
0.230142568619
0.230159710469
0.230178804219
0.230199512798
0.230223186922
0.23025087888
0.230282910263
0.230319057682
0.230358102688
0.230397820141
0.23044012305
0.230485436226
0.230533380595
0.23058345712
0.23063583933
0.23069038161
0.230745611768
0.230800849243
0.230857563966
0.230916550756
0.230977984215
0.231041876847
0.231106389391
0.231172881372
0.231241811315
0.231313636927
0.231388514448
0.231465937861
0.23154484446
0.231624636081
0.231705669339
0.231788236985
0.231872366742
0.231957709616
0.232042480098
0.232126301483
0.232210580792
0.232294944336
0.232379077035
0.232463103622
0.232547153991
0.232631312796
0.232715484953
0.232799409799
0.232882718019
0.232964924113
0.233040957315
0.233113909213
0.233184377832
0.233251756328
0.233315399578
0.233374922618
0.2334303322
0.233481802571
0.23352949027
0.233573539458
0.233614145687
0.233651566942
0.23368607618
0.233717906394
0.233747217891
0.233774081529
0.233798448785
0.233819864841
0.233835920964
0.23384767946
0.233856008924
0.233860399887
0.23385987941
0.233853282216
0.233840486783
0.233822411535
0.23379571258
0.233764090788
0.233729297085
0.233691689172
0.233651598432
0.233609354587
0.233565233776
0.233518121799
0.233468701631
0.233417667979
0.233362601965
0.233305981736
0.233247883286
0.233188198262
0.233126809676
0.233063619539
0.232998542891
0.232931494882
0.23286240347
0.232791262108
0.232718175953
0.232643302629
0.232566715271
0.232488311536
0.232407997402
0.23232594915
0.232242246205
0.232156751926
0.232069656723
0.231981480677
0.231892491884
0.231802020044
0.231709760874
0.231614991968
0.231516857751
0.231417318149
0.231317226464
0.231216697375
0.231115498423
0.231012861465
0.23090857296
0.230803981849
0.230699976822
0.230596496797
0.230492507246
0.230385537364
0.230273578612
0.230159206989
0.230045546318
0.229933913176
0.229824186343
0.229716543625
0.229611845802
0.229510254948
0.229411573497
0.229314901178
0.229218820999
0.229124172131
0.229031157512
0.228934901242
0.228837131389
0.228739835995
0.228643109847
0.228547150412
0.228451866896
0.228357125918
0.228263364754
0.228170809808
0.228079450347
0.227989310369
0.227900463369
0.227812931701
0.227726626871
0.22764133674
0.227556741859
0.227472521256
0.227388646746
0.2273055547
0.227223683122
0.227143200879
0.227063382252
0.226983549388
0.226904967545
0.226825707222
0.226748103315
0.226672045614
0.226596214109
0.226520544425
0.226446331738
0.226374184741
0.226304242065
0.226236448565
0.226170670647
0.226106739869
0.226044439553
0.225983517823
0.22592377634
0.225865079549
0.225806289034
0.225746089173
0.225686961326
0.225629469736
0.225573716363
0.225519775019
0.225467740125
0.225417706215
0.225369749875
0.225323946948
0.225280393405
0.225239143148
0.225200080859
0.225163321664
0.225129427708
0.225098771205
0.22507149679
0.225047655243
0.225027279642
0.22501040934
0.224997058476
0.224987166021
0.224980584433
0.224977138948
0.224976723526
0.22497932102
0.224984916322
0.2249934266
0.225004720467
0.225018685909
0.22503527988
0.225054531978
0.225076522603
0.225101350621
0.225129086035
0.225159709915
0.225193055793
0.225228798007
0.225266598901
0.225306370535
0.225348257228
0.225392300281
0.225435315931
0.225478028449
0.225522123385
0.225566367409
0.22560962806
0.225652548489
0.225694677684
0.225735376443
0.225775108365
0.225814673343
0.225854420174
0.225894473906
0.225934898606
0.225975753042
0.226017101337
0.22605901078
0.226101541352
0.226144723795
0.226188539857
0.226232905319
0.226277615365
0.226322259658
0.22636632679
0.226409532342
0.226451964113
0.22649404185
0.226536297968
0.226579214886
0.226623209723
0.226668697938
0.22671608908
0.226765703327
0.226817733954
0.226872241845
0.226929102111
0.226987488915
0.22704361806
0.227098019887
0.227150631786
0.227200840224
0.227251049911
0.227302730332
0.227356143786
0.227410986358
0.227466624704
0.227522758325
0.227579178317
0.227635138373
0.227690964247
0.227747191222
0.227802266315
0.227856611887
0.227911341729
0.227966468089
0.2280220237
0.228078037374
0.228134505825
0.228191283986
0.228247207358
0.228301575151
0.228355614266
0.228408403838
0.228459728843
0.228510550547
0.228560943414
0.228610626092
0.228659175062
0.228705614796
0.228748494029
0.228788490765
0.228826085491
0.228862649515
0.228898686759
0.228934108683
0.228969315643
0.229004801595
0.229040408763
0.229075288666
0.229109614831
0.229144115091
0.229178785006
0.229213241335
0.229247149784
0.229280435133
0.22931299945
0.229344326507
0.229373592367
0.229400742744
0.229426811229
0.229452808502
0.229479304821
0.229506619445
0.229534986177
0.229564593078
0.229595558041
0.229627899965
0.229661525548
0.229696243371
0.229731822827
0.229768058789
0.229804739782
0.229841530773
0.229877925217
0.229913426843
0.229947685984
0.229980407657
0.230011518205
0.230041450126
0.230070990033
0.230100802546
0.230131173625
0.230162010045
0.230192705608
0.230221546535
0.230249330103
0.230276482739
0.230303328517
0.230329928254
0.230355854915
0.230380958573
0.230405728452
0.230430666793
0.230456030428
0.230481865965
0.230508014357
0.230534096835
0.230559755909
