-0.0
2.32145610023e-05
9.28615480054e-05
0.000208950874765
0.00037149907138
0.000580529294873
0.00083607134374
0.00113816167714
0.00148684343837
0.00188216648232
0.00232418740776
0.00281296959349
0.00334858323961
0.00393110541266
0.00456062009583
0.0052372182436
0.00596099784115
0.00673206396874
0.00755052887074
0.00841651203004
0.00933014024727
0.0102915477255
0.0113008761604
0.0123582748354
0.0134639007234
0.0146179185936
0.0158205011244
0.017071829023
0.0183720911508
0.0197214846557
0.0211202151108
0.0225684966609
0.0240665521752
0.0256146134085
0.0272129211694
0.028861725497
0.0305612858463
0.0323118712812
0.0341137606776
0.0359672429355
0.037872617201
0.0398301930983
0.0418402909721
0.043903242142
0.0460193891675
0.0481890861254
0.0504126989
0.0526906054861
0.0550231963064
0.0574108745425
0.0598540564819
0.0623531718803
0.0649086643406
0.0675209917096
0.0701906264928
0.0729180562888
0.0757037842433
0.0785483295251
0.0814522278241
0.0844160318734
0.0874403119955
0.0905256566756
0.0936726731616
0.0968819880952
0.100154248171
0.103490120833
0.106890294998
0.110355481823
0.113886415512
0.117483854153
0.121148580611
0.124881403464
0.128683157982
0.132554707166
0.136496942836
0.140510786787
0.144597191999
0.148757143917
0.152991661805
0.157301800178
0.161688650306
0.16615334182
0.1706970444
0.175320969566
0.180026372586
0.184814554482
0.189686864179
0.194644700772
0.199689515947
0.204822816556
0.210046167349
0.215361193902
0.220769585727
0.226273099604
0.231873563128
0.237572878522
0.243373026703
0.249276071651
0.255284165095
0.261399551548
0.267624573716
0.273961678333
0.280413422442
0.286982480183
0.293671650119
0.300483863177
0.307422191247
0.314489856513
0.321690241607
0.329026900646
0.336503571285
0.344124187868
0.351892895828
0.35981406746
0.36789231926
0.376132530987
0.384539866697
0.393119797979
0.401878129693
0.410821028541
0.41995505487
0.429287198153
0.438824916688
0.448576182141
0.458549529681
0.468754114579
0.479199776324
0.489897111509
0.500857557006
0.51209348525
0.523618313857
0.53544663231
0.547594349063
0.56007886323
0.572919266082
0.586136578891
0.599754035496
0.613797420258
0.628295475286
0.643280395045
0.658788432377
0.674860648109
0.691543848007
0.70889176743
0.726966588346
0.745840909618
0.76560034682
0.786347024382
0.808204362032
0.831323788521
0.855894412978
0.882157396848
0.910428110705
0.941131834406
0.97486447375
1.01250307311
1.05542546598
1.10600222732
1.16890734296
1.25575530556
1.41528033582
1.48560412307
1.33097890487
1.27685976861
1.25166648855
1.24179395775
1.24266992522
1.2528425131
1.27274424071
1.30501607512
1.35708118026
1.45475598955
1.80508123565
1.43338115568
1.33746206321
1.28123721074
1.24232775309
1.21347890098
1.19141581807
1.17439166566
1.16138229506
1.15175812427
1.14513192352
1.14128350301
1.14012365396
1.14168241973
1.14611741884
1.1537455658
1.16511154417
1.18112704612
1.20336940869
1.23480422303
1.28192596386
1.36392189363
1.62730932106
1.39864524929
1.28199733714
1.21556117782
1.16847100082
1.13185386224
1.10189968341
1.07661677225
1.05483126653
1.03579277022
1.01899275034
1.00407128519
0.990765146351
0.978877034412
0.968256433273
0.958787224686
0.950379433373
0.942963607807
0.93648695316
0.930910679194
0.926208231665
0.922364204709
0.919373818074
0.917242906834
0.915988425379
0.915639521931
0.916239304993
0.917847512123
0.920544425142
0.924436590406
0.929665265261
0.93641915446
0.94495419854
0.955625540997
0.968941794104
0.985663170474
1.00699417652
1.03500659497
1.07372918019
1.13276909226
1.24718923427
1.38826751956
1.16614868234
1.07798129199
1.021161809
0.978680373336
0.944492776885
0.91574619819
0.890865117348
0.868886551569
0.849178358349
0.831302922496
0.814944562318
0.799867950634
0.785892894211
0.772878308542
0.760711636601
0.749301632625
0.738573303126
0.728464274725
0.718922131696
0.709902428378
0.701367181267
0.693283708507
0.685623725267
0.6783626305
0.671478938855
0.664953824125
0.658770749398
0.652915165422
0.647374263164
0.642136769923
0.637192780785
0.63253361906
0.628151720744
0.624040539139
0.620194466573
0.616608770858
0.613279544611
0.610203666043
0.607378770135
0.604803229457
0.60247614414
0.600397340779
0.598567380247
0.596987574699
0.59566001422
0.594587603914
0.593774112501
0.59322423385
0.592943663356
0.592939191547
0.593218818038
0.593791889756
0.594669268487
0.595863534235
0.597389232735
0.59926317803
0.6015048244
0.604136726589
0.607185113755
0.610680611637
0.614659160416
0.619163194619
0.62424317933
0.629959639202
0.636385882029
0.643611722208
0.651748678572
0.660937406519
0.671358624543
0.683249711033
0.696930911906
0.712848715696
0.731651936892
0.754335400174
0.782539022582
0.819260290671
0.870931773014
0.955985477358
1.17070231363
0.995474190889
0.884660304849
0.821170200503
0.77630712615
0.741447244577
0.712849570237
0.688552420005
0.667398693105
0.648648498742
0.63179995966
0.61649693033
0.602477502662
0.589543417978
0.577540962676
0.566348534327
0.55586826529
0.546020212021
0.536738221316
0.527966924333
0.519659508214
0.511776035759
0.504282158954
0.497148120517
0.490347969381
0.483858937355
0.477660938786
0.471736165194
0.466068754038
0.460644515906
0.455450708191
0.450475846057
0.445709543549
0.441142379269
0.436765782186
0.432571934074
0.428553685748
0.424704484828
0.421018313174
0.417489632492
0.414113336848
0.410884711084
0.407799394268
0.404853347475
0.402042825287
0.399364350536
0.396814691831
0.39439084354
0.392090007894
0.389909578968
0.387847128302
0.385900391978
0.384067258971
0.382345760646
0.38073406126
0.379230449374
0.377833330057
0.37654121783
0.375352730245
0.374266582052
0.373281579898
0.372396617497
0.371610671239
0.370922796185
0.370332122428
0.369837851784
0.369439254772
0.369135667884
0.368926491106
0.368811185666
0.368789272018
0.368860328012
0.369023987264
0.369279937702
0.369627920282
0.370067727855
0.370599204191
0.371222243144
0.371936787955
0.372742830684
0.373640411769
0.374629619716
0.375710590899
0.376883509487
0.378148607486
0.379506164897
0.380956509987
0.382500019686
0.384137120091
0.3858682871
0.387694047159
0.389614978144
0.391631710362
0.393744927696
0.395955368884
0.398263828944
0.400671160751
0.403178276782
0.405786151021
0.408495821055
0.411308390352
0.414225030753
0.417246985179
0.420375570577
0.423612181119
0.426958291673
0.430415461576
0.433985338724
0.437669664019
0.441470276188
0.445389117028
0.449428237107
0.453589801956
0.457876098823
0.462289544033
0.466832691007
0.471508239038
0.47631904288
0.48126812326
0.4863586784
0.491594096695
0.496977970654
0.502514112288
0.50820657011
0.514059647961
0.520077925908
0.52626628349
0.532629925646
0.539174411702
0.545905687885
0.552830123869
0.559954554014
0.567286324025
0.574833343949
0.582604148568
0.590607966497
0.598854799581
0.60735551449
0.616121948916
0.625167035271
0.634504945565
0.644151262019
0.654123179225
0.664439745208
0.675122150917
0.686194080471
0.697682138364
0.709616375155
0.722030940562
0.734964903381
0.748463292721
0.762578437127
0.777371711095
0.79291584874
0.809298062811
0.826624333229
0.845025437599
0.864665653082
0.885755695428
0.908572650216
0.933492000381
0.961041814069
0.992000527505
1.02758868831
1.06988948681
1.12293182412
1.19629421781
1.32511672161
1.50079361505
1.27702150326
1.20307527657
1.16139651131
1.13450549104
1.11629388849
1.10391779347
1.09583531717
1.09113062382
1.08922953135
1.08976333128
1.09249773417
1.09729391839
1.10408712744
1.11287602792
1.1237197613
1.13674176873
1.15214116396
1.17021444585
1.19139367904
1.21631397405
1.24593838539
1.28180754112
1.32659635444
1.38555882831
1.47104993285
1.60760149617
1.57144501046
1.48689714168
1.44764431929
1.43363433508
1.44011028576
1.47204680485
1.55816495338
1.76682318158
1.47150869487
1.36529690588
1.29522231397
1.24164131436
1.19777158189
1.16041523199
1.12778976508
1.09879041789
1.07268028102
1.04894062604
1.02719100207
1.00714322543
0.988573266167
0.971303229016
0.955189341311
0.940113677667
0.925978298012
0.912700994886
0.900212144048
0.888452330063
0.877370528087
0.866922692561
0.857070648856
0.847781214062
0.839025493732
0.830778315669
0.823017771905
0.815724847357
0.808883118875
0.802478512404
0.796499108946
0.790934992319
0.785778133539
0.781022308169
0.776663044207
0.772697599261
0.769124966798
0.765945912327
0.763163041551
0.760780903775
0.758806135439
0.757247650543
0.756116887183
0.755428122621
0.755198873652
0.755450404889
0.756208375833
0.757503669205
0.759373459785
0.76186260767
0.76502549683
0.768928496635
0.773653313294
0.77930164264
0.786001777003
0.793918236648
0.803266250561
0.814334341515
0.827521144646
0.843398787655
0.86282975228
0.887202555083
0.918969087115
0.963111691928
1.03254983155
1.1873241589
1.17430390196
1.01788422812
0.941980137741
0.890654323076
0.851455174579
0.819525880522
0.792460653327
0.768890517982
0.747961548154
0.729104923768
0.711922524252
0.696124716861
0.681494140016
0.667863446856
0.655101011237
0.643101404814
0.631778853119
0.621062617824
0.610893662414
0.601222195637
0.59200582919
0.583208174067
0.57479775588
0.566747165913
0.559032388988
0.551632265691
0.544528057968
0.537703095133
0.531142483054
0.524832863468
0.518762213414
0.512919677012
0.507295423554
0.501880527131
0.496666863994
0.491647024641
0.486814238168
0.482162306923
0.477685549834
0.473378753102
0.469237127161
0.465256268993
0.461432129067
0.457760982246
0.454239402156
0.45086423856
0.447632597362
0.444541822927
0.44158948244
0.438773352081
0.436091404808
0.43354179959
0.431122871941
0.428833125638
0.426671225513
0.424635991228
0.422726391977
0.42094154203
0.419280697081
0.417743251359
0.416328735467
0.415036814926
0.413867289416
0.412820092694
0.411895293204
0.411093095374
0.410413841633
0.409858015151
0.409426243355
0.409119302253
0.408938121619
0.40888379111
0.408957567387
0.409160882325
0.409495352436
0.409962789621
0.410565213393
0.411304864764
0.412184221985
0.413206018384
0.414373262583
0.41568926143
0.417157646032
0.418782401354
0.420567899941
0.422518940417
0.424640791549
0.42693924282
0.429420662674
0.432092065797
0.434961191156
0.438036592877
0.441327746534
0.44484517407
0.448600591353
0.452607083458
0.456879314109
0.461433777569
0.466289103697
0.471466430196
0.476989860582
0.482887032691
0.489189831309
0.495935291092
0.503166754154
0.510935373671
0.519302095467
0.528340312364
0.538139485358
0.54881018763
0.560491299741
0.573360560334
0.587650544742
0.603673810142
0.621864343524
0.642849908145
0.667587839739
0.6976455176
0.735861679641
0.788247994689
0.871692329777
1.08727393771
0.945093468687
0.825251321155
0.761060667126
0.717123346804
0.683771255913
0.656951582366
0.634577655604
0.615432871032
0.598745635882
0.583995816109
0.570816158764
0.558937735976
0.5481577447
0.538319498027
0.529299457255
0.520998526428
0.513336031508
0.506245448303
0.499671303087
0.493566879776
0.487892494299
0.482614175827
0.477702645001
0.473132512469
0.46888164317
0.464930646975
0.461262466807
0.45786204278
0.454716036239
0.451812601441
0.449141195438
0.446692418892
0.444457882077
0.442430091585
0.44060235414
0.438968694669
0.437523786325
0.436262890589
0.435181805937
0.434276823844
0.433544691092
0.432982577564
0.432588048832
0.43235904298
0.43229385119
0.43239110174
0.432649747081
0.433069053779
0.433648595127
0.434388246297
0.435288181939
0.436348876189
0.437571105079
0.438955951383
0.44050481199
0.442219407922
0.444101797169
0.446154390582
0.448379971097
0.450781716675
0.453363227375
0.456128557122
0.459082250826
0.462229387654
0.465575631432
0.469127289372
0.472891380585
0.47687571617
0.481088993083
0.48554090455
0.490242270436
0.495205191874
0.500443235625
0.505971655107
0.511807657065
0.517970725519
0.524483018257
0.531369856158
0.538660332561
0.546388079728
0.554592243515
0.563318737957
0.572621881998
0.582566567086
0.593231176605
0.604711593484
0.617126822187
0.630627074379
0.645405739437
0.661717720176
0.679908684138
0.700464095685
0.72409662802
0.75191481404
0.785784677957
0.82923029857
0.890264873003
0.995196719425
1.36098952208
0.983095644007
0.890167724285
0.835794104126
0.797678071651
0.768612893181
0.745345422824
0.726127496308
0.709911069126
0.696018506437
0.683986712441
0.673485537185
0.664271663084
0.656160934416
0.649010934393
0.642709572218
0.637167356357
0.632312015957
0.628084667519
0.624437027751
0.621329352841
0.618728893803
0.616608726332
0.614946858095
0.613725545758
0.612930774052
0.612551863004
0.612581179357
0.613013935443
0.61384806431
0.615084164357
0.616725510506
0.618778132527
0.621250964648
0.624156074628
0.627508985163
0.631329106552
0.635640307547
0.640471662325
0.645858427144
0.651843322863
0.658478233193
0.665826479797
0.673965915386
0.682993204458
0.693029874191
0.704231083067
0.716798707079
0.731001564661
0.747208019868
0.765941325148
0.78797985067
0.814554478149
0.847783972691
0.891805420236
0.956587335136
1.07979216972
1.21423785975
0.998394194954
0.915719596353
0.863692028601
0.825716229845
0.795866709253
0.77133838603
0.750579596159
0.732641287831
0.716900477507
0.702926148797
0.690407719896
0.679114019821
0.668868379389
0.659532791335
0.650997444996
0.643173585868
0.635988508087
0.629381958486
0.623303500402
0.617710545678
0.612566861702
0.607841422555
0.603507513601
0.599542025647
0.59592489282
0.592638640847
0.589668021106
0.586999712071
0.58462207427
0.582524948139
0.580699486616
0.579138016131
0.577833921029
0.576781547537
0.57597612419
0.575413696288
0.57509107246
0.575005781822
0.575156040547
0.575540726959
0.57615936448
0.577012111974
0.578099761235
0.579423741514
0.580986131168
0.582789676692
0.584837819567
0.587134731573
0.589685359433
0.592495479945
0.59557176706
0.59892187278
0.60255452423
0.60647963988
0.610708468656
0.615253756745
0.620129948136
0.625353426739
0.63094281019
0.636919308552
0.64330716536
0.650134204272
0.657432512759
0.665239305866
0.673598029818
0.682559789947
0.692185224384
0.702547001808
0.713733210904
0.72585205376
0.739038496759
0.753463950232
0.76935080172
0.786995055459
0.806803196706
0.82935557047
0.855523054274
0.886701809844
0.92534638324
0.976413580466
1.05257112441
1.20738146736
1.19737862351
1.05774732711
0.990506451889
0.947285641832
0.916186445549
0.892489381069
0.873850947517
0.858945155897
0.846956516344
0.83735557632
0.829787374296
0.824011357121
0.819867270497
0.817255373747
0.816125311767
0.816470854314
0.818329292919
0.821785362686
0.826980580778
0.834130283409
0.843553060192
0.855722162572
0.871359455853
0.891620198652
0.918497168678
0.955853476603
1.01280731131
1.12181029893
1.31246646416
1.05587029787
0.964071471315
0.905647622867
0.862138551724
0.827167553065
0.797762437339
0.772293036966
0.749766993754
0.729534408709
0.711145914081
0.694277465811
0.678687427003
0.664190608937
0.650641811689
0.637924973476
0.625945779162
0.614626482274
0.603902188861
0.593718133582
0.584027645586
0.574790604198
0.565972249022
0.557542250845
0.549473977416
0.54174390685
0.534331154278
0.527217086363
0.520385004739
0.513819884014
0.507508153372
0.501437513307
0.495596780876
0.489975758281
0.48456512066
0.479356319789
0.474341501056
0.469513431547
0.464865437516
0.460391349777
0.456085455857
0.45194245792
0.447957435646
0.444125813372
0.440443330938
0.436906017735
0.433510169549
0.430252327852
0.427129261237
0.424137948738
0.421275564822
0.418539465851
0.415927177859
0.413436385496
0.411064922006
0.408810760154
0.406672003973
0.404646881282
0.402733736875
0.40093102633
0.399237310382
0.397651249798
0.396171600729
0.394797210479
0.39352701367
0.392360028772
0.391295354966
0.390332169314
0.389469724225
0.388707345189
0.38804442877
0.387480440837
0.387014915027
0.386647451426
0.38637771546
0.386205436991
0.386130409607
0.386152490113
0.386271598199
0.386487716311
0.3868008897
0.387211226662
0.38771889897
0.388324142502
0.389027258064
0.389828612422
0.390728639543
0.391727842063
0.392826792983
0.39402613762
0.395326595807
0.396728964385
0.398234119979
0.39984302211
0.401556716638
0.40337633959
0.405303121398
0.407338391571
0.409483583865
0.411740241988
0.41411002589
0.416594718712
0.419196234458
0.421916626465
0.424758096782
0.42772300654
0.430813887458
0.434033454604
0.437384620593
0.440870511387
0.444494483941
0.448260145919
0.4521713778
0.456232357708
0.460447589372
0.464821933712
0.469360644601
0.474069409504
0.478954395792
0.484022303727
0.489280427272
0.494736724199
0.50039989721
0.506279488259
0.512385988708
0.51873096865
0.525327229552
0.532188985448
0.539332079376
0.546774243641
0.554535415009
0.56263811942
0.571107945497
0.579974132695
0.589270309175
0.59903542767
0.609314966848
0.620162494141
0.631641729111
0.643829313195
0.656818597747
0.670724935862
0.685693257125
0.701909220198
0.71961618562
0.739142084045
0.760944029364
0.785686912659
0.814392714773
0.848754009978
0.891891119419
0.950616052336
1.04536989349
1.35876154772
1.0869620264
0.982739612941
0.925935040353
0.887569087219
0.859134003429
0.836948778628
0.819084112358
0.804402820062
0.792178918012
0.781921377771
0.773283314091
0.766011285337
0.759915170772
0.754849361918
0.750700533832
0.74737942519
0.744815158895
0.742951228693
0.741742612057
0.741153666102
0.741156582749
0.741730254447
0.742859450368
0.744534235594
0.746749588441
0.749505187604
0.752805353689
0.756659140634
0.761080582974
0.766089116003
0.771710199119
0.777976189803
0.784927539302
0.792614415296
0.801098908098
0.810458056307
0.820788054739
0.832210216915
0.844879622946
0.858998022781
0.874833759079
0.892753832913
0.913278216793
0.937177938613
0.965667509103
1.00082702604
1.04668883522
1.112845232
1.23420572994
1.38429051364
1.16858974449
1.0876970712
1.03832341268
1.00341868498
0.976943142156
0.956059079184
0.939211023879
0.925459732597
0.914200436581
0.905026947276
0.897659782476
0.891905591299
0.887633272238
0.884759723483
0.883241636683
0.883071504675
0.884277021457
0.88692375561
0.891121639147
0.89703667122
0.904910644179
0.915094369948
0.928105491598
0.944734926674
0.966259499537
0.994918462725
1.03517848812
1.09816442597
1.22959697794
1.29239012216
1.10503508989
1.02249357571
0.967788589344
0.926324176891
0.892669370896
0.864197152074
0.839433567043
0.817467381303
0.797695091021
0.779695835813
0.763164088807
0.747870786264
0.733639590921
0.72033172392
0.707835900333
0.696061435485
0.68493339299
0.674389088436
0.664375517519
0.654847429485
0.64576586046
0.637097000596
0.62881130759
0.620882804757
0.613288519223
0.606008027859
0.599023086954
0.592317327678
0.585876003737
0.579685780769
0.573734559431
0.568011325867
0.5625060246
0.557209449902
0.552113152497
0.547209359047
0.542490902369
0.537951160701
0.533584004638
0.529383750589
0.52534511983
0.52146320234
0.517733424786
0.514151522076
0.510713512026
0.507415672745
0.504254522384
0.501226800967
0.498329454062
0.495559618059
0.492914606897
0.490391900046
0.487989131635
0.48570408059
0.483534661676
0.481478917355
0.479535010377
0.47770121703
0.475975920993
0.474357607728
0.47284485937
0.471436350062
0.470130841711
0.468927180117
0.467824291449
0.466821179052
0.465916920543
0.465110665191
0.46440163155
0.463789105344
0.463272437573
0.462851042839
0.462524397879
0.462292040292
0.462153567455
0.462108635625
0.462156959214
0.462298310243
0.46253251796
0.462859468629
0.463279105498
0.463791428916
0.464396496643
0.465094424316
0.465885386107
0.466769615556
0.467747406596
0.468819114782
0.46998515872
0.471246021721
0.472602253688
0.474054473245
0.475603370141
0.477249707928
0.478994326952
0.480838147679
0.482782174375
0.484827499187
0.486975306649
0.489226878671
0.491583600036
0.49404696448
0.496618581412
0.499300183328
0.502093634028
0.5050009377
0.508024248995
0.5111658842
0.514428333663
0.517814275617
0.521326591591
0.52496838364
0.528742993616
0.532654024805
0.536705366249
0.540901220179
0.545246133024
0.549745030572
0.55440325796
0.5592266253
0.564221459922
0.569394666407
0.574753795841
0.580307126048
0.586063754932
0.592033709603
0.598228074579
0.604659143218
0.611340597607
0.618287723583
0.625517669444
0.633049759452
0.640905876678
0.649110934435
0.657693462115
0.666686340429
0.676127734263
0.686062290526
0.696542696787
0.707631739539
0.719405067515
0.731954971351
0.745395664062
0.759870839611
0.775564801298
0.792719396087
0.811660817635
0.832844100383
0.856931476563
0.884941164245
0.918559538392
0.960894178341
1.01872070466
1.11229262138
1.41041802424
1.15309786407
1.04778408119
0.989890910191
0.950412778333
0.920823346826
0.897432123689
0.878303538799
0.862295337435
0.848676885438
0.836952571575
0.826770810495
0.817873229449
0.810064463491
0.803193278141
0.797140276059
0.791809611241
0.787123238837
0.78301682321
0.779436761839
0.776337978986
0.773682262215
0.771436989218
0.769574140266
0.768069522931
0.766902156888
0.76605378097
0.765508454754
0.765252234026
0.765272904598
0.765559762682
0.766103432714
0.766895715622
0.767929462026
0.769198466052
0.770697376341
0.772421621517
0.774367347974
0.776531368207
0.778911118346
0.781504623764
0.78431047191
0.787327791698
0.790556238961
0.793995987612
0.797647726308
0.80151266053
0.80559252011
0.809889572376
0.814406641198
0.819147132368
0.824115065921
0.829315116158
0.834752660381
0.840433837594
0.846365618744
0.852555890494
0.859013554985
0.865748648713
0.87277248443
0.880097821038
0.887739067813
0.895712531113
0.904036714119
0.912732683457
0.921824520958
0.931339885046
0.941310714866
0.951774122647
0.962773537753
0.974360192323
0.986595078354
0.999551567683
1.01331898365
1.02800757176
1.04375558286
1.06073964713
1.07919046276
1.09941744384
1.12184926743
1.14710447526
1.17612359126
1.21044092087
1.25282201839
1.30908277336
1.39537267138
1.60834292609
1.49333201459
1.37214422715
1.3114434709
1.27191776459
1.24335419422
1.2215437438
1.20433941406
1.19049740478
1.1792329477
1.17001956166
1.16248735274
1.15636695578
1.15145655382
1.14760144113
1.14468081133
1.14259891069
1.1412789367
1.14065872296
1.14068762175
1.14132421041
1.14253457806
1.14429102982
1.14657109727
1.14935677803
1.15263394988
1.15639192047
1.16062308458
1.16532266863
1.17048854793
1.17612112626
1.18222327078
1.18880029793
1.1958600081
1.20341276869
1.21147164718
1.22005259724
1.22917470252
1.23886048407
1.24913627881
1.26003269621
1.27158515967
1.28383453468
1.29682783511
1.31061897643
1.3252694976
1.3408490797
1.35743550234
1.37511330829
1.39396971036
1.41408481507
1.43551039035
1.4582261014
1.48205347714
1.50649899386
1.53051078446
1.55224122101
1.56919360353
1.57927122229
1.58226395241
1.58004484019
1.57520451204
1.56981904672
1.56515335965
1.56186464743
1.56026085021
1.56047832803
1.56258383006
1.5666303638
1.57268954545
1.58087425942
1.59136040778
1.60441501034
1.62043974732
1.64004581451
1.66419357671
1.69447770884
1.73378031097
1.78800681019
1.87127449059
1.98419870676
1.89387846239
1.80850646353
1.75588861977
1.71974916513
1.6933727788
1.67357551651
1.6586403167
1.64756190631
1.63972614774
1.63475831393
1.63244691711
1.63270623628
1.63556237715
1.64115782489
1.64977624687
1.66189734714
1.67830694121
1.70032571008
1.73033552107
1.7732168501
1.84161981865
1.99361816049
1.99158102118
1.83273482422
1.75801581964
1.70886968983
1.67258072425
1.64424056524
1.62144705571
1.60286033227
1.58767404598
1.57538498015
1.56568128049
1.558385349
1.55342568909
1.5508270211
1.55071527117
1.55333914882
1.55911620924
1.56872289285
1.58327580335
1.60473053576
1.6368975099
1.68872243344
1.7907630951
1.93179327343
1.71563600426
1.62146997641
1.55959742048
1.51254603071
1.47410039807
1.44133108052
1.41262105877
1.38698142636
1.36376207018
1.3425119498
1.32290480635
1.30469665986
1.28770004774
1.27176766185
1.25678154507
1.24264572166
1.22928102845
1.21662140125
1.2046111505
1.19320292564
1.18235616939
1.1720359271
1.16221191805
1.15285780307
1.14395060131
1.13547022205
1.1273990863
1.11972181931
1.11242499998
1.10549695626
1.09892759845
1.09270828394
1.08683170874
1.08129182201
1.07608376077
1.07120380296
1.06664933724
1.06241884892
1.05851192156
1.05492925451
1.05167269702
1.04874530027
1.04615138911
1.04389665616
1.04198828176
1.04043508439
1.03924770776
1.03843885225
1.0380235614
1.03801957696
1.03844778095
1.03933274908
1.04070344893
1.04259412871
1.04504546046
1.04810602847
1.05183429411
1.05630123053
1.06159391943
1.06782056263
1.0751176316
1.08366034969
1.09367856195
1.10548169659
1.11949988179
1.13635564861
1.15699835583
1.18298136901
1.21711405876
1.26532953913
1.34419656357
1.55071999504
1.41458199103
1.28944403183
1.22115182698
1.17339154224
1.13634478989
1.1059121254
1.07998731922
1.05734385602
1.03720438815
1.01904506661
1.00249602727
0.987286375951
0.973211744672
0.960114145212
0.947868919062
0.936375980759
0.925553763861
0.915334926609
0.905663237131
0.896491269642
0.887778670787
0.879490834845
0.87159787733
0.864073829878
0.8568960016
0.850044467301
0.843501653563
0.837252001136
0.831281687431
0.825578396815
0.820131129236
0.814930039848
0.809966303893
0.805232002318
0.800720024524
0.796423985368
0.792338154112
0.78845739341
0.78477710684
0.781293193695
0.778002010022
0.774900335054
0.771985342334
0.769254574941
0.766705924352
0.764337612521
0.762148176856
0.760136457827
0.758301588973
0.756642989135
0.755160356787
0.753853666348
0.752723166413
0.751769379863
0.750993105827
0.750395423534
0.749977698075
0.749741588163
0.749689055987
0.749822379303
0.750144165922
0.750657370831
0.751365316192
0.752271714547
0.753380695607
0.754696837092
0.756225200163
0.757971370105
0.759941503071
0.762142379817
0.764581467597
0.767266991612
0.770208017719
0.773414548482
0.776897635149
0.780669508735
0.784743734195
0.789135392696
0.793861298323
0.798940257339
0.804393380435
0.810244461614
0.816520441613
0.823251979771
0.830474166545
0.838227420743
0.846558632656
0.855522639462
0.865184157127
0.875620351115
0.886924319741
0.899209912165
0.912618550791
0.92732915743
0.943573059668
0.961657230602
0.982002191427
1.00520734821
1.03217176677
1.06433873705
1.10425690678
1.15712813631
1.2366221021
1.40950697264
1.37868637172
1.23939890138
1.17479706036
1.13427633979
1.10609906892
1.0856741531
1.07077177535
1.06018834597
1.0532559791
1.04963504872
1.04922580608
1.05214460561
1.05875184799
1.06974688417
1.08638927365
1.11102575602
1.14854802448
1.211786365
1.36085807485
1.3444092969
1.18168890983
1.10084283039
1.04494269856
1.00143209054
0.965412779887
0.934452727232
0.90716290022
0.882672810001
0.860399455345
0.839932336799
0.820970888739
0.803288016814
0.786707658438
0.771090345663
0.756323566703
0.742315126622
0.72898844964
0.716279177001
0.70413265241
0.692502029729
0.681346825999
0.670631798993
0.660326065234
0.650402398818
0.640836668027
0.631607378264
0.622695297939
0.614083149744
0.605755353982
0.597697813675
0.589897733507
0.582343466362
0.575024382525
0.567930757639
0.561053676257
0.554384948462
0.547917037477
0.541642996579
0.535556413931
0.529651364174
0.523922365822
0.51836434367
0.512972595534
0.50774276276
0.502670804029
0.497752972047
0.492985792775
0.488366046906
0.483890753333
0.479557154392
0.475362702697
0.4713050494
0.467382033742
0.463591673776
0.459932158159
0.456401838923
0.452999225152
0.449722977505
0.446571903522
0.443544953682
0.44064121816
0.437859924278
0.435200434598
0.43266224568
0.430244987462
0.427948423288
0.425772450576
0.423717102144
0.421782548209
0.419969099097
0.418277208686
0.416707478637
0.41526066346
0.413937676487
0.412739596823
0.411667677364
0.410723353999
0.409908256111
0.409224218531
0.40867329511
0.408257774111
0.407980195669
0.407843371565
0.407850407682
0.40800472948
0.408310110985
0.4087707078
0.409391094802
0.410176309278
0.411131900436
0.412263986401
0.413579320054
0.415085365358
0.416790386221
0.41870355037
0.420835051384
0.423196252748
0.425799858868
0.428660119265
0.431793073961
0.435216850396
0.438952025388
0.443022069966
0.447453900915
0.452278571232
0.457532143683
0.463256808937
0.469502335298
0.476327975469
0.48380501487
0.492020239281
0.501080750879
0.511120815204
0.522311862116
0.53487756256
0.549117425055
0.565445433513
0.584456934858
0.607052873202
0.634692815731
0.669979951938
0.718293365729
0.794050759519
0.972369196603
0.908695529218
0.769001502593
0.698637320269
0.650980062936
0.614769710072
0.585487663709
0.560861396208
0.539585431803
0.520840219153
0.504077368796
0.488911816088
0.475062775111
0.462319178144
0.450518344128
0.43953222946
0.429258240551
0.419612904405
0.410527392556
0.401944283001
0.393815170691
0.386098872972
0.378760060618
0.3717681988
0.365096717423
0.358722353682
0.352624625651
0.346785406747
0.341188578751
0.335819746574
0.330666002059
0.325715727022
0.320958427971
0.316384596578
0.311985591225
0.307753535938
0.303681233708
0.299762091834
0.295990057326
0.292359560792
0.288865467503
0.28550303457
0.282267873334
0.279155916224
0.276163387473
0.273286777155
0.270522818109
0.267868465375
0.265320877812
0.262877401649
0.2605355557
0.258293018081
0.256147614221
0.254097306041
0.252140182159
0.250274449005
0.24849842276
0.246810522017
0.245209261099
0.243693243961
0.24226115862
0.240911772058
0.239643925559
0.238456530427
0.237348564063
0.236319066356
0.235367136367
0.234491929279
0.233692653585
0.232968568504
0.232318981593
0.23174324655
0.231240761185
0.230810965552
0.230453340224
0.230167404703
0.22995271596
0.22980886708
0.229735486028
0.229732234508
0.229798806912
0.229934929372
0.230140358875
0.230414882473
0.230758316558
0.231170506205
0.231651324588
0.232200672449
0.232818477638
0.233504694702
0.23425930453
0.235082314055
0.235973756007
0.236933688709
0.23796219593
0.239059386782
0.240225395664
0.241460382251
0.242764531529
0.244138053881
0.245581185206
0.247094187099
0.248677347063
0.250330978774
0.252055422396
0.253851044936
0.255718240653
0.257657431515
0.259669067713
