1.11022302463e-16
4.47357964411e-05
0.000178937894328
0.00040259040852
0.000715666827663
0.00111812995994
0.00160993185697
0.00219101371575
0.00286130575836
0.00362072708935
0.00446918553035
0.00540657743168
0.00643278746052
0.00754768836516
0.00875114071485
0.0100429926146
0.011423079394
0.0128912232701
0.0144472329821
0.0160909033978
0.0178220150908
0.0196403338864
0.0215456103751
0.0235375793919
0.0256159594604
0.027780452198
0.0300307416814
0.0323664937693
0.0347873553786
0.0372929537122
0.0398828954341
0.0425567657876
0.0453141276521
0.0481545205345
0.0510774594882
0.0540824339549
0.0571689065213
0.0603363115843
0.0635840539158
0.0669115071179
0.0703180119593
0.0738028745812
0.0773653645609
0.0810047128205
0.0847201093661
0.0885107008415
0.0923755878809
0.0963138222414
0.100324403696
0.104406276667
0.108558326575
0.112779375885
0.117068179814
0.12142342169
0.125843707914
0.130327562517
0.134873421263
0.139479625286
0.144144414212
0.148865918756
0.153642152744
0.158471004549
0.16335022791
0.168277432108
0.173250071492
0.178265434344
0.183320631067
0.188412581736
0.193538002998
0.198693394395
0.203875024134
0.20907891441
0.214300826376
0.219536244892
0.224780363232
0.230028067958
0.235273924197
0.240512161652
0.245736661663
0.250940945748
0.256118166077
0.261261098394
0.266362137958
0.271413299136
0.276406219288
0.281332167663
0.286182059985
0.290946479452
0.295615704788
0.300179745963
0.304628388055
0.308951243623
0.313137813737
0.317177557606
0.321059970466
0.324774669071
0.328311483831
0.331660556252
0.334812440024
0.337758203771
0.340489533206
0.342998830219
0.345279306323
0.34732506785
0.349131190407
0.350693780305
0.352010021039
0.353078203312
0.353897737652
0.35446914923
0.354794055097
0.354875124668
0.354716024794
0.35432135127
0.353696548968
0.352847823062
0.351782043936
0.350506648386
0.349029539639
0.347358988525
0.345503537857
0.343471911813
0.341272931706
0.338915439234
0.336408227932
0.333759983221
0.330979231194
0.328074295992
0.325053265457
0.321923964567
0.318693936034
0.315370427408
0.311960383926
0.308470446384
0.304906953281
0.301275946532
0.29758318007
0.293834130732
0.290034010849
0.286187782051
0.282300169839
0.278375678529
0.274418606272
0.27043305985
0.266422969034
0.262392100345
0.258344070054
0.254282356351
0.250210310599
0.246131167633
0.242048055107
0.237964001869
0.233881945406
0.229804738378
0.225735154296
0.22167589239
0.217629581726
0.213598784639
0.209585999539
0.205593663159
0.201624152306
0.197679785181
0.193762822324
0.189875467239
0.186019866765
0.182198111225
0.178412234406
0.174664213418
0.170955968456
0.167289362507
0.163666201023
0.160088231599
0.156557143654
0.153074568156
0.149642077388
0.146261184774
0.142933344777
0.139659952868
0.136442345567
0.133281800573
0.130179536975
0.127136715531
0.12415443904
0.121233752782
0.11837564503
0.115581047633
0.11285083666
0.110185833101
0.10758680363
0.105054461409
0.102589466935
0.100192428937
0.0978639052958
0.0956044040016
0.0934143841346
0.0912942568702
0.0892443865025
0.087265091484
0.0853566454792
0.0835192784294
0.0817531776263
0.0800584887938
0.0784353171755
0.0768837286286
0.0754037507218
0.0739953738382
0.0726585522827
0.0713932053944
0.0701992186637
0.0690764448559
0.0680247051413
0.0670437902336
0.0661334615365
0.0652934523015
0.0645234687959
0.0638231914851
0.0631922762281
0.0626303554884
0.0621370395622
0.0617119178236
0.0613545599894
0.061064517402
0.060841324334
0.0606844993117
0.06059354646
0.0605679568665
0.0606072099658
0.0607107749408
0.0608781121422
0.0611086745214
0.0614019090759
0.0617572583045
0.0621741616663
0.0626520570425
0.0631903821929
0.0637885762045
0.0644460809232
0.0651623423637
0.0659368120889
0.0667689485516
0.0676582183868
0.068604097649
0.0696060729793
0.0706636426947
0.0717763177861
0.0729436228121
0.0741650966758
0.0754402932713
0.0767687819832
0.078150148027
0.0795839926114
0.0810699329089
0.0826076018161
0.0841966474871
0.0858367326232
0.0875275334985
0.0892687387053
0.0910600475993
0.0929011684259
0.0947918161072
0.0967317096723
0.0987205693086
0.100758113017
0.102844052846
0.104978090696
0.107159913657
0.109389188877
0.11166555793
0.113988630676
0.11635797858
0.118773127492
0.12123354986
0.123738656365
0.126287786969
0.128880201373
0.131515068876
0.13419145763
0.136908323315
0.139664497234
0.142458673858
0.145289397846
0.148155050605
0.151053836416
0.153983768244
0.156942653291
0.159928078428
0.162937395647
0.165967707697
0.169015854106
0.172078397827
0.17515161277
0.178231472527
0.18131364065
0.184393462841
0.187465961506
0.190525833104
0.193567448802
0.196584858933
0.199571801784
0.202521717241
0.205427765791
0.20828285335
0.211079662327
0.213810689234
0.216468289052
0.219044726406
0.221532233421
0.223923073958
0.226209613652
0.228384394996
0.230440216407
0.232370214015
0.234167944643
0.235827468312
0.237343428382
0.238711127421
0.239926596835
0.240986658362
0.241888975696
0.242632094703
0.243215471024
0.243639484194
0.243905437834
0.244015545883
0.243972905296
0.243781456002
0.243445929333
0.242971786394
0.242365148111
0.241632718838
0.240781705456
0.23981973392
0.238754765095
0.237595011603
0.2363488572
0.235024779981
0.233631280464
0.232176815374
0.230669737673
0.2291182432
0.22753032403
0.225913728527
0.224275927895
0.222624088911
0.220965052454
0.219305317354
0.217651029061
0.216007972628
0.214381569464
0.21277687736
0.211198593301
0.209651058602
0.208138265949
0.20666386796
0.205231186932
0.203843225454
0.202502677642
0.201211940749
0.199973126975
0.198788075295
0.197658363198
0.196585318201
0.19557002908
0.194613356729
0.193715944628
0.192878228864
0.192100447701
0.191382650683
0.190724707288
0.190126315116
0.189587007659
0.189106161648
0.188683004022
0.188316618538
0.188005952055
0.187749820537
0.187546914796
0.187395806025
0.187294951147
0.187242698029
0.187237290596
0.187276873875
0.187359499012
0.187483128303
0.187645640264
0.187844834772
0.188078438323
0.188344109418
0.188639444115
0.188961981762
0.189309210948
0.189678575661
0.1900674817
0.190473303324
0.190893390157
0.191325074343
0.191765677953
0.192212520629
0.192662927455
0.19311423703
0.193563809728
0.194009036099
0.194447345399
0.19487621418
0.195293174928
0.19569582467
0.196081833521
0.196448953107
0.196795024805
0.197117987745
0.197415886519
0.197686878529
0.197929240925
0.198141377078
0.198321822525
0.198469250358
0.19858247599
0.198660461284
0.198702317995
0.198707310511
0.198674857875
0.198604535069
0.198496073572
0.198349361187
0.198164441151
0.19794151055
0.197680918065
0.19738316108
0.197048882188
0.196678865148
0.196274030317
0.195835429633
0.195364241181
0.194861763404
0.194329409006
0.193768698612
0.193181254218
0.192568792502
0.191933118032
0.191276116415
0.190599747441
0.189906038252
0.189197076569
0.188475004021
0.18774200959
0.187000323206
0.186252209505
0.185499961774
0.184745896084
0.183992345636
0.183241655312
0.182496176443
0.181758261787
0.181030260726
0.180314514665
0.179613352634
0.178929087085
0.178264009871
0.177620388398
0.177000461933
0.176406438064
0.175840489284
0.175304749696
0.174801311817
0.174332223459
0.173899484684
0.173505044795
0.173150799362
0.172838587256
0.17257018767
0.172347317109
0.172171626329
0.172044697207
0.171968039507
0.171943087542
0.17197119669
0.172053639751
0.172191603122
0.172386182765
0.172638379943
0.172949096705
0.173319131097
0.173749172071
0.174239794072
0.174791451293
0.175404471555
0.176079049817
0.176815241292
0.177612954149
0.178471941802
0.179391794784
0.180371932189
0.181411592716
0.182509825312
0.183665479446
0.184877195057
0.186143392215
0.18746226057
0.188831748669
0.190249553244
0.191713108592
0.193219576199
0.194765834785
0.196348470967
0.197963770775
0.199607712302
0.201275959754
0.202963859265
0.204666436817
0.206378398647
0.208094134583
0.209807724699
0.211512949747
0.213203305805
0.214872023522
0.21651209238
0.21811629027
0.219677218644
0.221187343398
0.222639041513
0.224024653347
0.225336540296
0.22656714736
0.22770906997
0.228755124194
0.229698419299
0.230532431384
0.231251076724
0.231848783273
0.232320558724
0.232662053502
0.232869617098
0.232940346253
0.232872123674
0.232663646203
0.232314441609
0.23182487354
0.231196134482
0.230430226921
0.229529933288
0.228498775531
0.22734096545
0.226061347172
0.224665333259
0.223158836059
0.221548195944
0.219840108012
0.218041548775
0.216159704208
0.21420190037
0.212175537612
0.210088029209
0.207946745026
0.205758960652
0.203531812255
0.201272257229
0.198987040595
0.196682666974
0.194365377877
0.192041133962
0.189715601887
0.18739414534
0.185081819803
0.182783370633
0.180503234025
0.178245540455
0.176014120224
0.173812510743
0.17164396524
0.169511462598
0.167417718067
0.165365194614
0.163356114725
0.161392472475
0.159476045738
0.157608408394
0.155790942461
0.154024850039
0.152311165026
0.150650764546
0.149044380042
0.147492608019
0.145995920412
0.144554674561
0.143169122797
0.141839421624
0.140565640515
0.139347770311
0.138185731236
0.137079380544
0.136028519793
0.135032901762
0.13409223703
0.133206200207
0.132374435845
0.131596564031
0.130872185663
0.130200887429
0.12958224649
0.129015834873
0.128501223576
0.128037986403
0.127625703511
0.1272639647
0.126952372426
0.126690544547
0.126478116819
0.126314745118
0.126200107412
0.126133905478
0.126115866362
0.126145743596
0.126223318162
0.126348399214
0.126520824563
0.126740460922
0.127007203922
0.127320977902
0.127681735476
0.128089456886
0.128544149152
0.129045845007
0.129594601657
0.130190499339
0.13083363971
0.131524144063
0.13226215139
0.133047816282
0.133881306701
0.134762801614
0.135692488505
0.136670560774
0.137697215043
0.138772648356
0.139897055312
0.141070625111
0.142293538552
0.143565964966
0.144888059115
0.146259958053
0.147681777964
0.149153610986
0.150675522036
0.152247545627
0.153869682714
0.155541897559
0.157264114629
0.159036215544
0.16085803608
0.162729363241
0.164649932412
0.1666194246
0.168637463792
0.17070361442
0.172817378972
0.174978195749
0.17718543679
0.179438405985
0.181736337385
0.184078393746
0.186463665301
0.188891168812
0.19135984689
0.193868567635
0.196416124596
0.199001237082
0.201622550843
0.204278639142
0.206968004235
0.209689079277
0.212440230665
0.215219760845
0.21802591156
0.220856867579
0.223710760883
0.226585675308
0.22947965163
0.232390693083
0.235316771271
0.23825583244
0.241205804086
0.244164601816
0.247130136434
0.250100321158
0.253073078913
0.256046349592
0.25901809721
0.261986316845
0.26494904126
0.267904347095
0.270850360523
0.273785262248
0.276707291746
0.279614750618
0.282506004968
0.285379486703
0.288233693657
0.291067188471
0.293878596154
0.296666600286
0.299429937811
0.302167392421
0.304877786523
0.307559971808
0.31021281848
0.31283520319
0.315425995781
0.317984044933
0.320508162848
0.322997109132
0.325449574025
0.327864161201
0.330239370323
0.332573579613
0.334865028668
0.33711180181
0.339311812252
0.341462787387
0.34356225552
0.345607534386
0.347595721782
0.349523688671
0.351388075117
0.353185289384
0.354911510538
0.356562694879
0.358134586474
0.359622732038
0.361022500366
0.362329106423
0.363537640151
0.364643099924
0.365640430522
0.366524565312
0.367290472265
0.367933203257
0.368447945999
0.368830077798
0.369075220239
0.369179293795
0.36913857127
0.368949728968
0.368609894439
0.368116689714
0.367468268981
0.36666334979
0.365701237002
0.364581838886
0.363305674962
0.361873875433
0.360288172243
0.358550882051
0.356664881617
0.354633576266
0.352460862291
0.35015108425
0.347708988207
0.345139672016
0.342448533751
0.339641219346
0.336723570451
0.333701573436
0.33058131033
0.327368912398
0.32407051691
0.320692227526
0.317240078599
0.31372000358
0.310137807592
0.306499144162
0.302809495989
0.299074159594
0.295298233627
0.291486610554
0.287643971452
0.283774783595
0.279883300522
0.27597356427
0.272049409487
0.268114469096
0.264172181281
0.260225797502
0.256278391318
0.252332867807
0.248391973384
0.24445830585
0.24053432452
0.236622360296
0.232724625591
0.228843223984
0.22498015955
0.221137345793
0.217316614129
0.213519721892
0.209748359826
0.206004159053
0.202288697496
0.19860350578
0.194950072579
0.191329849459
0.187744255199
0.184194679627
0.180682486987
0.177209018857
0.173775596655
0.170383523744
0.167034087179
0.163728559114
0.160468197907
0.15725424894
0.15408794519
0.150970507583
0.147903145135
0.144887054938
0.141923421981
0.139013418858
0.136158205363
0.133358927998
0.130616719419
0.127932697829
0.125307966326
0.122743612244
0.120240706466
0.117800302752
0.11542343706
0.113111126897
0.110864370688
0.108684147171
0.106571414826
0.104527111349
0.10255215315
0.100647434907
0.0988138291508
0.0970521858977
0.0953633323221
0.0937480724703
0.0922071870138
0.0907414330418
0.0893515438877
0.0880382289915
0.0868021737922
0.0856440396489
0.0845644637887
0.0835640592756
0.0826434150015
0.0818030956922
0.0810436419284
0.0803655701768
0.0797693728296
0.0792555182485
0.0788244508108
0.0784765909546
0.0782123352211
0.0780320562897
0.0779361030057
0.0779248003957
0.0779984496706
0.0781573282126
0.0784016895445
0.0787317632795
0.0791477550494
0.0796498464095
0.0802381947189
0.080912932994
0.0816741697342
0.0825219887188
0.0834564487732
0.0844775835037
0.0855854010002
0.0867798835052
0.0880609870493
0.0894286410514
0.0908827478844
0.0924231824049
0.0940497914468
0.0957623932793
0.0975607770286
0.0994447020633
0.101413897344
0.103468060737
0.105606858295
0.107829923498
0.110136856467
0.112527223138
0.115000554412
0.117556345263
0.120194053826
0.122913100453
0.125712866739
0.128592694528
0.131551884888
0.134589697072
0.137705347454
0.140898008442
0.144166807387
0.14751082546
0.15092909653
0.154420606027
0.157984289786
0.161619032895
0.165323668528
0.169096976771
0.172937683448
0.176844458931
0.180815916953
0.184850613405
0.188947045131
0.193103648704
0.197318799192
0.201590808902
0.205917926102
0.210298333707
0.214730147935
0.21921141691
0.223740119211
0.22831416236
0.232931381221
0.237589536316
0.242286312039
0.247019314737
0.251786070672
0.25658402382
0.261410533512
0.26626287189
0.271138221167
0.276033670676
0.280946213702
0.285872744083
0.29081005257
0.295754822966
0.300703628012
0.305652925077
0.310599051621
0.3155382205
0.320466515124
0.325379884521
0.330274138374
0.335144942097
0.339987812038
0.344798110918
0.349571043617
0.354301653452
0.358984819087
0.363615252263
0.368187496506
0.372695927043
0.377134752105
0.381498015857
0.385779603182
0.389973246523
0.394072535032
0.398070926217
0.401961760289
0.405738277372
0.409393637706
0.412920944939
0.416313272535
0.419563693279
0.422665311778
0.425611299806
0.428394934219
0.431009637131
0.433449017923
0.435706916594
0.43777744789
0.439655045577
0.441334506181
0.44281103148
0.444080269025
0.445138349968
0.44598192351
0.44660818733
0.447014913437
0.447200468961
0.44716383153
0.44690459898
0.446422993286
0.445719858714
0.444796654336
0.443655441151
0.442298864174
0.440730129932
0.438952979878
0.436971660302
0.434790889319
0.432415821551
0.429852011104
0.42710537342
0.424182146546
0.421088852327
0.417832257958
0.414419338305
0.4108572393
0.40715324272
0.403314732529
0.399349162983
0.395264028603
0.391066836089
0.386765078236
0.382366209838
0.377877625596
0.373306639967
0.368660468924
0.363946213557
0.359170845442
0.354341193706
0.349463933694
0.344545577172
0.339592463953
0.334610754891
0.329606426123
0.324585264505
0.319552864135
0.314514623897
0.309475745929
0.304441234966
0.299415898447
0.294404347344
0.289410997625
0.284440072301
0.279495603971
0.274581437828
0.269701235052
0.264858476547
0.260056466964
0.255298338965
0.250587057688
0.245925425361
0.241316086045
0.236761530455
0.232264100835
0.227825995857
0.223449275525
0.21913586605
0.214887564685
0.210706044496
0.206592859059
0.202549447068
0.198577136842
0.194677150722
0.190850609349
0.187098535824
0.183421859737
0.179821421064
0.176297973935
0.172852190271
0.169484663277
0.166195910817
0.162986378649
0.159856443536
0.156806416233
0.153836544349
0.150947015097
0.148137957927
0.145409447055
0.142761503884
0.140194099332
0.137707156068
0.135300550655
0.132974115621
0.130727641446
0.128560878488
0.126473538837
0.124465298118
0.122535797239
0.120684644089
0.118911415203
0.117215657386
0.115596889307
0.114054603071
0.112588265768
0.111197321009
0.109881190453
0.108639275324
0.107470957925
0.106375603165
0.105352560074
0.104401163338
0.103520734845
0.102710585237
0.101970015484
0.101298318468
0.100694780594
0.10015868341
0.0996893052459
0.0992859228773
0.0989478131947
0.0986742548942
0.0984645301763
0.098317926455
0.0982337380701
0.0982112680016
0.0982498295783
0.0983487481767
0.0985073629033
0.0987250282534
0.0990011157388
0.0993350154763
0.0997261377286
0.100173914387
0.10067780039
0.101237275059
0.101851843351
0.102521037014
0.103244415624
0.104021567508
0.104852110526
0.105735692715
0.106671992767
0.107660720336
0.10870161617
0.109794452037
0.110939030446
0.112135184153
0.113382775419
0.114681695041
0.116031861109
0.117433217504
0.118885732102
0.120389394697
0.121944214609
0.123550217971
0.125207444695
0.126915945084
0.128675776096
0.130486997237
0.132349666074
0.134263833353
0.136229537711
0.138246799968
0.140315616986
0.14243595508
0.144607742962
0.146830864226
0.149105149329
0.15143036708
0.153806215623
0.156232312892
0.158708186543
0.161233263356
0.163806858102
0.166428161891
0.169096229991
0.171809969167
0.174568124533
0.177369265986
0.180211774258
0.183093826654
0.186013382567
0.188968168881
0.191955665374
0.194973090305
0.198017386349
0.201085207117
0.2041729045
0.207276517153
0.210391760434
0.213514018171
0.216638336683
0.2197594215
0.22287163725
0.225969011247
0.229045241286
0.232093708191
0.23510749362
0.238079403628
0.241001998419
0.243867628637
0.246668478445
0.249396615502
0.252044047767
0.254602786875
0.257064917609
0.259422672732
0.2616685122
0.263795205552
0.265795915981
0.26766428443
0.269394511863
0.270981437768
0.272420612877
0.273708364182
0.274841850383
0.275819106163
0.276639073957
0.277301622204
0.277807549534
0.278158574711
0.278357312656
0.278407237242
0.278312631995
0.27807853013
0.277710645617
0.277215297169
0.276599327114
0.275870017145
0.275035002848
0.274102188817
0.273079665943
0.271975632267
0.270798318535
0.269555919335
0.268256530468
0.266908092928
0.265518343713
0.264094773426
0.262644590545
0.261174692047
0.25969164001
0.258201643745
0.256710546945
0.255223819331
0.25374655228
0.252283457887
0.250838870999
0.249416753725
0.248020702011
0.246653953868
0.245319398925
0.244019588981
0.242756749285
0.241532790329
0.240349319943
0.239207655532
0.238108836334
0.23705363558
0.236042572493
0.235075924045
0.234153736457
0.23327583639
0.232441841849
0.231651172764
0.230903061296
0.230196561853
0.229530560867
0.228903786342
0.228314817217
0.22776209258
0.227243920755
0.226758488322
0.226303869087
0.22587803304
0.225478855348
0.225104125394
0.224751555899
0.224418792148
0.224103421342
0.223802982074
0.223514973961
0.223236867402
0.222966113491
0.222700154046
0.22243643175
0.222172400379
0.221905535081
0.221633342675
0.221353371924
0.221063223727
0.220760561196
0.220443119535
0.220108715685
0.219755257652
0.219380753464
0.2189833197
0.218561189504
0.218112720048
0.217636399373
0.217130852555
0.216594847154
0.216027297897
0.215427270571
0.214793985089
0.214126817723
0.213425302487
0.212689131679
0.211918155591
0.211112381395
0.21027197126
0.209397239703
0.208488650243
0.207546811402
0.206572472095
0.205566516493
0.204529958396
0.203463935203
0.202369701534
0.201248622569
0.200102167182
0.198931900918
0.197739478883
0.196526638603
0.195295192907
0.194047022879
0.192784070925
0.191508334
0.190221857015
0.188926726469
0.187625064322
0.186319022125
0.185010775429
0.183702518477
0.182396459182
0.181094814408
0.179799805532
0.178513654299
0.177238578953
0.175976790641
0.174730490077
0.173501864451
0.172293084572
0.171106302233
0.16994364777
0.168807227818
0.16769912323
0.166621387151
0.165576043232
0.164565083962
0.163590469103
0.162654124218
0.161757939259
0.160903767231
0.160093422869
0.159328681369
0.158611277104
0.157942902346
0.15732520597
0.156759792111
0.156248218777
0.155791996394
0.155392586267
0.155051398942
0.154769792451
0.15454907043
0.154390480082
0.154295209972
0.154264387636
0.154299076988
0.154400275488
0.154568911075
0.154805838816
0.155111837273
0.155487604542
0.155933753956
0.156450809412
0.157039200312
0.157699256074
0.158431200199
0.159235143863
0.160111079002
0.161058870878
0.162078250083
0.163168803981
0.164329967549
0.165561013617
0.166861042492
0.168228970961
0.169663520688
0.171163206009
0.172726321168
0.174350927028
0.176034837323
0.177775604533
0.179570505498
0.181416526885
0.183310350708
0.185248340069
0.187226525393
0.189240591419
0.191285865292
0.193357306134
0.195449496521
0.197556636344
0.199672539595
0.201790634626
0.203903968509
0.206005216122
0.208086694593
0.210140383752
0.212157953171
0.214130796346
0.216050072454
0.217906756001
0.219691694502
0.221395674144
0.223009493099
0.224524041935
0.225930390224
0.227219878164
0.228384211706
0.229415559402
0.230306648912
0.231050860943
0.231642318245
0.23207596727
0.232347650181
0.232454165057
0.232393312459
0.232163926856
0.231765891926
0.231200139218
0.230468630227
0.229574322479
0.228521120715
0.22731381472
0.225958005718
0.224460023514
0.222826836709
0.221065958417
0.219185349798
0.217193323656
0.215098450089
0.21290946595
0.210635189563
0.208284441844
0.20586597464
0.203388406838
0.200860168502
0.198289453047
0.195684177305
0.19305194912
0.190400042029
0.187735376463
0.18506450688
0.182393614189
0.179728502811
0.177074601773
0.174436969218
0.17182029977
0.169228934239
0.166666871192
0.164137779964
0.161645014749
0.159191629432
0.156780392896
0.154413804563
0.152094109966
0.149823316199
0.147603207106
0.145435358108
0.143321150582
0.14126178573
0.139258297909
0.137311567361
0.135422332365
0.133591200768
0.131818660914
0.130105091975
0.128450773688
0.126855895522
0.125320565287
0.123844817205
0.122428619461
0.121071881268
0.119774459443
0.11853616455
0.117356766586
0.116236000283
0.115173569991
0.114169154209
0.113222409742
0.112332975533
0.111500476161
0.110724525033
0.110004727281
0.109340682377
0.108731986474
0.108178234491
0.107679021951
0.107233946576
0.106842609655
0.106504617199
0.10621958087
0.105987118723
0.105806855747
0.105678424214
0.10560146386
0.105575621882
0.105600552782
0.10567591805
0.105801385692
0.105976629629
0.106201328946
0.106475167031
0.106797830583
0.107169008513
0.107588390746
0.108055666921
0.108570525013
0.10913264987
0.10974172169
0.110397414431
0.111099394174
0.111847317448
0.112640829521
0.113479562669
0.114363134448
0.115291145946
0.116263180068
0.11727879983
0.118337546695
0.119438938958
0.120582470184
0.121767607728
0.122993791328
0.124260431812
0.125566909907
0.126912575175
0.128296745098
0.129718704304
0.131177703975
0.132672961429
0.134203659903
0.135768948545
0.137367942629
0.138999724014
0.140663341837
0.142357813483
0.144082125814
0.145835236681
0.147616076722
0.149423551448
0.151256543631
0.153113915977
0.154994514103
0.156897169796
0.158820704554
0.160763933402
0.162725668951
0.164704725707
0.166699924583
0.168710097601
0.170734092749
0.172770778957
0.174819051156
0.176877835372
0.178946093814
0.181022829896
0.183107093154
0.18519798399
0.187294658186
0.189396331133
0.191502281716
0.193611855779
0.195724469134
0.197839610028
0.199956841028
0.202075800268
0.204196201988
0.206317836342
0.208440568411
0.21056433639
0.212689148913
0.214815081482
0.216942271984
0.219070915272
0.221201256794
0.223333585272
0.225468224409
0.227605523655
0.229745848002
0.231889566846
0.23403704192
0.23618861431
0.238344590575
0.240505228009
0.242670719044
0.244841174852
0.247016608159
0.249196915318
0.251381857689
0.253571042368
0.255763902332
0.257959676077
0.260157386819
0.262355821382
0.264553508881
0.266748699363
0.268939342564
0.271123067018
0.273297159745
0.275458546829
0.277603775203
0.279728996058
0.28182995029
0.283901956518
0.285939902188
0.287938238403
0.289890979116
0.291791705376
0.293633575338
0.295409340764
0.297111370698
0.29873168297
0.300261984084
0.30169371793
0.303018123593
0.304226302293
0.305309293281
0.306258158162
0.30706407282
0.307718425761
0.308212921311
0.308539685774
0.308691374345
0.308661276291
0.308443415765
0.308032645523
0.307424730857
0.306616421227
0.305605507354
0.304390861964
0.302972462852
0.301351397542
0.299529849431
0.297511065936
0.295299309766
0.292899794961
0.290318609816
0.287562629102
0.28463941822
0.281557132009
0.278324410877
0.274950276788
0.271444031383
0.267815158261
0.264073231044
0.260227828542
0.256288457947
0.252264486658
0.248165083014
0.243999165948
0.239775363354
0.235501978752
0.231186965724
0.226837909473
0.222462014818
0.218066099887
0.21365659479
0.209239544547
0.204820615614
0.200405105354
0.195997953884
0.191603757786
0.187226785189
0.182870991852
0.178540037864
0.174237304674
0.169965912206
0.165728735833
0.161528423048
0.157367409704
0.153247935698
0.149172060036
0.145141675214
0.141158520875
0.13722419672
0.133340174668
0.129507810255
0.125728353285
0.122002957761
0.118332691095
0.114718542639
0.11116143156
0.10766221409
0.104221690177
0.100840609578
0.0975196774185
0.0942595592585
0.0910608856874
0.087924256485
0.0848502443772
0.0818393984139
0.0788922469975
0.0760093005892
0.0731910541158
0.0704379891037
0.0677505755601
0.0651292736243
0.0625745350075
0.0600868042415
0.0576665197518
0.0553141147732
0.0530300181216
0.0508146548374
0.048668446712
0.0465918127111
0.044585169305
0.0426489307166
0.0407835090952
0.0389893146278
0.0372667555914
0.0356162383582
0.0340381673559
0.0325329449919
0.0311009715458
0.0297426450341
0.0284583610529
0.0272485126009
0.0261134898866
0.0250536801233
0.0240694673125
0.0231612320201
0.0223293511454
0.0215741976855
0.0208961404956
0.0202955440466
0.0197727681808
0.0193281678656
0.0189620929458
0.0186748878949
0.018466891565
0.0183384369344
0.0182898508544
0.0183214537925
0.0184335595723
0.0186264751104
0.0189005001474
0.0192559269731
0.019693040145
0.0202121161984
0.0208134233466
0.021497221171
0.0222637602977
0.0231132820608
0.0240460181503
0.0250621902415
0.0261620096066
0.0273456767044
0.0286133807463
0.0299652992385
0.0314015974947
0.0329224281208
0.0345279304658
0.0362182300382
0.0379934378849
0.0398536499285
0.041798946262
0.0438293903954
0.0459450284524
0.048145888313
0.0504319786975
0.052803288189
0.055259784189
0.0578014118017
0.0604280926427
0.0631397235655
0.0659361753014
0.0688172910062
0.071782884707
0.0748327396429
0.0779666064921
0.0811842014767
0.0844852043385
0.0878692561751
0.0913359571277
0.0948848639107
0.0985154871713
0.102227288668
0.106019678257
0.109892010669
0.113843582068
0.117873626378
0.12198131135
0.126165734368
0.130425917973
0.134760805077
0.139169253862
0.143650032328
0.148201812493
0.152823164199
0.157512548515
0.162268310724
0.167088672848
0.17197172572
0.176915420559
0.181917560045
0.186975788864
0.19208758373
0.197250242848
0.20246087484
0.207716387112
0.213013473696
0.218348602563
0.223718002456
0.229117649281
0.23454325212
0.239990238949
0.245453742167
0.25092858407
0.256409262433
0.26188993639
0.26736441287
0.272826133844
0.278268164723
0.28368318428
0.28906347652
0.294400924982
0.299687009989
0.304912809451
0.310069003817
0.315145885843
0.320133375853
0.325021043162
0.329798134326
0.33445360883
0.338976182727
0.343354380666
0.347576596542
0.351631162841
0.355506428487
0.359190844735
0.362673058342
0.365942010915
0.368987042993
0.371798001104
0.374365345719
0.376680257797
0.378734741403
0.380521719837
0.382035122672
0.383269961284
0.384222390654
0.384889755619
0.38527062018
0.385364779003
0.385173250851
0.384698254233
0.383943166164
0.38291246543
0.381611662195
0.380047216147
0.378226445585
0.376157429995
0.37384890864
0.371310177603
0.368550987544
0.365581444152
0.362411913006
0.359052930214
0.355515119878
0.351809119098
0.347945510962
0.343934765655
0.339787189647
0.335512882684
0.331121702198
0.326623234614
0.322026772993
0.317341300363
0.312575478135
0.307737638944
0.302835783329
0.297877579657
0.292870366784
0.287821158943
0.282736652443
0.277623233783
0.272486988856
0.267333712931
0.262168921193
0.256997859613
0.251825515979
0.246656630956
0.241495709038
0.236347029332
0.23121465608
0.226102448868
0.221014072501
0.2159530065
0.210922554207
0.205925851501
0.200965875111
0.196045450531
0.191167259554
0.18633384742
0.181547629603
0.176810898242
0.172125828238
0.167494483021
0.16291882002
0.158400695832
0.153941871119
0.14954401524
0.145208710641
0.140937456998
0.136731675158
0.132592710851
0.128521838218
0.124520263148
0.120589126441
0.116729506802
0.112942423681
0.109228839965
0.105589664527
0.10202575464
0.0985379182786
0.0951269162808
0.0917934644146
0.0885382353279
0.0853618603992
0.0822649314912
0.0792480026123
0.0763115914899
0.0734561810612
0.0706822208828
0.0679901284656
0.0653802905364
0.0628530642304
0.0604087782178
0.0580477337659
0.0557702057424
0.0535764435587
0.0514666720592
0.0494410923565
0.0474998826155
0.0456431987896
0.0438711753088
0.0421839257232
0.0405815433041
0.0390641016027
0.0376316549697
0.0362842390369
0.0350218711621
0.0338445508394
0.0327522600756
0.0317449637351
0.0308226098537
0.0299851299234
0.0292324391492
0.0285644366787
0.0279810058074
0.027482014158
0.0270673138388
0.026736741578
0.026490118839
0.0263272519152
0.026247932006
0.0262519352763
0.0263390228983
0.0265089410783
0.0267614210691
0.0270961791682
0.0275129167029
0.0280113200044
0.0285910603685
0.0292517940074
0.0299931619897
0.030814790171
0.0317162891148
0.0326972540035
0.0337572645402
0.03489588484
0.0361126633121
0.0374071325297
0.0387788090889
0.0402271934541
0.041751769789
0.043352005771
0.0450273523867
0.0467772437057
0.04860109663
0.0504983106142
0.0524682673532
0.0545103304317
0.0566238449306
0.0588081369826
0.0610625132715
0.0633862604659
0.0657786445785
0.0682389102422
0.0707662798903
0.0733599528308
0.0760191042
0.0787428837826
0.0815304146822
0.0843807918253
0.0872930802818
0.0902663133834
0.0932994906176
0.0963915752786
0.099541491851
0.102748123104
0.106010306869
0.109326832485
0.112696436869
0.116117800204
0.119589541213
0.123110211986
0.126678292351
0.130292183755
0.133950202641
0.137650573308
0.141391420229
0.145170759844
0.148986491795
0.15283638965
0.156718091092
0.160629087644
0.164566713937
0.168528136603
0.172510342859
0.176510128885
