-0.0
0.00378830242071
0.0151161450857
0.0338654455384
0.0598162038205
0.0926113052835
0.131708098357
0.176321971158
0.225375508161
0.277479050532
0.330978837393
0.384103372368
0.435202660155
0.483016989102
0.526876224438
0.566754614466
0.603167356915
0.636951994037
0.668997693134
0.699915053341
0.729693504085
0.758031987575
0.78588905694
0.816614252643
0.856197413425
0.912084159258
0.983817892387
1.0327233579
1.01188220181
0.891173211193
0.772459432416
0.68166216313
0.608841130389
0.545669892384
0.4869753592
0.430641869369
0.376906384666
0.327080225545
0.282456584479
0.243810965094
0.21135267009
0.184860120643
0.163842178389
0.147672638379
0.135691438261
0.12727698683
0.121893479225
0.119115977748
0.118636048782
0.120250163267
0.123831707299
0.129288331212
0.136513000696
0.145348800152
0.15559654453
0.167087044134
0.179805123727
0.193998163716
0.210165056178
0.228838278152
0.250130725755
0.273098621264
0.295174803346
0.312417377261
0.321508186158
0.322632871918
0.320077574623
0.319828074469
0.327258678801
0.346728654274
0.382537404845
0.440836769277
0.53398195342
0.688906892712
0.825838843189
0.773903487451
0.60378215593
0.485533377907
0.410508598382
0.359597830453
0.324302481385
0.300056068605
0.284022636826
0.27422862419
0.269162581091
0.267567096165
0.268319950277
0.270365142799
0.272680826045
0.274278987253
0.274232821068
0.271735537605
0.266208578746
0.25746945884
0.245911253876
0.232576980762
0.219033662505
0.207078147912
0.198407965358
0.194363232994
0.195741769268
0.202607986598
0.214001251952
0.227546116033
0.239292668542
0.244578489446
0.2402904338
0.226906789706
0.208048388944
0.188135796723
0.17061337064
0.157593238735
0.150224110752
0.149136147287
0.154764026695
0.167568688667
0.18822640577
0.217858867403
0.258404650195
0.313348991819
0.38944732625
0.501262554916
0.662696054623
0.729811801909
0.72597821705
0.565695559966
0.449840178952
0.376281388714
0.325021482104
0.286591112641
0.255862698798
0.230024742529
0.207848865421
0.189193792358
0.174517594756
0.164459783377
0.15957445224
0.160215214017
0.166518279916
0.178426089061
0.195711102615
0.217972061004
0.244573197406
0.2744798376
0.305926617677
0.335913249698
0.359848095742
0.372257549162
0.369217171079
0.350927111472
0.321634698706
0.286925411903
0.251277871679
0.217460032358
0.187002559404
0.160782489612
0.139396920801
0.123340671328
0.113063853698
0.108968533509
0.111379158994
0.120503884761
0.136396289841
0.158931949869
0.187835081127
0.222826055762
0.263996221273
0.312532233826
0.371966206247
0.450515606924
0.564162569953
0.671970089549
0.663984153984
0.627482057504
0.489801490059
0.377438582584
0.299713393034
0.244888157263
0.206557639764
0.181252570439
0.166883929798
0.162038567408
0.165619058703
0.176619141467
0.193936952131
0.216158812148
0.241259281864
0.266236122218
0.286967584421
0.299014740252
0.299708454832
0.289903459578
0.273488480962
0.255258826642
0.23905655784
0.227163212952
0.220544459938
0.219257848186
0.222736224009
0.229938066651
0.239430355574
0.249475051445
