-0.0
4.43300100673e-07
1.77319995647e-06
3.98969823807e-06
7.09279273575e-06
1.10824803441e-05
1.59587570765e-05
2.17216180649e-05
2.83710575434e-05
3.59070688694e-05
4.43296445133e-05
5.3638776053e-05
6.38344541854e-05
7.491666872e-05
8.68854085749e-05
9.97406617806e-05
0.000113482415488
0.000128110655956
0.000143625368547
0.000160026537749
0.000177314147151
0.000195488179462
0.000214548616489
0.000234495439158
0.000255328627511
0.00027704816068
0.000299654016928
0.000323146173611
0.000347524607201
0.000372789293277
0.000398940206521
0.000425977320729
0.000453900608794
0.000482710042721
0.000512405593623
0.000542987231709
0.000574454926296
0.000606808645813
0.000640048357774
0.000674174028814
0.000709185624652
0.000745083110125
0.000781866449158
0.000819535604779
0.000858090539112
0.000897531213389
0.00093785758793
0.00097906962215
0.00102116727457
0.00106415050279
0.00110801926352
0.00115277351257
0.0011984132048
0.00124493829421
0.00129234873387
0.00134064447594
0.00138982547166
0.00143989167137
0.00149084302451
0.00154267947958
0.00159540098417
0.00164900748496
0.00170349892772
0.00175887525728
0.00181513641757
0.00187228235161
0.00193031300145
0.00198922830827
0.0020490282123
0.00210971265285
0.00217128156831
0.00223373489612
0.00229707257284
0.00236129453403
0.00242640071439
0.00249239104763
0.00255926546657
0.00262702390307
0.00269566628806
0.00276519255153
0.00283560262254
0.0029068964292
0.00297907389868
0.00305213495722
0.00312607953009
0.00320090754163
0.00327661891525
0.00335321357337
0.0034306914375
0.00350905242817
0.00358829646496
0.00366842346652
0.00374943335051
0.00383132603366
0.0039141014317
0.00399775945946
0.00408230003076
0.00416772305848
0.0042540284545
0.00434121612977
0.00442928599425
0.00451823795693
0.00460807192584
0.00469878780802
0.00479038550953
0.00488286493547
0.00497622598996
0.00507046857612
0.00516559259607
0.005261597951
0.00535848454108
0.00545625226546
0.00555490102235
0.00565443070898
0.00575484122148
0.0058561324551
0.00595830430403
0.00606135666147
0.00616528941963
0.00627010246969
0.00637579570185
0.00648236900527
0.00658982226813
0.00669815537757
0.00680736821972
0.00691746067971
0.00702843264163
0.00714028398856
0.00725301460253
0.00736662436458
0.0074811131547
0.00759648085185
0.00771272733395
0.00782985247791
0.00794785615957
0.00806673825374
0.0081864986342
0.00830713717367
0.00842865374382
0.00855104821529
0.00867432045764
0.0087984703394
0.00892349772803
0.00904940248994
0.00917618449045
0.00930384359384
0.00943237966333
0.00956179256104
0.00969208214805
0.00982324828434
0.00995529082881
0.0100882096393
0.0102220045726
0.0103566754843
0.010492222229
0.0106286446602
0.0107659426303
0.0109041159906
0.0110431645912
0.0111830882813
0.0113238869088
0.0114655603207
0.0116081083626
0.0117515308793
0.0118958277143
0.0120409987099
0.0121870437076
0.0123339625475
0.0124817550686
0.0126304211088
0.0127799605049
0.0129303730926
0.0130816587064
0.0132338171796
0.0133868483445
0.0135407520321
0.0136955280723
0.0138511762939
0.0140076965245
0.0141650885906
0.0143233523173
0.014482487529
0.0146424940483
0.0148033716972
0.0149651202963
0.0151277396649
0.0152912296212
0.0154555899824
0.0156208205641
0.0157869211812
0.0159538916471
0.016121731774
0.0162904413729
0.0164600202538
0.0166304682252
0.0168017850946
0.0169739706682
0.017147024751
0.0173209471467
0.0174957376579
0.0176713960859
0.0178479222307
0.0180253158911
0.0182035768649
0.0183827049482
0.0185626999363
0.0187435616229
0.0189252898006
0.0191078842608
0.0192913447935
0.0194756711875
0.0196608632304
0.0198469207083
0.0200338434063
0.0202216311081
0.020410283596
0.0205998006511
0.0207901820534
0.0209814275812
0.0211735370119
0.0213665101213
0.0215603466841
0.0217550464735
0.0219506092615
0.0221470348188
0.0223443229147
0.0225424733172
0.022741485793
0.0229413601074
0.0231420960244
0.0233436933067
0.0235461517155
0.0237494710107
0.0239536509511
0.0241586912937
0.0243645917945
0.024571352208
0.0247789722872
0.0249874517839
0.0251967904485
0.0254069880299
0.0256180442756
0.025829958932
0.0260427317437
0.0262563624542
0.0264708508054
0.0266861965379
0.0269023993908
0.0271194591018
0.0273373754072
0.027556148042
0.0277757767394
0.0279962612316
0.028217601249
0.0284397965208
0.0286628467746
0.0288867517366
0.0291115111315
0.0293371246826
0.0295635921116
0.0297909131389
0.0300190874834
0.0302481148623
0.0304779949916
0.0307087275856
0.0309403123571
0.0311727490176
0.0314060372768
0.0316401768432
0.0318751674235
0.0321110087231
0.0323477004457
0.0325852422936
0.0328236339675
0.0330628751666
0.0333029655884
0.033543904929
0.033785692883
0.0340283291433
0.0342718134012
0.0345161453466
0.0347613246677
0.0350073510512
0.0352542241822
0.035501943744
0.0357505094186
0.0359999208863
0.0362501778257
0.0365012799138
0.0367532268262
0.0370060182367
0.0372596538174
0.0375141332388
0.03776945617
0.0380256222782
0.038282631229
0.0385404826864
0.0387991763127
0.0390587117685
0.039319088713
0.0395803068032
0.039842365695
0.0401052650422
0.0403690044971
0.0406335837102
0.0408990023305
0.041165260005
0.0414323563791
0.0417002910967
0.0419690637997
0.0422386741284
0.0425091217212
0.0427804062151
0.043052527245
0.0433254844443
0.0435992774444
0.0438739058752
0.0441493693647
0.0444256675391
0.0447028000228
0.0449807664386
0.0452595664073
0.0455391995481
0.0458196654781
0.0461009638129
0.0463830941662
0.0466660561497
0.0469498493736
0.047234473446
0.0475199279732
0.0478062125598
0.0480933268085
0.04838127032
0.0486700426933
0.0489596435254
0.0492500724117
0.0495413289454
0.049833412718
0.0501263233191
0.0504200603363
0.0507146233553
0.0510100119601
0.0513062257327
0.0516032642529
0.051901127099
0.052199813847
0.0524993240713
0.0527996573441
0.0531008132358
0.0534027913147
0.0537055911473
0.054009212298
0.0543136543293
0.0546189168017
0.0549249992736
0.0552319013018
0.0555396224406
0.0558481622425
0.0561575202581
0.0564676960359
0.0567786891222
0.0570904990616
0.0574031253965
0.0577165676671
0.0580308254118
0.0583458981669
0.0586617854665
0.0589784868427
0.0592960018255
0.059614329943
0.059933470721
0.0602534236833
0.0605741883515
0.0608957642452
0.0612181508819
0.0615413477769
0.0618653544434
0.0621901703925
0.0625157951331
0.062842228172
0.0631694690138
0.0634975171611
0.063826372114
0.0641560333708
0.0644865004275
0.0648177727777
0.0651498499131
0.065482731323
0.0658164164947
0.066150904913
0.0664861960608
0.0668222894184
0.0671591844643
0.0674968806745
0.0678353775227
0.0681746744806
0.0685147710173
0.0688556665999
0.0691973606932
0.0695398527596
0.0698831422593
0.0702272286503
0.0705721113879
0.0709177899257
0.0712642637144
0.0716115322028
0.0719595948372
0.0723084510616
0.0726581003175
0.0730085420444
0.073359775679
0.0737118006561
0.0740646164078
0.0744182223639
0.0747726179519
0.0751278025968
0.0754837757213
0.0758405367457
0.0761980850878
0.076556420163
0.0769155413843
0.0772754481623
0.0776361399051
0.0779976160185
0.0783598759056
0.0787229189672
0.0790867446016
0.0794513522047
0.0798167411698
0.0801829108877
0.0805498607469
0.0809175901332
0.08128609843
0.081655385018
0.0820254492757
0.0823962905788
0.0827679083005
0.0831403018115
0.0835134704801
0.0838874136717
0.0842621307495
0.0846376210738
0.0850138840025
0.085390918891
0.0857687250919
0.0861473019553
0.0865266488287
0.0869067650569
0.0872876499822
0.0876693029442
0.0880517232798
0.0884349103234
0.0888188634067
0.0892035818586
0.0895890650056
0.0899753121712
0.0903623226765
0.0907500958398
0.0911386309766
0.0915279274
0.0919179844201
0.0923088013443
0.0927003774774
0.0930927121215
0.0934858045759
0.093879654137
0.0942742600986
0.0946696217519
0.0950657383849
0.0954626092833
0.0958602337298
0.0962586110041
0.0966577403835
0.0970576211423
0.097458252552
0.0978596338811
0.0982617643958
0.0986646433588
0.0990682700304
0.0994726436681
0.0998777635261
0.100283628856
0.100690238907
0.101097592925
0.101505690152
0.101914529829
0.102324111194
0.102734433479
0.103145495917
0.103557297737
0.103969838163
0.104383116418
0.104797131723
0.105211883293
0.105627370343
0.106043592083
0.106460547722
0.106878236463
0.10729665751
0.10771581006
0.10813569331
0.108556306453
0.108977648678
0.109399719172
0.10982251712
0.110246041702
0.110670292095
0.111095267475
0.111520967013
0.111947389878
0.112374535235
0.112802402247
0.113230990073
0.11366029787
0.11409032479
0.114521069984
0.114952532598
0.115384711778
0.115817606662
0.116251216389
0.116685540094
0.117120576907
0.117556325957
0.117992786369
0.118429957265
0.118867837763
0.119306426979
0.119745724025
0.120185728011
0.120626438042
0.121067853221
0.121509972647
0.121952795418
0.122396320625
0.122840547358
0.123285474705
0.123731101749
0.124177427569
0.124624451242
0.125072171843
0.125520588441
0.125969700104
0.126419505894
0.126870004873
0.127321196098
0.127773078622
0.128225651496
0.128678913768
0.12913286448
0.129587502674
0.130042827387
0.130498837652
0.130955532501
0.13141291096
0.131870972053
0.1323297148
0.132789138219
0.133249241324
0.133710023123
0.134171482626
0.134633618834
0.135096430748
0.135559917364
0.136024077677
0.136488910675
0.136954415345
0.13742059067
0.13788743563
0.1383549492
0.138823130354
0.13929197806
0.139761491283
0.140231668988
0.140702510131
0.141174013668
0.141646178551
0.142119003728
0.142592488145
0.143066630742
0.143541430456
0.144016886223
0.144492996973
0.144969761633
0.145447179127
0.145925248375
0.146403968293
0.146883337795
0.14736335579
0.147844021184
0.148325332878
0.148807289773
0.149289890763
0.14977313474
0.150257020591
0.150741547202
0.151226713453
0.151712518221
0.15219896038
0.1526860388
0.153173752347
0.153662099885
0.154151080272
0.154640692364
0.155130935013
0.155621807066
0.15611330737
0.156605434764
0.157098188086
0.15759156617
0.158085567845
0.158580191938
0.159075437272
0.159571302666
0.160067786935
0.16056488889
0.16106260734
0.161560941089
0.162059888937
0.162559449682
0.163059622116
0.163560405029
0.164061797207
0.164563797432
0.165066404481
0.165569617131
0.166073434151
0.166577854309
0.167082876368
0.167588499088
0.168094721224
0.16860154153
0.169108958754
0.16961697164
0.170125578929
0.170634779358
0.171144571662
0.171654954569
0.172165926806
0.172677487095
0.173189634154
0.173702366698
0.174215683438
0.17472958308
0.175244064329
0.175759125884
0.176274766441
0.176790984691
0.177307779323
0.177825149021
0.178343092465
0.178861608334
0.179380695299
0.17990035203
0.180420577192
0.180941369448
0.181462727454
0.181984649866
0.182507135332
0.1830301825
0.183553790012
0.184077956507
0.18460268062
0.185127960983
0.185653796222
0.186180184961
0.18670712582
0.187234617415
0.187762658358
0.188291247257
0.188820382717
0.189350063338
0.189880287718
0.190411054449
0.190942362121
0.191474209319
0.192006594624
0.192539516615
0.193072973865
0.193606964945
0.19414148842
0.194676542854
0.195212126805
0.195748238827
0.196284877472
0.196822041288
0.197359728817
0.197897938599
0.19843666917
0.198975919062
0.199515686803
0.200055970917
0.200596769925
0.201138082344
0.201679906687
0.202222241462
0.202765085176
0.203308436329
0.203852293419
0.204396654941
0.204941519384
0.205486885235
0.206032750976
0.206579115087
0.207125976041
0.20767333231
0.208221182363
0.208769524661
0.209318357665
0.209867679832
0.210417489613
0.210967785458
0.21151856581
0.212069829111
0.212621573798
0.213173798305
0.213726501061
0.214279680492
0.214833335022
0.215387463067
0.215942063044
0.216497133362
0.21705267243
0.217608678651
0.218165150425
0.218722086148
0.219279484212
0.219837343007
0.220395660918
0.220954436325
0.221513667607
0.222073353138
0.222633491287
0.223194080422
0.223755118905
0.224316605096
0.224878537351
0.225440914022
0.226003733456
0.226566993999
0.227130693992
0.227694831772
0.228259405674
0.228824414026
0.229389855157
0.22995572739
0.230522029042
0.231088758432
0.23165591387
0.232223493665
0.232791496123
0.233359919546
0.233928762231
0.234498022473
0.235067698563
0.235637788788
0.236208291432
0.236779204777
0.237350527098
0.237922256669
0.23849439176
0.239066930639
0.239639871566
0.240213212803
0.240786952606
0.241361089227
0.241935620915
0.242510545916
0.243085862473
0.243661568825
0.244237663208
0.244814143853
0.245391008989
0.245968256843
0.246545885637
0.247123893588
0.247702278914
0.248281039826
0.248860174532
0.24943968124
0.25001955815
0.250599803462
0.251180415373
0.251761392074
0.252342731754
0.252924432601
0.253506492797
0.254088910521
0.25467168395
0.255254811258
0.255838290615
0.256422120187
0.257006298139
0.257590822631
0.258175691821
0.258760903864
0.259346456911
0.259932349111
0.260518578608
0.261105143546
0.261692042063
0.262279272296
0.262866832378
0.263454720439
0.264042934607
0.264631473006
0.265220333758
0.26580951498
0.266399014789
0.266988831298
0.267578962615
0.268169406849
0.268760162102
0.269351226477
0.269942598071
0.270534274981
0.2711262553
0.271718537117
0.272311118519
0.272903997592
0.273497172417
0.274090641073
0.274684401637
0.275278452183
0.275872790782
0.276467415502
0.277062324409
0.277657515567
0.278252987037
0.278848736876
0.27944476314
0.280041063883
0.280637637154
0.281234481003
0.281831593475
0.282428972612
0.283026616456
0.283624523046
0.284222690416
0.284821116601
0.285419799632
0.286018737538
0.286617928346
0.287217370079
0.28781706076
0.288416998409
0.289017181042
0.289617606677
0.290218273325
0.290819178998
0.291420321704
0.29202169945
0.292623310242
0.29322515208
0.293827222967
0.2944295209
0.295032043875
0.295634789888
0.29623775693
0.296840942992
0.297444346063
0.298047964129
0.298651795175
0.299255837184
0.299860088137
0.300464546013
0.301069208791
0.301674074444
0.302279140948
0.302884406275
0.303489868395
0.304095525277
0.304701374888
0.305307415194
0.30591364416
0.306520059746
0.307126659915
0.307733442626
0.308340405836
0.308947547503
0.30955486558
0.310162358022
0.31077002278
0.311377857806
0.311985861048
0.312594030456
0.313202363975
0.313810859551
0.314419515129
0.315028328652
0.315637298061
0.316246421298
0.316855696301
0.31746512101
0.318074693362
0.318684411293
0.319294272739
0.319904275634
0.320514417911
0.321124697503
0.321735112341
0.322345660356
0.322956339479
0.323567147637
0.324178082759
0.324789142772
0.325400325604
0.326011629179
0.326623051424
0.327234590262
0.327846243619
0.328458009417
0.329069885579
0.329681870027
0.330293960684
0.33090615547
0.331518452306
0.332130849113
0.332743343811
0.333355934319
0.333968618558
0.334581394445
0.3351942599
0.335807212841
0.336420251187
0.337033372856
0.337646575766
0.338259857834
0.33887321698
0.339486651119
0.340100158172
0.340713736054
0.341327382684
0.34194109598
0.342554873861
0.343168714243
0.343782615046
0.344396574187
0.345010589587
0.345624659164
0.346238780836
0.346852952525
0.34746717215
0.348081437631
0.34869574689
0.349310097848
0.349924488426
0.350538916548
0.351153380135
0.351767877112
0.352382405403
0.352996962933
0.353611547627
0.354226157411
0.354840790214
0.355455443961
0.356070116583
0.356684806009
0.357299510169
0.357914226994
0.358528954418
0.359143690373
0.359758432793
0.360373179615
0.360987928775
0.361602678211
0.36221742586
0.362832169665
0.363446907566
0.364061637505
0.364676357426
0.365291065276
0.365905759
0.366520436547
0.367135095866
0.367749734909
0.368364351627
0.368978943975
0.369593509909
0.370208047386
0.370822554365
0.371437028807
0.372051468674
0.37266587193
0.373280236542
0.373894560477
0.374508841705
0.375123078198
0.37573726793
0.376351408875
0.376965499011
0.377579536319
0.37819351878
0.378807444378
0.379421311098
0.380035116929
0.380648859862
0.381262537889
0.381876149006
0.382489691209
0.383103162498
0.383716560876
0.384329884347
0.384943130918
0.3855562986
0.386169385403
0.386782389343
0.387395308437
0.388008140706
0.388620884172
0.38923353686
0.389846096799
0.390458562019
0.391070930556
0.391683200445
0.392295369726
0.392907436442
0.393519398639
0.394131254364
0.394743001671
0.395354638614
0.39596616325
0.396577573641
0.397188867851
0.397800043947
0.398411100002
0.399022034087
0.399632844282
0.400243528667
0.400854085326
0.401464512347
0.402074807821
0.402684969843
0.403294996512
0.403904885928
0.404514636198
0.405124245431
0.405733711739
0.40634303324
0.406952208053
0.407561234304
0.408170110119
0.408778833631
0.409387402976
0.409995816293
0.410604071726
0.411212167423
0.411820101536
0.412427872221
0.413035477637
0.413642915949
0.414250185326
0.414857283939
0.415464209966
0.416070961587
0.416677536989
0.417283934361
0.417890151897
0.418496187796
0.419102040262
0.419707707501
0.420313187725
0.420918479153
0.421523580004
0.422128488505
0.422733202887
0.423337721384
0.423942042237
0.424546163691
0.425150083994
0.425753801403
0.426357314175
0.426960620576
0.427563718873
0.428166607342
0.428769284262
0.429371747916
0.429973996593
0.430576028589
0.431177842202
0.431779435737
0.432380807503
0.432981955817
0.433582878996
0.434183575369
0.434784043264
0.435384281019
0.435984286974
0.436584059477
0.43718359688
0.437782897541
0.438381959823
0.438980782095
0.439579362732
0.440177700113
0.440775792625
0.441373638658
0.44197123661
0.442568584882
0.443165681884
0.44376252603
0.44435911574
0.444955449439
0.445551525559
0.446147342539
0.44674289882
0.447338192853
0.447933223093
0.448527988002
0.449122486046
0.4497167157
0.450310675442
0.450904363759
0.451497779142
0.45209092009
0.452683785106
0.4532763727
0.45386868139
0.454460709698
0.455052456154
0.455643919292
0.456235097655
0.456825989792
0.457416594255
0.458006909608
0.458596934416
0.459186667255
0.459776106705
0.460365251352
0.46095409979
0.46154265062
0.462130902448
0.462718853887
0.463306503558
0.463893850087
0.464480892108
0.46506762826
0.465654057191
0.466240177554
0.466825988009
0.467411487225
0.467996673874
0.468581546637
0.469166104203
0.469750345267
0.470334268529
0.470917872698
0.47150115649
0.472084118627
0.472666757839
0.473249072862
0.473831062439
0.474412725322
0.474994060268
0.475575066042
0.476155741416
0.476736085169
0.477316096086
0.477895772962
0.478475114598
0.4790541198
0.479632787384
0.480211116172
0.480789104995
0.481366752688
0.481944058096
0.482521020071
0.483097637471
0.483673909163
0.48424983402
0.484825410923
0.485400638761
0.485975516429
0.486550042831
0.487124216877
0.487698037485
0.488271503582
0.4888446141
0.48941736798
0.48998976417
0.490561801626
0.491133479312
0.491704796197
0.492275751261
0.49284634349
0.493416571877
0.493986435423
0.494555933138
0.495125064037
0.495693827146
0.496262221496
0.496830246126
0.497397900085
0.497965182426
0.498532092212
0.499098628514
0.499664790411
0.500230576987
0.500795987336
0.501361020561
0.501925675769
0.502489952079
0.503053848614
0.503617364507
0.504180498899
0.504743250938
0.50530561978
0.505867604588
0.506429204535
0.506990418799
0.507551246569
0.508111687039
0.508671739413
0.509231402901
0.509790676723
0.510349560104
0.510908052281
0.511466152495
0.512023859997
0.512581174045
0.513138093905
0.513694618853
0.514250748169
0.514806481143
0.515361817075
0.51591675527
0.516471295041
0.51702543571
0.517579176608
0.518132517071
0.518685456446
0.519237994086
0.519790129353
0.520341861616
0.520893190252
0.521444114647
0.521994634195
0.522544748296
0.52309445636
0.523643757805
0.524192652055
0.524741138543
0.525289216712
0.525836886009
0.526384145892
0.526930995826
0.527477435284
0.528023463747
0.528569080703
0.52911428565
0.529659078093
0.530203457543
0.530747423523
0.531290975559
0.53183411319
0.532376835959
0.532919143419
0.53346103513
0.534002510661
0.534543569587
0.535084211494
0.535624435972
0.536164242622
0.536703631052
0.537242600878
0.537781151722
0.538319283217
0.538856995002
0.539394286725
0.53993115804
0.54046760861
0.541003638107
0.541539246208
0.542074432602
0.542609196981
0.543143539048
0.543677458514
0.544210955096
0.54474402852
0.545276678519
0.545808904834
0.546340707215
0.546872085418
0.547403039208
0.547933568357
0.548463672646
0.54899335186
0.549522605799
0.550051434263
0.550579837066
0.551107814023
0.551635364964
0.55216248972
0.552689188132
0.55321546006
0.55374130535
0.554266723865
0.554791715497
0.555316280111
0.555840417578
0.556364127819
0.556887410749
0.557410266122
0.557932694029
0.558454694364
0.558976267112
0.559497411667
0.560018129022
0.560538417717
0.561058278492
0.561577712093
0.562096715216
0.562615292965
0.563133440848
0.563651158631
0.564168449235
0.564685311056
0.56520174069
0.565717744958
0.566233311484
0.566748449225
0.567263191389
0.567777461538
0.568291322424
0.568804787212
0.569317841011
0.569830352029
0.570342606931
0.57085438325
0.571365781532
0.571876871358
0.572387715796
0.57289779199
0.573407949254
0.573917677861
0.574426471837
0.574936950835
0.575445475816
0.575950969956
0.576463317077
0.576970969721
0.577478698421
0.577993324813
0.578531533278
0.579051187922
0.57957297929
0.580160199124
0.580915841484
0.581334870486
0.584074915186
0.583211157493
0.582348500177
0.581486943238
0.580626486677
0.579767130493
0.578908874686
0.578051719256
0.577195664204
0.576340709529
0.575486855231
0.574634101311
0.573782447767
0.572931894601
0.572082441812
0.571234089401
0.570386837366
0.569540685709
0.568695634429
0.567851683527
0.567008833001
0.566167082853
0.565326433082
0.564486883689
0.563648434672
0.562811086033
0.561974837771
0.561139689887
0.560305642379
0.559472695249
0.558640848496
0.557810102121
0.556980456122
0.556151910501
0.555324465257
0.554498120391
0.553672875901
0.552848731789
0.552025688054
0.551203744697
0.550382901716
0.549563159113
0.548744516887
0.547926975039
0.547110533567
0.546295192473
0.545480951756
0.544667811417
0.543855771454
0.543044831869
0.542234992661
0.541426253831
0.540618615377
0.539812077301
0.539006639602
0.538202302281
0.537399065336
0.536596928769
0.535795892579
0.534995956767
0.534197121331
0.533399386273
0.532602751592
0.531807217289
0.531012783362
0.530219449813
0.529427216641
0.528636083847
0.527846051429
0.527057119389
0.526269287726
0.525482556441
0.524696925532
0.523912395001
0.523128964847
0.52234663507
0.521565405671
0.520785276649
0.520006248004
0.519228319736
0.518451491846
0.517675764333
0.516901137197
0.516127610438
0.515355184057
0.514583858053
0.513813632426
0.513044507176
0.512276482304
0.511509557809
0.510743733691
0.50997900995
0.509215386587
0.5084528636
0.507691440991
0.50693111876
0.506171896905
0.505413775428
0.504656754328
0.503900833606
0.50314601326
0.502392293292
0.501639673701
0.500888154487
0.500137735651
0.499388417192
0.49864019911
0.497893081405
0.497147064078
0.496402147128
0.495658330555
0.494915614359
0.494173998541
0.4934334831
0.492694068036
0.491955753349
0.491218539039
0.490482425107
0.489747411552
0.489013498375
0.488280685574
0.487548973151
0.486818361105
0.486088849436
0.485360438145
0.484633127231
0.483906916694
0.483181806534
0.482457796752
0.481734887347
0.481013078319
0.480292369668
0.479572761395
0.478854253498
0.478136845979
0.477420538838
0.476705332073
0.475991225686
0.475278219676
0.474566314043
0.473855508788
0.47314580391
0.472437199409
0.471729695285
0.471023291539
0.47031798817
0.469613785178
0.468910682563
0.468208680325
0.467507778465
0.466807976982
0.466109275877
0.465411675148
0.464715174797
0.464019774823
0.463325475226
0.462632276007
0.461940177165
0.4612491787
0.460559280612
0.459870482902
0.459182785568
0.458496188612
0.457810692034
0.457126295832
0.456443000008
0.455760804561
0.455079709491
0.454399714799
0.453720820484
0.453043026546
0.452366332985
0.451690739801
0.451016246995
0.450342854566
0.449670562515
0.44899937084
0.448329279543
0.447660288623
0.44699239808
0.446325607915
0.445659918127
0.444995328716
0.444331839682
0.443669451025
0.443008162746
0.442347974844
0.441688887319
0.441030900172
0.440374013402
0.439718227009
0.439063540993
0.438409955355
0.437757470093
0.437106085209
0.436455800703
0.435806616573
0.435158532821
0.434511549446
0.433865666448
0.433220883828
0.432577201584
0.431934619718
0.43129313823
0.430652757118
0.430013476384
0.429375296027
0.428738216047
0.428102236445
0.42746735722
0.426833578372
0.426200899901
0.425569321807
0.424938844091
0.424309466752
0.42368118979
0.423054013206
0.422427936999
0.421802961169
0.421179085716
0.42055631064
0.419934635942
0.419314061621
0.418694587677
0.418076214111
0.417458940922
0.41684276811
0.416227695675
0.415613723617
0.415000851937
0.414389080634
0.413778409708
0.41316883916
0.412560368989
0.411952999195
0.411346729778
0.410741560738
0.410137492076
0.409534523791
0.408932655883
0.408331888353
0.407732221199
0.407133654423
0.406536188025
0.405939822003
0.405344556359
0.404750391092
0.404157326202
0.40356536169
0.402974497554
0.402384733796
0.401796070416
0.401208507412
0.400622044786
0.400036682537
0.399452420665
0.39886925917
0.398287198053
0.397706237313
0.39712637695
0.396547616965
0.395969957357
0.395393398126
0.394817939272
0.394243580795
0.393670322696
0.393098164974
0.392527107629
0.391957150662
0.391388294071
0.390820537858
0.390253882022
0.389688326564
0.389123871483
0.388560516779
0.387998262452
0.387437108502
0.38687705493
0.386318101735
0.385760248917
0.385203496477
0.384647844413
0.384093292727
0.383539841419
0.382987490487
0.382436239933
0.381886089756
0.381337039956
0.380789090533
0.380242241488
0.37969649282
0.379151844529
0.378608296616
0.378065849079
0.37752450192
0.376984255138
0.376445108734
0.375907062707
0.375370117057
0.374834271784
0.374299526888
0.37376588237
0.373233338229
0.372701894465
0.372171551079
0.371642308069
0.371114165437
0.370587123182
0.370061181305
0.369536339804
0.369012598681
0.368489957936
0.367968417567
0.367447977576
0.366928637962
0.366410398725
0.365893259865
0.365377221383
0.364862283278
0.36434844555
0.3638357082
0.363324071226
0.36281353463
0.362304098411
0.36179576257
0.361288527105
0.360782392018
0.360277357309
0.359773422976
0.359270589021
0.358768855443
0.358268222242
0.357768689418
0.357270256972
0.356772924903
0.356276693211
0.355781561896
0.355287530959
0.354794600399
0.354302770216
0.353812040411
0.353322410982
0.352833881931
0.352346453257
0.351860124961
0.351374897041
0.350890769499
0.350407742334
0.349925815547
0.349444989137
0.348965263103
0.348486637448
0.348009112169
0.347532687268
0.347057362744
0.346583138597
0.346110014827
0.345637991435
0.34516706842
0.344697245782
0.344228523521
0.343760901638
0.343294380132
0.342828959003
0.342364638251
0.341901417877
0.34143929788
0.34097827826
0.340518359017
0.340059540152
0.339601821664
0.339145203553
0.33868968582
0.338235268463
0.337781951484
0.337329734882
0.336878618658
0.33642860281
0.33597968734
0.335531872247
0.335085157532
0.334639543193
0.334195029232
0.333751615648
0.333309302442
0.332868089612
0.33242797716
0.331988965085
0.331551053388
0.331114242067
0.330678531124
0.330243920558
0.32981041037
0.329378000558
0.328946691124
0.328516482068
0.328087373388
0.327659365086
0.32723245716
0.326806649613
0.326381942442
0.325958335649
0.325535829232
0.325114423194
0.324694117532
0.324274912248
0.32385680734
0.323439802811
0.323023898658
0.322609094883
0.322195391484
0.321782788464
0.32137128582
0.320960883554
0.320551581664
0.320143380152
0.319736279018
0.31933027826
0.31892537788
0.318521577877
0.318118878252
0.317717279003
0.317316780132
0.316917381638
0.316519083522
0.316121885782
0.31572578842
0.315330791435
0.314936894828
0.314544098597
0.314152402744
0.313761807268
0.31337231217
0.312983917448
0.312596623104
0.312210429137
0.311825335548
0.311441342335
0.3110584495
0.310676657042
0.310295964961
0.309916373258
0.309537881932
0.309160490983
0.308784200411
0.308409010217
0.3080349204
0.30766193096
0.307290041897
0.306919253212
0.306549564904
0.306180976973
0.305813489419
0.305447102243
0.305081815444
0.304717629022
0.304354542977
0.30399255731
0.303631672019
0.303271887106
0.302913202571
0.302555618412
0.302199134631
0.301843751227
0.301489468201
0.301136285551
0.300784203279
0.300433221384
0.300083339866
0.299734558726
0.299386877963
0.299040297577
0.298694817568
0.298350437937
0.298007158683
0.297664979806
0.297323901306
0.296983923184
0.296645045439
0.296307268071
0.29597059108
0.295635014466
0.29530053823
0.294967162371
0.29463488689
0.294303711785
0.293973637058
0.293644662708
0.293316788735
0.29299001514
0.292664341922
0.292339769081
0.292016296617
0.291693924531
0.291372652822
0.29105248149
0.290733410535
0.290415439958
0.290098569757
0.289782799934
0.289468130489
0.28915456142
0.288842092729
0.288530724415
0.288220456478
0.287911288919
0.287603221737
0.287296254932
0.286990388504
0.286685622454
0.286381956781
0.286079391485
0.285777926566
0.285477562024
0.28517829786
0.284880134073
0.284583070664
0.284287107631
0.283992244976
0.283698482698
0.283405820797
0.283114259274
0.282823798128
0.282534437359
0.282246176967
0.281959016952
0.281672957315
0.281387998055
0.281104139173
0.280821380667
0.280539722539
0.280259164788
0.279979707414
0.279701350418
0.279424093799
0.279147937557
0.278872881692
0.278598926204
0.278326071094
0.278054316361
0.277783662006
0.277514108027
0.277245654426
0.276978301202
0.276712048355
0.276446895886
0.276182843793
0.275919892078
0.275658040741
0.27539728978
0.275137639197
0.274879088991
0.274621639162
0.274365289711
0.274110040637
0.27385589194
0.27360284362
0.273350895677
0.273100048112
0.272850300924
0.272601654113
0.27235410768
0.272107661624
0.271862315945
0.271618070643
0.271374925719
0.271132881171
0.270891937001
0.270652093209
0.270413349793
0.270175706755
0.269939164094
0.26970372181
0.269469379904
0.269236138374
0.269003997222
0.268772956448
0.26854301605
0.26831417603
0.268086436387
0.267859797121
0.267634258233
0.267409819721
0.267186481587
0.266964243831
0.266743106451
0.266523069449
0.266304132824
0.266086296576
0.265869560706
0.265653925212
0.265439390096
0.265225955358
0.265013620996
0.264802387012
0.264592253405
0.264383220175
0.264175287323
0.263968454847
0.263762722749
0.263558091029
0.263354559685
0.263152128719
0.26295079813
0.262750567918
0.262551438084
0.262353408626
0.262156479546
0.261960650844
0.261765922518
0.26157229457
0.261379766999
0.261188339805
0.260998012988
0.260808786549
0.260620660487
0.260433634802
0.260247709495
0.260062884565
0.259879160012
0.259696535836
0.259515012037
0.259334588616
0.259155265572
0.258977042905
0.258799920616
0.258623898703
0.258448977168
0.258275156011
0.25810243523
0.257930814827
0.257760294801
0.257590875152
0.25742255588
0.257255336986
0.257089218469
0.256924200329
0.256760282567
0.256597465182
0.256435748173
0.256275131543
0.256115615289
0.255957199413
0.255799883914
0.255643668792
0.255488554047
0.25533453968
0.25518162569
0.255029812077
0.254879098842
0.254729485984
0.254580973502
0.253313220451
0.242286849606
0.235132994307
0.234446002683
0.241588851166
0.251866211379
0.266108174809
0.282564711924
0.301898327501
0.32126091786
0.340029954741
0.360305168565
0.381013183662
0.401769489287
0.424615417712
0.442596291059
0.393424340746
0.349806387613
0.311452138721
0.278035844047
0.249192386343
0.224512996752
0.203558374594
0.185888077959
0.171098769086
0.158860143872
0.148938122091
0.141199647532
0.1355996191
0.132155113814
0.130913752078
0.131922256577
0.135199372183
0.140715578379
0.148380978655
0.158042290041
0.169489514313
0.182472126281
0.196723177841
0.211987796985
0.2280509127
0.244758620323
0.262028939727
0.279850422385
0.298270009178
0.317373594613
0.33726341212
0.358032521464
0.367482475616
0.359804079632
0.353089823315
0.347394382866
0.343086337488
0.339380168059
0.336943319201
0.335888531728
0.335455960334
0.333042290785
0.329132382209
0.311268174356
0.294447945378
0.27923938768
0.265631625126
0.253603130409
0.243109718602
0.234075977957
0.226391454846
0.219912137309
0.214467287737
0.209870989462
0.205936922294
0.202494093759
0.199400860528
0.196554836984
0.1938971999
0.191411153571
0.189115473376
0.187054759206
0.185288219072
0.183878610253
0.182882618558
