2.61695427233e-15
0.0246139694967
0.0940253767281
0.191504716279
0.290730899224
0.380831751238
0.469760327865
0.54413388798
0.591873242509
0.503290551057
0.386786111303
0.31421341757
0.270624977699
0.2481717004
0.256860203379
0.319193674912
0.352039435618
0.25708160748
0.210495164796
0.199434873826
0.205486731828
0.254921489068
0.27819202325
0.216384076708
0.204035826141
0.195416132607
0.159472263132
0.124551623297
0.104295779915
0.0985162990891
0.10087229607
0.102248156573
0.108387586659
0.13460202062
0.176344539868
0.211889477654
0.219446729605
0.201147905412
0.207599319638
0.235990141727
0.228521532687
0.215171046645
0.24453164379
0.317199907367
0.42222411353
0.32461871606
0.228322369687
0.192166766525
0.200388507122
0.233612520747
0.20058957525
0.128689853624
0.0968705896077
0.109173649784
0.153674743979
0.197124658775
0.235189013836
0.234229756985
0.182410445171
0.139767663594
0.124528997548
0.141384325395
0.18803642992
0.221327335454
0.17226754347
0.13779643837
0.137002087476
0.154854517752
0.192620158629
0.281301013822
0.437051662986
0.297130155728
0.254336853947
0.306729048279
0.41821629595
0.302450304582
0.277963819023
0.250069804529
0.21335390122
0.20417892497
0.197786550955
0.168567595384
0.127985557149
0.0914077843609
0.0703588070296
0.0694541319015
0.0970097859345
0.166919423857
0.28547865584
0.306586344575
0.315499200078
0.309173735516
0.228460716457
0.202585387845
0.19357652956
0.176848878927
0.184066192708
0.23758700473
0.326903780523
0.327050090165
0.339817890163
0.373468497779
0.330914545773
0.355511305369
0.416043398796
0.407938714382
0.348426380426
0.382424719314
0.553797143491
0.331860898415
0.185433688594
0.101306989692
0.0610006397004
0.0537325133663
0.0687364548994
0.0920950986378
0.11913038274
0.161397747523
0.242832390518
0.356958475239
0.28204041324
0.266906802447
0.319396372132
0.331389733092
0.244779242882
0.20161192949
0.182416891072
0.185708537866
0.234190396776
0.334978072332
0.406451829891
0.310121518117
0.263256360389
0.268141523935
0.308470621864
0.25519382945
0.187110013903
0.163324428934
0.175208171324
0.201386261623
0.196242521731
0.157015917201
0.111102951762
0.0813871074344
0.0801526214603
0.110220549245
0.167183046946
0.182796497056
0.16212364563
0.158696316006
0.160940789054
0.164063627157
0.177412529602
0.20252389378
0.221710112999
0.215749186945
0.199785480528
0.210943652918
0.288508415058
0.560224213267
0.29132244125
0.224306722868
0.210851321806
0.191227606471
0.15927468903
0.146426391418
0.144187326052
0.14578404667
0.158858799055
0.189702797013
0.224621456119
0.238077596284
0.225678553714
0.201501520468
0.192668175526
0.203336262828
0.188489728814
0.145872563746
0.11891321143
0.107517770661
0.108106440919
0.130109775098
0.178146296756
0.242254607111
0.271787941981
0.293088576247
0.404646971072
0.558208441906
0.436267399272
0.494232640901
0.38287751261
0.325773054383
0.297373540772
0.221329711768
0.162478830678
0.133039717205
0.115020585673
0.10288882402
0.102571210303
0.122582801011
0.164419818916
