1.0
0.999720853367
0.998883945181
0.997490868892
0.995544274628
0.993047860779
0.990006362273
0.986425535583
0.982312140534
0.977673918979
0.972519570444
0.966858724838
0.96070191234
0.954060530594
0.946946809343
0.939373772657
0.931355198896
0.922905578589
0.914040070395
0.904774455314
0.89512508936
0.885108854856
0.874743110568
0.864045640869
0.85303460413
0.841728480546
0.830146019597
0.818306187344
0.806228113765
0.793931040327
0.78143426799
0.768757105826
0.755918820457
0.742938586473
0.729835438014
0.716628221683
0.70333555094
0.689975762138
0.676566872331
0.663126538991
0.64967202176
0.636220146326
0.622787270548
0.609389252904
0.596041423334
0.582758556553
0.56955484788
0.556443891626
0.543438662065
0.530551497011
0.517794084004
0.505177449093
0.492711948201
0.480407261047
0.46827238758
0.456315646869
0.444544678396
0.432966445685
0.421587242169
0.410412699225
0.399447796271
0.388696872826
0.37816364241
0.367851208182
0.357762080187
0.347898194073
0.338260931171
0.328851139773
0.319669157494
0.310714834568
0.301987557939
0.293486276005
0.285209523881
0.277155449037
0.269321837174
0.261706138221
0.254305492301
0.247116755561
0.24013652574
0.233361167369
0.226786836489
0.220409504797
0.214224983131
0.208228944205
0.202416944528
0.196784445444
0.191326833224
0.186039438187
0.180917552792
0.175956448678
0.17115139264
0.166497661517
0.161990555999
0.157625413342
0.153397619021
0.149302617318
0.145335920881
0.141493119275
0.137769886559
0.134161987932
0.130665285475
0.127275743045
0.123989430367
0.120802526357
0.117711321742
0.114712221029
0.111801743851
0.10897652577
0.106233318573
0.103568990112
0.10098052374
0.0984650173947
0.0960196823724
0.0936418418377
0.091328929114
0.089078485795
0.0868881597134
0.0847557028036
0.0826789688901
0.0806559114294
0.0786845812314
0.076763124182
0.0748897789845
0.0730628749331
0.0712808297313
0.0695421473585
0.0678454159906
0.0661893059708
0.0645725678284
0.0629940303358
0.0614525985935
0.0599472521272
0.0584770429817
0.0570410937896
0.0556385957945
0.0542688068028
0.0529310490401
0.0516247068841
0.0503492244467
0.0491041029773
0.0478888980586
0.0467032165696
0.0455467133869
0.0444190878031
0.0433200796394
0.0422494650355
0.0412070519033
0.0401926750374
0.0392061908811
0.0382474719559
0.0373164009712
0.0364128646407
0.0355367472454
0.0346879239964
0.0338662542611
0.0330715747378
0.03230369267
0.0315623792148
0.0308473630847
0.0301583246005
0.0294948902962
0.0288566282247
0.0282430441112
0.0276535784994
0.0270876050213
0.026544429908
0.0260232928385
0.0255233691927
0.0250437737519
0.0245835658504
0.0241417559565
0.0237173136246
0.023309176734
0.0229162619081
0.0225374759862
0.022171728415
0.0218179444209
0.0214750788293
0.0211421304098
0.0208181566425
0.0205022888218
0.0201937474367
0.0198918577904
0.019596065841
0.0193059542602
0.0190212587104
0.0187418843362
0.0184679224385
0.0181996672561
0.0179376327064
0.017682568833
0.0174354775644
0.0171976272084
0.0169705648792
0.0167561257959
0.0165564381068
0.0163739216158
0.0162112785595
0.0160714744687
0.0159577072273
0.0158733628088
0.0158219568955
0.015807062717
0.0158322269323
0.0159008770887
0.0160162258531
0.0161811784876
0.0163982505813
0.0166695026066
0.0169964963982
0.0173802763584
0.0178213755004
0.0183198438621
0.0188752948153
0.0194869636558
0.0201537726277
0.0208743970768
0.0216473284806
0.0224709313695
0.0233434923991
0.0242632608988
0.0252284810243
0.0262374161794
0.027288366671
0.0283796816875
0.0295097666772
0.0306770871259
0.0318801696015
0.0331176007981
0.0343880251751
0.0356901416613
0.0370226997876
0.0383844955241
0.039774367022
0.0411911904069
0.0426338757236
0.0441013630995
0.0455926191695
0.0471066337852
0.0486424170203
0.0501989964712
0.0517754148507
0.0533707278633
0.054984002351
0.0566143146972
0.0582607494735
0.0599223983173
0.0615983590243
0.0632877348449
0.0649896339698
0.0667031691939
0.0684274577459
0.0701616212737
0.0719047859725
0.0736560828475
0.0754146480994
0.0771796236225
0.0789501576059
0.0807254052267
0.082504529425
0.0842867017495
0.0860711032635
0.0878569254984
0.0896433714436
0.0914296565602
0.0932150098044
0.0949986746488
0.0967799100851
0.0985579915955
0.100332212076
0.102101882697
0.103866333683
0.105624914998
0.107376996918
0.109121970469
0.110859247726
0.112588261943
0.114308467503
0.116019339677
0.117720374164
0.119411086416
0.121091010716
0.122759699015
0.124416719504
0.126061654922
0.127694100598
0.129313662206
0.130919953263
0.132512592343
0.134091200032
0.13565539563
0.137204793613
0.138738999865
0.14025760772
0.141760193811
0.143246313786
0.144715497897
0.146167246509
0.147601025574
0.149016262094
0.15041233964
0.15178859395
0.153144308675
0.154478711307
0.155790969351
0.157080186775
0.158345400808
0.159585579116
0.160799617408
0.161986337518
0.163144486003
0.164272733283
0.165369673372
0.166433824209
0.167463628628
0.168457455972
0.169413604362
0.170330303635
0.17120571894
0.17203795499
0.172825060951
0.173565035965
0.174255835258
0.174895376824
0.175481548644
0.1760122164
0.176485231641
0.176898440357
0.177249691916
0.17753684831
0.177757793651
0.177910443882
0.177992756632
0.178002741174
0.177938468432
0.17779808098
0.177579802999
0.177281950142
0.176902939257
0.176441297949
0.175895673938
0.175264844189
0.174547723791
0.173743374583
0.172851013503
0.17187002067
0.170799947217
0.169640522867
0.16839166331
0.167053477391
0.165626274184
0.164110569978
0.162507095285
0.160816801927
0.159040870315
0.157180717037
0.15523800288
0.153214641451
0.151112808555
0.148934952533
0.146683805775
0.144362397644
0.141974069088
0.139522489216
0.137011674183
0.134446008697
0.131830270535
0.129169658428
0.126469823696
0.123736905983
0.120977573408
0.118199067323
0.115409251763
0.112616667394
0.109830589432
0.107061088494
0.104319092657
0.101616448025
0.0989659739073
0.0963815071412
0.0938779282532
0.0914711600497
0.0891781270956
0.087016662673
0.0850053487725
0.0831632751787
0.0815097066699
0.0800636535901
0.0788433510872
0.0778656658249
0.0771454644666
0.0766949928093
0.076523324222
0.0766359371911
0.0770344719964
0.0777166963961
0.0786766834696
0.0799051774366
0.0813901015231
0.0831171500198
0.0850704056901
0.0872329317909
0.0895873015591
0.0921160431907
0.0948019920611
0.097628552482
0.100579878155
0.10364098405
0.106797803453
0.110037203279
0.113346969148
0.116715769775
0.120133108197
0.12358926559
0.127075241874
0.130582696077
0.134103888466
0.137631625729
0.141159209974
0.144680391919
0.148189328419
0.151680544268
0.155148898151
0.158589552513
0.161997947127
0.165369776079
0.168700967949
0.171987668919
0.1752262286
0.178413188347
0.181545271875
0.184619377991
0.187632575252
0.190582098413
0.193465346476
0.196279882219
0.199023433033
0.201693892928
0.204289325558
0.206807968115
0.209248235932
0.211608727635
0.213888230683
0.216085727118
0.218200399354
0.220231635815
0.222179036238
0.224042416449
0.225821812413
0.22751748336
0.229129913791
0.230659814171
0.232108120111
0.233475989853
0.234764799899
0.235976138598
0.237111797573
0.238173760845
0.239164191563
0.240085416276
0.240939906696
0.241730258973
0.242459170496
0.243129414343
0.243743811473
0.244305200878
0.244816407909
0.245280211066
0.245699307597
0.246076278281
0.246413551827
0.246713369359
0.24697774949
0.247208454496
0.247406958152
0.247574415739
0.247711636789
0.247819061043
0.247896738135
0.247944311405
0.247961006238
0.24794562323
0.24789653642
0.247811696753
0.247688640844
0.247524505031
0.247316044646
0.247059658313
0.246751417055
0.246387097882
0.24596222153
0.24547209392
0.244911850924
0.244276505963
0.243560999983
0.242760253334
0.241869219106
0.240882937473
0.239796590663
0.238605558153
0.237305471788
0.235892270527
0.234362254575
0.232712138735
0.230939104836
0.229040853161
0.227015652856
0.224862391342
0.22258062281
0.220170615919
0.217633400872
0.214970816071
0.212185554586
0.209281210698
0.206262326781
0.20313444076
0.199904134375
0.196579082364
0.19316810259
0.189681206932
0.186129652494
0.18252599231
0.178884124221
0.175219335921
0.171548343299
0.167889318151
0.164261899983
0.160687185151
0.157187684885
0.153787242068
0.150510895156
0.147384676694
0.144435333994
0.141689961242
0.139175536238
0.136918361646
0.134943420156
0.133273664955
0.131929280042
0.130926957107
0.130279244109
0.12999402263
0.130074164635
0.130517404296
0.131316439006
0.13245924947
0.133929606336
0.13570771439
0.137770937229
0.140094545808
0.142652441805
0.145417818593
0.14836373596
0.151463597224
0.154691527604
0.158022660014
0.161433338916
0.164901254969
0.168405523551
0.171926719412
0.175446878276
0.17894947449
0.182419382083
0.18584282502
0.189207321056
0.192501622424
0.195715655713
0.198840462526
0.201868141991
0.20479179577
0.207605475933
0.210304135831
0.212883583967
0.215340440781
0.217672098175
0.219876681605
0.221953014512
0.223900584896
0.225719513809
0.227410525573
0.228974919526
0.230414543115
0.23173176616
0.232929456132
0.234010954286
0.23498005251
0.235840970724
0.236598334728
0.237257154317
0.237822801564
0.238300989111
0.238697748342
0.239019407291
0.239272568163
0.239464084314
0.239601036566
0.239690708731
0.239740562214
0.239758209588
0.239751387053
0.239727925698
0.239695721508
0.239662704122
0.23963680432
0.23962592033
0.239637883034
0.239680420232
0.239761120159
0.239887394524
0.240066441355
0.240305208034
0.240610354898
0.240988219861
0.241444784519
0.241985642207
0.242615968503
0.243340494643
0.244163484273
0.245088713939
0.24611945765
0.24725847575
0.248508008297
0.249869773018
0.25134496783
0.252934277828
0.254637886532
0.256455491136
0.258386321384
0.260429161693
0.26258237604
0.264843935161
0.267211445542
0.269682179714
0.272253107376
0.274920926876
0.277682096639
0.280532866142
0.28346930612
0.286487337702
0.289582760236
0.292751277626
0.295988523028
0.299290081802
0.302651512674
0.30606836706
0.309536206579
0.31305061876
0.316607231015
0.320201722932
0.323829836969
0.32748738764
0.331170269289
0.33487446255
0.338596039587
0.342331168237
0.346076115117
0.349827247833
0.353581036359
0.357334053674
0.36108297576
0.364824581027
0.368555749238
0.372273460022
0.375974791023
0.379656915754
0.383317101221
0.386952705356
0.390561174322
0.394140039728
0.397686915799
0.401199496537
0.404675552919
0.408112930149
0.411509545006
0.414863383315
0.418172497552
0.42143500463
0.424649083856
0.427812975101
0.430924977183
0.433983446479
0.436986795786
0.439933493424
0.442822062592
0.445651080993
0.448419180715
0.451125048372
0.45376742551
0.456345109267
0.458856953288
0.461301868875
0.463678826386
0.465986856846
0.468225053777
0.470392575226
0.472488645976
0.474512559923
0.476463682603
0.478341453845
0.480145390537
0.481875089478
0.483530230289
0.485110578367
0.486615987856
0.488046404601
0.489401869068
0.490682519197
0.491888593158
0.493020431993
0.494078482092
0.495063297499
0.495975542
0.496815990971
0.49758553295
0.498285170906
0.49891602318
0.499479324051
0.499976423919
0.50040878906
0.500778000928
0.501085754986
0.501333859025
0.501524230959
0.501658896063
0.501739983641
0.5017697231
0.501750439416
0.501684547972
0.501574548772
0.501423020002
0.501232610957
0.501006034318
0.50074605779
0.500455495119
0.500137196481
0.49979403829
0.499428912432
0.499044714964
0.498644334314
0.498230639025
0.497806465101
0.497374602998
0.496937784332
0.49649866837
0.49605982838
0.495623737912
0.495192757103
0.494769119088
0.494354916611
0.493952088929
0.493562409109
0.493187471804
0.49282868162
0.492487242158
0.492164145828
0.491860164522
0.49157584124
0.491311482732
0.491067153252
0.49084266946
0.490637596567
0.490451245727
0.490282672758
0.490130678189
0.489993808671
0.489870359745
0.489758379983
0.489655676471
0.489559821632
0.489468161343
0.489377824308
0.489285732651
0.489188613668
0.489083012667
0.488965306847
0.488831720134
0.488678338905
0.488501128507
0.488295950516
0.48805858063
0.48778472712
0.487470049763
0.487110179164
0.486700736383
0.486237352789
0.485715690056
0.485131460219
0.484480445714
0.483758519315
0.482961663899
0.482085991955
0.481127764762
0.480083411171
0.478949545899
0.477722987274
0.476400774353
0.474980183349
0.473458743274
0.471834250751
0.470104783909
0.46826871529
0.466324723704
0.464271804958
0.462109281393
0.459836810155
0.457454390147
0.454962367576
0.452361440061
0.449652659211
0.446837431643
0.443917518371
0.440895032521
0.437772435329
0.434552530382
0.431238456073
0.427833676241
0.424341968979
0.420767413608
0.417114375814
0.413387490969
0.409591645651
0.40573195742
0.40181375289
0.397842544183
0.393824003846
0.389763938344
0.385668260253
0.381542959321
0.377394072539
0.373227653452
0.369049740897
0.364866327437
0.360683327727
0.356506547121
0.352341650803
0.348194133778
0.344069292047
0.339972195311
0.335907661552
0.331880233844
0.327894159716
0.323953373419
0.320061481372
0.316221751086
0.312437103792
0.308710110971
0.305042994931
0.301437633523
0.297895569013
0.294418021082
0.291005903837
0.287659846666
0.28438021869
0.281167156508
0.278020594857
0.274940299784
0.27192590384
0.268976942792
0.266092893324
0.263273211138
0.260517368911
0.257824893498
0.255195401826
0.252628634904
0.250124489414
0.247683046354
0.245304596259
0.242989660534
0.240739008497
0.238553669767
0.236434941666
0.234384391376
0.232403852648
0.230495416893
0.228661418596
0.226904415039
0.225227160397
0.223632574397
0.222123705768
0.220703690874
0.219375707988
0.21814292779
0.217008460798
0.215975302516
0.215046277219
0.214223981346
0.213510727569
0.212908490607
0.212418855903
0.212042972227
0.211781509218
0.211634620783
0.211601915138
0.211682432105
0.211874628109
0.212176369104
0.212584931464
0.213097010651
0.213708737302
0.214415700193
0.215212975392
0.216095160823
0.217056415362
0.218090501565
0.219190831112
0.220350512093
0.221562397281
0.222819132649
0.224113205441
0.225436991217
0.226782799393
0.228142916891
0.229509649596
0.230875361433
0.232232510924
0.233573685168
0.234891631234
0.23617928502
0.237429797639
0.238636559449
0.239793221831
0.240893716867
0.241932275029
0.242903441044
0.243802088049
0.244623430173
0.245363033664
0.246016826673
0.246581107804
0.247052553504
0.247428224403
0.247705570652
0.247882436339
0.247957063035
0.247928092525
0.24779456876
0.247555939074
0.247212054699
0.246763170604
0.24620994468
0.245553436298
0.244795104246
0.243936804063
0.242980784774
0.24192968502
0.240786528587
0.23955471931
0.238238035331
0.236840622681
0.235366988133
0.233821991268
0.232210835675
0.230539059195
0.228812523085
0.227037399978
0.225220160467
0.223367558142
0.221486612873
0.219584592101
0.21766898992
0.215747503652
0.213828007684
0.211918524274
0.210027191074
0.20816222515
0.20633188328
0.204544418431
0.202808032331
0.201130824201
0.199520735821
0.197985493233
0.196532545579
0.195169001708
0.193901565398
0.192736470202
0.191679415066
0.190735502056
0.189909177545
0.18920417833
0.188623484075
0.188169277415
0.187842912906
0.187644895777
0.187574871183
0.187631624329
0.187813091534
0.188116381924
0.188537809153
0.189072932261
0.189716604527
0.190463029007
0.191305819367
0.192238064519
0.193252395668
0.194341054375
0.195495960444
0.196708778516
0.197970982484
0.199273916999
0.200608855505
0.201967054444
