-4.88498130835e-16
9.74429998219e-05
0.000389785711504
0.000877069285751
0.00155936235362
0.00243676109509
0.00350938933263
0.00477739864703
0.00624096851189
0.00790030644211
0.00975564815001
0.0118072577015
0.0140554276625
0.0165004792228
0.0191427622834
0.0219826554875
0.0250205661725
0.0282569302152
0.0316922117358
0.0353269026185
0.0391615217989
0.0431966142558
0.0474327496345
0.0518705204105
0.0565105394882
0.0613534371019
0.066399856866
0.071650450786
0.0771058730064
0.0827667720269
0.0886337810647
0.0947075061801
0.100988511704
0.107477302417
0.114174301835
0.121079825805
0.128194050502
0.135516973715
0.143048368123
0.150787725025
0.158734186706
0.166886465338
0.17524274594
0.183800570563
0.192556700483
0.201506952747
0.210646007093
0.219967178971
0.229462154278
0.239120681636
0.248930218684
0.258875530242
0.26893823863
0.279096330259
0.289323628421
0.299589250348
0.309857077655
0.320085283311
0.330225974868
0.340225031603
0.350022229636
0.35955175945
0.368743238257
0.377523297741
0.385817779418
0.393554492362
0.400666386793
0.407094887938
0.412793044066
0.417728101272
0.421883149716
0.425257597134
0.427866396188
0.429738141809
0.430912315593
0.431436049376
0.431360795291
0.430739235342
0.429622666354
0.428058986608
0.426091312944
0.423757185182
0.421088271684
0.418110471828
0.414844311201
0.411305535995
0.407505828545
0.403453582067
0.399154687215
0.394613295041
0.389832530367
0.384815136714
0.379564039473
0.37408281846
0.368376084842
0.362449760943
0.356311264776
0.349969604285
0.343435389137
0.336720770254
0.329839319098
0.322805859756
0.315636267204
0.308347244706
0.300956092289
0.293480476681
0.285938211295
0.278347052879
0.270724519477
0.263087732559
0.255453284595
0.24783713202
0.240254512569
0.232719885185
0.225246890257
0.217848327689
0.210536150211
0.203321469395
0.196214571989
0.189224944382
0.18236130326
0.175631630753
0.16904321263
0.162602678341
0.156316041911
0.150188742899
0.144225686784
0.138431284316
0.132809489477
0.127363835788
0.122097470811
0.117013188747
0.112113461078
0.107400465261
0.102876111502
0.0985420676666
0.0943997824025
0.0904505065586
0.0866953129954
0.0831351148847
0.0797706826004
0.0766026593004
0.0736315752992
0.070857861327
0.0682818607701
0.0659038409813
0.0637240037457
0.0617424949846
0.0599594137725
0.0583748207434
0.0569887459527
0.0558011962628
0.0548121623125
0.0540216251308
0.0534295624498
0.0530359547715
0.0528407912377
0.0528440753542
0.0530458306144
0.0534461060695
0.0540449818892
0.0548425749567
0.0558390445407
0.057034598087
0.0584294971728
0.0600240636653
0.0618186861293
0.0638138265275
0.0660100272581
0.0684079185798
0.0710082264709
0.073811780977
0.0768195251032
0.0800325243105
0.0834519766825
0.0870792238352
0.0909157626472
0.0949632579015
0.0992235559357
0.103698699416
0.108390943357
0.113302772545
0.118436920515
0.123796390293
0.129384477123
0.13520479344
0.141261296397
0.147558318319
0.1541006005
0.160893330854
0.167942186024
0.175253378669
0.18283371077
0.190690634001
0.198832318395
0.207267730794
0.216006724907
0.225060145177
0.234439947173
0.244159337835
0.254232939693
0.264676984213
0.275509540684
0.286750788803
0.298423345279
0.310552657717
0.323167482956
0.336300472266
0.349988892999
0.364275526212
0.379209793639
0.394849187116
0.411261101947
0.428525217372
0.446736629357
0.466010035325
0.486485416757
0.508335897163
0.531778827393
0.557091767749
0.584636070481
0.61489250204
0.648516156329
0.686421744019
0.729911141209
0.780822591296
0.841415575692
0.911906610958
0.974999871221
0.97689638802
0.924657484796
0.869720683391
0.825140453639
0.790033624767
0.762181593001
0.739855211822
0.721846813378
0.707318904609
0.695683162726
0.68652052763
0.679529893095
0.674494774522
0.67126104139
0.669721356508
0.669803421762
0.671459811875
0.674657263817
0.679362797229
0.68552285327
0.693029590063
0.701665698533
0.711017234503
0.720349320045
0.728468507461
0.733671416268
0.733979775126
0.727804464061
0.714743832332
0.695813383121
0.672863893754
0.647770713847
0.621970796675
0.59639076433
0.571557397296
0.547734301208
0.525027649644
0.503455285903
0.482988389163
0.463575511268
0.445156030109
0.427667457794
0.411049244974
0.395244613284
0.380201294148
0.365871674705
0.352212635155
0.339185237929
0.326754358067
0.314888303492
0.303558450566
0.292738907078
0.282406207338
0.272539040017
0.263118007234
0.254125412375
0.245545073765
0.237362161281
0.229563053152
0.222135210401
0.215067066694
0.208347931579
0.201967905392
0.195917804299
0.190189094166
0.184773832131
0.179664614884
0.17485453281
0.170337129282
0.166106364434
0.162156582906
0.158482485039
0.155079101142
0.151941768427
0.149066110322
0.146448017844
0.144083632803
0.141969332578
0.140101716281
0.138477592093
0.137093965599
0.135948028954
0.135037150699
0.134358866086
0.133910867725
0.133690996413
0.133697231955
0.133927683822
0.134380581446
0.135054263959
0.135947169169
0.137057821543
0.138384818939
0.139926817835
0.14168251673
0.14365063743
0.14582990383
0.148219017834
0.150816631984
0.153621318355
0.156631533245
0.15984557716
0.163261549573
0.166877297965
0.170690360624
0.174697902773
0.178896645652
0.183282788312
0.187851922102
0.192598938094
0.197517928075
0.202602080297
0.207843571794
0.21323345998
0.218761577246
0.224416433538
0.230185133307
0.236053314775
0.242005121058
0.248023214157
0.25408884403
0.260181985483
0.26628155529
0.272365720233
0.278412303473
0.284399291386
0.290305435945
0.296110938926
0.301798194613
0.307352558204
0.312763099261
0.318023294915
0.32313161734
0.328091975164
0.332913978876
0.337613014904
0.342210130105
0.34673174548
0.351209232807
0.355678398641
0.360178925833
0.364753823356
0.369448931654
0.374312524337
0.379395039558
0.384748967365
0.390428914111
0.396491862634
0.402997648233
0.410009676088
0.417595916654
0.425830232914
0.434794119428
0.444578971375
0.455289058258
0.46704546149
0.479991364035
0.494299281371
0.510181143119
0.527902654043
0.547804216687
0.570332098421
0.596085726767
0.625889851909
0.660900543524
0.702729448946
0.753386240642
0.813669719287
0.872782945962
0.885821623049
0.837360488859
0.776548353559
0.724118930947
0.681162162163
0.645726564213
0.616044457839
0.590829699789
0.569171329925
0.550416568855
0.534088055493
0.519829388642
0.507369457155
0.496498734337
0.487053206815
0.478903254442
0.471945808522
0.46609872913
0.461296717913
0.457488316555
0.454633689427
0.452702984793
0.451675131983
0.451536973831
0.452282661488
0.45391325646
0.456436494551
0.459866668662
0.464224580827
0.469537495
0.475838983728
0.483168491265
0.49157030952
0.501091441112
0.511777435104
0.523664608058
0.536765923742
0.551045970134
0.566377844763
0.582472098741
0.59876900032
0.614301792238
0.627592699026
0.636743253984
0.639921573421
0.636174382199
0.625967032468
0.610906332967
0.59293715313
0.573704268374
0.554339529853
0.535520912849
0.517609075471
0.50076791559
0.485047896846
0.470437763672
0.456894901579
0.444362566144
0.43277938858
0.422084440749
0.412219781941
0.403131594769
0.394770543369
0.387091714315
0.380054344279
0.373621448768
0.367759414696
0.362437589953
0.357627886119
0.353304400793
0.349443060594
0.34602128292
0.343017653094
0.340411612838
0.338183155989
0.336312527594
0.334779923112
0.333565185326
0.332647497732
0.332005074799
0.331614851562
0.331452177714
0.33149052469
0.331701218287
0.33205321407
0.332512937843
0.333044218588
0.333608345505
0.334164283272
0.334669078854
0.335078487679
0.335347835224
0.335433111355
0.335292269221
0.334886670501
0.334182588153
0.333152652472
0.331777112666
0.330044789587
0.327953618221
0.325510719045
0.322731989014
0.319641256289
0.316269088025
0.312651369847
0.308827785617
0.304840317734
0.300731866106
0.296545054361
0.292321261023
0.288099886004
0.28391784155
0.279809242681
0.275805264613
0.271934132365
0.268221209199
0.264689154236
0.261358124377
0.258246000622
0.255368623598
0.252740027152
0.250372662225
0.24827760585
0.246464752079
0.244942983029
0.243720319171
0.242804048493
0.242200834397
0.241916802147
0.241957603412
0.242328457999
0.243034171232
0.244079124566
0.245467235977
0.247201885342
0.249285798433
0.251720881154
0.254507993356
0.257646648782
0.26113462454
0.264967460021
0.269137821689
0.273634707032
0.278442459319
0.283539566087
0.28889722117
0.294477646415
0.300232200541
0.306099355663
0.312002704179
0.317849274312
0.323528577583
0.328912963439
0.333859963735
0.338217286897
0.341830862177
0.344555761299
0.346268973399
0.346882103206
0.346351497742
0.344683476333
0.3419333602
0.338198548391
0.333607334833
0.328305936337
0.322446116755
0.316175076928
0.309628354834
0.302925699658
0.296169409328
0.289444444656
0.282819661022
0.27634962713
0.27007665411
0.264032795575
0.258241684602
0.252720146179
0.247479569376
0.24252704958
0.237866324106
0.23349852939
0.229422808151
0.225636792736
0.222136987603
0.218919070434
0.215978128022
0.213308840138
0.210905622033
0.208762734103
0.206874365512
0.205234697149
0.203837948143
0.202678409272
0.201750465842
0.201048612062
0.200567458453
0.200301733473
0.200246280236
0.200396048983
0.200746085739
0.201291517469
0.202027533901
0.202949366072
0.204052261591
0.205331456515
0.206782143681
0.20839943731
0.210178333623
0.212113667218
0.214200062915
0.216431882813
0.218803168279
0.221307576692
0.2239383128
0.226688054694
0.229548874589
0.232512154806
0.235568499713
0.238707644767
0.241918364325
0.245188380549
0.248504276481
0.251851417243
0.255213884357
0.258574429168
0.261914452478
0.265214018395
0.268451911129
0.271605743729
0.27465212736
0.277566908479
0.280325478903
0.282903160192
0.28527565894
0.287419583647
0.289313007267
0.290936052893
0.29227147427
0.293305198802
0.294026799398
0.294429863488
0.294512233023
0.294276097852
0.29372793569
0.292878303542
0.291741496466
0.290335098557
0.288679457047
0.286797112896
0.284712220431
0.282449984955
0.280036141653
0.277496492646
0.274856512404
0.272141025718
0.269373957472
0.266578149696
0.263775238884
0.260985585183
0.258228244555
0.255520975209
0.252880270274
0.25032140956
0.247858524329
0.245504670026
0.243271902905
0.241171357374
0.239213321628
0.237407309771
0.235762129093
0.234285941598
0.232986319084
0.231870291323
0.230944386942
0.230214666679
0.229686748647
0.229365825175
0.229256670673
0.229363639811
0.22969065509
0.230241182625
0.231018194693
0.232024117212
0.233260759983
0.234729227046
0.236429804063
0.238361819147
0.240523473059
0.242911634278
0.24552159415
0.248346777251
0.251378402474
0.254605091362
0.258012422205
0.261582431855
0.265293072586
0.269117639301
0.273024193494
0.276975025072
0.280926211393
0.284827353635
0.288621591462
0.292246013345
0.295632584915
0.298709702527
0.301404434769
0.303645435213
0.305366397742
0.306509796178
0.3070305317
0.30689904214
0.306103440398
0.30465035916
0.302564369368
0.299886064792
0.296669105753
0.292976641832
0.288877564064
0.284442980611
0.279743197695
0.274845357579
0.269811768571
0.264698876198
0.259556774091
0.254429133201
0.249353430015
0.244361369314
0.239479417454
0.234729383215
0.230129002021
0.225692494741
0.22143108403
0.217353459668
0.213466190162
0.209774081635
0.206280487249
0.202987571614
0.199896535066
0.197007802753
0.194321183192
0.191836000577
0.189551204651
0.187465461485
0.185577228059
0.183884813102
0.182386426306
0.181080217649
0.179964308327
0.17903681449
0.178295864801
0.177739612643
0.177366243611
0.177173978842
0.177161074549
0.177325818079
0.177666520681
0.178181507084
0.178869101927
0.179727612978
0.180755311011
0.181950406131
0.183311020277
0.184835155514
0.186520657688
0.188365174905
0.190366110226
0.192520567891
0.194825292293
0.197276598901
0.199870296227
0.202601597997
0.205465024655
0.208454293486
0.211562196821
0.214780468141
0.218099636382
0.221508869492
0.224995809301
0.228546401079
0.232144722923
0.235772822234
0.239410569103
0.243035539388
0.246622943326
0.250145618613
0.25357410939
0.256876853944
0.260020503439
0.262970390666
0.265691160921
0.268147566129
0.270305408258
0.272132599888
0.273600290348
0.274683988245
0.275364598799
0.275629290836
0.275472115685
0.274894319046
0.273904315068
0.272517325118
0.270754716535
0.268643103724
0.266213291116
0.263499143339
0.26053646279
0.257361941526
0.25401223623
0.250523195622
0.246929251831
0.24326297275
0.239554761991
0.235832686739
0.232122410956
0.228447211177
0.224828053755
0.221283715012
0.217830928848
0.21448454946
0.211257719681
0.208162037969
0.205207719154
0.202403745702
0.199758007562
0.197277429599
0.194968086328
0.192835304105
0.190883751277
0.189117516929
0.187540178974
0.186154862344
0.184964287998
0.183970813402
0.183176465043
0.182582963431
0.182191740938
0.182003952671
0.182020480479
0.182241930043
0.182668620843
0.183300568681
0.184137460265
0.185178619215
0.186422962688
0.187868947663
0.189514505775
0.191356965428
0.193392959829
0.195618319469
0.198027947595
0.200615677294
0.203374109062
0.206294428158
0.209366201818
0.212577157507
0.215912945021
0.219356887506
0.222889729431
0.226489393358
0.230130762011
0.233785507469
0.237421995079
0.241005295228
0.244497340393
0.247857266659
0.251041976247
0.254006948834
0.256707312978
0.259099164244
0.26114108481
0.262795783869
0.264031744748
0.264824740903
0.265159075985
0.265028418088
0.264436135498
0.263395095568
0.261926950094
0.260060987772
0.257832676384
0.25528203795
0.252451998177
0.249386831299
0.246130789621
0.242726971554
0.239216448778
0.23563764651
0.232025952408
0.228413519033
0.224829220881
0.221298727808
0.217844660487
0.214486798913
0.211242320701
0.20812605146
0.205150714317
0.202327169723
0.199664639827
0.19717091412
0.194852534854
0.192714961945
0.190762717924
0.188999514014
0.187428358692
0.186051650233
0.184871254746
0.18388857116
0.183104584503
0.18251990872
0.182134820097
0.181949282256
0.181962963536
0.182175247427
0.182585236638
0.183191751247
0.183993321292
0.184988174079
0.186174216397
0.187549011797
0.189109753006
0.190853229557
0.192775790665
0.194873303403
0.197141106265
0.199573958225
0.202165983526
0.204910612519
0.207800519063
0.210827555194
0.213982684047
0.217255912358
0.220636224239
0.224111518423
0.227668551653
0.231292891499
0.234968882428
0.238679629578
0.242407005143
0.246131682686
0.24983320481
0.253490089451
0.257079979447
0.260579838883
0.263966197975
0.267215445881
0.270304167884
0.273209519968
0.275909630243
0.278384013196
0.28061397987
0.282583025154
0.284277172867
0.285685260427
0.286799147717
0.287613839133
0.288127513271
0.288341460724
0.288259936396
0.287889937817
0.287240924798
0.286324497964
0.285154054254
0.283744436492
0.282111591946
0.280272251818
0.278243640271
0.276043218318
0.273688464867
0.271196694812
0.268584912133
0.265869694756
0.263067107172
0.260192636592
0.257261148472
0.25428685757
0.251283311181
0.248263381686
0.245239266102
0.24222249081
0.239223920058
0.236253767211
0.233321608007
0.230436395277
0.227606474785
0.224839601928
0.222142959108
0.219523173655
0.216986336175
0.214538019219
0.212183296181
0.209926760289
0.207772543605
0.205724335897
0.203785403265
0.201958606407
0.200246418393
0.198650941847
0.197173925413
0.195816779412
0.194580590593
0.193466135897
0.192473895157
0.191604062673
0.190856557611
0.190231033184
0.189726884593
0.189343255708
0.189079044492
0.18893290719
0.18890326131
0.18898828746
0.189185930112
0.189493897412
0.18990966015
0.190430450079
0.19105325778
0.191774830321
0.192591668996
0.193500027503
0.19449591092
0.195575075957
0.196733032934
0.197965050063
0.199266160578
0.200631173343
0.202054687559
0.203531112193
0.205054690736
0.206619531834
0.208219646271
0.209848990626
0.211501517818
0.213171234499
0.21485226506
0.216538921733
0.218225779954
0.219907757903
0.22158019877
0.223238954077
0.224880466105
0.226501847331
0.228100954683
0.229676456411
0.231227889517
0.232755705877
0.234261305539
0.235747056078
0.23721629739
0.238673331806
0.24012339996
0.24157264333
0.243028054841
0.244497419271
0.245989245486
0.247512692702
0.249077493
0.25069387231
0.252372471899
0.254124272224
0.255960520697
0.257892664648
0.259932290405
0.262091069127
0.264380709683
0.266812918594
0.269399366796
0.272151662724
0.275081331017
0.278199795935
0.281518368411
0.285048235425
0.288800450241
0.292785921736
0.297015400833
0.301499461602
0.306248474203
0.31127256617
0.316581567815
0.322184936497
0.328091653246
0.33431008363
0.340847792745
0.347711301713
0.354905770118
0.362434585255
0.370298835109
0.378496637796
0.387022296349
0.395865245211
0.405008755431
0.414428372313
0.424090076689
0.433948195695
0.443943149423
0.45399921521
0.46402262801
0.473900508875
0.483501297381
0.492677493722
0.501271483859
0.509124892834
0.516091194319
0.522050258018
0.526922446381
0.530679290216
0.533348145105
0.535009620923
0.535788484338
0.535840339754
0.535337066632
0.534453638226
0.533357956478
0.532204243275
0.531129704937
0.530253756292
0.529678990156
0.529493176214
0.529771750988
0.530580441599
0.531977814345
0.534017645355
0.536751078483
0.540228573071
0.544501658078
0.549624503197
0.555655290668
0.562657315156
0.570699633651
0.579856893299
0.590207606221
0.601829473979
0.614789128301
0.629121397982
0.644789275028
0.661609653937
0.679123450806
0.696393313428
0.711765333955
0.722797091246
0.726774671132
0.721997289543
0.708904443121
0.689758301954
0.667273386487
0.643593679176
0.620059300483
0.597383296565
0.575887740388
0.555677534042
0.536745972709
0.519033548319
0.502459201843
0.48693634463
0.472380708703
0.45871389036
0.445864662753
0.433769163634
0.422370544608
0.411618390141
0.401468065539
0.391880073349
0.382819455001
0.37425525207
0.366160029963
0.3585094612
0.351281962959
0.344458382776
0.338021726304
0.331956921515
0.326250614298
0.320890991083
0.315867624687
0.311171340172
0.306794097946
0.302728891789
0.298969659808
0.295511206646
0.292349135489
0.289479788648
0.286900195641
0.28460802782
0.282601558729
0.280879629411
0.279441617967
0.278287412672
0.277417387966
0.276832382599
0.276533679146
0.276522984028
0.276802406987
0.277374438798
0.278241925704
0.27940803869
0.280876235235
0.282650210535
0.284733834347
0.287131068566
0.289845859186
0.292881994559
0.296242919512
0.299931491998
0.303949665244
0.30829807385
0.312975496793
0.31797816394
0.323298865709
0.328925818751
0.334841235507
0.341019545258
0.347425223975
0.354010218125
0.360711005887
0.367445444007
0.374109716746
0.380575944781
0.386691310886
0.392279847561
0.397148160182
0.4010960973
0.403932496138
0.405494584094
0.405667788311
0.404401448989
0.401716189115
0.397700769778
0.392499370599
0.386292890123
0.379278887914
0.371654060425
0.36360142669
0.355282661105
0.346834839966
0.338370373846
0.329978896903
0.321730130088
0.313677042235
0.305858902179
0.298304013111
0.291032049292
0.284055990523
0.277383688423
0.271019114481
0.264963342932
0.259215317951
0.253772448401
0.248631066304
0.243786778579
0.239234735707
0.234969836072
0.230986880687
0.227280689814
0.223846190428
0.220678481463
0.217772882242
0.215124968271
0.212730597649
0.21058593061
0.208687444183
0.207031943501
0.205616570983
0.204438814345
0.203496514232
0.202787872085
0.202311458789
0.202066224544
0.202051510367
0.202267061591
0.202713043724
0.203390061025
0.204299178175
0.205441945442
0.206820427811
0.208437238574
0.210295577991
0.212399277718
0.214752851829
0.217361555422
0.220231452
0.22336949106
0.226783597653
0.230482776031
0.23447723004
0.23877850349
0.243399644561
0.248355399315
0.253662440706
0.259339641193
0.265408399374
0.271893034028
0.278821263087
0.286224790549
0.294140032014
0.302609020152
0.311680546575
0.321411618283
0.331869338842
0.343133372108
0.355299219235
0.368482653778
0.382825843157
0.398505988933
0.415747840669
0.434842371982
0.456175657286
0.480275454632
0.507890344367
0.540133167772
0.578763638386
0.626811225176
0.690185790891
0.78302054322
0.955228602716
1.05941714116
0.826814817039
0.718120851464
0.648176762627
0.596799462369
0.556343221315
0.523100725425
0.49499495681
0.470745829836
0.449509016936
0.430698578438
0.413891512129
0.398772656206
0.385101067701
0.372688556909
0.361385458534
0.351070896015
0.341645936763
0.333028665084
0.325150561327
0.317953791573
0.311389145025
0.305414440451
0.299993277648
0.295094046166
0.290689128093
0.286754248596
0.283267939754
0.280211091588
0.277566570199
0.275318887256
0.273453908208
0.271958588886
0.270820731792
0.270028754552
0.269571463834
0.269437828607
0.269616747
0.270096801328
0.270865996092
0.271911474131
0.273219206603
0.274773653338
0.276557391503
0.278550712661
0.280731191565
0.283073234637
0.285547622479
0.288121069181
0.290755831687
0.29340941482
0.296034430822
0.298578684442
0.300985562896
0.303194809883
0.30514374945
0.306768993887
0.308008617546
0.308804707526
0.309106121461
0.308871208355
0.308070201216
0.306686989708
0.304720037113
0.302182313384
0.29910025319
0.295511882894
0.291464362259
0.287011235569
0.282209679569
0.277117983852
0.271793423098
0.266290600366
0.260660271657
0.254948612325
0.249196856789
0.243441231499
0.237713102375
0.232039266802
0.226442332762
0.220941140842
0.215551196914
0.210285093539
0.205152906163
0.200162556282
0.195320138061
0.190630207862
0.186096038033
0.181719837431
0.177502941741
0.173445976856
0.169548998564
0.165811611617
0.162233071004
0.158812367963
0.155548302988
0.152439547775
0.149484697811
0.146682317068
0.14403097603
0.141529284119
0.139175917404
0.136969642348
0.134909336219
0.132994004702
0.131222797137
0.129595019776
0.128110147343
0.126767833176
0.125567918158
0.124510438619
0.123595633377
0.122823950051
0.122196050753
0.121712817294
0.121375355981
0.121185002111
0.121143324268
0.121252128487
0.121513462421
0.121929619579
0.122503143769
0.12323683384
0.124133748864
0.125197213891
0.126430826422
0.127838463762
0.129424291441
0.131192772895
0.133148680639
0.135297109158
0.137643489826
0.140193608134
0.142953623607
0.145930092803
0.149129995872
0.152560767207
0.156230330817
0.160147141172
0.16432023037
0.16875926268
0.17347459767
0.178477363417
0.183779541573
0.18939406647
0.195334940905
0.201617371893
0.20825793043
0.215274740314
0.222687702402
0.230518762319
0.238792231907
0.247535177617
0.256777893017
0.266554477928
0.276903554014
0.28786915682
0.29950185849
0.311860195697
0.32501250667
0.33903932439
0.354036537597
0.370119629828
0.387429460127
0.40614029322
0.426471184026
0.448702481335
0.473200332093
0.500453969729
0.531133727748
0.566182277152
0.606953758739
0.655383974566
0.713891699952
0.782685335008
0.842234047114
0.835086026879
0.775723790438
0.716297264857
0.667746347923
0.628561748881
0.596362143225
0.569354163684
0.546283332576
0.526264084292
0.508654262301
0.492974228189
0.478855537067
0.466007959891
0.454197888628
0.443233933963
0.432957171182
0.423234451761
0.413953765677
0.405020981086
0.396357499829
0.387898504218
0.3795915643
0.371395443426
0.363278993226
0.355220071943
0.347204454382
0.339224728064
0.331279188555
0.323370757712
0.315505952631
0.30769393168
0.299945638876
0.292273060743
0.284688602122
0.277204580353
0.269832831548
0.262584418545
0.255469427699
0.248496840597
0.241674466884
0.235008925269
0.228505661156
0.22216899095
0.216002164775
0.21000744093
0.204186166881
0.19853886279
0.193065304722
0.187764605439
0.182635291461
0.177675375537
0.17288242411
0.168253619642
0.163785817862
0.159475600166
0.155319321457
0.151313153792
0.147453126205
0.143735161086
0.14015510748
0.136708771641
0.133391945157
0.130200430921
0.127130067198
0.124176749974
0.121336453795
0.118605251213
0.115979330958
0.113455014927
0.111028774053
0.108697243082
0.106457234293
0.104305750163
0.102239994969
0.10025738532
0.0983555595867
0.0965323862234
0.094785970936
0.0931146626921
0.0915170585444
0.0899920072574
0.0885386117327
0.0871562302366
0.0858444764422
0.0846032183115
0.0834325758519
0.0823329177914
0.0813048572301
0.0803492463325
0.0794671701344
0.0786599395488
0.0779290836564
0.0772763413768
0.076703652616
0.0762131489906
0.0758071442269
0.0754881243349
0.075258737652
0.07512178485
0.0750802089919
0.0751370857204
0.075295613652
0.0755591050441
0.0759309767922
0.0764147418082
0.0770140008191
0.0777324346159
0.0785737967749
0.0795419068608
0.0806406441122
0.0818739415974
0.0832457808217
0.0847601867488
0.0864212231927
0.0882329885194
0.090199611583
0.0923252478044
0.0946140752807
0.0970702907911
0.0996981055374
0.102501740427
0.105485420662
0.108653369368
0.112009799909
0.1155589065
0.119304852629
0.123251756682
0.127403674073
0.131764574988
0.136338316692
0.141128609096
0.146138972
0.151372682089
0.156832707322
0.16252162586
0.168441526047
0.17459388326
0.180979408556
0.187597863101
0.194447831241
0.20152644392
0.208829042963
0.216348775697
0.22407610874
0.231998249875
0.240098468436
0.248355308318
0.25674169495
0.265223949772
0.273760745025
0.282302059681
0.290788235715
0.299149281841
0.307304625486
0.315163562745
0.322626682558
0.329588519178
0.335941587308
0.341581756957
0.346414637349
0.350362312925
0.353369508179
0.355408169694
0.356479625931
0.3566139088
0.355866378645
0.354312305388
0.35204036531
0.349146049695
0.34572579059
0.341872298062
0.337671286479
0.333199521095
0.328523968629
0.323701777841
0.318780821712
0.313800573403
0.308793141271
0.303784340024
0.298794718704
0.293840499556
0.288934405579
0.284086370299
0.27930413312
0.274593729123
0.269959884898
0.265406332876
0.260936056412
0.256551477059
0.252254594356
0.248047087219
0.243930384789
0.239905713451
0.235974125643
0.23213651513
0.228393622584
0.224746034541
0.22119417821
0.217738314048
0.214378527559
0.211114721419
0.207946608691
0.204873707679
0.201895338732
0.1990106232
0.196218484586
0.193517651884
0.190906665003
0.188383882155
0.185947489059
0.183595509773
0.181325818999
0.179136155679
0.177024137705
0.174987277601
0.173022999005
0.171128653835
0.169301539984
0.167538919442
0.16583803673
0.16419613753
0.162610487435
0.161078390699
0.159597208916
0.158164379539
0.156777434128
0.155434016261
0.154131899011
0.152869001871
0.151643407065
0.150453375105
0.149297359512
0.148174020586
0.1470822381
0.146021122826
0.144990026769
0.143988552008
0.143016558036
0.142074167521
0.141161770392
0.140280026199
0.139429864695
0.138612484601
0.137829350571
0.137082188352
0.136372978189
0.135703946547
0.135077556217
0.13449649494
0.133963662653
0.133482157527
0.133055260934
0.132686421526
0.132379238592
0.132137444872
0.131964889011
0.131865517801
0.131843358393
0.13190250061
0.1320470795
0.132281258234
0.132609211468
0.133035109207
0.133563101265
0.134197302323
0.134941777624
0.13580052928
0.136777483174
0.137876476416
0.139101245281
0.140455413576
0.141942481313
0.143565813616
0.145328629726
0.147233991994
0.149284794708
0.151483752628
0.15383338907
0.156336023374
0.158993757604
0.161808462298
0.164781761108
0.167915014142
0.171209299832
0.174665395164
0.178283754083
0.182064483913
0.186007319641
0.190111595921
0.194376216688
0.198799622293
0.203379754121
0.208114016701
0.212999237387
0.218031623764
0.223206719049
0.228519355873
0.233963608965
0.239532747446
0.245219187612
0.251014447316
0.256909103274
0.262892752873
0.268953982295
0.275080342992
0.281258338783
0.28747342593
0.293710028686
0.299951572721
0.306180538667
0.312378537731
0.318526410746
0.3246043514
0.330592053486
0.336468881004
0.342214058871
0.347806880875
0.353226930501
0.358454309402
0.363469867762
0.368255430568
0.372794014025
0.377070026932
0.381069452716
0.384780008977
0.388191282545
0.391294839187
0.394084307961
0.396555440774
0.39870614791
0.400536510203
0.402048768149
0.403247287883
0.404138503588
0.404730835752
0.405034584933
0.405061801126
0.404826129746
0.404342636206
0.403627612227
0.402698368039
0.401573015455
0.400270247319
0.39880911894
0.397208836888
0.395488559916
0.393667215923
0.391763337821
0.389794920058
0.38777929644
0.385733038899
0.383671875952
0.381610628909
0.379563163346
0.377542353011
0.375560053114
0.373627079896
0.371753193393
0.369947080425
0.368216335017
0.366567433675
0.365005703172
0.363535278835
0.362159051568
0.360878602306
0.359694122986
0.358604323702
0.35760632643
0.356695546554
0.355865564602
0.355107991986
0.354412336287
0.353765873703
0.353153538695
0.352557843497
0.351958842882
0.351334162079
0.350659107596
0.349906881378
0.349048917488
0.34805535667
0.346895667094
0.345539408982
0.343957126879
0.34212133713
0.34000756142
0.33759534272
0.334869170661
0.331819241882
0.32844198907
0.32474033007
0.32072361361
0.316407267148
0.311812180385
0.306963880737
0.301891571298
0.296627106317
0.291203974526
0.285656349094
0.280018247279
0.27432282611
0.268601824913
0.262885152722
0.257200609428
0.251573723659
0.246027687689
0.240583369208
0.235259380988
0.230072191664
0.225036263445
0.2201642053
0.215466932691
0.210953827201
0.206632891282
0.202510894921
0.198593512207
0.194885446736
0.191390545439
0.188111900929
0.185051942758
0.182212518223
0.17959496343
0.17720016544
0.175028616267
0.173080459538
0.171355530534
0.169853390316
0.168573354565
0.16751451771
0.166675772843
0.166055827907
0.165653218539
0.165466317925
0.165493344004
0.165732364271
0.16618129843
0.166837919118
0.167699850872
0.168764567519
0.170029388129
0.171491471673
0.173147810508
0.17499522282
0.177030344123
0.179249617965
0.181649285926
0.184225377079
0.186973697032
0.189889816714
0.192969061102
0.196206498066
0.199596927575
0.203134871521
0.206814564441
0.210629945472
0.214574651895
0.218642014657
0.222825056301
0.227116491771
0.231508732539
0.235993894577
0.240563810625
0.245210047237
0.249923926998
0.254696556273
0.259518858695
0.264381614504
0.269275505639
0.274191166275
0.279119238252
0.284050430566
0.288975581762
0.293885723804
0.298772145664
0.30362645462
0.308440633037
0.313207088247
0.317918693144
0.322568815121
0.327151331251
0.331660627924
0.336091583658
0.340439534438
0.344700221689
0.34886972385
0.352944373445
0.356920662529
0.360795140377
0.364564308242
0.368224516907
0.371771873539
0.375202164979
0.378510804979
0.381692813018
0.384742832011
0.387655191496
0.390424021552
0.393043420768
0.395507679044
0.397811552802
0.399950586594
0.401921471235
0.403722424855
0.405353580091
0.406817358412
0.408118811829
0.409265913119
0.410269778499
0.411144811102
0.411908759399
0.412582691221
0.413190890578
0.413760690403
0.414322259024
0.414908361294
