3.70074341542e-18
4.43998283762e-05
0.000177595067544
0.000399572971182
0.000710312267287
0.00110978311596
0.00159794705026
0.00217475690014
0.00284015669941
0.0035940815756
0.00443645762284
0.00536720175756
0.00638622155701
0.0074934150805
0.00868867067334
0.00997186675333
0.0113428715799
0.0128015430053
0.0143477282091
0.0159812634135
0.0177019735826
0.0195096721023
0.0214041604437
0.0233852278074
0.0254526507507
0.0276061927964
0.0298456040244
0.032170620644
0.0345809645503
0.0370763428611
0.039656447437
0.0423209543846
0.0450695235411
0.0479017979428
0.050817403277
0.0538159473169
0.0568970193412
0.0600601895376
0.0633050083918
0.066631006062
0.0700376917403
0.0735245530001
0.0770910551332
0.0807366404745
0.0844607277181
0.088262711224
0.0921419603183
0.0960978185868
0.100129603165
0.104236604028
0.108418083272
0.112673274411
0.117001381665
0.121401579258
0.125873010731
0.130414788259
0.135025991985
0.139705669376
0.144452834595
0.149266467899
0.154145515067
0.159088886864
0.16409545853
0.169164069327
0.174293522113
0.179482582983
0.184729980955
0.190034407718
0.195394517447
0.200808926685
0.206276214306
0.211794921556
0.217363552175
0.222980572623
0.228644412391
0.234353464424
0.240106085641
0.24590059758
0.251735287148
0.257608407503
0.263518179052
0.269462790589
0.275440400557
0.281449138447
0.287487106343
0.293552380595
0.29964301364
0.305757035962
0.311892458192
0.318047273345
0.3242194592
0.330406980805
0.336607793121
0.342819843792
0.349041076041
0.355269431692
0.361502854321
0.367739292552
0.373976703512
0.380213056472
0.386446336686
0.392674549404
0.398895723839
0.40510791647
0.411309212103
0.417497719121
0.423671551528
0.429828783327
0.435967348676
0.442084841805
0.44817814202
0.454242752289
0.460271703732
0.466253870377
0.472171622231
0.477998038599
0.483694570945
0.489211155139
0.494491865572
0.499488513018
0.504178612717
0.50856863092
0.512633459913
0.516091235563
0.517909716532
0.516071410484
0.509351828571
0.499222132509
0.487876813625
0.476486180426
0.465430763018
0.45477359177
0.444480961236
0.434500017013
0.424782619808
0.415290984073
0.405997443601
0.396882574327
0.387933123456
0.37914021604
0.37049795256
0.362002378555
0.353650762712
0.345441111655
0.337371856635
0.329441659519
0.321649298264
0.313993603248
0.306473424785
0.299087618829
0.291835042608
0.284714555183
0.277725020034
0.270865308095
0.264134300496
0.257530890703
0.25105398601
0.244702508438
0.238475395169
0.232371598616
0.226390086236
0.220529840172
0.214789856779
0.209169146098
0.20366673128
0.198281648011
0.193012943928
0.187859678053
0.182820920223
0.177895750546
0.173083258865
0.16838254423
0.163792714385
0.159312885265
0.154942180503
0.150679730937
0.146524674133
0.142476153914
0.138533319888
0.134695326988
0.130961335015
0.127330508188
0.123802014698
0.120375026263
0.117048717695
0.11382226647
0.110694852295
0.107665656694
0.104733862583
0.101898653866
0.0991592150219
0.0965147307081
0.093964385361
0.0915073628071
0.0891428458782
0.0868700160332
0.0846880529857
0.082596134339
0.0805934352269
0.0786791279634
0.0768523816985
0.0751123620834
0.0734582309437
0.0718891459616
0.0704042603678
0.0690027226436
0.0676836762334
0.0664462592688
0.0652896043041
0.0642128380646
0.0632150812085
0.0622954481015
0.0614530466074
0.0606869778928
0.059996336249
0.0593802089299
0.0588376760076
0.0583678102474
0.0579696770009
0.0576423341194
0.0573848318892
0.0571962129869
0.0570755124587
0.0570217577221
0.0570339685918
0.057111157331
0.0572523287273
0.0574564801956
0.0577226019077
0.0580496769492
0.058436681505
0.0588825850729
0.0593863507071
0.0599469352898
0.0605632898344
0.0612343598176
0.0619590855417
0.0627364025283
0.0635652419407
0.0644445310382
0.0653731936589
0.0663501507329
0.0673743208246
0.0684446207033
0.0695599659419
0.0707192715427
0.0719214525889
0.0731654249222
0.0744501058428
0.0757744148332
0.0771372743024
0.0785376103495
0.0799743535456
0.0814464397313
0.0829528108281
0.0844924156623
0.086064210798
0.0876671613783
0.0893002419719
0.0909624374218
0.0926527436954
0.0943701687319
0.0961137332854
0.0978824717612
0.099675433041
0.101491681298
0.103330296794
0.105190376665
0.107071035675
0.108971406963
0.110890642755
0.112827915048
0.114782416272
0.116753359913
0.118739981109
0.120741537206
0.122757308281
0.124786597619
0.126828732162
0.128883062903
0.13094896525
0.133025839339
0.135113110304
0.137210228504
0.139316669706
0.14143193522
0.143555551989
0.145687072635
0.147826075462
0.149972164408
0.152124968961
0.15428414403
0.156449369766
0.158620351355
0.160796818763
0.16297852644
0.165165252997
0.167356800835
0.169552995749
0.171753686494
0.173958744319
0.176168062473
0.178381555685
0.180599159615
0.182820830284
0.185046543486
0.187276294182
0.18951009589
0.19174798006
0.193989995451
0.196236207497
0.19848669767
0.200741562816
0.20300091446
0.205264878049
0.207533592119
0.20980720736
0.21208588557
0.214369798528
0.216659126835
0.218954058825
0.221254789721
0.223561521244
0.225874461907
0.22819382823
0.230519846987
0.232852758449
0.235192820248
0.237540311128
0.239895533338
0.242258812008
0.244630489459
0.247010912379
0.249400410172
0.251799263877
0.254207666867
0.256625681294
0.259053197624
0.261489908478
0.263935311551
0.266388758729
0.268849568318
0.271317213148
0.273791587807
0.276273342929
0.278764253759
0.281267566564
0.283788243387
0.286333007382
0.288910080274
0.29152850051
0.294196912895
0.296921726395
0.299704553457
0.302538900913
0.305406246774
0.308272023388
0.311082757321
0.313766649499
0.316240648715
0.318426191739
0.320271808383
0.321774776783
0.322991205595
0.324029184785
0.325029785223
0.326146550421
0.327531763706
0.329331545918
0.331686801856
0.334733211317
0.338585061595
0.343259301089
0.348415051064
0.352708037664
0.353421320167
0.349081568921
0.341799146949
0.334052978415
0.32687807718
0.320487775314
0.314829616859
0.309790350932
0.305255654514
0.301124453643
0.297310484181
0.293740896066
0.290354674677
0.287101493858
0.283940951473
0.280841960054
0.277782066985
0.274746559029
0.271727314332
0.268721463365
0.265729981415
0.26275634927
0.25980539365
0.256882372815
0.253992324631
0.251139656863
0.248327937339
0.245559833649
0.242837154061
0.240160948874
0.237531640866
0.234949162727
0.232413087135
0.22992274125
0.227477301773
0.225075869799
0.222717526556
0.220401372281
0.218126550976
0.215892263942
0.213697774824
0.211542408637
0.209425546831
0.2073466201
0.205305100187
0.203300491662
0.201332324263
0.199400146203
0.197503518637
0.195642011302
0.193815199316
0.192022660984
0.190263976483
0.188538727256
0.18684649595
0.18518686677
0.183559426102
0.181963763305
0.180399471604
0.178866148988
0.177363399096
0.175890832039
0.174448065153
0.173034723659
0.171650441237
0.170294860512
0.168967633463
0.16766842175
0.166396896984
0.165152740931
0.163935645674
0.162745313733
0.161581458141
0.1604438025
0.159332081005
0.158246038452
0.157185430215
0.156150022219
0.155139590889
0.154153923082
0.153192816012
0.152256077155
0.151343524142
0.150454984638
0.149590296208
0.148749306169
0.147931871432
0.147137858323
0.1463671424
0.145619608253
0.144895149293
0.144193667528
0.143515073335
0.142859285207
0.142226229508
0.141615840204
0.141028058597
0.140462833041
0.139920118661
0.139399877054
0.138902076
0.13842668915
0.137973695726
0.137543080203
0.137134831999
0.136748945158
0.136385418027
0.136044252937
0.135725455885
0.135429036208
0.135155006263
0.13490338111
0.134674178197
0.134467417041
0.134283118926
0.134121306592
0.133982003942
0.133865235739
0.133771027325
0.133699404323
0.13365039236
0.13362401678
0.133620302356
0.133639273007
0.133680951503
0.133745359176
