1.0
0.983862340911
0.936776442595
0.862569460971
0.767127629947
0.65772886088
0.542239597977
0.428283134891
0.322487247887
0.229903954268
0.15366610504
0.0949089977184
0.052946088938
0.0256522904295
0.0099816220145
0.00253217729547
9.24673886913e-05
8.43909503012e-05
0.000295936600388
0.000228666238765
0.000458723542426
0.00129248051195
0.00164329903086
0.000925914153353
0.00144558177252
0.00490782296531
0.00909824134119
0.0129969721355
0.0154235144321
0.0152676064835
0.011773972869
0.00514851384511
0.00803013802706
0.0210702180017
0.0357108149315
0.0499999256089
0.0622027157144
0.0708630948019
0.0750046684041
0.0742707422715
0.0689630502765
0.0599711652495
0.0486067488266
0.0363742476114
0.0247205809686
0.0148091825153
0.00735818983764
0.00257030303003
0.000217144075819
0.000556605433263
0.000374628321554
0.00018233996745
0.000204624423806
0.00117929719374
0.00274709261586
0.00433871934085
0.00516460328539
0.00438073061758
0.00139270335441
0.00463968471521
0.0129314325114
0.0231214615559
0.0340395377665
0.044203011284
0.0520255858296
0.0560772477824
0.0553372894572
0.049394485621
0.0385596574102
0.0238856507321
0.00739926399799
0.0114559633553
0.0268786356349
0.0390209288759
0.0463646325556
0.0482455970445
0.044797999559
0.0369031602474
0.0260339939103
0.0140141113338
0.00280891906822
0.00639292077966
0.0118777850717
0.0134262094086
0.0112263097868
0.00611503756116
0.00104365057893
0.00773490489845
0.0134706027339
0.0169233572167
0.0175255835558
0.0153273410232
0.0109797576534
0.00564901758646
0.0016747090816
0.00343842853083
0.00391140234298
0.00122005040888
0.00583827347873
0.0155091289294
0.0272734825771
0.0396407474396
0.0509987211321
0.0598342508122
0.0649674178853
0.0657307588472
0.0620638582967
0.0545093650941
0.0441133886717
0.0322491235291
0.0203949640025
0.00990646306505
0.00190669690706
0.0034310601212
0.00559695995141
0.00525765710196
0.00325024040408
0.000892283716309
0.00167800274558
0.00243981944355
0.00126042316088
0.00228770934423
0.00763717257532
0.0144508572106
0.0218303809057
0.0288164604386
0.0344965337865
0.0381455152649
0.0393291350604
0.0379547824252
0.0342652134755
0.0287804728672
0.0222016913885
0.0152958651806
0.0087832129057
0.00325871870954
0.00118604048494
0.00383047930287
0.00517649878675
0.00536607917704
0.0047257545005
0.00361526636341
0.00236261722013
0.00121682887188
0.0003273395905
0.000275166012358
0.000583811634259
0.000687306560557
0.00065878000136
0.000558818239316
0.000428905688315
0.000298400911413
0.000190090502533
0.00010981580327
4.09412135687e-05
2.46230981755e-05
6.35358323802e-05
7.36076757433e-05
0.000130897676852
0.000284293257436
0.000507810517941
0.000729790329989
0.000849593690427
0.000759032130653
0.000393706002422
0.000477852536179
0.00144609306879
0.00264423108473
0.00381004605822
0.00469185845418
0.00505403475354
0.0047389072803
0.00372913808388
0.00219531470387
0.000714555661127
0.000872093352672
0.00116548132359
0.000786186642353
0.00371750483778
0.0095509286328
0.0176130963515
0.027263563115
0.0374304347166
0.0466628256142
0.0532795293382
0.0555778188872
0.0520764226406
0.041760509356
0.0243123141377
0.00384684390726
0.0301022906223
0.0633176249366
0.097553307871
0.129947692046
0.157724057689
0.17849466311
0.190547805201
0.193054167623
0.186159285111
0.170947597247
0.14928319319
