1.0
0.999721155597
0.998885087779
0.997493191428
0.995547787047
0.99305211433
0.99001032319
0.986427462284
0.982309465086
0.977663133545
0.972496119408
0.966816903266
0.960634771415
0.953959790615
0.946802780831
0.939175286089
0.93108954352
0.922558450739
0.913595531658
0.904214900876
0.894431226766
0.884259693395
0.873715961423
0.86281612811
0.851576686583
0.840014484497
0.828146682243
0.815990710846
0.803564229683
0.790885084187
0.777971263653
0.764840859299
0.751512022716
0.73800292482
0.724331715466
0.710516483809
0.696575219562
0.682525775234
0.668385829478
0.654172851636
0.639904067569
0.625596426877
0.611266571565
0.596930806244
0.582605069929
0.568304909476
0.554045454731
0.539841395412
0.525706959767
0.511655895042
0.49770144975
0.483856357796
0.470132824413
0.456542513947
0.443096539456
0.429805454118
0.416679244413
0.403727325069
0.390958535714
0.378381139212
0.366002821627
0.353830693763
0.341871294235
0.330130594001
0.318614002295
0.307326373902
0.296272017692
0.285454706359
0.274877687271
0.264543694373
0.25445496106
0.244613233941
0.235019787413
0.225675438977
0.216580565208
0.207735118305
0.199138643145
0.190790294762
0.182688856181
0.174832756533
0.167220089375
0.159848631155
0.152715859749
0.145818973007
0.139154907256
0.132720355685
0.126511786572
0.120525461291
0.114757452061
0.109203659376
0.103859829089
0.0987215690976
0.0937843656093
0.0890435989403
0.0844945588283
0.0801324592296
0.0759524525793
0.0719496434932
0.0681191018985
0.0644558755761
0.0609550021077
0.0576115202175
0.054420480505
0.0513769555665
0.0484760495045
0.0457129068294
0.0430827207552
0.0405807408994
0.038202280392
0.0359427224075
0.0337975261285
0.0317622321568
0.0298324673856
0.0280039493485
0.0262724900626
0.0246339993838
0.0230844878924
0.0216200693283
0.0202369625963
0.0189314933604
0.0177000952488
0.01653931069
0.0154457914002
0.0144162985436
0.0134477025853
0.0125369828584
0.0116812268651
0.0108776293304
0.0101234910311
0.00941621741505
0.0087533170331
0.00813239979899
0.007551175096
0.00700744974682
0.00649912586269
0.0060241985875
0.00558075375143
0.00516696544837
0.00478109355032
0.0044214811716
0.0040865520945
0.00377480816778
0.00348482668835
0.00321525777592
0.00296482174953
0.00273230651455
0.00251656496755
0.00231651242626
0.0021311240909
0.0019594325427
0.00180052528476
0.0016535423299
0.00151767383954
0.00139215781716
0.0012762778595
0.00116936096791
0.00107077542224
0.000979928718835
0.000896265574124
0.000819265994709
0.00074844341471
0.000683342900678
0.000623539424163
0.00056863620175
0.000518263102146
0.000472075119665
0.000429750913296
0.000390991410314
0.000355518473309
0.000323073629294
0.000293416859497
0.000266325448313
0.000241592889795
0.00021902785002
0.000198453183581
0.000179705002431
0.000162631795251
0.000147093595517
0.000132961196402
0.000120115410661
0.000108446373652
9.78528876474e-05
8.82418056271e-05
7.95274527445e-05
7.16310837133e-05
6.44803743803e-05
5.80089457948e-05
5.21559191277e-05
4.68654998381e-05
4.20865895327e-05
3.77724240133e-05
3.38802360608e-05
3.0370941553e-05
2.72088475704e-05
2.43613811959e-05
2.17988377677e-05
1.94941474003e-05
1.74226586392e-05
1.55619381701e-05
1.38915855527e-05
1.23930620024e-05
1.10495322911e-05
9.84571888813e-06
8.7677675084e-06
7.80312328147e-06
6.94041679918e-06
6.169359342e-06
5.48064662563e-06
4.86587044871e-06
4.31743766048e-06
3.82849590323e-06
3.39286561933e-06
3.00497784521e-06
2.65981734626e-06
2.35287067632e-06
2.0800787737e-06
1.83779373243e-06
1.6227394126e-06
1.43197557769e-06
1.26286526902e-06
1.11304514881e-06
9.80398563112e-07
8.63031094387e-07
7.59248391276e-07
6.67536079108e-07
5.86541570173e-07
5.15057606973e-07
4.52007384924e-07
3.96431113385e-07
3.47473885352e-07
3.04374736853e-07
2.6645678696e-07
2.33118358536e-07
2.03824988286e-07
1.78102242563e-07
1.55529262605e-07
1.35732969563e-07
1.1838286584e-07
1.03186374921e-07
8.98846670837e-08
7.8248923166e-08
6.80769929345e-08
5.91904086465e-08
5.14317180512e-08
4.46621044573e-08
3.87592645602e-08
3.36155175317e-08
2.91361214308e-08
2.52377753261e-08
2.18472876385e-08
1.89003931419e-08
1.63407028082e-08
1.41187722732e-08
1.2191276138e-08
1.05202766241e-08
9.07257628087e-09
7.81914550912e-09
6.73461662852e-09
5.79683708345e-09
4.98647516643e-09
4.28667234259e-09
3.68273689305e-09
3.1618741657e-09
2.71294923365e-09
2.3262782216e-09
1.99344497211e-09
1.70714009295e-09
1.46101975698e-09
1.24958192131e-09
1.06805789635e-09
9.12317430738e-10
7.78785688313e-10
6.64370680232e-10
5.66399882037e-10
4.82564913588e-10
4.10873291484e-10
3.49606380526e-10
2.97282774482e-10
2.52626428431e-10
2.14538946362e-10
1.82075499802e-10
1.54423916989e-10
1.30886538392e-10
1.1086448409e-10
9.38440223624e-11
7.93847674563e-11
6.71094685368e-11
5.6695181722e-11
4.78656434313e-11
4.03846863705e-11
3.40505597559e-11
2.86910331613e-11
2.41591789467e-11
2.03297418693e-11
1.70960164035e-11
1.43671627238e-11
1.20659014108e-11
1.01265348828e-11
8.4932504856e-12
7.11866620602e-12
5.96258522635e-12
4.99093010846e-12
4.17483136431e-12
3.48984861816e-12
2.91530555723e-12
2.43372246068e-12
2.03033234336e-12
1.69266869527e-12
1.41021447943e-12
1.17410350395e-12
9.76866539178e-13
8.12215633248e-13
6.74861012923e-13
5.603557605e-13
4.64964149621e-13
3.85550117981e-13
3.19482866394e-13
2.64557012819e-13
2.18925106756e-13
1.81040632439e-13
1.49609905966e-13
1.23551508344e-13
1.01962098998e-13
8.40876273742e-14
6.92991081274e-14
5.70722514457e-14
4.69703476337e-14
3.86298966456e-14
3.17485512325e-14
2.60750086813e-14
2.14005424751e-14
1.7551913062e-14
1.43854375252e-14
1.17820323742e-14
9.6430728421e-15
7.88693676473e-15
6.44612199646e-15
5.26484397006e-15
4.29703490991e-15
3.50467878605e-15
2.85642670035e-15
2.32644633025e-15
1.89346657635e-15
1.53998488679e-15
1.25161004825e-15
1.01651769948e-15
8.24999570355e-16
6.6909059208e-16
5.42260656666e-16
4.39160008091e-16
3.55409091207e-16
2.87425225717e-16
2.3227975964e-16
1.87580430929e-16
1.5137456163e-16
1.22069455353e-16
9.83669901941e-17
7.92099161948e-17
6.37377961233e-17
5.12508852581e-17
4.11805420566e-17
3.30650072227e-17
2.65295922147e-17
2.12704867518e-17
1.70415342852e-17
1.36434396428e-17
1.0914968242e-17
8.72577482782e-18
6.9705644753e-18
5.5643419837e-18
4.43854974003e-18
3.53793029231e-18
2.8179795978e-18
2.24288132729e-18
1.78383264581e-18
1.41768832317e-18
1.12586349379e-18
8.93446410142e-19
7.08481554216e-19
5.61390844434e-19
4.44506697952e-19
3.51695623284e-19
2.78055026429e-19
2.19669179619e-19
1.73412960874e-19
1.36794135735e-19
1.07826710917e-19
8.49293177754e-20
6.68437424882e-20
5.25696597323e-20
4.13123880798e-20
3.24411018698e-20
2.5455432991e-20
1.99587991011e-20
1.56371203379e-20
1.22418492798e-20
9.57645071462e-21
7.48563842975e-21
5.84681359738e-21
4.56325982147e-21
3.55873870971e-21
2.77320114077e-21
2.15938661037e-21
1.68012890889e-21
1.30622312612e-21
1.01473838779e-21
7.87684247605e-22
6.10957452769e-22
4.73510805805e-22
3.66697816456e-22
2.83756379214e-22
2.19402311578e-22
1.69509635796e-22
1.30859295454e-22
1.0094181859e-22
7.78024715987e-23
5.99198534855e-23
4.61107861865e-23
3.54558660481e-23
2.72412357007e-23
2.09130795566e-23
1.60420917674e-23
1.2295753898e-23
9.4167235563e-24
7.20600077463e-24
5.50982670146e-24
4.20949550051e-24
3.21343822557e-24
2.45107710716e-24
1.86805826224e-24
1.42255673233e-24
1.08241502947e-24
8.22929014702e-25
6.25136096676e-25
4.74492895239e-25
3.59854615645e-25
2.72687954653e-25
2.06464613746e-25
1.56194370741e-25
1.18065899276e-25
8.91707058633e-26
6.72911299454e-26
5.07376785763e-26
3.82243210513e-26
2.87729664144e-26
2.16403569927e-26
1.62621654216e-26
1.22102833861e-26
9.16021712602e-27
6.86621951053e-27
5.14233922096e-27
3.84799156139e-27
2.87698152947e-27
2.14916039812e-27
1.60408948861e-27
1.19623243857e-27
8.91310416973e-28
6.63541387324e-28
4.93550817348e-28
3.66791913686e-28
2.72352168125e-28
2.02052539345e-28
1.49768113943e-28
1.10916244342e-28
8.20712162363e-29
6.06744248182e-29
4.48165801606e-29
3.30741859248e-29
2.43868760189e-29
1.79654823678e-29
1.32231962298e-29
9.72406807108e-30
7.14451346074e-30
5.24456626685e-30
3.84643032442e-30
2.8184910243e-30
2.06340771686e-30
1.509253398e-30
1.10292783275e-30
8.05265239157e-31
5.87403898573e-31
4.28094652284e-31
3.11707298392e-31
2.26755280292e-31
1.64804926721e-31
1.19669750198e-31
8.6815856579e-32
6.29235561957e-32
4.55644415188e-32
3.29637399242e-32
2.38255856142e-32
1.72046722443e-32
1.24120629325e-32
8.94613208491e-33
6.44198093553e-33
4.63441980391e-33
3.33090405675e-33
2.39176603972e-33
1.71578980931e-33
1.22969464654e-33
8.80475500694e-34
6.29829569219e-34
4.50104719187e-34
3.21357030692e-34
2.29215893267e-34
1.63336515751e-34
1.16279307342e-34
8.26991638856e-35
5.87595246011e-35
4.17092933955e-35
2.95776538305e-35
2.09541409597e-35
1.48303077691e-35
1.04858474979e-35
7.40677038906e-36
5.22667013067e-36
3.68460599402e-36
2.59493002543e-36
1.82569302692e-36
1.28320557845e-36
9.01010721286e-37
6.32015560109e-37
4.42882502346e-37
3.10035235579e-37
2.16817434158e-37
1.514735445e-37
1.05715248871e-37
7.37047638009e-38
5.13345028489e-38
3.57172357251e-38
2.4825602013e-38
1.72374885496e-38
1.19563665901e-38
8.2846516656e-39
5.73453019919e-39
3.96523335123e-39
2.73896017806e-39
1.88993769149e-39
1.30272511678e-39
8.97016314946e-40
6.17005263338e-40
4.23952376883e-40
2.90993748523e-40
1.99520403485e-40
1.36655376911e-40
9.34976218448e-41
6.390097762e-41
4.36260805967e-41
2.97519407227e-41
2.02681193533e-41
1.37923824218e-41
9.37543521943e-42
6.36602750896e-42
4.3178655919e-42
2.92544449023e-42
1.97986386442e-42
1.33843752115e-42
9.03813358336e-43
6.09643365273e-43
4.10759810714e-43
2.76448082026e-43
1.85845177582e-43
1.24795698736e-43
8.37060909181e-44
5.60818246869e-44
3.75312768009e-44
2.50881802133e-44
1.67512831086e-44
1.11719391616e-44
7.44233251777e-45
4.95208455848e-45
3.29127329683e-45
2.1849181994e-45
1.4487724481e-45
9.59527315563e-46
6.34753454591e-46
4.19412873985e-46
2.76799799458e-46
1.82463281517e-46
1.20134914158e-46
7.9003330325e-47
5.18922240274e-47
3.40438148971e-47
2.23075316844e-47
1.45995838942e-47
9.5434057199e-48
6.23072413768e-48
4.06297501336e-48
2.64617477382e-48
1.72131314639e-48
1.11832095675e-48
7.25665500041e-49
4.70292582933e-49
3.04410491956e-49
1.9679276138e-49
1.27061742412e-49
8.1936014161e-50
5.27700303755e-50
3.39430191454e-50
2.18053130523e-50
1.39901064778e-50
8.9644704934e-51
5.73682062608e-51
3.6665614791e-51
2.34037685696e-51
1.49193457645e-51
9.49836704494e-52
6.03922641104e-52
3.83481896135e-52
2.43185453364e-52
1.54013028345e-52
9.74097482704e-53
6.15276621273e-53
3.88114047145e-53
2.4449341934e-53
1.53812540629e-53
9.66342220239e-54
6.06293154088e-54
3.79878507818e-54
2.37692218397e-54
1.48522141618e-54
9.26768451031e-55
5.77501163461e-55
3.5936339594e-55
2.23311926788e-55
1.38574984818e-55
8.58717513529e-56
5.31381050661e-56
3.28359626594e-56
2.02618482425e-56
1.24850886146e-56
7.68219096895e-57
4.72016394216e-57
2.89604415177e-57
1.77429964391e-57
1.08547544699e-57
6.6310429082e-58
4.04492050559e-58
2.46378023982e-58
1.49849485071e-58
9.10054327959e-59
5.51868503756e-59
3.34162376468e-59
2.02036833808e-59
1.2196971415e-59
7.35223322226e-60
4.42516744018e-60
2.65938143451e-60
1.59576653717e-60
9.56077629647e-61
5.71938463928e-61
3.41613511505e-61
2.03726526951e-61
1.21306515714e-61
7.2117698187e-62
4.28073081488e-62
2.53693561876e-62
1.50111355101e-62
8.86803302269e-63
5.23055502789e-63
3.08015097309e-63
1.81091055534e-63
1.06296692898e-63
6.22927102455e-64
3.64457054305e-64
2.12884513514e-64
1.24144430867e-64
7.22757723417e-65
4.20085223106e-65
2.43757532222e-65
1.41205445082e-65
8.1660937516e-66
4.71458562516e-66
2.71728784188e-66
1.56346221798e-66
8.98039439965e-67
5.14939638144e-67
2.94758759611e-67
1.68431440073e-67
9.60776075113e-68
5.47091889325e-68
3.10981048264e-68
1.76457272325e-68
9.9947883599e-69
5.65109261209e-69
3.18942487169e-69
1.79684151808e-69
1.01046412747e-69
5.67207554477e-70
3.17811282182e-70
1.77745656347e-70
9.92263953957e-71
5.52904445898e-71
3.07513140947e-71
1.70712000816e-71
9.45904328035e-72
5.23129407239e-72
2.88765799394e-72
1.59093698185e-72
8.74836035503e-73
4.80134198948e-73
2.6300057397e-73
1.43782019312e-73
7.84516347267e-74
4.27213160382e-74
2.32181751787e-74
1.25935441382e-74
6.81710251827e-75
3.68280868307e-75
1.98555275917e-75
1.06832173462e-75
5.73636044822e-76
3.07383017555e-76
1.64371933082e-76
8.77152395783e-77
4.67107929612e-77
2.48227201272e-77
1.31633536442e-77
6.96568498965e-78
3.67820746353e-78
1.93811114797e-78
1.01902799086e-78
5.3463006851e-79
2.79882205584e-79
1.46199736442e-79
7.62012313447e-80
3.96292757609e-80
2.05638119666e-80
1.06467975413e-80
5.49992459874e-81
2.83472721395e-81
1.45772962606e-81
7.47907987633e-82
3.82841582411e-82
1.95516750216e-82
9.96177915635e-83
5.06374696988e-83
2.56793036676e-83
1.29916586041e-83
6.55707199572e-84
3.30151383865e-84
1.65831819049e-84
8.30936562407e-85
4.15342866804e-85
2.07099036696e-85
1.03009035233e-85
5.11083535925e-86
2.52942107348e-86
1.2486948258e-86
6.14880362454e-87
3.02007121316e-87
1.47954792063e-87
7.22968115573e-88
3.52354964648e-88
1.71279581833e-88
8.30400240507e-89
4.01530606368e-89
1.9363850373e-89
9.31320431851e-90
4.46717823531e-90
2.13691116268e-90
1.01941472641e-90
4.84974280521e-91
2.30081610881e-91
1.0885100525e-91
5.13525663122e-92
2.41581001255e-92
1.13325061749e-92
5.30082248172e-93
2.47232812761e-93
1.14975644882e-93
5.33130747182e-94
2.46479536451e-94
1.13615684958e-94
5.22151956631e-95
2.39247563999e-95
1.09290099498e-95
4.97722610544e-96
2.25973557969e-96
1.02277926198e-96
4.61477414179e-97
2.07564615949e-97
9.3063735912e-98
4.15931458463e-98
1.85296356252e-98
8.228210255e-99
3.64188899739e-99
1.60664580529e-99
7.06439302532e-100
3.09584950078e-100
1.35214718823e-100
5.88567065387e-101
2.5531972367e-101
1.1037675128e-101
4.75514686303e-102
2.04141565714e-102
8.73309245687e-103
3.72273008814e-103
1.58124625872e-103
6.69220700098e-104
2.82200878718e-104
1.18564197628e-104
4.96297247048e-105
2.06971220095e-105
8.5989288806e-106
3.55902774398e-106
1.46742910101e-106
6.02708804069e-107
2.46585939163e-107
1.00490486334e-107
4.07908486545e-108
1.64917505002e-108
6.64082198185e-109
2.6632541142e-109
1.06371049916e-109
4.23095595721e-110
1.67587525428e-110
6.61023129001e-111
2.59625180768e-111
1.01534890447e-111
3.95371187274e-112
1.53284613295e-112
5.91668270439e-113
2.27366368491e-113
8.69809541393e-114
3.31248240718e-114
1.25572817173e-114
4.73839437789e-115
1.77967553895e-115
6.65280427582e-116
2.47515756029e-116
9.16462506855e-117
3.37691026991e-117
1.23821530798e-117
4.51775992024e-118
1.64013120107e-118
5.92434372812e-119
2.12904815934e-119
7.61186834824e-120
2.70728611422e-120
9.5783408765e-121
3.37081858963e-121
1.17989865118e-121
4.10764673165e-122
1.42218105014e-122
4.89670565562e-123
1.67653963501e-123
5.70764918827e-124
1.9319982808e-124
6.50180719631e-125
2.17525741783e-125
7.23447849147e-126
2.3916301146e-126
7.85851773315e-127
2.56635145795e-127
8.3289242219e-128
2.68612831356e-128
8.60789169057e-129
2.74072517872e-129
8.66959111324e-130
2.72433955323e-130
8.50389106222e-131
2.6365229703e-131
8.11831063767e-132
2.48245866445e-132
7.53775198434e-133
2.27250829867e-133
6.80193407274e-134
2.02106955209e-134
5.96087029919e-135
1.74491540031e-135
5.06910288635e-136
1.46128385613e-136
4.17963630774e-137
1.18602931369e-137
3.33854210126e-138
9.32122786477e-139
2.58103184871e-139
7.08704974464e-140
1.9294614781e-140
5.20775537111e-141
1.39332627669e-141
3.69475304277e-142
9.70933368867e-143
2.52815931923e-143
6.52181478426e-144
1.66654820798e-144
4.21781380062e-145
1.05708518891e-145
2.62311168703e-146
6.44372586055e-147
1.56674430315e-147
3.76986047349e-148
8.97514956829e-149
2.11382177857e-149
4.92406761729e-150
1.13429222139e-150
2.58336086173e-151
5.81588314348e-152
1.29397343509e-152
2.84459187808e-153
6.17735267836e-154
1.32486772829e-154
2.80560825647e-155
5.86488226395e-156
1.20992716496e-156
2.46270898668e-157
4.94428368233e-158
9.78832967803e-159
1.91030651105e-159
3.67414891683e-160
6.96201690965e-161
1.29926755166e-161
2.38727712574e-162
4.31715877633e-163
7.6811946844e-164
1.34410697246e-164
2.31230836538e-165
3.90922377607e-166
6.49213123673e-167
1.05863891931e-167
1.69424556891e-168
2.65992126269e-169
4.09460942323e-170
6.17711481631e-171
9.12760568933e-172
1.32033543881e-172
1.86859489255e-173
2.58574144422e-174
3.49636904963e-175
4.61659297162e-176
5.94831299874e-177
7.47333702769e-178
9.14846563117e-179
1.09028971733e-179
1.26393253511e-180
1.42397536929e-181
1.55763011013e-182
1.65261924311e-183
1.69889302275e-184
1.69026530357e-185
1.62562591785e-186
1.50942792876e-187
1.35127679028e-188
1.16464183039e-189
9.64918871666e-191
7.67234335336e-192
5.84443151758e-193
4.25712461727e-194
2.95918400882e-195
1.95867790693e-196
1.23159571824e-197
7.33807479713e-199
4.13148099893e-200
2.19146467719e-201
1.09155311187e-202
5.08720230913e-204
2.20966247776e-205
8.90635209263e-207
3.31523295286e-208
1.13357337445e-209
3.53930336076e-211
1.00233670882e-212
2.5554038599e-214
5.81479767748e-216
1.16946163902e-217
2.0554932933e-219
3.11628313291e-221
4.01309481435e-223
4.31061194559e-225
3.77858394031e-227
2.63208609557e-229
1.40977638335e-231
5.56942267401e-234
1.53775730881e-236
2.7616894971e-239
2.92021268371e-242
1.57241401557e-245
3.43720124614e-249
2.06182731937e-253
1.52639978422e-258
1.40774748924e-265
3.72237772931e-279
4.93641082568e-279
2.74228680707e-279
9.29698506396e-279
1.08281547479e-278
3.7740774728e-278
2.51038158094e-278
1.31609193209e-277
2.54516935033e-277
4.76930398878e-277
9.35662178066e-277
1.47267689296e-276
5.74509300849e-277
5.29247351014e-276
1.05822230885e-275
1.12004403042e-275
4.24956520828e-275
5.67398255871e-275
1.04189831401e-274
3.42981496639e-274
2.43108533083e-274
7.06333640984e-274
2.5057854626e-273
4.24064625498e-273
3.66227549659e-273
3.55120232751e-273
2.23674501814e-272
6.18346762693e-272
1.34852174297e-271
2.62627903108e-271
4.83649206368e-271
8.73965250849e-271
1.59161334847e-270
2.97732036152e-270
5.77690624418e-270
1.15967948624e-269
2.38122727038e-269
4.91089812573e-269
9.97323989343e-269
1.9484350433e-268
3.56164585396e-268
5.83731059365e-268
7.77984411952e-268
5.69791599764e-268
1.12312133415e-267
6.14610928699e-267
1.7492863984e-266
3.68309043199e-266
5.75020147005e-266
4.96676392046e-266
6.18824536109e-266
3.80901966705e-265
9.58053147346e-265
1.48132816701e-264
8.15134667651e-265
3.26656485381e-264
1.22272553775e-263
2.17469089227e-263
1.34999727827e-263
4.58274884761e-263
1.66619714849e-262
2.48928383117e-262
2.47906342411e-263
9.30341184105e-262
2.12330187383e-261
1.38489553337e-261
4.75546091774e-261
1.50596861116e-260
1.38643754944e-260
2.69846005951e-260
1.02147927979e-259
9.55342112166e-260
1.94548367695e-259
6.84679836693e-259
4.79044536173e-259
1.66481591645e-258
4.3579439856e-258
8.86272883748e-259
1.43019457704e-257
2.34425002863e-257
1.83331367886e-257
1.07131539511e-256
7.39410459915e-257
2.86968700461e-256
5.98877882943e-256
3.30257935737e-256
2.45347248958e-255
1.43067108787e-255
7.15910755181e-255
1.1763421481e-254
1.42903483243e-254
5.31346836403e-254
7.17032221917e-255
1.88628433069e-253
1.18487337905e-253
5.69808476638e-253
7.76559043212e-253
1.48813739241e-252
3.51275029936e-252
3.24698197271e-252
1.36080960312e-251
4.98991332404e-252
4.84443853782e-251
3.43816816951e-252
1.64122657126e-250
5.76049993937e-251
5.41034774898e-250
3.20055839491e-250
1.76378767686e-249
1.3725581807e-249
5.75614588059e-249
5.1948899969e-249
1.89662844359e-248
1.80979248741e-248
6.33718611477e-248
5.87955374767e-248
2.14697611444e-247
1.77209129936e-247
7.34453932292e-247
4.81159723744e-247
2.51778837916e-246
1.08442308211e-246
8.56745949634e-246
1.40786132778e-246
2.85979949893e-245
5.04364903255e-246
9.23029735816e-245
4.95891885763e-245
2.82805151645e-244
2.80035631726e-244
7.99105453812e-244
1.28605381835e-243
1.9671432373e-243
5.19202598215e-243
3.57988089376e-243
1.88271782e-242
1.16920286053e-243
6.1068759235e-242
3.74154486337e-242
1.72203854746e-241
2.3655899685e-241
3.87672458177e-241
1.03661605636e-240
4.7448195333e-241
3.67011550742e-240
1.39477762255e-240
1.05852314782e-239
1.31092641265e-239
2.2587348206e-239
6.1019499097e-239
1.80661632566e-239
2.08778913996e-238
1.37041359339e-238
5.30174916915e-238
9.37140983677e-238
7.55394868221e-238
3.68705756256e-237
1.38243667949e-237
1.01340322339e-236
1.48681942697e-236
1.58712202608e-236
6.33799040371e-236
2.04845608034e-236
1.74507562779e-235
2.59323258257e-235
2.44820120929e-235
1.08462469035e-234
5.23681792181e-235
2.72670873239e-234
4.8873029929e-234
2.44136741814e-234
1.79937385273e-233
1.50802584493e-233
3.60898512836e-233
9.2112744421e-233
1.0250051974e-233
2.69249417133e-232
3.82397058035e-232
3.10091247919e-232
1.57608750302e-231
1.20905823937e-231
3.1169664151e-231
7.96114443349e-231
1.78776354851e-231
2.15611734957e-230
3.58904122014e-230
1.35006837417e-230
1.26915217679e-229
1.45509074493e-229
1.66184989982e-229
6.80502249221e-229
5.23191451782e-229
1.24271026606e-228
3.43792160873e-228
1.57435959414e-228
7.79608509471e-228
1.67214700756e-227
3.17664424893e-228
4.4643306155e-227
7.96136231238e-227
6.34914065003e-228
2.41882687947e-226
3.76308930669e-226
1.0170966969e-226
1.26444154628e-225
1.787822561e-225
7.50590795389e-226
6.44950348024e-225
8.62347046516e-225
4.31872631966e-225
3.2289771309e-224
4.24717615201e-224
2.12530948189e-224
1.59054340474e-223
2.13799122055e-223
8.96584283949e-224
7.7020354179e-223
1.0955190075e-222
2.93355142687e-223
3.64988825309e-222
5.66901095096e-222
4.53437465629e-223
1.68002630174e-221
2.93264489798e-221
5.40246957459e-222
7.41510012954e-221
1.49974418519e-220
6.47479988524e-221
3.07186132878e-220
7.4943738644e-220
5.22889703838e-220
1.14673801444e-219
3.61341432396e-219
3.5571538307e-219
3.48291374313e-219
1.65514732366e-218
2.16741290229e-218
5.29636911302e-219
7.04285140693e-218
1.20771310181e-217
3.64125755667e-218
2.67514681267e-217
6.17906649031e-217
4.58512883535e-217
8.24265580408e-217
2.87950112168e-216
3.37380377689e-216
1.34354100837e-216
1.19305610713e-215
1.99797541719e-215
6.91209393345e-216
4.13799374604e-215
1.01408189531e-214
8.98439189239e-215
9.78264295724e-215
4.42200837768e-214
6.27168807521e-214
7.23161683284e-215
1.58065256766e-213
3.39230680884e-213
2.6356536373e-213
3.8302773383e-213
1.49863684268e-212
2.04921672865e-212
2.06887360833e-213
5.17898660659e-212
1.1199774037e-211
9.33213912999e-212
1.07527968315e-211
4.74468743002e-211
7.04965109668e-211
2.09382191669e-211
1.45447258567e-210
3.61375513776e-210
3.74786059794e-210
1.73259613818e-210
1.36151011773e-209
2.4359278537e-209
1.57148593222e-209
3.12484309958e-209
1.08243641538e-208
1.49232644523e-208
3.49166085519e-209
3.21023486888e-208
7.80751213279e-208
8.40092786392e-208
2.44515575286e-208
2.72262671702e-207
5.2810928014e-207
4.35039059098e-207
4.3749191983e-207
2.08699517415e-206
3.42173185205e-206
2.05257547806e-206
4.42722255012e-206
1.50356072373e-205
2.15876434668e-205
8.60975099968e-206
3.71081560266e-205
1.04068562414e-204
1.34543909915e-204
3.03700920613e-205
2.81340842902e-204
7.01401577329e-204
8.38876237178e-204
8.17256857558e-205
1.99976142603e-203
4.64622743301e-203
5.29146425242e-203
2.39978279239e-204
1.35394181269e-202
3.04067461401e-202
3.40143620693e-202
1.94698477858e-203
8.79713995997e-202
1.97060111958e-201
2.23275311988e-201
1.3579038302e-202
5.48611871491e-201
1.26376808508e-200
1.49216575529e-200
2.29510632822e-201
3.26751350977e-200
7.99319062055e-200
1.00737709861e-199
3.05241561065e-200
1.83452613453e-199
4.95623414892e-199
6.80017138207e-199
3.27705030653e-199
9.45094853955e-199
2.98613167045e-198
4.53832771913e-198
3.06557501596e-198
4.19821018985e-198
1.7262266511e-197
2.96014029642e-197
2.59609258167e-197
1.30389250113e-197
9.39085624716e-197
1.86445637044e-196
2.02850891115e-196
1.76419142552e-197
4.64847736399e-196
1.11847627157e-195
1.47404031048e-195
7.12354695687e-196
1.94284114698e-195
6.2727597389e-195
9.9677395096e-195
8.11592103687e-195
5.25026715112e-195
3.19099089204e-194
6.2365332826e-194
6.94541152094e-194
1.3141740081e-194
1.38228728612e-193
3.56085811064e-193
5.07227912046e-193
3.40909360395e-193
4.17402346586e-193
1.80118409838e-192
3.26397656469e-192
3.41478675197e-192
3.34343270488e-193
7.51305144469e-192
1.84789428004e-191
2.59711270909e-191
1.77097431215e-191
1.98466301789e-191
8.90953864149e-191
1.65151972121e-190
1.82237570897e-190
4.41911982513e-191
3.28773428122e-190
8.85895428616e-190
1.34026967516e-189
1.11483298007e-189
5.02344960215e-190
3.80391374216e-189
7.94212656691e-189
1.00980260704e-188
5.59175318487e-189
1.03032412135e-188
3.77164204863e-188
6.65039278891e-188
7.17238259476e-188
1.76879838553e-188
1.25666403559e-187
3.42140073133e-187
5.31663164002e-187
4.86355952022e-187
6.81662039759e-188
1.27468034029e-186
2.93017287146e-186
4.12516885076e-186
3.19677767345e-186
1.81870108517e-186
1.1704357806e-185
2.41406559682e-185
3.14883658472e-185
2.07937566622e-185
2.20438312583e-185
1.00703034907e-184
1.93644854222e-184
2.39188266931e-184
1.38128106219e-184
2.11829057057e-184
8.26216769588e-184
1.52424163303e-183
1.82367289758e-183
9.71895261068e-184
1.78425465764e-183
6.52193194375e-183
1.18267985855e-182
1.40309949973e-182
7.46178145696e-183
1.3567743217e-182
4.97055965983e-182
9.05837055807e-182
1.09010742277e-181
6.24462278546e-182
9.28675853899e-182
3.65343927401e-181
6.83819939173e-181
8.52200556008e-181
5.54093236348e-181
5.52613311797e-181
2.57580586872e-180
5.06673026105e-180
6.65655073863e-180
5.02383649128e-180
2.52681172957e-180
1.72240774873e-179
3.65950358139e-179
5.14704002185e-179
4.51709452643e-179
3.97415363349e-180
1.06947412794e-178
2.55118049945e-178
3.89878563505e-178
3.95049511101e-178
1.14241144702e-178
5.90597663467e-178
1.69266810824e-177
2.8602756093e-177
3.31870075046e-177
1.90387915136e-177
2.58416495276e-177
1.04553656296e-176
2.00576577498e-176
2.65323820902e-176
2.16309760228e-176
4.69380647218e-177
5.77559355044e-176
1.32215580976e-175
2.0011853482e-175
2.06454911357e-175
7.65274926897e-176
2.58928350863e-175
7.98577609993e-175
1.40788366142e-174
1.7482520928e-174
1.28157914935e-174
6.07247602305e-175
4.21141888111e-174
9.08208823672e-174
1.33602227306e-173
1.35111505169e-173
4.82378030876e-174
1.70409300436e-173
5.20496368999e-173
9.20131925711e-173
1.16168307172e-172
9.11091809909e-173
2.28283603226e-173
2.46489078404e-172
5.6089986555e-172
8.6190393007e-172
9.41217012982e-172
5.04908701922e-172
7.43395885627e-172
2.88444415235e-171
5.55315973425e-171
7.63997656102e-171
7.19976758853e-171
1.79306099465e-171
1.07573850685e-170
3.01502960968e-170
5.19210266346e-170
6.51988989536e-170
5.26895559494e-170
6.72327433853e-171
1.23835148192e-169
2.93261717679e-169
4.66702221056e-169
5.43792239908e-169
3.75909283995e-169
2.01324534982e-169
1.26562973883e-168
2.71191006307e-168
4.08338775325e-168
4.49202070427e-168
2.68824158159e-168
2.62922010555e-168
1.19591752002e-167
2.41426554898e-167
3.50831673478e-167
3.71731249925e-167
2.0049703033e-167
2.67155055462e-167
1.06461753776e-166
2.08432495773e-166
2.97652297477e-166
3.10642938619e-166
1.62192317244e-166
2.32880734578e-166
9.00140666057e-166
1.75090355434e-165
2.49949673474e-165
2.62859397147e-165
1.44106717972e-165
1.76630281316e-165
7.2365442253e-165
1.43107234678e-164
2.07576148777e-164
2.24629186175e-164
1.37716397424e-164
1.12397564221e-164
5.50530415954e-164
1.13454823572e-163
1.69845103827e-163
1.92395714683e-163
1.35785500242e-163
5.02076090586e-164
3.91162693575e-163
8.66809617992e-163
1.36067742221e-162
1.63489584979e-162
1.33353125587e-162
9.18870642018e-164
2.52647599197e-162
6.31489113782e-162
1.05810712227e-161
1.36245842033e-161
1.27283265074e-161
4.5742462563e-162
1.39082176924e-161
4.31151179763e-161
7.89778879964e-161
1.10054986752e-160
1.16419707802e-160
7.1464808844e-161
5.24988179028e-161
2.6758560412e-160
5.57343346891e-160
8.51103110368e-160
1.01046076546e-159
8.32269915969e-160
9.73024223479e-161
1.41223888733e-159
3.63497262463e-159
6.21245304532e-159
8.25320384399e-159
8.29514083084e-159
4.47151528893e-159
5.07657784704e-159
2.10274191989e-158
4.19852236899e-158
6.28097697517e-158
7.37499145507e-158
6.07193644665e-158
8.47079327832e-159
9.76905005308e-158
2.54585267537e-157
4.39018571284e-157
5.92415365708e-157
6.17487717291e-157
3.87336184633e-157
2.29880744705e-157
1.29513474081e-156
2.74804917353e-156
4.28877305323e-156
5.31491597569e-156
4.91600572784e-156
2.007762038e-156
4.43082765565e-156
1.4614128279e-155
2.75111293137e-155
3.99276271699e-155
4.60850728557e-155
3.78411140707e-155
6.46112647775e-156
5.64988453799e-155
1.49638771175e-154
2.60955118134e-154
3.59200458174e-154
3.91663058279e-154
2.87814328102e-154
3.46155204322e-155
6.05889485687e-154
1.43116253324e-153
2.37657779598e-153
3.15507745405e-153
3.30388367171e-153
2.22548276388e-153
7.22972718915e-154
5.83330241947e-153
1.2973950806e-152
2.09465142394e-152
2.7242610516e-152
2.79221626781e-152
1.79985239665e-152
7.76522175651e-153
5.16896120632e-152
1.12310488879e-151
1.79438708472e-151
2.32091950613e-151
2.3761372307e-151
1.54871883831e-151
5.98112135283e-152
4.24836381456e-151
9.30502458044e-151
1.495455766e-150
1.95133167978e-150
2.03435581752e-150
1.40874382952e-150
2.93797801773e-151
3.22435015865e-150
7.36284539814e-150
1.2100682875e-149
1.61450978707e-149
1.74250464005e-149
1.32408719236e-149
1.08954054432e-150
2.21895578529e-149
5.52688372525e-149
9.4586549848e-149
1.30702257437e-148
1.47885370522e-148
1.24874414676e-148
3.85761708867e-149
1.31970477977e-148
3.88431789153e-148
7.08398336278e-148
1.02710457667e-147
1.22991436503e-147
1.15421211475e-147
6.10570865944e-148
5.84783218326e-148
2.49378829024e-147
5.02022746188e-147
7.7547843405e-147
9.90529180709e-147
1.02755137392e-146
7.37193607453e-147
6.06029427194e-148
1.38773457891e-146
3.30104490458e-146
5.55255733498e-146
7.63264757634e-146
8.70574435248e-146
7.64750412637e-146
3.21807904834e-146
5.73504865759e-146
1.94416162879e-145
3.70221353544e-145
5.55160823724e-145
6.94758697711e-145
7.09109807897e-145
5.00497827421e-145
4.55202237056e-146
9.46240121807e-145
2.2323147029e-144
3.74677864686e-144
5.16696588218e-144
5.96529440986e-144
5.42969485015e-144
2.76251636771e-144
2.80014079944e-144
1.14697859204e-143
2.28524389375e-143
3.52936919168e-143
4.56338305033e-143
4.91062793123e-143
3.96833962904e-143
1.11944939152e-143
4.19478695216e-143
1.1969964243e-142
2.16280986656e-142
3.15286589238e-142
3.8802103104e-142
3.93594955365e-142
2.82896248021e-142
1.8999397091e-143
4.67873044978e-142
1.13456536776e-141
1.92972648675e-141
2.704253839e-141
3.21194302277e-141
3.11560872361e-141
2.02545853911e-141
4.7135231146e-142
4.48055759613e-141
1.00023931569e-140
1.64141008148e-140
2.24503648574e-140
2.60937887924e-140
2.46494763957e-140
1.5075942176e-140
5.6968494818e-141
3.85476546359e-140
8.29819673873e-140
1.33922954947e-139
1.81236045021e-139
2.09037983185e-139
1.96354466967e-139
1.1972747076e-139
4.44536553054e-140
3.02506440399e-139
6.5077465825e-139
1.0504868157e-138
1.42468003948e-138
1.65290851543e-138
1.57595729798e-138
1.01482325991e-138
2.21760889474e-139
2.16311385959e-138
4.82032041187e-138
7.9134045714e-138
1.08882823472e-137
1.28656970704e-137
1.26678612486e-137
8.94424053824e-138
6.72341849824e-139
1.38222202616e-137
3.34960961101e-137
5.69922479118e-137
8.05511154508e-137
9.80203283636e-137
1.009509331e-136
7.93657374307e-137
2.36942320271e-137
7.49398584912e-137
2.1535325264e-136
3.8923552698e-136
5.72770160895e-136
7.24972617644e-136
7.87419104611e-136
6.88351831989e-136
3.53196014867e-136
2.87438211917e-136
1.24469167721e-135
2.48694419177e-135
3.87578462902e-135
5.15433264759e-135
5.93681840193e-135
5.72602393405e-135
3.96996338397e-135
3.09773169264e-136
6.05624084947e-135
1.45289213288e-134
2.46106555439e-134
3.48138985368e-134
4.27362467351e-134
4.50939359412e-134
3.79915156476e-134
1.75346374879e-134
1.97647561435e-134
7.41767972654e-134
1.43528878136e-133
2.20099882909e-133
2.90035395564e-133
3.32946124912e-133
3.22889479547e-133
2.31267673682e-133
3.48645512139e-134
2.94152249223e-133
7.40115505438e-133
1.2756409903e-132
1.82886689087e-132
2.28287423873e-132
2.47654927193e-132
2.21623758005e-132
1.30235715756e-132
4.61059779493e-133
3.08475233072e-132
6.53833644041e-132
1.04965686196e-131
1.43575631052e-131
1.7204181231e-131
1.78314661162e-131
1.4854469925e-131
6.93092646634e-132
7.14604554025e-132
2.73480159417e-131
5.29374137311e-131
8.1267177742e-131
1.07683439419e-130
1.25396286002e-130
1.25779893191e-130
9.92421372392e-131
3.69768397552e-131
6.8858926704e-131
2.16649034174e-130
3.99563604134e-130
5.9762983315e-130
7.7712375247e-130
8.90156459808e-130
8.77174983323e-130
6.73327043698e-130
2.21418706869e-130
5.31697262752e-130
1.56699247914e-129
2.83443214452e-129
4.1943202927e-129
5.41575858056e-129
6.17522329208e-129
6.07430785453e-129
4.68246715657e-129
1.62001091942e-129
3.45155555429e-129
1.04168787192e-128
1.89458321508e-128
2.81295627343e-128
3.64698038761e-128
4.18691498903e-128
4.17419963826e-128
3.32812594381e-128
1.39504954806e-128
1.84636638779e-128
6.34153029308e-128
1.19077810038e-127
1.79937386273e-127
2.36784370419e-127
2.76582236594e-127
2.83076426356e-127
2.38338754408e-127
1.25549787514e-127
7.06668753072e-128
3.47605048065e-127
6.98461118733e-127
1.09195480885e-126
1.47469228739e-126
1.76927878735e-126
1.8771324625e-126
1.68670533504e-126
1.08848424103e-126
7.36776329871e-128
1.64492112447e-126
3.76685892307e-126
6.2291471453e-126
8.74237967927e-126
1.08706583572e-125
1.2040950239e-125
1.1582528244e-125
8.80353978295e-126
3.12516172587e-126
5.9415956066e-126
1.81415633136e-125
3.29096984083e-125
4.87996040488e-125
6.35065160033e-125
7.38666115435e-125
7.60197726557e-125
6.57725865691e-125
3.92084645154e-125
7.70549941425e-126
7.30281694946e-125
1.56974122875e-124
2.5252429973e-124
3.48411344601e-124
4.2823483127e-124
4.70952339464e-124
4.52409126193e-124
3.48115568709e-124
1.37897210606e-124
1.95539172234e-124
6.41538069882e-124
1.18148125378e-123
1.76548273137e-123
2.31503397738e-123
2.72288856531e-123
2.85833961046e-123
2.57877755701e-123
1.7486176687e-123
2.84074604305e-124
1.93535536784e-123
4.76409299102e-123
8.05605155144e-123
1.14727257765e-122
1.45118323975e-122
1.65175933019e-122
1.67215565736e-122
1.43193880248e-122
8.59044676834e-123
1.26943179212e-123
1.45817440114e-122
3.15610830828e-122
5.07772246906e-122
7.01230878925e-122
8.65997550703e-122
9.64141016099e-122
9.5246244501e-122
7.87125370887e-122
4.30636174445e-122
1.50906431385e-122
9.35425956062e-122
1.90780559422e-121
2.98938985383e-121
4.05854965618e-121
4.94662042876e-121
5.44456441557e-121
5.31864695057e-121
4.33634741718e-121
2.30511249426e-121
9.56911802958e-122
5.29552287732e-121
1.06283622088e-120
1.65200855642e-120
2.23135643231e-120
2.71101170548e-120
2.98072029735e-120
2.91820863828e-120
2.4026631447e-120
1.33432492331e-120
3.84545141884e-121
2.65890383673e-120
5.46364601384e-120
8.57205386486e-120
1.16511455105e-119
1.42464962813e-119
1.58009124343e-119
1.56955622952e-119
1.3315776814e-119
8.14474754572e-120
6.46373981393e-121
1.16612821238e-119
2.57781587004e-119
4.16204830749e-119
5.7604464759e-119
7.15507766311e-119
8.07643058818e-119
8.22202276608e-119
7.28649245661e-119
5.00392656458e-119
1.22895131564e-119
4.22481597314e-119
1.09956568491e-118
1.8756646356e-118
2.68031171999e-118
3.4147555188e-118
3.95470504701e-118
4.1580324814e-118
3.87766050824e-118
2.97987004774e-118
1.37061546202e-118
1.03555993377e-118
4.10215332445e-118
7.7292567471e-118
1.16204029474e-117
1.53552486415e-117
1.83904195838e-117
2.00879273841e-117
1.97662648823e-117
1.67749295534e-117
1.0593876241e-117
1.20750741468e-118
1.22941938195e-117
2.83193420345e-117
4.62132622573e-117
6.43106159537e-117
8.03787976562e-117
9.17049299085e-117
9.52807708198e-117
8.80867067091e-117
6.74736472933e-117
3.16767685431e-117
2.06867065304e-117
8.67320441025e-117
1.64119396068e-116
2.46679479632e-116
3.25888853127e-116
3.90931045323e-116
4.29286243488e-116
4.27728190374e-116
3.73727193553e-116
2.57251782745e-116
7.39099310229e-117
1.82132227724e-116
4.92686017634e-116
8.43237707616e-116
1.20383455686e-115
1.53453594356e-115
1.78675073162e-115
1.90635269835e-115
1.83843072012e-115
1.53360271104e-115
9.55900415237e-116
1.1171657407e-116
1.06273714495e-115
2.43091123656e-115
3.93517667504e-115
5.44100755214e-115
6.77492750178e-115
7.73231583408e-115
8.09180796665e-115
7.63590158721e-115
6.17726746081e-115
3.59103139373e-115
3.39670534547e-116
5.04102107209e-115
1.07329293177e-114
1.68869680961e-114
2.29428912936e-114
2.8195702665e-114
3.1831512925e-114
3.29876657354e-114
3.0835350297e-114
2.4682145378e-114
1.40958536538e-114
1.62556791969e-115
2.04426338762e-114
4.28919284233e-114
6.69790172512e-114
9.05280086994e-114
1.10843242745e-113
1.24852565911e-113
1.29337710182e-113
1.21242934779e-113
9.80505102912e-114
5.82220904849e-114
4.34628121117e-115
7.12754935362e-114
1.55309867576e-113
2.45565440338e-113
3.34137068782e-113
4.11302637463e-113
4.66035406843e-113
4.86821254174e-113
4.62739511397e-113
3.8476334458e-113
2.47257129161e-113
5.16750263858e-114
2.07635911536e-113
5.05577313467e-113
8.28614799315e-113
1.14976712907e-112
1.43594168722e-112
1.6495083061e-112
1.75098304339e-112
1.70257680641e-112
1.47244471425e-112
1.03946736212e-112
3.99914068297e-113
4.50700868504e-113
1.44719505132e-112
2.54687764309e-112
3.66293542751e-112
4.68931872816e-112
5.50426007745e-112
5.97843139322e-112
5.98587847351e-112
5.41717185533e-112
4.19411601501e-112
2.28655160662e-112
3.74929952118e-113
3.45420235762e-112
6.99003546158e-112
1.06770588718e-111
1.41959909799e-111
1.71747468786e-111
1.92107451828e-111
1.99023553998e-111
1.88872688139e-111
1.58856430102e-111
1.07462879916e-111
3.52076569871e-112
5.80154867633e-112
1.64436328075e-111
2.7918718102e-111
3.93214872295e-111
4.95847809512e-111
5.75257583229e-111
6.19295100489e-111
6.16541800619e-111
5.57512254752e-111
4.35938774975e-111
2.50159917629e-111
1.9568216586e-112
2.97772459572e-111
6.30667213091e-111
9.76050467108e-111
1.30530642747e-110
1.58587890526e-110
1.78320602781e-110
1.86339299136e-110
1.7963627052e-110
1.55928485418e-110
1.14009969358e-110
5.41740024321e-111
2.38457753401e-111
1.12288794638e-110
2.0901256025e-110
3.0640631588e-110
3.96136938017e-110
4.69041564911e-110
5.15736302838e-110
5.27383058697e-110
4.96551438289e-110
4.18117803535e-110
2.9015547752e-110
1.15143876505e-110
1.05486999742e-110
3.52440420322e-110
6.15621992856e-110
8.7488685561e-110
1.10780832624e-109
1.29038751762e-109
1.39874616297e-109
1.41114047922e-109
1.31014054326e-109
1.08482316384e-109
7.32871434837e-110
2.63741999057e-110
3.16923950797e-110
9.5823401934e-110
1.63184656582e-109
2.28654301075e-109
2.86612330884e-109
3.31169370238e-109
3.56591885024e-109
3.57790753161e-109
3.30834784272e-109
2.73452410405e-109
1.85497859355e-109
6.96559045484e-110
7.261867086e-110
2.28227521852e-109
3.90763203349e-109
5.47938689295e-109
6.86582845008e-109
7.93095751857e-109
8.54425842206e-109
8.59172252597e-109
7.98718789129e-109
6.68315795433e-109
4.68053385031e-109
2.0412159151e-109
1.20571865554e-109
4.73131447681e-109
8.42756213654e-109
1.20125544103e-108
1.51968711263e-108
1.76843498812e-108
1.91926858275e-108
1.94766592009e-108
1.83516919325e-108
1.57159142445e-108
1.15693167493e-108
6.03299207361e-109
9.41943797927e-110
8.29936922833e-109
1.62026250291e-108
2.39466094797e-108
3.09344570494e-108
3.65579738184e-108
4.02371390634e-108
4.14659295024e-108
3.98585140201e-108
3.51920953026e-108
2.74433163119e-108
1.6819221275e-108
3.90839612644e-109
1.13509490289e-108
2.71515198953e-108
4.29037598635e-108
5.74420170507e-108
6.95892627451e-108
7.8215963025e-108
8.23239782909e-108
8.11319301615e-108
7.41542471008e-108
6.12676493619e-108
4.27618396296e-108
1.94041601193e-108
8.43991784754e-109
3.76670350166e-108
6.76342295129e-108
9.60601460107e-108
1.20803497667e-107
1.39788826255e-107
1.51146507955e-107
1.53361214154e-107
1.4541060171e-107
1.26882701563e-107
9.80635967089e-108
6.00015418298e-108
1.49299883552e-108
3.70844567132e-108
8.98860863262e-108
1.41616325032e-107
1.88567400099e-107
2.27154914712e-107
2.5407689671e-107
2.66551945228e-107
2.62548777152e-107
2.40984132942e-107
2.01872816879e-107
1.464214393e-107
7.7108828728e-108
7.6764807042e-109
8.98038620855e-108
1.76581833054e-107
2.5872588724e-107
3.30426677543e-107
3.86228664958e-107
4.21354148673e-107
4.32057993921e-107
4.15944009425e-107
3.72214081272e-107
3.01830476226e-107
2.07589668452e-107
9.42680965968e-108
3.62066171252e-108
1.67781767374e-107
2.98956157902e-107
4.19810846275e-107
5.21932923199e-107
5.9770638399e-107
6.40786141898e-107
6.46568403772e-107
6.12580965246e-107
5.38758220337e-107
4.27580173234e-107
2.84086702369e-107
1.16121795248e-107
7.27010339895e-108
2.61021086342e-107
4.44531658864e-107
6.10247750764e-107
7.46948200365e-107
8.44817327401e-107
8.96053340956e-107
8.95433320934e-107
8.40746805335e-107
7.33058682341e-107
5.76781934513e-107
3.7958162157e-107
1.52558836015e-107
9.83222437108e-108
3.4617210197e-107
5.8451652392e-107
7.97043837782e-107
9.69909762382e-107
1.0913579544e-106
1.1524253152e-106
1.14756219169e-106
1.07506872895e-106
9.37307952071e-107
7.406812588e-107
4.9539935661e-107
2.1550251502e-107
9.26893702167e-108
3.92214019641e-107
6.79688081635e-107
9.34780649046e-107
1.14156121896e-106
1.28685441217e-106
1.36094648964e-106
1.35820524071e-106
1.27747817822e-106
1.12222938266e-106
9.00406406961e-107
6.24073181704e-107
3.0912847354e-107
4.48361809316e-108
3.72103383764e-107
6.93762930297e-107
9.79897670642e-107
1.21335161127e-106
1.3802566449e-106
1.47061229673e-106
1.47885208233e-106
1.40417563582e-106
1.25060437692e-106
1.02675681291e-106
7.4537558118e-107
4.22779216819e-107
8.28786274215e-108
2.78327142398e-107
6.11050745539e-107
9.09823460471e-107
1.15718291141e-106
1.33938765693e-106
1.44662155896e-106
1.47346081846e-106
1.41912970915e-106
1.28749162348e-106
1.08677404565e-106
8.29055121241e-107
5.29601135233e-107
2.0683320755e-107
1.31800460624e-107
4.47308618005e-107
7.35991428359e-107
9.79992559854e-107
1.16646493281e-106
1.28622700207e-106
1.33407583986e-106
1.30896843066e-106
1.21397599761e-106
1.05600744365e-106
8.45324515373e-107
5.94897807298e-107
3.19771509358e-107
4.25832853032e-108
2.46590835282e-107
5.0287202539e-107
7.24976562371e-107
9.01518474333e-107
1.02436134393e-106
1.08866858568e-106
1.0930192132e-106
1.03935399466e-106
9.32738953614e-107
7.80964069142e-107
5.94011664652e-107
3.83462536683e-107
1.62246787953e-107
6.53344757242e-108
2.70481935938e-107
4.55147773667e-107
6.0786309708e-107
7.21758688417e-107
7.9254745639e-107
8.18524759142e-107
8.00515413373e-107
7.41695685387e-107
6.47296370892e-107
5.24209136041e-107
3.80529061216e-107
2.25101267422e-107
6.77956904035e-108
8.87226621825e-108
2.27541513166e-107
3.47117108862e-107
4.41727172322e-107
5.07820294731e-107
5.4364870443e-107
5.49212445947e-107
5.26140909977e-107
4.77497233254e-107
4.07517794904e-107
3.21306105961e-107
2.24507078896e-107
1.2302463467e-107
2.4102336177e-108
7.3929633349e-108
1.57726721522e-107
2.27622926338e-107
2.80765665582e-107
3.15595823045e-107
3.31672701279e-107
3.29593782447e-107
3.10878158989e-107
2.77811324737e-107
2.33261157873e-107
1.80478036745e-107
1.22895540241e-107
6.39752674682e-108
8.54808403145e-109
4.67940574687e-108
9.24062107901e-108
1.29471492306e-107
1.56720755075e-107
1.73597787328e-107
1.80156633732e-107
1.76994774837e-107
1.65169500803e-107
1.46098271156e-107
1.21449168289e-107
9.30286409606e-108
6.26750443824e-108
3.21798076067e-108
4.02898579699e-109
2.37243855478e-108
4.61620466893e-108
6.40432245369e-108
7.68650323745e-108
8.44805219973e-108
8.70375866359e-108
8.493617201e-108
7.87794518145e-108
6.93197682895e-108
5.74024511635e-108
4.39109099531e-108
2.97166847245e-108
1.56427423531e-108
2.64906365796e-109
9.68635181465e-109
1.96603414463e-108
2.75132029544e-108
3.30636250423e-108
3.62927459136e-108
3.73086377301e-108
3.63234496209e-108
3.36292237467e-108
2.95725845024e-108
2.4529616412e-108
1.88823051431e-108
1.29979234668e-108
7.21401903291e-109
1.86744295028e-109
3.08674778415e-109
7.08073167427e-109
1.02144537839e-108
1.24222748251e-108
1.37103521771e-108
1.41340592655e-108
1.37872405472e-108
1.27918040783e-108
1.12873626601e-108
9.42135543362e-109
7.34011397702e-109
5.18128988756e-109
3.06821340215e-109
1.11061600003e-109
6.74711836211e-110
2.11126614715e-109
3.24441910142e-109
4.04815556589e-109
4.52810246794e-109
4.70695201545e-109
4.62011359849e-109
4.31182331134e-109
3.83142818361e-109
3.22996308391e-109
2.55715631385e-109
1.85897450626e-109
1.17581902812e-109
5.41884562531e-110
5.81531526361e-111
4.99038361585e-110
8.67563502594e-110
1.13298730024e-109
1.29744648805e-109
1.36861579305e-109
1.35797526816e-109
1.2795118846e-109
1.14853998236e-109
9.80650566194e-110
7.90820569097e-110
5.92705881969e-110
3.98135014383e-110
2.16849633317e-110
5.74409572782e-111
8.26061630665e-111
1.89424847027e-110
2.68157161705e-110
3.19103446317e-110
3.4442999138e-110
3.47344733053e-110
3.31702569182e-110
3.01672690297e-110
2.61452433573e-110
2.15031810087e-110
1.66012351584e-110
1.17481422561e-110
7.19432279545e-111
3.13386130681e-111
4.96254488415e-112
3.15956892614e-111
5.23453788113e-111
6.63849712677e-111
7.42170069911e-111
7.66129611758e-111
7.44971698731e-111
6.88629468356e-111
6.07033759007e-111
5.09559729702e-111
4.04613546964e-111
2.993556425e-111
1.99552976663e-111
1.09563476483e-111
3.27391366862e-112
3.23419297115e-112
8.01952705455e-112
1.1412734737e-111
1.34881305821e-111
1.44033260331e-111
1.43501338312e-111
1.35347775666e-111
1.21628971482e-111
1.04279555711e-111
8.50282000153e-112
6.53430989464e-112
4.64042038406e-112
2.90991108483e-112
1.40447068623e-112
1.89262026753e-113
8.42405334449e-113
1.5531470028e-112
2.02120469997e-112
2.2728562041e-112
2.34231060098e-112
2.26668685309e-112
2.0830704815e-112
1.82634866441e-112
1.52768047595e-112
1.21353434194e-112
9.05220438012e-113
6.18838710917e-113
3.65575851342e-113
1.52480453502e-113
2.7228560796e-114
1.50712885241e-113
2.3992412741e-113
2.94262418119e-113
1.67910970832e-117
2.04277303433e-123
2.99007357889e-131
1.31332888905e-141
9.42955799896e-156
4.08023237476e-177
1.29643071493e-219
3.47267373698e-237
5.76865017708e-228
3.7578151338e-220
1.18860140589e-211
6.80520813465e-204
8.92116557405e-180
4.68450917126e-164
1.43258408309e-150
1.98255017713e-139
4.29815041112e-130
5.75518862624e-121
1.70676893661e-113
2.22812533801e-106
8.30893819042e-100
2.90732671617e-94
3.93257998737e-89
4.27239296969e-85
2.65009467344e-81
2.48535800481e-78
7.27002657816e-76
2.66356553738e-74
1.81340349143e-73
1.41389241677e-73
8.23182336571e-75
3.87424079281e-76
2.41732143022e-79
5.51889882994e-84
1.1434836145e-89
3.8198009978e-98
1.18468549351e-110
3.15333905281e-132
6.33397888508e-168
6.46897972655e-160
9.28798305843e-153
4.96477857924e-147
2.54832430836e-139
4.93263549785e-134
2.42131103967e-127
7.12036446608e-122
5.64056523324e-117
1.13210817169e-111
4.24329585083e-107
1.14714156114e-103
1.91819126282e-99
3.59624403585e-96
5.77282699454e-94
2.52195352589e-90
2.45388575663e-88
9.80100189185e-87
2.13619151998e-85
1.39049903174e-83
7.82412413044e-83
5.88336669973e-84
1.51250689697e-83
5.41453197231e-85
4.25157997937e-87
4.99070935667e-90
3.06209399239e-93
1.19396761181e-98
6.44505935136e-106
4.97049196361e-115
3.63177781946e-130
1.77448956506e-170
3.67390437603e-166
6.48780185697e-160
3.45714961379e-155
1.59250317531e-149
2.63043403832e-145
3.27525409944e-140
3.3199129846e-138
1.74562796876e-131
7.70217781158e-128
6.1006886585e-124
2.04292609185e-120
7.70112439368e-119
9.84248426179e-115
3.0413936911e-113
1.01204610198e-110
4.06050589828e-109
2.79120466399e-108
1.13291402652e-105
2.69637402895e-106
3.224584401e-106
4.29802886985e-105
3.09400729727e-105
4.73306095863e-107
2.40186760773e-108
2.2301407156e-110
2.4511459e-114
2.32860136218e-117
8.28386184157e-126
2.95459657989e-130
1.59703038223e-142
5.35501677522e-160
2.11480802703e-184
1.00719509167e-176
1.25726865913e-172
2.84935780897e-170
8.91837279541e-165
8.32634413401e-160
4.03583134802e-156
3.49157474259e-153
1.82466568334e-149
3.42776906163e-147
2.09823290839e-144
3.27705498954e-140
6.96780376402e-138
1.81166926452e-136
1.77129471595e-134
3.27522762432e-131
1.10609969861e-118
6.32880040434e-113
7.60689270825e-109
6.36066044117e-106
4.22441521062e-104
1.3233611312e-101
2.69908866855e-99
1.78652249007e-98
4.49521991087e-98
3.97803476095e-101
9.03334595727e-101
7.33078248952e-105
2.07153393731e-108
6.17526527889e-116
1.90200835711e-127
1.18022162456e-155
4.34889565858e-151
8.69275443723e-146
9.31831236841e-142
1.78895962407e-136
4.91006144869e-132
6.42339062711e-127
1.01262899956e-123
2.0837806035e-122
1.2405465199e-115
3.11048879379e-112
1.76060837969e-109
1.10933157194e-106
9.28568036214e-105
4.00304985405e-101
8.63007820616e-98
3.04055357852e-96
3.6268346256e-95
5.16771473846e-93
1.04095699878e-92
2.66969633175e-92
3.96689147127e-92
3.03529710227e-93
3.84612276505e-93
5.45738823298e-93
3.89429706927e-95
9.69137490327e-97
4.43051995542e-101
