-0.0
0.000103465510664
0.000413878942193
0.000931291006567
0.00165578626772
0.00258748320551
0.00372653430118
0.00507312613995
0.00662747952474
0.00838984959309
0.010360525927
0.0125398326423
0.0149281284418
0.0175258066096
0.0203332949226
0.0233510554454
0.0265795841689
0.0300194104432
0.033671096144
0.0375352344983
0.0416124484772
0.0459033886461
0.0504087303349
0.0551291699651
0.0600654203315
0.0652182045992
0.0705882487183
0.0761762719048
0.081982974758
0.0880090244984
0.0942550367052
0.100721552807
0.107409012432
0.114317719543
0.121447801082
0.128799156602
0.136371397079
0.144163770777
0.152175073661
0.160403541464
0.168846720037
0.177501310181
0.186362982695
0.195426158992
0.204683752387
0.214126865183
0.223744437134
0.233522841977
0.243445430906
0.25349202544
0.263638367698
0.273855544267
0.284109411064
0.294360061354
0.304561397057
0.314660883755
0.32459958951
0.33431262237
0.343730084134
0.352778640123
0.361383757852
0.369472586945
0.376977341826
0.383838923629
0.390010407248
0.395459959536
0.400172776418
0.404151741012
0.407416693228
0.410002418215
0.411955650188
0.413331503791
0.414189768263
0.414591440853
0.414595766026
0.414257922085
0.413627385943
0.412746926019
0.41165212623
0.410371326181
0.408925865482
0.407330534966
0.405594157538
0.403720241717
0.401707668892
0.399551389747
0.397243115969
0.394772000457
0.392125303379
0.389289043086
0.386248630653
0.382989485264
0.379497625258
0.37576022691
0.371766140502
0.367506351301
0.362974372241
0.358166555558
0.353082312587
0.347724234249
0.342098109188
0.336212841608
0.330080276051
0.323714941073
0.31713372751
0.310355519439
0.303400796897
0.296291228877
0.289049273433
0.28169779903
0.274259738157
0.266757780828
0.259214112402
0.251650197298
0.244086607839
0.236542895644
0.229037501753
0.221587700938
0.214209575291
0.206918012193
0.19972672199
0.192648271092
0.18569412669
0.178874709783
0.172199453744
0.165676866138
0.159314591921
0.153119476598
0.147097628197
0.14125447726
0.135594834252
0.130122943993
0.124842536891
0.11975687685
0.114868805839
0.110180785165
0.105694933559
0.10141306221
0.0973367069067
0.0934671574665
0.0898054846318
0.0863525646268
0.0831091015521
0.080075647802
0.0772526226745
0.0746403293411
0.0722389703326
0.0700486616881
0.068069445907
0.0663013038336
0.0647441655971
0.0633979207204
0.0622624275057
0.0613375217965
0.060623025212
0.0601187529421
0.0598245211892
0.0597401543356
0.0598654919171
0.060200395475
0.0607447553609
0.0614984975651
0.0624615906397
0.0636340527854
0.0650159591748
0.0666074495808
0.0684087363867
0.0704201130507
0.0726419631069
0.0750747697822
0.0777191263208
0.0805757471089
0.0836454797015
0.0869293178644
0.0904284157518
0.0941441033574
0.0980779033885
0.102231549736
0.106607007735
0.11120649643
0.116032513117
0.12108786043
0.126375676348
0.131899467494
0.137663146216
0.143671072003
0.149928097902
0.156439622721
0.163211649969
0.170250854682
0.177564659493
0.185161321651
0.193050033005
0.201241035475
0.209745755108
0.218576958523
0.227748936568
0.237277721157
0.247181342901
0.257480139212
0.268197125314
0.279358444311
0.290993917448
0.30313772257
0.315829238306
0.329114104907
0.343045571872
0.357686230417
0.373110270255
0.389406462889
0.406682170745
0.425068835923
0.444729655016
0.465870573666
0.488756484358
0.513735885551
0.541279910693
0.572047063082
0.606996939077
0.647604955789
0.696307298
0.757543825104
0.840637334216
0.968926049668
1.12298458651
0.967220259563
0.852983568603
0.781470291013
0.730886063203
0.692447113539
0.661925918734
0.636988923165
0.616219811045
0.598698715919
0.583797734626
0.57107211342
0.560198137854
0.550935666685
0.543104516927
0.5365690559
0.531227883951
0.527006809523
0.523854042339
0.521736947414
0.520639954227
0.520563375006
0.521522994063
0.52355036934
0.526693851853
0.531020387068
0.536618218891
0.543600670264
0.552111209297
0.562329976512
0.574481703542
0.588844095842
0.605753158938
0.62559442141
0.648747335102
0.675388461034
0.704896455138
0.73430656782
0.755671116104
0.756950994567
0.733994073084
0.696464256676
0.655291272834
0.615809070956
0.579618276486
0.546848029011
0.517179505259
0.49020895365
0.465560727483
0.442914609419
0.422005638275
0.402616373866
0.384568198507
0.367713629585
0.351930041216
0.337114691595
0.323180827564
0.310054638373
0.297672866568
0.28598092429
0.274931398359
0.264482855531
0.254598880752
0.245247297427
0.236399530844
0.228030084989
0.220116109773
0.212637040872
0.205574298238
0.198911032343
0.192631909471
0.18672292915
0.181171268188
0.175965146826
0.171093713393
0.166546944487
0.162315558255
0.158390938764
0.154765069778
0.15143047657
0.148380174579
0.145607623914
0.143106688889
0.14087160182
0.138896930491
0.137177548722
0.135708609548
0.134485520589
0.133503921203
0.132759661069
0.132248779854
0.131967487662
0.131912145937
0.132079248543
0.132465402717
0.133067309616
0.133881744159
0.134905533879
0.136135536497
0.137568615912
0.139201616329
0.141031334226
0.143054487892
0.145267684266
0.147667382844
0.150249856477
0.153011148903
0.15594702899
0.159052941728
0.162323956191
0.16575471085
0.169339356858
0.173071500228
0.176944144142
0.180949633077
0.185079600868
0.189324925368
0.193675692961
0.198121176703
0.202649832499
0.207249318149
0.211906540444
0.2166077356
0.221338588023
0.22608439175
0.230830257627
0.235561367485
0.240263274072
0.244922242532
0.24952562577
0.254062262538
0.258522883766
0.262900509999
0.26719082127
0.271392480663
0.275507394389
0.279540894586
0.283501835838
0.287402602347
0.291259028984
0.295090245594
0.298918459147
0.302768692188
0.306668498359
0.310647676314
0.314738002619
0.318973002317
0.323387773392
0.328018878819
0.33290431763
0.338083584948
0.343597830445
0.349490125565
0.355805852208
0.362593229954
0.369904005517
0.37779433786
0.386325926343
0.395567449027
0.405596406864
0.416501511102
0.428385813325
0.44137087169
0.455602393343
0.471258025598
0.488558347603
0.507782746944
0.529292946644
0.553568825221
0.581264425482
0.613297339614
0.650990702711
0.696275509447
0.75178832206
0.81928622601
0.885844101305
0.891975741703
0.832159179963
0.768234322948
0.716202485845
0.674706591163
0.641086463996
0.613366467393
0.590198626933
0.570657475853
0.554092742709
0.540036451434
0.52814492553
0.518161953422
0.50989485373
0.503198592777
0.497965083453
0.49411593593
0.491597603295
0.490378275243
0.490446135623
0.491808781192
0.494493740675
0.498550164422
0.504051902746
0.511102388325
0.519842035712
0.530459358936
0.543207859241
0.558432305419
0.576611100906
0.598427855823
0.624899841736
0.65762750271
0.699333520989
0.755217254617
0.837254167283
0.985056502328
1.22349224737
0.919743548248
0.794570813321
0.716414055312
0.659390944605
0.614462715581
0.577415176102
0.545940533806
0.518636741023
0.494587535881
0.473160724769
0.453901382272
0.436470966933
0.420610532516
0.40611742662
0.392829945612
0.380616892187
0.369370267142
0.359000028923
0.349430255063
0.340596276879
0.33244250412
0.324920747771
0.317988908427
0.311609936754
0.305750999
0.300382798655
0.295479018057
0.291015852749
0.286971617861
0.283326410516
0.280061815725
0.277160645849
0.274606705646
0.272384576472
0.270479414343
0.268876757594
0.267562340646
0.266521911187
0.265741048783
0.265204983733
0.264898415802
0.264805333509
0.264908835793
0.265190959263
0.265632515886
0.26621294782
0.266910208123
0.267700678224
0.26855913508
0.269458782632
0.270371363129
0.271267363705
0.272116331682
0.272887307992
0.273549381553
0.274072358213
0.274427526512
0.274588489889
0.274532022592
0.274238896548
0.273694620783
0.2728900356
0.271821711469
0.27049211713
0.268909541186
0.267087773522
0.265045574049
0.262805973315
0.260395460302
0.257843116356
0.255179750984
0.252437086898
0.249647029994
0.246841047247
0.244049663394
0.241302077039
0.238625889072
0.236046931133
0.233589179003
0.231274734912
0.229123863168
0.227155064853
0.225385179171
0.223829500976
0.222501905983
0.221414976854
0.220580124869
0.220007703054
0.219707107497
0.219686864236
0.219954699365
0.220517590153
0.22138179477
0.222552857894
0.224035588835
0.225834008049
0.227951256814
0.2303894636
0.233149559089
0.236231030067
0.239631600454
0.243346825747
0.24736958535
0.251689456024
0.256291949774
0.2611576019
0.266260901392
0.271569068563
0.277040706909
0.282624391137
0.288257304457
0.293864107146
0.299356301716
0.304632445534
0.309579623306
0.314076587499
0.317998852014
0.321225740003
0.323648940981
0.32518160637
0.325766578282
0.325382216127
0.324044603569
0.321805648957
0.318747499433
0.314974443384
0.310603829136
0.305757428318
0.300554253717
0.295105315384
0.289510342875
0.283856204004
0.27821661664
0.272652738673
0.26721427948
0.26194086105
0.256863441022
0.252005680111
0.247385188884
0.24301462499
0.238902634876
0.235054647376
0.231473533442
0.228160148931
0.225113777665
0.222332490789
0.219813436764
0.217553074336
0.215547358907
0.213791890988
0.212282033837
0.211013006084
0.209979953999
0.209178007153
0.208602320448
0.208248104851
0.208110648679
0.208185330845
0.208467627139
0.208953110335
0.209637444699
0.210516375259
0.211585712063
0.212841309506
0.214279040691
0.215894766708
0.217684300622
0.21964336588
0.221767548828
0.224052244936
0.226492598341
0.229083434292
0.231819184101
0.234693802267
0.237700675532
0.2408325238
0.244081293086
0.247438041023
0.250892815899
0.254434530854
0.25805083564
0.261727989389
0.265450739002
0.26920220927
0.272963812396
0.276715186317
0.280434172939
0.284096848821
0.287677621862
0.291149407611
0.294483897725
0.297651930268
0.300623966743
0.303370673789
0.305863598533
0.308075916165
0.309983217605
0.311564295433
0.312801879451
0.313683270864
0.314200827309
0.314352260197
0.314140720151
0.313574664193
0.312667516936
0.311437154979
0.309905256419
0.30809656463
0.306038116687
0.303758482808
0.301287055221
0.298653414715
0.295886792418
0.293015634444
0.290067268787
0.287067667712
0.284041294846
0.281011024055
0.277998116564
0.275022243274
0.272101540439
0.269252688434
0.266491005092
0.263830546748
0.261284211697
0.258863842084
0.25658032138
0.254443665473
0.252463106121
0.250647165982
0.249003724848
0.247540076903
0.246262978984
0.245178689845
0.244293000446
0.243611255171
0.243138363791
0.242878803824
0.242836612737
0.243015369231
0.24341816257
0.244047548637
0.244905491076
0.245993285528
0.247311464608
0.248859680877
0.250636564716
0.25263955368
0.2548646897
0.257306380465
0.259957121608
0.262807177041
0.265844216236
0.269052909676
0.272414487476
0.275906271703
0.279501200643
0.28316737346
0.286867656448
0.29055940692
0.294194386385
0.297718948426
0.301074594609
0.304198988085
0.307027493138
0.309495264252
0.311539838605
0.313104096327
0.314139357481
0.314608306184
0.314487396508
0.313768422303
0.312459028657
0.310582090517
0.308174049893
0.305282446812
0.301962968011
0.298276357744
0.294285493702
0.290052849516
0.285638469638
0.281098494365
0.27648420563
0.271841522089
0.267210852755
0.262627216262
0.258120541593
0.253716080232
0.249434875325
0.245294248088
0.241308274216
0.237488232975
0.233843019123
0.230379513165
0.227102909035
0.224017000651
0.221124430133
0.218426901175
0.215925361332
0.213620156922
0.211511164067
0.20959789907
0.207879611023
0.206355359167
0.205024077215
0.203884626535
0.202935839815
0.202176556598
0.201605651846
0.201222058508
0.201024784913
0.201012927657
0.201185680526
0.201542339887
0.202082306871
0.202805086597
0.203710284546
0.204797600152
0.206066817557
0.207517793356
0.209150441088
0.210964712065
0.212960572007
0.215137972778
0.217496818325
0.220036923708
0.22275796583
0.225659424182
0.228740509582
0.232000078439
0.235436529684
0.239047680948
0.24283062007
0.24678152746
0.250895464313
0.255166121279
0.25958552199
0.26414367602
0.26882817671
0.273623741051
0.278511692078
0.283469389458
0.288469621937
0.293479986655
0.298462295747
0.30337207011
0.308158203107
0.312762900801
0.317122025528
0.321165978859
0.324821248253
0.328012698491
0.33066660638
0.33271431619
0.334096248577
0.334765858892
0.334693054415
0.333866584785
0.332295034872
0.330006258652
0.327045345323
0.323471436928
0.319353861943
0.314768084695
0.309791906564
0.304502227781
0.298972532308
0.293271128222
0.287460081914
0.281594730413
0.275723636558
0.269888856004
0.264126403015
0.258466825377
0.252935822214
0.247554859047
0.242341751015
0.237311197621
0.232475261231
0.227843787488
0.22342476957
0.219224660352
0.215248637611
0.211500827759
0.207984493485
0.204702190337
0.201655896766
0.198847121656
0.196276992775
0.193946329104
0.191855699534
0.190005469976
0.188395840589
0.187026874479
0.185898518938
0.185010620062
0.184362931315
0.183955116441
0.183786746919
0.183857293963
0.184166114918
0.184712433717
0.185495314876
0.186513630332
0.187766018234
0.189250832564
0.190966082285
0.192909358432
0.19507774735
0.197467728041
0.200075051346
0.202894598504
0.205920216551
0.209144527999
0.212558712519
0.216152258855
0.219912686197
0.223825235856
0.22787253651
0.232034249828
0.236286708079
0.240602561722
0.244950462865
0.249294819855
0.253595668367
0.257808714051
0.261885608978
0.265774525915
0.269421087239
0.27276968547
0.275765197381
0.278355043642
0.280491485445
0.282133988185
0.283251434202
0.283823946845
0.283844108323
0.28331741613
0.282261918049
0.280707074099
0.278691991549
0.276263245669
0.273472523779
0.270374314336
0.26702381708
0.263475189622
0.259780184681
0.255987180731
0.252140572099
0.248280463172
0.244442602936
0.240658497072
0.23695564159
0.233357831515
0.22988550827
0.226556118892
0.223384468318
0.22038305246
0.217562364836
0.214931173114
0.21249676451
0.210265160627
0.208241303415
0.206429214448
0.20483213003
0.203452614633
0.202292655097
0.201353737834
0.20063691105
0.200142833761
0.199871813136
0.199823831466
0.19999856384
0.200395387403
0.201013382904
0.20185132906
0.202907690123
0.204180596918
0.205667821499
0.207366745466
0.209274321924
0.211387031001
0.213700828773
0.216211089485
0.218912540902
0.221799192715
0.224864258007
0.228100067926
0.231497979908
0.235048280121
0.238740081145
0.242561216437
0.246498133735
0.250535790341
0.25465755411
0.258845115049
0.263078413554
0.267335592561
0.271592982054
0.275825125404
0.280004857736
0.284103446653
0.288090805007
0.291935783703
0.295606549542
0.299071048686
0.302297550554
0.305255260042
0.307914978453
0.310249786251
0.31223571468
0.313852369555
0.315083470004
0.315917268211
0.316346823283
0.316370112574
0.315989975996
0.315213901355
0.314053670093
0.31252489143
0.310646458096
0.308439958287
0.305929076543
0.303139011735
0.300095934238
0.296826497691
0.293357414291
0.28971509701
0.285925367695
0.282013226871
0.278002679113
0.273916606839
0.269776685179
0.26560333086
0.261415678668
0.257231579825
0.253067617465
0.248939135156
0.24486027517
0.240844023814
0.23690226167
0.233045817022
0.229284521124
0.225627264223
0.222082051493
0.218656058236
0.215355683818
0.212186603959
0.209153821079
0.206261712474
0.203514076176
0.20091417439
0.198464774432
0.196168187164
0.194026302893
0.192040624764
0.190212299668
0.188542146699
0.187030683196
0.185678148418
0.184484524866
0.183449557304
0.182572769484
0.181853478583
0.181290807368
0.180883694054
0.180630899837
0.180531014075
0.18058245704
0.180783480204
0.18113216398
0.181626412839
0.182263947734
0.183042295755
0.183958776953
0.185010488289
0.186194284693
0.187506757245
0.188944208572
0.19050262559
0.192177649833
0.193964545708
0.195858167158
0.197852923373
0.19994274436
0.202121047438
0.204380705908
0.206714021465
0.209112702157
0.211567847975
0.214069946438
0.216608880726
0.219173953075
0.221753926189
0.224337085306
0.226911323276
0.229464250477
0.23198333061
0.234456042387
0.236870065793
0.239213490081
0.241475038988
0.24364430696
0.245711998604
0.247670162306
0.24951240814
0.2512341
0.252832512425
0.254306943851
0.255658780009
0.256891503712
0.258010650153
0.259023709768
0.259939983487
0.260770397502
0.261527286357
0.26222415413
0.262875423668
0.263496183374
0.264101939967
0.264708384243
0.265331175169
0.26598574594
0.266687133992
0.267449835491
0.268287683591
0.269213748831
0.270240259302
0.271378537816
0.272638953052
0.274030881605
0.275562677947
0.277241649467
0.279074034007
0.281064977627
0.283218510624
0.285537520191
0.288023718521
0.290677605506
0.293498425705
0.296484119716
0.299631270714
0.302935047578
0.306389146816
0.309985736412
0.313715405745
0.317567126809
0.321528233189
0.325584424362
0.329719803926
0.333916961124
0.338157105245
0.342420262061
0.346685540006
0.350931471196
0.355136428449
0.359279114188
0.363339110718
0.367297474342
0.371137348811
0.374844567678
0.378408211288
0.381821083225
0.385080073802
0.388186384582
0.391145597546
0.393967584193
0.396666262152
0.399259218109
0.401767224664
0.404213684052
0.406624033319
0.409025143538
0.411444740877
0.413910870658
0.416451417959
0.41909369073
0.42186406439
0.424787680823
0.427888189632
0.431187515354
0.434705630752
0.438460312993
0.442466855998
0.446737708296
0.451282000911
0.456104924137
0.461206905717
0.466582536542
0.472219185387
0.478095244357
0.484177957317
0.490420813589
0.496760551952
0.503113933087
0.509374620879
0.515410774797
0.521064279188
0.526152843736
0.530476334847
0.533828384745
0.536013324617
0.536866777465
0.53627628581
0.53419710664
0.530658782804
0.525760521379
0.519656790408
0.512537233584
0.504605831385
0.496063230827
0.487094250524
0.47786076535
0.468499043111
0.45912018893
0.449812422652
0.440644206112
0.431667565588
0.422921229593
0.414433397634
0.406224079129
0.398307011385
0.390691199636
0.383382134757
0.376382745015
0.369694133248
0.363316143624
0.3572477946
0.351487607734
0.346033855973
0.340884750067
0.336038577695
0.331493806682
0.327249161128
0.323303677299
0.319656744586
0.316308135609
0.313258028655
0.310507024877
0.308056162149
0.305906926998
0.304061265732
0.302521595555
0.301290816253
0.300372322838
0.299770019331
0.299488333682
0.299532233627
0.299907243023
0.300619457906
0.301675561118
0.303082833793
0.304849161306
0.30698303026
0.309493511744
0.312390224191
0.315683266579
0.319383109057
0.32350042312
0.328045826451
0.333029508039
0.338460685973
0.344346832513
0.350692577091
0.357498166758
0.364757324602
0.372454301571
0.380559872559
0.389026000998
0.397778924867
0.406710572265
0.415668615952
0.424446289165
0.432774460668
0.440320346601
0.446698969373
0.451503416075
0.454355752768
0.454971066599
0.453216048445
0.449139293829
0.442959803294
0.435018938833
0.425716082262
0.415449971212
0.404578611855
0.393399702192
0.382146818814
0.370994922874
0.360069910296
0.3494588771
0.339219412825
0.32938729675
0.319982542
0.311013984149
0.302482686928
0.294384430423
0.286711507822
0.279454010602
0.272600739813
0.266139846319
0.260059275664
0.254347072788
0.24899158659
0.243981603272
0.239306429306
0.234955939046
0.230920597806
0.227191468189
0.223760205243
0.220619044497
0.217760785742
0.215178774626
0.212866883556
0.210819492957
0.209031473639
0.20749817082
0.206215390192
0.205179386317
0.204386853564
0.20383491977
0.203521142772
0.203443509946
0.203600440904
0.203990793503
0.204613873348
0.205469447001
0.206557759142
0.207879553986
0.209436101314
0.211229227546
0.213261352383
0.215535531627
0.218055506957
0.220825763552
0.223851596686
0.227139188629
0.230695697527
0.234529360262
0.238649611803
0.24306722415
0.247794468715
0.252845306993
0.25823561561
0.263983453529
0.270109381308
0.276636845263
0.283592643202
0.291007493698
0.298916738095
0.307361214528
0.316388357466
0.326053596791
0.336422160284
0.347571427966
0.359594054494
0.372602181407
0.386733229911
0.402158043323
0.41909262308
0.437815544349
0.458694700355
0.482230085897
0.509125724171
0.540418284866
0.577725943692
0.62378295369
0.683768138075
0.769410256235
0.916843337463
1.08779426993
0.852836681339
0.735733264581
0.661915422903
0.608293116026
0.566338373303
0.531997946554
0.503032963336
0.478077921203
0.456239361239
0.436901219345
0.419621105842
0.404070911488
0.390000802903
0.377216363744
0.365563515167
0.354918241859
0.345179396568
0.336263539222
0.328101157582
0.320633848491
0.313812181118
0.307594053475
0.301943411656
0.296829239746
0.29222475438
0.288106755828
0.284455099986
0.281252264519
0.278482988779
0.276133971688
0.274193615152
0.27265180299
0.271499707142
0.270729614114
0.270334765508
0.270309206917
0.270647639709
0.271345270112
0.272397649722
0.273800500922
0.275549519855
0.277640148441
0.280067305463
0.282825065029
0.285906268727
0.289302055681
0.293001292717
0.296989885314
0.301249949771
0.305758829035
0.310487940845
0.315401459549
0.320454855706
0.325593354309
0.330750427249
0.335846510757
0.340788231181
0.345468520021
0.349768073123
0.353558612248
0.356708279255
0.359089181785
0.360586611607
0.36110886327
0.36059608918
0.359026484554
0.356418467174
0.352828355341
0.348344071242
0.343076224217
0.337148283373
0.330687392247
0.323816879721
0.316650928308
0.309291368136
0.301826259688
0.294329805396
0.28686313654
0.279475597325
0.272206245669
0.265085382532
0.258135996019
0.25137506068
0.244814668651
0.238462991564
0.232325084667
0.226403550499
0.220699081423
0.215210899893
0.209937113741
0.20487500166
0.200021241836
0.195372094604
0.190923548084
0.186671434167
0.182611520792
0.178739585359
0.175051473129
0.17154314374
0.168210708291
0.165050458992
0.162058892923
0.159232731157
0.156568934204
0.154064714555
0.151717546907
0.149525176537
0.147485626175
0.145597201647
0.143858496494
0.142268395716
0.140826078769
0.139531021891
0.138382999839
0.13738208709
0.13652865856
0.13582338989
0.135267257357
0.13486153746
0.13460780625
0.134507938476
0.13456410663
0.134778779979
0.135154723693
0.135694998176
0.136402958731
0.137282255682
0.138336835106
0.139570940316
0.140989114276
0.142596203089
0.144397360767
0.146398055455
0.148604077316
0.151021548292
0.15365693396
0.156517057733
0.159609117661
0.16294070611
0.166519832634
0.170354950359
0.174454986243
0.17882937561
0.18348810139
0.188441738515
0.193701504002
0.199279313227
0.205187842961
0.211440601721
0.218052007946
0.225037476439
0.232413513311
0.240197819365
0.248409401271
0.257068689046
0.266197656854
0.275819941942
0.285960952949
0.296647953293
0.307910096696
0.319778378425
0.332285444703
0.345465169777
0.359351858453
0.373978851168
0.389376183253
0.405566757519
0.422560201392
0.440343170076
0.458864331743
0.478011754304
0.497580357696
0.517228688334
0.536429954035
0.55443541331
0.570289061243
0.582946732787
0.591522504671
0.595584514701
0.595323561009
0.591468457911
0.585012705917
0.576933600523
0.56802520482
0.55885122536
0.549768045603
0.540971685037
0.532543825746
0.524488409223
0.516758307883
0.509274270549
0.501938640571
0.494645824255
0.487290801419
0.479776344009
0.472019113415
0.463954474764
0.455539718882
0.446755420971
0.437604853055
0.428111629963
0.418316013481
0.408270449974
0.398034939018
0.387672738296
0.377246748889
0.366816748523
0.356437489488
0.34615757365
0.336018961331
0.326056954794
0.316300507238
0.306772732156
0.297491516374
0.288470167238
0.279718047484
0.271241169315
0.263042732391
0.255123599546
0.24748270996
0.240117433123
0.233023868821
0.226197099267
0.219631399614
0.213320412822
0.207257294374
0.201434831728
0.19584554277
0.190481756976
0.185335682384
0.180399461058
0.175665215242
0.171125086049
0.166771266243
0.162596028332
0.158591749047
0.154750931004
0.151066222246
0.147530434187
0.144136558361
0.140877782312
0.137747504816
0.134739350623
0.131847184781
0.129065126587
0.126387563167
0.123809162618
0.121324886661
0.118930002683
0.116620095076
0.114391075722
0.112239193514
0.110161042766
0.108153570385
0.106214081697
0.104340244813
0.102530093449
0.100782028139
0.099094815784
0.0974675875343
0.0958998349936
0.0943914047849
0.0929424915288
0.0915536293157
0.0902256817695
0.0889598308236
0.0877575643465
0.0866206627638
0.0855511848401
0.0845514527837
0.0836240368472
0.0827717395927
0.0819975799886
0.0813047775011
0.0806967363327
0.0801770299517
0.0797493860439
0.0794176720068
0.0791858810876
0.0790581192592
0.0790385929057
0.0791315973811
0.0793415064862
0.0796727628969
0.080129869563
0.0807173820848
0.0814399020636
0.0823020714089
0.0833085675779
0.0844640997104
0.0857734056141
0.0872412495451
0.0888724207195
0.0906717324792
0.0926440220265
0.0947941506268
0.0971270041618
0.0996474938999
0.102360557323
0.105271158823
0.10838429004
0.111704969578
0.115238241757
0.118989174011
0.122962852432
0.127164374846
0.131598840658
0.136271336524
0.141186916666
0.146350576335
0.151767216565
0.157441597887
0.163378280037
0.169581543984
0.176055291617
0.182802917271
0.189827143801
0.197129814142
0.204711627124
0.212571803758
0.220707667335
0.229114117456
0.237782974992
0.24670217231
0.255854761977
0.265217719027
0.274760519442
0.284443494301
0.294215990511
0.304014421343
0.313760369798
0.32335901855
0.332698316877
0.341649435129
0.350069151288
0.35780478144
0.364702009357
0.370615422749
0.375420764364
0.379027066761
0.381386325432
0.382498533161
0.382410852231
0.381211143168
0.379017421326
0.375965550448
0.372197425842
0.367851249286
0.363054637256
0.357920564139
0.352545681088
0.347010368972
0.341379897737
0.33570617892
0.330029740982
0.324381687837
0.318785502924
0.313258632752
0.307813829795
0.30246026163
0.29720440727
0.292050767647
0.287002418344
0.282061431271
0.277229189317
0.272506614932
0.267894330497
0.263392765497
0.259002222926
0.254722915126
0.250554977365
0.246498465782
0.242553345003
0.238719469528
0.23499656207
0.231384191223
0.227881750179
0.224488437731
0.221203242355
0.218024929865
0.214952034884
0.211982856192
0.20911545588
0.206347662156
0.203677075573
0.201101078427
0.198616847051
0.196221366719
0.193911448885
0.191683750479
0.189534794999
0.187460995145
0.185458676755
0.183524103807
0.181653504251
0.179843096475
0.178089116161
0.176387843335
0.174735629395
0.173128923914
0.171564300998
0.170038485018
0.168548375487
0.167091070914
0.16566389142
0.164264399947
0.162890421886
0.16154006295
0.160211725158
0.158904120783
0.157616284151
0.156347581206
0.155097716745
0.153866739285
0.152655043534
0.151463370452
0.150292804944
0.149144771219
0.148021025903
0.146923649003
0.145855032858
0.144817869217
0.143815134626
0.142850074304
0.141926184716
0.141047195057
0.140217047866
0.13943987899
0.13871999713
0.138061863171
0.137470069517
0.136949319615
0.136504407856
0.136140200005
0.13586161431
0.135673603402
0.135581137088
0.135589186108
0.135702706916
0.135926627498
0.136265834254
0.136725159921
0.137309372514
0.138023165228
0.138871147249
0.139857835394
0.140987646488
0.142264890374
0.143693763468
0.145278342707
0.147022579791
0.14893029558
0.151005174492
0.15325075878
0.155670442512
0.158267465113
0.161044904301
0.164005668232
0.167152486695
0.170487901157
0.174014253462
0.177733672988
0.181648062041
0.185759079262
0.190068120828
0.194576299188
0.199284419106
0.204192950748
0.209301999569
0.214611272763
0.220120042025
0.225827102432
0.231730727256
0.237828618578
0.244117853652
0.250594827028
0.257255188583
0.264093777745
0.271104554376
0.278280526978
0.285613679183
0.293094895728
0.300713889481
0.308459131438
0.316317785942
0.324275653789
0.332317126177
0.340425152732
0.348581226997
0.356765392771
0.364956274495
0.373131134466
0.38126595898
0.389335574594
0.397313794611
0.405173594614
0.412887314729
0.420426885182
0.427764071084
0.434870732116
0.441719093236
0.448282023476
0.454533321379
0.460448007214
0.466002623521
0.471175546179
0.475947307704
0.480300932479
0.484222280068
0.487700387987
0.490727799862
0.493300859881
0.495419950812
0.497089651736
0.498318793666
0.499120396523
0.499511479065
0.499512743267
0.499148144832
0.498444370582
0.497430250094
0.496136132419
0.494593258756
0.492833159066
0.490887095355
0.488785567888
0.486557893695
0.484231860284
0.481833451985
0.479386642111
0.476913241234
0.474432790193
0.471962485868
0.469517127949
0.467109075779
0.464748205592
0.46244186006
0.460194783821
0.458009040689
0.45588391051
0.453815766182
0.451797934351
0.449820546817
0.44787039376
0.445930794587
0.443981507386
0.441998703312
0.439955037213
0.437819849442
0.435559534988
0.433138113153
0.430518022478
0.427661150292
0.424530083617
0.421089539485
0.417307900995
0.413158755831
0.408622312922
0.403686566726
0.398348091642
0.392612381644
0.386493698127
0.380014443815
0.373204132125
0.366098060206
0.358735814195
0.351159735603
0.343413461487
0.335540623719
0.327583761153
0.319583468231
0.31157777863
0.303601764614
0.295687321898
0.287863105154
0.280154579133
0.272584153238
0.265171371938
0.257933138462
0.250883954292
0.244036161451
0.237400178437
0.230984723711
0.224797023074
0.218842999011
0.213127441412
0.207654159903
0.20242611864
0.197445554748
0.192714081745
0.188232779404
0.184002271428
0.180022792319
0.176294244668
0.172816248017
0.169588180335
0.166609213011
0.163878340185
0.161394403128
0.159156110274
0.157162053469
0.155410720872
0.15390050692
0.152629719693
0.151596585969
0.150799254214
0.15023579571
0.149904204004
0.149802392813
0.149928192517
0.150279345323
0.150853499206
0.151648200663
0.152660886367
0.153888873738
0.15532935048
0.156979363116
0.158835804542
0.160895400632
0.16315469592
0.165610038391
0.168257563421
0.171093176928
0.174112537775
0.177311039544
0.180683791765
0.184225600757
0.187930950261
0.191793982082
0.195808477033
0.199967836526
0.204265065222
0.20869275525
0.213243072603
0.217907746395
0.22267806182
0.227544857714
0.232498529778
0.237529040597
0.242625937687
0.247778380856
0.252975180158
0.258204845716
0.263455650502
0.268715706997
0.273973058303
0.279215783821
0.284432119075
0.289610588523
0.294740149477
0.299810344349
0.304811457612
0.309734673054
0.314572226186
0.319317546183
0.32396538152
0.328511903514
0.332954782467
0.337293231881
0.341528017346
0.345661428093
0.349697210709
0.353640466157
0.357497512716
0.361275718864
0.364983311208
0.368629163398
0.372222572451
0.375773029153
0.379289989165
0.382782651301
0.386259749162
0.38972936207
0.393198751019
0.39667422527
0.400161045228
0.403663367378
0.407184237202
0.41072563616
0.414288588756
0.417873335423
0.421479576176
0.425106788651
0.428754622155
0.43242336671
0.436114492899
0.439831254835
0.44357934527
0.447367589255
0.451208661526
0.455119813609
0.459123600227
