1.0
0.999660803537
0.998643856343
0.996951083121
0.994585685439
0.99155213236
0.987856147359
0.983504691603
0.978505943632
0.972869275539
0.966605225722
0.959725468328
0.952242779488
0.944171000482
0.935524997966
0.926320621413
0.916574657924
0.90630478458
0.895529518512
0.884268164868
0.872540762871
0.860368030173
0.847771305691
0.834772491144
0.821393991502
0.807658654549
0.793589709779
0.77921070685
0.76454545379
0.749617955188
0.734452350567
0.719072853158
0.703503689268
0.687769038455
0.671892974696
0.655899408737
0.639812031809
0.623654260885
0.607449185638
0.591219517264
0.574987539312
0.558775060662
0.54260337078
0.526493197355
0.510464666443
0.494537265194
0.47872980725
0.463060400895
0.447546420001
0.432204477818
0.417050403658
0.402099222475
0.38736513737
0.372861515005
0.358600873929
0.344594875772
0.330854319302
0.317389137267
0.304208395991
0.291320297653
0.278732185167
0.266450549591
0.254481039964
0.242828475487
0.231496859924
0.220489398119
0.209808514526
0.199455873595
0.189432401926
0.179738312027
0.170373127561
0.161335709941
0.152624286133
0.144236477522
0.136169329716
0.128419343131
0.120982504232
0.113854317282
0.107029836471
0.10050369829
0.0942701540167
0.0883231021882
0.0826561209464
0.0772625001258
0.0721352729806
0.0672672474393
0.0626510367876
0.0582790896828
0.0541437194104
0.0502371323002
0.0465514552254
0.0430787621156
0.0398110994202
0.0367405104673
0.0338590586686
0.0311588495295
0.0286320514279
0.0262709151358
0.0240677920603
0.022015151191
0.0201055947442
0.0183318725028
0.0166868948556
0.0151637445451
0.0137556871401
0.0124561802521
0.0112588815224
0.0101576554078
0.00914657880056
0.00821994551996
0.0073722697161
0.00659828823183
0.00589296196927
0.00525147631097
0.00466924064767
0.00414188706599
0.00366526825111
0.00323545466021
0.00284873102332
0.00250159222822
0.00219073864641
0.00191307095658
0.00166568452145
0.00144586337319
0.00125107386102
0.00107895801383
0.000927326668483
0.000794152413032
0.000677562391927
0.000575831018184
0.00048737263519
0.000410734168412
0.000344587804728
0.000287723734567
0.000239042989305
0.000197550403737
0.000162347730688
0.0001326269321
0.000107663668232
8.68110039315e-05
6.94933482751e-05
5.52006413315e-05
4.34827992751e-05
3.39444266753e-05
2.62398024655e-05
2.00681438873e-05
1.51691506162e-05
1.13188293055e-05
8.32559695228e-06
6.02665979097e-06
4.28466285988e-06
2.98460397544e-06
2.03100457689e-06
1.34532878245e-06
8.63641018882e-07
5.34491751802e-07
3.17020149683e-07
1.79261957713e-07
9.66504334293e-08
5.06978995331e-08
2.78452943656e-08
1.84670407647e-08
1.60186021911e-08
1.63142435904e-08
1.69227554107e-08
1.66692242137e-08
1.52313338618e-08
1.28191486249e-08
9.92785495247e-09
7.15351332113e-09
5.06248679147e-09
4.10586012228e-09
4.57083415107e-09
6.56176656634e-09
1.00042244203e-08
1.46661083851e-08
2.01905968952e-08
2.6136333469e-08
3.20209366909e-08
3.736454413e-08
4.17307039954e-08
4.47624972978e-08
4.62123049856e-08
4.59641258695e-08
4.40477996279e-08
4.06448929094e-08
3.6086364191e-08
3.08424338915e-08
2.55053500794e-08
2.07659573173e-08
1.73851475969e-08
1.61613992688e-08
1.78956941332e-08
2.33551465837e-08
3.32366844309e-08
4.81320916108e-08
6.84956615272e-08
9.46156196417e-08
1.26590358639e-07
1.64310392728e-07
2.07446783159e-07
2.55446618638e-07
3.07535955836e-07
3.62730440339e-07
4.19853640919e-07
4.77562943413e-07
5.34382668232e-07
5.88743900735e-07
6.39030359475e-07
6.83629476215e-07
7.20987726283e-07
7.49669130212e-07
7.68415749755e-07
7.76208924551e-07
7.72329941336e-07
7.56418796263e-07
7.28529703233e-07
6.89182017211e-07
6.39405281078e-07
5.8077716717e-07
5.15453169335e-07
4.46187007035e-07
3.76340828161e-07
3.09884440238e-07
2.5138295851e-07
2.05972431923e-07
1.79323191905e-07
1.77590861574e-07
2.0735516196e-07
2.75546854332e-07
3.89363360972e-07
5.56173807967e-07
7.83414430016e-07
1.07847546612e-06
1.44858085372e-06
1.90066219471e-06
2.44122861755e-06
3.07623429293e-06
3.81094547424e-06
4.64980902654e-06
5.59632447702e-06
6.65292166522e-06
7.82084609088e-06
9.10005405041e-06
1.04891196202e-05
1.19851554839e-05
1.35837495146e-05
1.52789189083e-05
1.70630835257e-05
1.89270599369e-05
2.08600774735e-05
2.28498173845e-05
2.48824759652e-05
2.69428522762e-05
2.90144608116e-05
3.10796691982e-05
3.311986072e-05
3.5115621171e-05
3.70469492409e-05
3.88934893391e-05
4.06347854645e-05
4.22505544387e-05
4.37209765337e-05
4.5027001255e-05
4.61506657833e-05
4.70754233356e-05
4.77864784908e-05
4.82711263255e-05
4.85190920371e-05
4.85228675888e-05
4.82780417991e-05
4.77836202194e-05
4.70423310973e-05
4.6060913711e-05
4.48503853893e-05
4.34262835881e-05
4.18088794982e-05
4.00233597907e-05
3.80999732817e-05
3.60741395029e-05
3.39865164085e-05
3.18830247232e-05
2.98148267436e-05
2.78382577393e-05
2.60147084644e-05
2.4410457675e-05
2.30964539555e-05
2.2148046583e-05
2.16446655979e-05
2.1669451697e-05
2.23088370268e-05
2.36520784094e-05
2.57907449955e-05
2.88181627926e-05
3.28288189588e-05
3.79177291851e-05
4.41797719028e-05
5.1708993443e-05
6.05978886439e-05
7.09366617389e-05
8.28124726633e-05
9.63086741883e-05
0.000111504045521
0.0001284720282
0.000147279970261
0.000167988384747
0.000190650228694
0.000215310208709
0.000242004119246
0.000270758219546
0.000301588655089
0.000334500929199
0.000369489430193
0.000406537019168
0.000445614683191
0.000486681258242
0.00052968322586
0.000574554586953
0.000621216815732
0.000669578896187
0.000719537442965
0.000770976907894
0.000823769872811
0.000877777428692
0.000932849640464
0.00098882609621
0.00104553653885
0.00110280157768
0.00116043347667
0.00121823701546
0.00127601041889
0.00133354634978
0.00139063295958
0.00144705499065
0.00150259492372
0.00155703416334
0.00161015425417
0.00166173812009
0.00171157131828
0.00175944329995
0.00180514866924
0.00184848843178
0.00188927122432
0.00192731451673
0.00196244577806
0.00199450359804
0.00202333875602
0.00204881522943
0.00207081113411
0.00208921958938
0.0021039495011
0.00211492625654
0.00212209232521
0.00212540776076
0.00212485059942
0.00212041715113
0.00211212218051
0.00209999897518
0.00208409930002
0.00206449323653
0.00204126890746
0.00201453208745
0.00198440570146
0.00195102921328
0.00191455790764
0.00187516206969
0.00183302606674
0.00178834733781
0.00174133529698
0.00169221015757
0.0016412016844
0.00158854788218
0.00153449362844
0.00147928925989
0.00142318912149
0.00136645008778
0.00130933006622
0.00125208649263
0.00119497482864
0.00113824707133
0.00108215028511
0.0010269251657
0.000972804645888
0.000920012552631
0.000868762324519
0.00081925579831
0.000771682072787
0.000726216457631
0.000683019514412
0.000642236196165
0.000603995091323
0.000568407777045
0.000535568286185
0.000505552691379
0.000478418808842
0.000454206023659
0.00043293523745
0.000414608938434
0.000399211393034
0.000386708957282
0.000377050505449
0.00037016797245
0.000365977005793
0.000364377722033
0.000365255561953
0.000368482238002
0.000373916766833
0.000381406579232
0.000390788699131
0.000401890982968
0.000414533410203
0.00042852941548
0.000443687252634
0.000459811380566
0.00047670386085
0.000494165756935
0.000511998524793
0.000530005384997
0.000547992666394
0.000565771111787
0.000583157136368
0.000599974030069
0.00061605309543
0.000631234713143
0.000645369328
0.000658318348634
0.000669954955115
0.000680164809231
0.000688846663008
0.000695912861899
0.000701289739831
0.000704917904214
0.000706752409832
0.000706762821442
0.000704933165734
0.000701261774218
0.000695761019388
0.000688456947385
0.000679388811149
0.000668608508804
0.000656179932767
0.000642178235714
0.000626689020166
0.000609807459031
0.000591637354925
0.000572290146541
0.000551883870705
0.000530542089038
0.000508392788393
0.00048556726436
0.000462198997205
0.000438422529619
0.000414372355551
0.000390181829239
0.000365982103334
0.000341901104678
0.000318062555944
0.000294585050889
0.00027158119044
0.000249156786315
0.000227410138197
0.000206431389861
0.000186301968894
0.00016709411393
0.000148870492501
0.00013168391184
0.000115577124099
0.00010058272663
8.67231571487e-05
7.40107827251e-05
6.24480807501e-05
5.20279092016e-05
4.27338627507e-05
3.45407104933e-05
2.74149103788e-05
2.13151947302e-05
1.61932206304e-05
1.19942783825e-05
8.6580507408e-06
6.11941517268e-06
4.3092810337e-06
3.15545323994e-06
2.58351379519e-06
2.51771238262e-06
2.88185716126e-06
3.60019691835e-06
4.59828581961e-06
5.80382216984e-06
7.14745284557e-06
8.5635353874e-06
9.99085013971e-06
1.1373255297e-05
1.2660278255e-05
1.3807637267e-05
1.47776880653e-05
1.55397908215e-05
1.60705935794e-05
1.63542290944e-05
1.63824228459e-05
1.61545108546e-05
1.56773668104e-05
1.49652389145e-05
1.40394977293e-05
1.29282972272e-05
1.16661521026e-05
1.02934352776e-05
8.85580036015e-06
7.40353461067e-06
5.99084873151e-06
4.67511049315e-06
3.51602986354e-06
2.5748038904e-06
1.91323010405e-06
1.59279765053e-06
1.67376572916e-06
2.21423918913e-06
3.26925133412e-06
4.88986408891e-06
7.12229569481e-06
1.00070860215e-05
1.35783094098e-05
1.78628446921e-05
2.28797116812e-05
2.86394829648e-05
3.51437793093e-05
4.238485635e-05
5.03452895459e-05
5.89977635947e-05
6.83049716549e-05
7.82196288084e-05
8.86846032252e-05
9.96331674685e-05
0.000110989371316
0.00012266853637
0.000134577871621
0.00014661720795
0.000158679848469
0.00017065353039
0.00018242149302
0.000193863645364
0.000204857825716
0.000215281144607
0.00022501140148
0.000233928564516
0.000241916302212
0.000248863554482
0.000254666130404
0.000259228319065
0.000262464499521
0.000264300735409
0.000264676339513
0.000263545393367
0.000260878206943
0.000256662703489
0.000250905714826
0.000243634172647
0.000234896181845
0.00022476196241
0.000213324647131
0.000200700923118
0.000187031506059
0.000172481437146
0.000157240193716
0.00014152160588
0.000125563572683
0.000109627572761
9.39979658898e-05
7.89810833489e-05
6.49041065912e-05
5.21137353236e-05
4.09746477394e-05
3.18677573084e-05
2.51882721886e-05
2.13435649856e-05
2.07508622223e-05
2.38347644867e-05
3.10246097897e-05
4.27516941666e-05
5.94463649946e-05
8.15350038496e-05
0.00010943691699
0.00014356115271
0.000184303265852
0.000232042050685
0.000287136264141
0.000349921362054
0.000420706271536
0.00049977022297
0.000587359665282
0.000683685288174
0.000788919174856
0.000903192108477
0.00102659105499
0.00115915684454
0.00130088207254
0.00145170924082
0.00161152915783
0.00178017961569
0.00195744436058
0.00214305237102
0.00233667745711
0.00253793819199
0.00274639818458
0.00296156670076
0.00318289963803
0.00340980085633
0.00364162386554
0.00387767386766
0.00411721014967
0.00435944882023
0.00460356588134
0.00484870062364
0.00509395933167
0.00533841928307
0.00558113302369
0.00582113289835
0.00605743581476
0.0062890482167
0.00651497124014
0.00673420602496
0.00694575915286
0.00714864818123
0.00734190724121
0.00752459266747
0.00769578862629
0.00785461270809
0.0080002214502
0.00813181575534
0.00824864617162
0.00835001800003
0.00843529619585
0.00850391003136
0.00855535748794
0.00858920934708
0.00860511295091
0.00860279560481
0.00858206759609
0.00854282480499
0.0084850508861
0.00840881900097
0.00831429308478
0.00820172863277
0.00807147299472
0.00792396516871
0.00775973508803
0.00757940239856
0.00738367472631
0.00717334543858
0.00694929090459
0.00671246726505
0.00646390672278
0.00620471336975
0.00593605856859
0.00565917590966
0.00537535576745
0.00508593948256
0.0047923131982
0.00449590138231
0.00419816006861
0.0039005698518
0.00360462867405
0.00331184444111
0.00302372750826
0.00274178307673
0.00246750354269
0.00220236084115
0.00194779882742
0.00170522573926
0.00147600678215
0.0012614568801
0.00106283363351
0.000881330524768
0.000718070410877
0.000574099341281
0.000450380737062
0.000347789965965
0.000267109345528
0.000209023604268
0.000174115828355
0.000162863918523
0.000175637579116
0.000212695858149
0.000274185254193
0.000360138402611
0.000470473350429
0.000604993425686
0.000763387703759
0.000945232069662
0.00114999087192
0.00137701916017
0.00162556549528
0.00189477531746
0.0021836948546
0.00249127554992
0.00281637898504
0.0031577822718
0.00351418388314
0.00388420989122
0.00426642057849
0.00465931738494
0.00506135015355
0.00547092463353
0.0058864102001
0.00630614774798
0.00672845771504
0.00715164819183
0.00757402307231
0.00799389020097
0.0084095694717
0.00881940083414
0.00922175216392
0.00961502695427
0.0099976717873
0.0103681835453
0.0107251163232
0.0110670880065
0.0113927864796
0.0117009754326
0.011990499738
0.0122602903688
0.0125093688352
0.0127368511187
0.0129419510848
0.0131239833597
0.0132823656602
0.0134166205668
0.0135263767358
0.0136113695494
0.0136714412032
0.0137065402376
0.013716720521
0.013702139695
0.0136630570966
0.0135998311746
0.0135129164193
0.0134028598293
0.0132702969403
0.0131159474426
0.012940610418
0.0127451592272
0.0125305360809
0.0122977463304
0.0120478525121
0.0117819681852
0.0115012515989
0.0112068992281
0.0109001392175
0.010582224771
0.0102544275274
0.00991803095855
0.0095743238295
0.00922459375604
0.0088701208961
0.00851217180895
0.00815199351518
0.0077908077885
0.00742980570854
0.00707014250191
0.00671293269635
0.00635924561061
0.00601010120034
0.00566646627745
0.00532925111803
0.00499930647119
0.0046774209783
0.00436431900953
0.00406065892179
0.00376703173938
0.00348396025594
0.00321189855374
0.0029512319337
0.00270227724685
0.00246528361585
0.00224043353269
0.00202784431644
0.00182756991317
0.00163960301802
0.00146387749786
0.00130027109138
0.00114860836205
0.00100866387844
0.000880165595081
0.000762798406624
0.000656207847318
0.00056000390742
0.000473764938138
0.000397041616636
0.000329360942915
0.000270230240805
0.000219141135923
0.000175573484256
0.00013899922599
0.000108886140347
8.47014784693e-05
6.59154528345e-05
5.20045632013e-05
4.2454740794e-05
3.67642941755e-05
3.44466421228e-05
3.50328207441e-05
3.80737540582e-05
4.31422792804e-05
4.98349201075e-05
5.77734033514e-05
6.66059163228e-05
7.60081043979e-05
8.56838101935e-05
9.53655577217e-05
0.000104814786772
0.000113821844571
0.000122205743487
0.000129813695137
0.000136520432778
0.000142227335204
0.000146861366649
0.000150373848263
0.000152739077713
0.000153952814241
0.000154030647199
0.000153006266522
0.000150929653995
0.000147865214277
0.000143889864725
0.000139091102866
0.000133565070101
0.000127414629767
0.000120747477106
0.000113674297941
0.000106306992047
9.87569761831e-05
9.11335807112e-05
8.35425525109e-05
7.60846756419e-05
6.88545198511e-05
6.19393256005e-05
5.54180328263e-05
4.93604591265e-05
4.38266315387e-05
3.88662745164e-05
3.45184551648e-05
3.08113852526e-05
2.77623780058e-05
2.53779562145e-05
2.3654106755e-05
2.25766752684e-05
2.21218934454e-05
2.22570301594e-05
2.29411565771e-05
2.41260143617e-05
2.57569751827e-05
2.77740789613e-05
3.0113137617e-05
3.27068905465e-05
3.54861976635e-05
3.83812555604e-05
4.1322822218e-05
4.42434356975e-05
4.70786123864e-05
4.97680106454e-05
5.2256546111e-05
5.44954454391e-05
5.64432259325e-05
5.80665892674e-05
5.93412184138e-05
6.02524678289e-05
6.07959380789e-05
6.09779272011e-05
6.08157523538e-05
6.03379365932e-05
5.95842569629e-05
5.86056514688e-05
5.74639839208e-05
5.62316670552e-05
5.49911457768e-05
5.38342437858e-05
5.28613782494e-05
5.21806485444e-05
5.1906806416e-05
5.21601161558e-05
5.30651145991e-05
5.47492818477e-05
5.73416346535e-05
6.09712553179e-05
6.57657697832e-05
7.18497892921e-05
7.93433305751e-05
8.83602299771e-05
9.90065672614e-05
0.000111379115011
0.000125563829599
0.000141634399612
0.000159650867374
0.000179658338851
0.000201685796715
0.000225745030699
0.000251829698608
0.000279914530449
0.000309954687146
0.000341885284159
0.000375621089114
0.00041105640122
0.000448065118855
0.000486501000202
0.0005261981203
0.000566971526251
0.000608618090726
0.000650917562232
0.000693633808937
0.000736516251182
0.000779301476167
0.000821715026631
0.000863473353807
0.000904285923346
0.000943857461479
0.000981890327255
0.0010180869954
0.00105215263318
0.00108379775344
0.00111274092517
0.00113871152204
0.00116145248856
0.00118072310302
0.00119630171613
0.00120798844359
0.00121560779121
0.00121901119086
0.00121807942605
0.00121272492611
0.0012028939086
0.00118856835019
0.00116976776735
0.00114655078878
0.00111901650304
0.00108730556604
0.00105160105426
0.00101212905144
0.000969158957896
0.000923003513464
0.000874018526863
0.000822602306288
0.00076919478792
0.000714276361109
0.00065836639107
0.000602021442
0.000545833205623
0.00049042614226
0.000436454843589
0.000384601128276
0.000335570883642
0.000290090668444
0.000248904093658
0.000212767999919
0.000182448451867
0.000158716571181
0.00014234423147
0.000134099639396
0.000134742827545
0.000145021085446
0.000165664355934
0.000197380624639
0.000240851330787
0.000296726827752
0.000365621921829
0.000448111517565
0.000544726397661
0.00065594916496
0.000782210373296
0.00092388487318
0.00108128839716
0.00125467440858
0.00144423123589
0.00165007951348
0.00187226994785
0.00211078142653
0.00236551948505
0.00263631514513
0.00292292413537
0.00322502650316
0.00354222662457
0.00387405361637
0.00421996215198
0.00457933368095
0.0049514780488
0.00533563551189
0.00573097913957
0.00613661759328
0.0065515982703
0.00697491079735
0.00740549085721
0.0078422243295
0.00828395172465
0.00872947288857
0.00917755195352
0.00962692250938
0.010076292968
0.0105243520923
0.0109697746602
0.0114112272338
0.0118473740018
0.0122768826643
0.0126984303277
0.0131107093786
0.0135124333036
0.0139023424246
0.0142792095179
0.0146418452871
0.0149891036602
0.0153198868822
0.0156331503758
0.0159279073455
0.016203233099
0.016458269064
0.0166922264806
0.0169043897479
0.0170941194097
0.0172608547649
0.0174041160878
0.0175235064498
0.0176187131348
0.0176895086402
0.017735751264
0.017757385273
0.0177544406579
0.0177270324752
0.0176753597854
0.017599704194
0.0175004280066
0.0173779720119
0.0172328529054
0.0170656603729
0.0168770538507
0.0166677589841
0.0164385638052
0.0161903146532
0.0159239118626
0.0156403052441
0.0153404893851
0.0150254987966
0.0146964029352
0.0143543011275
0.0140003174259
0.0136355954244
0.0132612930623
0.0128785774444
0.0124886197053
0.0120925899437
0.0116916522552
0.011286959886
0.0108796505341
0.0104708418195
0.0100616269459
0.00965307057239
0.00924620491685
0.00884202610422
0.00844149077765
0.00804551298463
0.00765496134981
0.00727065654429
0.00689336905883
0.00652381728689
0.00616266592109
0.00581052466507
0.00546794726048
0.00513543082716
0.00481341551271
0.00450228444576
0.00420236398549
0.00391392425862
0.00363717997311
0.00337229149668
0.00311936618671
0.00287845995703
0.0026495790658
0.00243268210782
0.00222768219365
0.00203444929736
0.00185281275385
0.00168256388652
0.00152345874557
0.00137522093703
0.00123754452267
0.001110096971
0.000992522139567
0.000884443269572
0.000785465973744
0.000695181199408
0.000613168149159
0.000538997142409
0.000472232401954
0.0004124347507
0.000359164204691
0.000311982449764
0.000270455190285
0.000234154359678
0.000202660183719
0.000175563088872
0.000152465449255
0.000132983167167
0.00011674708342
0.000103404215053
9.26188193038e-05
8.40732839765e-05
7.74688455942e-05
7.25261379015e-05
6.89855744282e-05
6.66075698979e-05
6.51726062756e-05
6.44811501855e-05
6.43534292874e-05
6.46290759768e-05
6.51666474613e-05
6.5843031863e-05
6.65527505052e-05
6.72071669509e-05
6.7733613679e-05
6.80744475043e-05
6.81860449763e-05
6.80377490244e-05
6.76107780615e-05
6.68971086125e-05
6.58983423029e-05
6.46245677346e-05
6.30932273865e-05
6.13279992196e-05
5.93577021434e-05
5.72152339162e-05
5.49365494142e-05
5.25596865221e-05
5.0123846173e-05
4.76685323119e-05
4.52327567725e-05
4.28543132595e-05
4.05691238174e-05
3.84106603537e-05
3.64094429704e-05
3.45926160621e-05
3.29836023516e-05
3.16018342756e-05
3.04625614052e-05
2.95767318862e-05
2.89509452348e-05
2.85874732148e-05
2.84843449602e-05
2.86354920089e-05
2.9030948458e-05
2.965710107e-05
3.04969838285e-05
3.15306111818e-05
3.2735344015e-05
3.40862822569e-05
3.55566779619e-05
3.71183627008e-05
3.87421831537e-05
4.03984389184e-05
4.20573167215e-05
4.36893154571e-05
4.52656567575e-05
4.67586761383e-05
4.8142190132e-05
4.93918352458e-05
5.04853750268e-05
5.14029719993e-05
5.21274217462e-05
5.26443469267e-05
5.29423495628e-05
5.30131204714e-05
5.28515052642e-05
5.24555268841e-05
5.18263651784e-05
5.09682945337e-05
4.98885810937e-05
4.85973415632e-05
4.71073660452e-05
4.54339077775e-05
4.35944430097e-05
4.16084046011e-05
3.94968932145e-05
3.7282370225e-05
3.49883366681e-05
3.26390026929e-05
3.02589520908e-05
2.78728065091e-05
2.55048939567e-05
2.31789261465e-05
2.09176891102e-05
1.87427513603e-05
1.66741936669e-05
1.47303642587e-05
1.29276629652e-05
1.12803574739e-05
9.80043450651e-06
8.4974883073e-06
7.37864840327e-06
6.44854813446e-06
5.70933497384e-06
5.16072316171e-06
4.80008867584e-06
4.62260605022e-06
4.62142604748e-06
4.78789268829e-06
5.11179765012e-06
5.58166957267e-06
6.18509535351e-06
6.90907008893e-06
7.7403719169e-06
8.66595765533e-06
9.6733748031e-06
1.07511851883e-05
1.18893953092e-05
1.30798882239e-05
1.43168517031e-05
1.55971972756e-05
1.69209647584e-05
1.82917068867e-05
1.9716848735e-05
2.12080167488e-05
2.27813323962e-05
2.44576656819e-05
2.62628440642e-05
2.82278126481e-05
3.03887419226e-05
3.27870797379e-05
3.54695446922e-05
3.84880586093e-05
4.18996163287e-05
4.57660916012e-05
5.01539784782e-05
5.51340681948e-05
6.07810621709e-05
6.71731223882e-05
7.43913610364e-05
8.25192719495e-05
9.16421069755e-05
0.000101846201028
0.000113218250153
0.000125844547495
0.000139810182586
0.000155198209849
0.000172088792677
0.000190558329825
0.000210678571211
0.00023251573053
0.000256129602288
0.000281572691061
0.000308889360903
0.000338115012827
0.000369275298327
0.000402385376752
0.000437449224237
0.000474459001628
0.000513394488591
0.00055422259067
0.000596896925707
0.000641357495502
0.000687530448054
0.000735327935151
0.000784648069401
0.000835374984111
0.000887378998677
0.000940516891396
0.000994632280772
0.0010495561156
0.00110510727326
0.00116109326468
0.00121731104392
0.00127354791886
0.00132958255936
0.00138518609774
0.00144012331617
0.00149415391434
0.00154703385039
0.00159851674713
0.00164835535502
0.00169630306284
0.00174211544621
0.00178555184408
0.00182637695235
0.00186436242388
0.00189928846372
0.00193094540828
0.00195913527687
0.00198367328437
0.00200438930359
0.0020211292661
0.00203375649065
0.00204215292861
0.00204622031606
0.00204588122307
0.00204107999085
0.00203178354845
0.0020179821011
0.00199968968342
0.0019769445712
0.00194980954666
0.00191837201291
0.0018827439543
0.00184306174048
0.001799485773
0.00175219997434
0.00170141112044
0.00164734801868
0.00159026053479
0.00153041847271
0.00146811031292
0.00140364181561
0.00133733449612
0.00126952398091
0.00120055825361
0.0011307958009
0.00106060366959
0.000990355446255
0.000920429171811
0.000851205204005
0.000783064041042
0.000716384120174
0.000651539605265
0.000588898177577
0.000528818844122
0.000471649777925
0.000417726204448
0.000367368348214
0.000320879453389
0.00027854389166
0.000240625370286
0.000207365252568
0.000178981002358
0.000155664763422
0.000137582083666
0.000124870793299
0.000117640045019
0.000115969523304
0.00011990882872
0.000129477042094
0.000144662472147
0.000165422589019
0.000191684144835
0.000223343481268
0.000260267022742
0.000302291952719
0.00034922706925
0.000400853814762
0.000456927473902
0.00051717853206
0.000581314186166
0.000649019998272
0.000719961681484
0.000793787006891
0.000870127819331
0.00094860214907
0.00102881640585
0.00111036764116
0.00119284586418
0.00127583639644
0.00135892225001
0.00144168651381
0.00152371473281
0.00160459726463
0.00168393159849
0.00176132462161
0.00183639481856
0.00190877438959
0.0019781112745
0.00204407106927
0.0021063388235
0.00216462070754
0.002218645539
0.00226816615949
0.00231296065346
0.00235283340196
0.00238761596549
0.00241716779125
0.00244137674127
0.00246015943922
0.0024734614349
0.00248125718674
0.00248354986379
0.00248037097004
0.00247177979502
0.00245786269599
0.00243873221774
0.00241452605779
0.00238540588513
0.00235155602199
0.00231318199898
0.00227050899466
0.00222378017133
0.00217325491961
0.0021192070247
0.00206192276785
0.00200169897687
0.00193884103967
0.00187366089494
0.00180647501441
0.00173760239055
0.00166736254388
0.0015960735635
0.00152405019407
0.00145160198227
0.00137903149472
0.00130663261923
0.00123468896008
0.00116347233744
0.00109324140009
0.00102424035972
0.000956697853871
0.000890825943881
0.000826819252813
0.000764854247329
0.000705088666379
0.000647661098351
0.000592690707208
0.000540277106983
0.000490500382859
0.000443421255956
0.000399081387866
0.000357503819924
0.00031869354124
0.000282638178525
0.000249308799944
0.000218660824353
0.000190635026591
0.000165158628837
0.000142146467474
0.000121502224436
0.000103119711633
8.68841967508e-05
7.26737585705e-05
6.03606598134e-05
4.98127255778e-05
4.0894715509e-05
3.34696780654e-05
2.74002755416e-05
2.25500688995e-05
1.87847519452e-05
1.59733249494e-05
1.39891984595e-05
1.27112187641e-05
1.20246072618e-05
1.18218068283e-05
1.20032291771e-05
1.24778981541e-05
1.31639848882e-05
1.39892317333e-05
1.48912629676e-05
1.5817781263e-05
1.67266499826e-05
1.75858624078e-05
1.83734000221e-05
1.90769829841e-05
1.96937168931e-05
2.02296408827e-05
2.0699182963e-05
2.11245293589e-05
2.15349153602e-05
2.19658458942e-05
2.24582546548e-05
2.3057611164e-05
2.38129855962e-05
2.4776081567e-05
2.60002473586e-05
2.75394762392e-05
2.94474066138e-05
3.17763327321e-05
3.45762365697e-05
3.78938512873e-05
4.17717663749e-05
4.62475841885e-05
5.13531371041e-05
5.71137739429e-05
6.35477236698e-05
7.06655436394e-05
7.84696588693e-05
8.69539979586e-05
9.61037303548e-05
0.000105895108711
0.000116295419069
0.000127263040572
0.000138747615354
0.000150690328177
0.000163024294331
0.000175675053214
0.00018856116398
0.000201594898602
0.000214683026709
0.000227727685579
0.000240627327793
0.000253277738195
0.000265573111026
0.000277407177399
0.000288674372656
0.000299271032615
0.000309096607276
0.000318054880196
0.000326055181517
0.000333013582479
0.000338854059227
0.000343509613782
0.000346923340259
0.000349049424675
0.000349854067126
0.000349316315583
0.000347428801208
0.000344198365752
0.000339646572438
0.000333810092607
0.000326740961347
0.000318506696439
0.000309190275978
0.000298889971272
0.000287719032798
0.000275805228259
0.00026329023309
0.000250328875042
0.000237088235814
0.000223746613998
0.000210492354903
0.000197522554118
0.000185041642885
0.000173259864572
0.000162391652671
0.000152653921793
0.000144264284178
0.000137439205079
0.000132392111273
0.00012933146759
0.000128458837009
0.000129966940336
0.000134037731833
0.000140840507426
0.00015053006222
0.000163244914
0.000179105609281
0.000198213128113
0.000220647403456
0.000246465970349
0.000275702759391
0.000308367048225
0.000344442583747
0.000383886886701
0.000426630749112
0.000472577933708
0.000521605083116
0.000573561845103
0.000628271218586
0.000685530123511
0.000745110196016
0.000806758808559
0.000870200312945
0.000935137502412
0.00100125328714
0.00106821257582
0.00113566435406
0.00120324394891
0.00127057546684
0.00133727439115
0.00140295032317
0.00146720985016
0.00152965952141
0.00158990891317
0.0016475737614
0.00170227914087
0.00175366266798
0.00180137770422
0.00184509653657
0.00188451351077
0.0019193480934
0.00194934783839
0.00197429123419
0.00199399040773
0.00200829366219
0.00201708782619
0.00202030039278
0.00201790142789
0.00200990522905
0.00199637171633
0.00197740753954
0.00195316688684
0.001923851982
0.00188971325955
0.00185104920903
0.00180820588151
0.00176157605424
0.00171159805104
0.00165875421891
0.00160356906329
0.00154660704719
0.00148847006156
0.00142979457676
0.00137124848744
0.00131352766545
0.00125735223746
0.00120346260652
0.00115261523857
0.00110557823707
0.0010631267306
0.00102603810026
0.000995087074891
0.000971040723857
0.0009546533781
0.000946661511297
0.000947778613722
0.000958690092024
0.000980048228511
0.00101246723368
0.0010565184257
0.00111272557025
0.0011815604135
0.00126343844055
0.00135871489027
0.00146768105664
0.00159056090509
0.0017275080308
0.00187860298401
0.00204385098552
0.00222318005326
0.00241643955842
0.00262339922736
0.00284374860246
0.0030770969728
0.00332297378228
0.00358082951999
0.00385003709476
0.00412989369246
0.00441962311179
0.00471837857099
0.00502524597502
0.00533924762951
0.00565934638491
0.00598445019126
0.0063134170413
0.00664506027676
0.0069781542302
0.00731144017237
0.00764363253272
0.00797342535866
0.00829949897731
0.00862052682183
0.00893518238307
0.00924214624582
0.00954011316847
0.0098277991638
0.0101039485384
0.0103673408479
0.0106167977262
0.0108511895452
0.0110694418649
0.0112705416329
0.0114535430938
0.0116175733706
0.0117618376832
0.0118856241677
0.0119883082671
0.0120693566622
0.012128330716
0.0121648894088
0.0121787917417
0.0121698985906
0.0121381739974
0.0120836858857
0.0120066061941
0.0119072104228
0.0117858765924
0.011643083619
0.0114794091113
0.0112955266003
0.011092202216
0.0108702908272
0.0106307316668
0.010374543465
0.0101028191191
0.00981671992817
0.00951746942808
0.00920634686016
0.00888468031287
0.00855383957622
0.00821522875113
0.00787027865749
0.00752043908607
0.0071671709407
0.00681193831774
0.00645620057044
0.00610140440626
0.00574897606483
0.00540031362396
0.0050567794806
0.0047196930524
0.00439032374442
0.00406988422397
0.00375952404473
0.00346032365901
0.00317328885506
0.0028993456533
0.00263933569281
0.00239401213638
0.00216403611903
0.00194997376175
0.00175229376861
0.00157136562173
0.00140745838481
0.00126074012235
0.00113127793744
0.00101903862759
0.000923889953594
0.000845602513201
0.000783852206999
0.00073822328052
0.00070821192278
0.000693230397988
0.00069261168377
0.000705614586056
0.000731429297743
0.000769183365435
0.000817948025975
0.000876744872132
0.000944552804735
0.00102031522668
0.00110294743279
0.00119134414816
0.0012843871668
0.0013809530416
0.0014799207766
0.00158017947216
0.00168063587434
0.00178022178006
0.00187790125091
0.00197267758942
0.0020636000332
0.00214977012441
0.00223034771376
0.00230455656084
0.00237168949508
0.00243111310456
0.00248227192276
0.00252469208675
0.00255798444358
0.00258184708526
0.00259606729639
0.00260052290214
0.00259518300832
0.00258010812908
0.00255544970161
0.00252144899139
0.00247843539513
0.00242682415268
0.00236711348278
0.00229988116123
0.00222578056372
0.00214553619886
0.00205993876028
0.00196983972962
0.00187614556525
0.00177981151402
0.00168183508587
0.00158324923316
0.00148511527844
0.00138851563613
0.0012945463746
0.00120430966631
0.00111890617438
0.00103942742421
0.000966948208898
0.000902519076996
0.000847158950543
0.000801847920465
0.000767520265293
0.000745057737701
0.00073528316163
0.000738954380784
0.000756758597025
0.000789307134714
0.000837130664327
0.000900674915756
0.000980296908597
0.00107626172347
0.00118873983496
0.00131780502333
0.00146343287828
0.00162549990471
0.0018037832362
0.00199796095852
0.00220761304145
0.00243222287346
0.00267117939017
0.00292377978366
0.00318923277623
0.00346666243875
0.00375511253035
0.00405355133308
0.00436087695213
0.0046759230494
0.00499746497561
0.00532422626382
0.00565488544497
0.00598808314431
0.00632242941597
0.00665651127137
0.0069889003564
0.00731816073132
0.00764285670692
0.0079615606902
0.00827286099313
0.00857536955806
0.00886772955448
0.00914862280227
0.00941677697832
0.00967097256433
0.00991004949583
0.0101329134741
0.0103385419048
0.0105259894302
0.0106943930233
0.0108429766157
0.0109710552352
0.0110780386281
0.0111634343501
0.0112268503085
0.0112679967427
0.0112866876359
0.0112828415507
0.011256481887
0.0112077365642
0.0111368371315
0.0110441173154
0.0109300110149
0.0107950497596
0.0106398596486
0.0104651577899
0.0102717482653
0.010060517645
0.00983243008293
0.00958852202037
0.0093298965343
0.00905771736251
0.0087732026431
0.00847761840574
0.00817227185364
0.00785850447576
0.00753768502995
0.00721120243743
0.00688045862981
0.00654686138922
0.00621181722208
0.00587672430624
0.00554296555057
0.0052119018048
0.00488486525631
0.00456315304899
0.00424802115751
0.00394067854875
0.00364228165976
0.00335392921963
0.00307665744022
0.00281143559832
0.00255916202918
0.00232066054866
0.00209667731857
0.00188787816701
0.00169484637268
0.00151808091919
0.00135799522275
0.00121491633365
0.00108908460925
0.000980653853405
0.000889691914612
0.00081618173265
0.000760022820895
0.000721033169233
0.000698951550196
0.000693440208894
0.000704087915341
0.000730413356004
0.000771868839792
0.000827844292254
0.000897671510525
0.000980628650456
0.00107594491653
0.00118280542448
0.00130035620597
0.00142770932463
0.00156394807225
0.00170813221454
0.00185930325571
0.00201648969179
0.00217871222337
0.0023449888989
0.00251434016113
0.00268579376996
0.00285838957656
0.00303118412482
0.00320325505787
0.0033737053089
0.00354166705732
0.00370630543309
0.00386682195393
0.00402245768201
0.00417249608877
0.00431626561853
0.00445314194342
0.00458254990437
0.00470396513483
0.00481691536592
0.00492098141349
0.00501579784976
0.00510105336387
0.00517649081733
0.00524190700248
0.0052971521131
0.00534212893833
0.00537679179209
0.00540114519178
0.00541524230086
0.00541918315137
0.00541311266298
0.00539721847623
0.00537172861808
0.00533690901858
0.00529306089774
0.00524051804192
0.00517964398931
0.00511082914393
0.00503448783759
0.00495105535874
0.00486098496708
0.00476474491219
0.00466281547367
0.00455568603994
0.00444385224176
0.00432781315589
0.00420806859314
0.00408511648446
0.00395945037697
0.00383155705161
0.00370191427211
0.00357098867426
0.00343923380323
0.00330708830525
0.00317497427895
0.0030432957903
0.00291243755402
0.00278276378295
0.00265461720595
0.00252831825352
0.00240416440955
0.00228242972619
0.00216336449828
0.00204719509254
0.00193412392601
0.00182432958747
0.0017179670947
0.00161516828002
0.0015160422959
0.00142067623178
0.00132913583316
0.00124146631352
0.00115769324922
0.00107782354785
0.00100184647982
0.000929734763403
0.000861445693467
0.000796922303891
0.000736094554387
0.000678880532314
0.000625187660564
0.000574913902928
0.000527948958774
0.000484175439335
0.000443470018407
0.000405704550787
0.000370747152357
0.000338463236291
0.000308716500482
0.000281369861876
0.000256286334055
0.000233329844994
0.000212365992569
0.000193262735976
0.000175891021829
0.000160125344289
0.000145844239105
0.000132930712019
0.000121272602444
0.000110762883837
0.000101299902586
9.27875576553e-05
8.51354235912e-05
7.82588197886e-05
7.20788292296e-05
6.65222701218e-05
6.15216240671e-05
5.70149245488e-05
5.2945609631e-05
4.92623428452e-05
4.59188062645e-05
4.28734697671e-05
4.00893404462e-05
3.75336960515e-05
3.51778062368e-05
3.29966452569e-05
3.09685995884e-05
2.90751737673e-05
