1.0
0.999660803537
0.99864385634
0.996951083101
0.994585685377
0.991552132208
0.987856147046
0.983504691025
0.978505942653
0.972869273981
0.966605223366
0.959725464907
0.952242774688
0.944170993937
0.935524989258
0.926320610071
0.916574643423
0.906304766346
0.895529495916
0.884268137235
0.872540729479
0.860367990257
0.847771258448
0.834772435738
0.821393927069
0.8076585802
0.793589624613
0.779210609953
0.764545344249
0.749617832094
0.734452213026
0.719072700296
0.703503520241
0.687768852458
0.67189277097
0.655899186576
0.63981179057
0.623653999994
0.607448904597
0.59121921566
0.574987216821
0.558774717058
0.542603005936
0.526492811251
0.510464259169
0.49453683695
0.478729358355
0.463059931783
0.447545931223
0.432203970042
0.417049877668
0.40209867917
0.387364577759
0.372860940207
0.358600285162
0.344594274356
0.330853706645
0.317388514862
0.304207765409
0.291319660534
0.278731543209
0.266449904544
0.254480393618
0.242827829662
0.23149621646
0.220488758866
0.209807881331
0.199455248293
0.189431786329
0.179737707911
0.170372536657
0.161335133928
0.15262372662
0.144235936047
0.13616880773
0.128418841994
0.120982025203
0.113853861514
0.107029405002
0.100503292039
0.0942697737763
0.0883227486252
0.0826557945956
0.0772622013887
0.0721350021239
0.0672670045951
0.0626508219539
0.058278902725
0.0541435600639
0.0502370001736
0.0465513498051
0.0430786827702
0.0398110454067
0.0367404809373
0.0338590526756
0.0311588660364
0.0286320893153
0.0262709732104
0.0240678690643
0.0220152458111
0.020105705621
0.018331998241
0.0166870340331
0.0151638957232
0.0137558488727
0.0124563510957
0.0112590600447
0.0101578401972
0.00914676847435
0.00822013873252
0.00737246516654
0.00659848467106
0.00589315820646
0.00525167121945
0.00466943317011
0.00414207621888
0.00366545312856
0.00323563443704
0.00284890495735
0.00250175966185
0.00219089900751
0.0019132237586
0.0016658293629
0.00144599993634
0.00125120191008
0.00107907739241
0.000927437296574
0.000794254283389
0.000677655566026
0.000575915621738
0.000487448853297
0.000410802240396
0.000344648018733
0.00028777642195
0.000239088518907
0.000197589176085
0.00016238017218
0.000132653489239
0.000107684801971
8.68271841631e-05
6.95050485393e-05
5.52083337713e-05
4.34869498917e-05
3.39454909184e-05
2.62382211926e-05
2.00643397221e-05
1.51635247284e-05
1.13117586312e-05
8.31743186749e-06
6.01772224551e-06
4.2752449738e-06
2.97496709413e-06
2.02137877625e-06
1.33591281012e-06
8.5460265286e-07
5.25968553288e-07
3.09120582757e-07
1.72066844772e-07
9.02147120084e-08
4.50526432921e-08
2.29999587429e-08
1.44118920161e-08
1.27272873124e-08
1.37464579712e-08
1.50269649779e-08
1.5385399308e-08
1.44936531307e-08
1.25586328023e-08
1.00748925045e-08
7.64024254047e-09
5.82500198867e-09
5.08621304723e-09
5.71880564014e-09
7.83638759743e-09
1.13750302165e-08
1.61141138783e-08
2.17089866828e-08
2.77308643058e-08
3.37100554866e-08
3.91792293052e-08
4.37140428197e-08
4.69690164181e-08
4.87070756952e-08
4.88216696964e-08
4.73508234805e-08
4.44828862411e-08
4.05540933943e-08
3.60383713403e-08
3.15300768795e-08
2.77205798515e-08
2.53697683372e-08
2.52736820525e-08
2.82295631453e-08
3.49996566491e-08
4.62750978993e-08
6.26411941236e-08
8.45453453085e-08
1.12268758684e-07
1.45902995291e-07
1.85332249794e-07
2.30222109702e-07
2.80015371379e-07
3.33935311325e-07
3.90996626106e-07
4.50024066633e-07
5.09678605753e-07
5.68490795851e-07
6.24900798436e-07
6.77304403588e-07
7.24104206345e-07
7.63764972104e-07
7.94872105981e-07
8.16192043753e-07
8.26733305892e-07
8.25806902519e-07
8.13084746665e-07
7.88654726474e-07
7.53071104034e-07
7.07398949197e-07
6.53251380456e-07
5.92818470816e-07
5.28886783488e-07
4.64848628634e-07
4.04700276647e-07
3.53028523501e-07
3.14985177519e-07
2.96249221957e-07
3.0297660174e-07
3.41737782754e-07
4.19443435661e-07
5.43258800419e-07
7.2050748979e-07
9.58565687323e-07
1.2647478848e-06
1.64618548331e-06
2.10969974845e-06
2.66167076093e-06
3.30790413737e-06
4.05349740965e-06
4.90270804308e-06
5.85882514296e-06
6.9240469431e-06
8.09936618893e-06
9.38446551993e-06
1.07776249217e-05
1.22756432561e-05
1.38737757888e-05
1.55656895191e-05
1.73434379743e-05
1.91974569655e-05
2.11165826111e-05
2.3088092725e-05
2.50977724295e-05
2.71300046104e-05
2.91678855588e-05
3.11933658719e-05
3.3187416392e-05
3.51302186698e-05
3.70013791352e-05
3.87801658591e-05
4.04457664873e-05
4.19775656374e-05
4.33554397568e-05
4.45600671725e-05
4.55732507982e-05
4.63782507252e-05
4.69601237011e-05
4.73060663033e-05
4.74057584422e-05
4.72517036874e-05
4.68395627954e-05
4.61684767399e-05
4.52413754986e-05
4.40652688407e-05
4.26515153845e-05
4.10160662592e-05
3.91796798026e-05
3.71681038669e-05
3.50122224769e-05
3.27481637954e-05
3.04173665979e-05
2.80666027343e-05
2.57479533682e-05
2.35187371228e-05
2.14413886287e-05
1.95832863629e-05
1.80165290759e-05
1.68176605386e-05
1.6067342784e-05
1.58499784727e-05
1.62532834771e-05
1.73678112423e-05
1.92864309488e-05
2.2103761959e-05
2.59155674819e-05
3.08181108272e-05
3.69074780375e-05
4.42788710865e-05
5.30258762035e-05
6.32397122265e-05
7.50084641968e-05
8.84163076839e-05
0.000103542729562
0.000120461751156
0.000139241159817
0.000159941755108
0.0001826166158
0.000207310393931
0.000234058642089
0.00026288718001
0.000293811506437
0.000326836261955
0.000361954748312
0.000399148509404
0.000438386978767
0.000479627198032
0.000522813610352
0.000567877932358
0.000614739107649
0.000663303344323
0.000713464238441
0.000765102984733
0.000818088675226
0.00087227868584
0.000927519150334
0.00098364552034
0.00104048320955
0.00109784831945
0.00115554844345
0.00121338354536
0.00127114690792
0.00132862614621
0.00138560428026
0.00144186086076
0.00149717314115
0.00155131728905
0.00160406962941
0.00165520791158
0.00170451259212
0.001751768125
0.00179676425044
0.0018392972739
0.00187917132627
0.00191619959659
0.00195020552866
0.00198102397277
0.00200850228458
0.00203250136262
0.00205289661702
0.00206957886194
0.00208245512472
0.00209144936552
0.00209650310141
0.00209757592972
0.0020946459461
0.00208771005326
0.00207678415726
0.00206190324892
0.00204312136858
0.00202051145353
0.00199416506789
0.00196419201576
0.00193071983924
0.00189389320375
0.00185387317373
0.00181083638288
0.00176497410357
0.00171649122095
0.00166560511794
0.00161254447802
0.00155754801313
0.0015008631249
0.00144274450758
0.00138345270178
0.00132325260832
0.00126241197193
0.00120119984476
0.00113988503981
0.0010787345845
0.00101801218476
0.000957976709819
0.000898880707769
0.000840968962009
0.000784477098099
0.000729630250478
0.000676641797965
0.00062571217655
0.000577027777437
0.000530759937717
0.000487064030399
0.000446078659847
0.000407924967922
0.000372706055347
0.000340506522011
0.000311392129075
0.000285409584886
0.000262586455818
0.000242931202285
0.00022643333927
0.000213063719817
0.000202774939088
0.000195501855697
0.000191162226225
0.000189657447996
0.000190873404437
0.000194681406629
0.000200939223971
0.000209492196235
0.000220174418784
0.000232809992145
0.000247214326755
0.000263195493297
0.000280555608759
0.000299092248117
0.00031859987142
0.000338871255961
0.000359698923243
0.000380876550543
0.000402200357016
0.000423470454557
0.000444492153919
0.000465077216992
0.000485045046597
0.000504223805662
0.000522451458227
0.000539576725372
0.000555459949826
0.000569973863768
0.000583004255093
0.00059445052821
0.000604226156307
0.00061225902282
0.000618491650764
0.000622881319419
0.000625400068759
0.000626034592878
0.00062478602452
0.000621669613653
0.000616714303847
0.000609962210967
0.000601468009466
0.000591298232212
0.000579530490446
0.000566252621066
0.000551561768909
0.000535563412224
0.000518370339864
0.000500101589087
0.000480881353085
0.000460837867519
0.000440102285473
0.000418807550207
0.000397087275072
0.00037507463978
0.000352901312034
0.000330696403233
0.00030858546658
0.00028668954555
0.000265124280126
0.000243999077707
0.000223416354955
0.000203470856204
0.000184249053354
0.000165828631411
0.000148278063095
0.000131656275093
0.000116012407751
0.00010138566914
8.78052836036e-05
7.52905340486e-05
6.38508964222e-05
5.34862639896e-05
4.41872582463e-05
3.59356225328e-05
2.8704693694e-05
2.24599464395e-05
1.71596044303e-05
1.27553115297e-05
9.19285613758e-06
6.41294106548e-06
4.35199101818e-06
2.94298942779e-06
2.1163361391e-06
1.80071727511e-06
1.92397852033e-06
2.41399304701e-06
3.19951537696e-06
4.21101261848e-06
5.38146474363e-06
6.64712587311e-06
7.94823891295e-06
9.22969633609e-06
1.0441640418e-05
1.15399968161e-05
1.24869360232e-05
1.3251257916e-05
1.38086953653e-05
1.41421336531e-05
1.42417432645e-05
1.41050244649e-05
1.37367629444e-05
1.31488966889e-05
1.23602951253e-05
1.13964524735e-05
1.02890981093e-05
9.07572760241e-06
7.79905892191e-06
6.50641910018e-06
5.24906740323e-06
4.08146176453e-06
3.06047589388e-06
2.24457506671e-06
1.6929591257e-06
1.46468168121e-06
1.6177548738e-06
2.20824935807e-06
3.28939937699e-06
4.9107229186e-06
7.11716697849e-06
9.94828789171e-06
1.34374765449e-05
1.76112380343e-05
2.24885349983e-05
2.80802034257e-05
3.43884492252e-05
4.14064332434e-05
4.91179517346e-05
5.74972185333e-05
6.65087543468e-05
7.61073876968e-05
8.62383710857e-05
9.68376149606e-05
0.000107832041002
0.000119140055184
0.000130672139942
0.000142331563664
0.000154015204576
0.00016561448497
0.000177016410594
0.000188104708922
0.000198761058939
0.000208866404064
0.000218302338811
0.000226952558904
0.000234704363661
0.000241450198686
0.00024708922622
0.000251528909856
0.000254686599828
0.000256491104648
0.000256884234587
0.000255822302254
0.000253277565494
0.000249239597841
0.00024371657192
0.0002367364415
0.000228348008284
0.00021862186005
0.000207651167435
0.000195552327383
0.000182465442184
0.000168554624002
0.000154008115913
0.000139038221614
0.000123881037303
0.000108795980535
9.40651123493e-05
7.99922503988e-05
6.69018724284e-05
5.51378109879e-05
4.50617419228e-05
3.70514708155e-05
3.14990232032e-05
2.88085460456e-05
2.93940295428e-05
3.36768600014e-05
4.20832160037e-05
5.50413216353e-05
7.29785719598e-05
9.63185472829e-05
0.000125477934016
0.000160863371104
0.000202868242046
0.000251869433451
0.000308224081874
0.000372266331349
0.000444304124523
0.000524616050683
0.000613448274139
0.000711011566493
0.00081747846618
0.000932980588367
0.00105760610786
0.00119139743698
0.0013343491197
0.00148640596206
0.00164746141834
0.00181735625035
0.00199587747671
0.00218275762657
0.00237767431113
0.00258025012418
0.00279005288103
0.00300659620312
0.00322934045357
0.00345769402663
0.0036910149917
0.00392861309043
0.00416975208287
0.00441365243643
0.00465949434896
0.004906421095
0.00515354268183
0.00539993979971
0.00564466804861
0.00588676242148
0.00612524202211
0.00635911499373
0.00658738363271
0.00680904966009
0.0070231196221
0.00722861038955
0.00742455472473
0.00761000688369
0.00778404822058
0.00794579276069
0.00809439270783
0.00822904385222
0.0083489908444
0.00845353230151
0.00854202571255
0.00861389210977
0.00866862047476
0.00870577184831
0.00872498311515
0.00872597043556
0.00870853229813
0.00867255216968
0.00861800072032
0.0085449376041
0.00845351277825
0.00834396734602
0.00821663391161
0.00807193643768
0.00791038959946
0.00773259763194
0.00753925266993
0.0073311325837
0.00710909831594
0.00687409072885
0.00662712697327
0.00636929639452
0.0061017559929
0.00582572545916
0.0055424818084
0.00525335363834
0.00495971504018
0.00466297919291
0.00436459167392
0.00406602352067
0.00376876408011
0.0034743136841
0.00318417619011
0.00289985142818
0.00262282759539
0.00235457364003
0.00209653167813
0.00185010948477
0.00161667310284
0.00139753961124
0.00119397009392
0.00100716285048
0.000838246887472
0.000688275728428
0.000558221579048
0.000448969881816
0.000361314292516
0.000295952108672
0.000253480177508
0.000234391308344
0.00023907121154
0.000267795983121
0.000320730151153
0.000397925296707
0.000499319259012
0.000624735931014
0.000773885648173
0.000946366169938
0.00114166424986
0.00135915778695
0.00159811854756
0.00185771544353
0.00213701834957
0.00243500243911
0.00275055301552
0.00308247081205
0.00342947773182
0.00379022299597
0.00416328966632
0.00454720150642
0.00494043014293
0.00534140248786
0.00574850838033
0.00616010840571
0.0065745418488
0.006990134737
0.00740520792924
0.00781808520602
0.00822710131616
0.00863060993617
0.00902699149898
0.00941466084928
0.00979207468441
0.0101577387407
0.0105102146868
0.0108481266881
0.0111701676076
0.0114751048104
0.0117617855437
0.0120291418645
0.0122761950903
0.0125020597524
0.0127059470337
0.0128871676745
0.013045134336
0.0131793634117
0.0132894762822
0.0133752000103
0.0134363674786
0.0134729169735
0.0134848912234
0.0134724359017
0.0134357976097
0.0133753213538
0.0132914475395
0.0131847085023
0.0130557246014
0.0129051999035
0.0127339174855
0.0125427343872
0.0123325762484
0.0121044316632
0.0118593462889
0.011598416745
0.0113227843416
0.0110336286741
0.0107321611232
0.0104196183003
0.0100972554744
0.00976634002081
0.00942814492798
0.00908394239966
0.00873499758775
0.00838256249011
0.00802787004614
0.00767212846114
0.00731651578874
0.00696217479838
0.006610208153
0.00626167391947
0.00591758143204
0.00557888752641
0.00524649315969
0.00492124042839
0.00460390999443
0.00429521892578
0.00399581895629
0.00370629516589
0.00342716508002
0.00315887818443
0.00290181584881
0.00265629165023
0.00242255208505
0.00220077765547
0.00199108431494
0.00179352525454
0.00160809301035
0.00143472187057
0.00127329055918
0.00112362517173
0.000985502337828
0.000858652583669
0.000742763867316
0.000637485258881
0.000542430737305
0.000457183075342
0.000381297784317
0.000314307090529
0.000255723915526
0.00020504583314
0.000161758976932
0.000125341872681
9.52691716525e-05
7.10152616971e-05
5.20577346098e-05
3.78806897667e-05
2.79778556953e-05
2.18555130128e-05
1.9035204017e-05
1.90562161447e-05
2.14778284909e-05
2.58813126126e-05
3.18716808892e-05
3.9079177777e-05
4.71605113494e-05
5.57998245535e-05
6.47094076148e-05
7.36301549733e-05
8.23317720228e-05
9.06127387348e-05
9.83000389706e-05
0.000105248665904
0.000111340915482
0.000116485481236
0.000120616365014
0.000123691619298
0.000125691937775
0.000126619111604
0.000126494369506
0.000125356620315
0.000123260616941
0.000120275060902
0.000116480666594
0.000111968204332
0.000106836540903
0.000101190695939
9.51399318185e-05
8.87958940887e-05
8.22708185565e-05
7.56758201983e-05
6.91192779694e-05
6.27053283968e-05
5.6532479558e-05
5.06923556892e-05
4.526858124e-05
4.03358117079e-05
3.59589170642e-05
3.21923220308e-05
2.90795058998e-05
2.66526630187e-05
2.49325235087e-05
2.39283322466e-05
2.36379826481e-05
2.40483003419e-05
2.51354704368e-05
2.68656007747e-05
2.91954123273e-05
3.20730467609e-05
3.54389801552e-05
3.92270309392e-05
4.33654492956e-05
4.77780746039e-05
5.23855469316e-05
5.71065581632e-05
6.18591280653e-05
6.65618904354e-05
7.11353744701e-05
7.55032666097e-05
7.95936383808e-05
8.3340126146e-05
8.66830491975e-05
8.95704532744e-05
9.19590673513e-05
9.38151624206e-05
9.51153019741e-05
9.58469749628e-05
9.60091031769e-05
9.56124162263e-05
9.46796886003e-05
9.32458346455e-05
9.13578586958e-05
8.90746590159e-05
8.6466685667e-05
8.361545385e-05
8.06129157281e-05
7.75606951499e-05
7.45691910875e-05
7.17565569489e-05
6.92475642146e-05
6.71723600711e-05
6.56651298596e-05
6.48626762151e-05
6.49029277284e-05
6.59233908193e-05
6.80595592448e-05
7.14432962869e-05
7.62012051527e-05
8.24530034784e-05
9.03099180542e-05
9.98731159666e-05
0.000111232188303
0.000124463702362
0.000139629837981
0.000156777123105
0.000175935283123
0.000197116217748
0.000220313118335
0.000245499737561
0.000272629822265
0.000301636719047
0.00033243316091
0.000364911241845
0.00039894258476
0.000434378706655
0.00047105158331
0.000508774414166
0.000547342586369
0.000586534835306
0.00062611459726
0.000665831548146
0.000705423320652
0.000744617390464
0.000783133120752
0.00082068395253
0.000856979727127
0.000891729125655
0.000924642209105
0.000955433041602
0.000983822378306
0.00100954039859
0.00103232946435
0.00105194688274
0.00106816765207
0.00108078716945
0.00108962387846
0.00109452183531
0.00109535317186
0.00109202043461
0.0010844587789
0.0010726379983
0.0010565643703
0.00103628229984
0.00101187574384
0.000983469400821
0.000951229651222
0.000915365235559
0.000876127659089
0.000833811313469
0.000788753307668
0.000741333002308
0.000691971243567
0.000641129294795
0.000589307466066
0.000537043443952
0.00048491032592
0.000433514365818
0.000383492439017
0.000335509237778
0.000290254209443
0.000248438251925
0.000210790182879
0.000178053000644
0.000150979956729
0.000130330461166
0.00011686584343
0.000111344992957
0.00011451990436
0.000127131153464
0.000149903331069
0.000183540461982
0.000228721437338
0.000286095488492
0.000356277730867
0.000439844806069
0.000537330650272
0.000649222416434
0.000775956577272
0.000917915235059
0.00107542266334
0.00124874210449
0.00143807284562
0.00164354759404
0.00186523017154
0.00210311354537
0.00235711821145
0.00262709094377
0.00291280392147
0.0032139542431
0.00353016383522
0.00386097976017
0.00420587492535
0.00456424919428
0.00493543089687
0.00531867873415
0.00571318407043
0.00611807360315
0.00653241239873
0.00695520728023
0.0073854105507
0.00782192403374
0.00826360341111
0.00870926283523
0.00915767979276
0.00960760019381
0.01005774366
0.0105068089836
0.0109534797277
0.0113964299389
0.0118343299401
0.0122658521737
0.0126896770621
0.013104498855
0.013509031431
0.0139020140226
0.0142822168332
0.0146484465157
0.0149995514836
0.0153344270255
0.0156520201958
0.0159513344555
0.0162314340387
0.0164914480212
0.016730574071
0.0169480818601
0.0171433161216
0.017315699336
0.0174647340337
0.0175900047034
0.0176911792976
0.0177680103292
0.0178203355548
0.0178480782441
0.0178512470371
0.0178299353895
0.017784320616
0.0177146625361
0.0176213017345
0.0175046574475
0.0173652250903
0.0172035734409
0.0170203414993
0.0168162350414
0.0165920228891
0.0163485329195
0.0160866478368
0.0158073007334
0.0155114704644
0.015200176864
0.0148744758306
0.014535454309
0.0141842251973
0.0138219222076
0.0134496947076
0.0130687025731
0.0126801110757
0.0122850858365
0.0118847878684
0.0114803687351
0.0110729658488
0.0106636979316
0.0102536606606
0.00984392251819
0.00943552086594
0.00902945825907
0.00862669901708
0.00822816606426
0.00783473805177
0.00744724677134
0.00706647486846
0.00669315386134
0.00632796246963
0.00597152525514
0.00562441157493
0.00528713484509
0.0049601521118
0.00464386392457
0.00433861450452
0.00404469219926
0.00376233021433
0.00349170760931
0.00323295054603
0.0029861337743
0.0027512823402
0.00252837350029
0.00231733882467
0.00211806647102
0.00193040361075
0.00175415898858
0.00158910559577
0.00143498343777
0.00129150237624
0.00115834502612
0.0010351696882
0.000921613298052
0.000817294372712
0.00072181593699
0.000634768411935
0.000555732448792
0.00048428169262
0.000419985460697
0.000362411321884
0.000311127564184
0.000265705538921
0.000225721871161
0.000190760527238
0.000160414731547
0.000134288726056
0.000111999367296
9.31775569325e-05
7.74695032745e-05
6.45378124306e-05
5.40624090242e-05
4.5741287643e-05
3.92910973633e-05
3.44475628241e-05
3.09657463963e-05
2.8620156997e-05
2.72047120333e-05
2.65325598155e-05
2.64357705561e-05
2.6764904757e-05
2.7388468391e-05
2.81922647891e-05
2.90786535638e-05
2.99657272169e-05
3.07864163118e-05
3.14875342194e-05
3.20287724938e-05
3.2381657879e-05
3.25284818176e-05
3.24612131061e-05
3.21804040454e-05
3.16941000541e-05
3.10167622665e-05
3.01682121244e-05
2.91726063974e-05
2.80574504433e-05
2.68526568458e-05
2.55896558561e-05
2.4300563321e-05
2.30174110092e-05
2.17714434597e-05
2.05924846788e-05
1.95083772063e-05
1.85444952755e-05
1.77233330005e-05
1.70641677521e-05
1.65827981357e-05
1.62913552644e-05
1.61981853368e-05
1.63078008848e-05
1.66208974586e-05
1.7134431967e-05
1.78417583977e-05
1.87328161996e-05
1.97943662365e-05
2.10102688989e-05
2.23617987103e-05
2.3827989574e-05
2.53860046807e-05
2.70115250387e-05
2.86791505899e-05
3.03628079411e-05
3.20361588667e-05
3.36730039217e-05
3.52476757424e-05
3.67354169048e-05
3.81127375464e-05
3.935774834e-05
4.045046483e-05
4.13730795944e-05
4.21101991821e-05
4.26490432807e-05
4.29796040986e-05
4.30947644817e-05
4.2990373831e-05
4.26652814369e-05
4.21213273849e-05
4.13632917249e-05
4.0398803111e-05
3.92382086194e-05
3.78944069219e-05
3.63826474396e-05
3.47202985064e-05
3.29265879459e-05
3.10223197932e-05
2.90295711789e-05
2.69713736308e-05
2.48713832337e-05
2.27535442293e-05
2.06417507189e-05
1.85595111633e-05
1.65296203546e-05
1.4573843457e-05
1.27126165868e-05
1.09647682268e-05
9.34726553955e-06
7.87498937372e-06
6.56054143923e-06
5.41408676994e-06
4.44323419756e-06
3.65295713302e-06
3.04555649486e-06
2.62066714384e-06
2.37530868224e-06
2.30398096239e-06
2.39880412454e-06
2.64970245652e-06
3.04463084076e-06
3.56984203448e-06
4.21019252007e-06
4.94948417191e-06
5.77083851661e-06
6.65709992144e-06
7.59126363521e-06
8.55692423141e-06
9.53873966877e-06
1.05229058938e-05
1.14976366663e-05
1.24536430947e-05
1.33846072285e-05
1.4287643966e-05
1.5163745508e-05
1.60182026114e-05
1.68609969839e-05
1.77071593002e-05
1.85770875192e-05
1.94968204369e-05
2.04982617172e-05
2.1619350005e-05
2.29041711352e-05
2.44030089086e-05
2.61723314066e-05
2.82747103537e-05
3.07786716134e-05
3.37584755025e-05
3.72938262431e-05
4.1469510515e-05
4.63749657369e-05
5.21037793753e-05
5.87531212529e-05
6.64231115005e-05
7.52161274547e-05
8.52360534547e-05
9.65874781095e-05
0.000109374844211
0.000123701557029
0.000139669057256
0.000157375865347
0.000176916604442
0.000198381009441
0.000221852930126
0.000247409336482
0.000275119334604
0.000305043201668
0.000337231448545
0.000371723918627
0.000408548931355
0.000447722478793
0.000489247483389
0.000533113124758
0.000579294242971
0.000627750825415
0.000678427583791
0.000731253627256
0.00078614223712
0.000842990747821
0.0009016805382
0.000962077136321
0.00102403044029
0.00108737505665
0.00115193075718
0.00121750305381
0.00128388389075
0.0013508524518
0.00141817607996
0.00148561130561
0.00155290497857
0.0016197954985
0.00168601413731
0.00175128644626
0.00181533373995
0.00187787464846
0.00193862672825
0.00199730812194
0.00205363925643
0.00210734456846
0.00215815424617
0.00220580597505
0.00225004667634
0.00229063422582
0.00232733914083
0.00235994622354
0.00238825614823
0.0024120869811
0.00243127562084
0.00244567914903
0.00245517607958
0.00245966749717
0.00245907807527
0.00245335696479
0.00244247854555
0.00242644303328
0.00240527693604
0.00237903335454
0.00234779212238
0.00231165978271
0.00227076939938
0.00222528020131
0.0021753770605
0.00212126980456
0.00206319236644
0.00200140177476
0.00193617698934
0.00186781758783
0.0017966423101
0.00172298746844
0.0016472052322
0.00156966179684
0.00149073544797
0.00141081453184
0.00133029534444
0.00124957995218
0.00116907395741
0.00108918422276
0.0010103165686
0.000932873458059
0.000857251684513
0.000783840076231
0.000713017233105
0.0006451493101
0.000580587861926
0.000519667763079
0.000462705216973
0.000409995867377
0.000361813024737
0.000318406019271
0.000279998691934
0.000246788033457
0.000218942980749
0.000196603378915
0.000179879116068
0.000168849437003
0.0001635624406
0.000164034764641
0.000170251460457
0.000182166058583
0.000199700825311
0.000222747208778
0.000251166471927
0.000284790508463
0.000323422836676
0.000366839764825
0.000414791720608
0.000467004736172
0.000523182079053
0.00058300601846
0.000646139715435
0.000712229224582
0.000780905594314
0.000851787051947
0.000924481259382
0.000998587624705
0.00107369965464
0.00114940733259
0.00122529950682
0.00130096627337
0.00137600133825
0.0014500043438
0.00152258314427
0.00159335601611
0.00166195378905
0.00172802188435
0.00179122224773
0.00185123516485
0.0019077609483
0.00196052148586
0.00200926164101
0.00205375049734
0.00209378244004
0.00212917806857
0.00215978493578
0.00218547811018
0.00220616055905
0.00222176335161
0.0022322456823
0.00223759471611
0.00223782525831
0.00223297925303
0.00222312511539
0.00220835690382
0.0021887933397
0.00216457668277
0.00213587147151
0.00210286313885
0.00206575651388
0.00202477422156
0.00198015499239
0.00193215189512
0.00188103050551
0.00182706702483
0.00177054636186
0.00171176019218
0.00165100500885
0.00158858017807
0.00152478601368
0.00145992188371
0.00139428436193
0.00132816543699
0.0012618507909
0.00119561815825
0.00112973577654
0.0010644609375
0.00100003864806
0.000936700408921
0.000874663117736
0.000814128102619
0.000755280290921
0.000698287516915
0.000643299971032
0.000590449792122
0.000539850803077
0.000491598389088
0.000445769516647
0.000402422890381
0.000361599243719
0.000323321758433
0.000287596607106
0.000254413611713
0.000223747010648
0.000195556325776
0.0001697873204
0.000146373038422
0.000125234914457
0.000106283944213
8.94219041269e-05
7.45426089634e-05
6.15331959616e-05
5.02754240282e-05
4.06469765243e-05
3.25227563209e-05
2.57761620185e-05
2.02803345448e-05
1.59093637447e-05
1.25394450637e-05
1.00499769924e-05
8.3245905814e-06
7.25210304333e-06
6.72738823426e-06
6.65215763274e-06
6.9356463128e-06
7.49519932521e-06
8.25675485262e-06
9.15522148065e-06
1.01347479202e-05
1.11488845173e-05
1.21606368876e-05
1.31424130052e-05
1.40758660492e-05
1.49516362607e-05
1.57689959778e-05
1.65354028904e-05
1.72659673791e-05
1.79828405739e-05
1.8714530471e-05
1.94951540849e-05
2.03636341755e-05
2.13628495734e-05
2.25387485277e-05
2.39394348148e-05
2.561423657e-05
2.76127679398e-05
2.99839936899e-05
3.27753068551e-05
3.60316293685e-05
3.97945453751e-05
4.41014766043e-05
4.89849087661e-05
5.44716774377e-05
6.05823213314e-05
6.73305101842e-05
7.47225537919e-05
8.27569979267e-05
9.14243120398e-05
0.000100706672764
0.000110577846305
0.00012100317184
0.000131939647077
0.00014333611609
0.000155133558582
0.000167265478678
0.000179658390367
0.000192232395758
0.000204901851313
0.000217576116362
0.000230160377293
0.000242556540029
0.000254664182624
0.000266381559137
0.000277606645339
0.000288238216256
0.00029817694513
0.000307326513012
0.000315594717954
0.000322894572596
0.000329145378892
0.000334273768766
0.000338214699621
0.000340912393896
0.000342321212192
0.00034240644995
0.000341145048229
0.000338526209733
0.000334551912014
0.000329237310556
0.000322611025366
0.000314715305632
0.000305606068072
0.000295352805656
0.000284038364516
0.000271758588054
0.000258621828416
0.000244748326762
0.000230269464951
0.000215326892507
0.000200071533942
0.000184662482694
0.000169265789103
0.000154053150967
0.000139200516264
0.000124886608648
0.000111291387233
9.85944530316e-05
8.69734151799e-05
7.66022307095e-05
6.76495322154e-05
6.02769581841e-05
5.46375010841e-05
5.08738885218e-05
4.91170128471e-05
4.94844245428e-05
5.20789045574e-05
5.69871304303e-05
6.42784506233e-05
7.40037809046e-05
8.61946359382e-05
0.000100862308418
0.00011799720715
0.000137568364438
0.000159523121972
0.000183787003175
0.000210263778598
0.000238835729546
0.00026936411361
0.00030168983421
0.000335634314652
0.000371000575547
0.000407574512762
0.000445126371377
0.00048341240943
0.000522176743551
0.000561153366939
0.000600068328495
0.000638642060383
0.000676591839776
0.00071363436912
0.000749488457933
0.000783877787888
0.000816533741857
0.000847198276553
0.000875626817569
0.000901591154899
0.000924882316427
0.000945313396485
0.000962722316327
0.00097697449326
0.0009879653953
0.000995622958461
0.000999909844222
0.00100082551535
0.000998408109032
0.000992736087226
0.000983929645276
0.000972151861116
0.000957609568846
0.000940553942027
0.000921280773799
0.000900130442766
0.000877487555578
0.000853780259209
0.000829479218108
0.000805096253654
0.000781182645644
0.000758327097931
0.000737153372683
0.000718317600176
0.000702505273428
0.000690427939362
0.000682819600549
0.000680432843875
0.000684034714714
0.000694402357322
0.00071231844422
0.000738566419243
0.000773925580747
0.000819166033062
0.000875043535817
0.000942294282011
0.00102162963687
0.0011137308704
0.00121924391734
0.00133877419866
0.00147288153893
0.00162207521434
0.00178680916535
0.00196747740816
0.00216440967814
0.00237786733771
0.00260803957995
0.00285503995798
0.00311890326856
0.0033995828166
0.00369694808545
0.00401078283549
0.00434078365138
0.0046865589558
0.00504762850485
0.00542342337748
0.00581328646857
0.00621647349203
0.00663215449744
0.0070594159005
0.00749726302436
0.00794462314574
0.00840034903647
0.00886322298793
0.00933196130269
0.00980521923453
0.0102815963551
0.0107596423224
0.0112378630233
0.0117147270611
0.0121886725532
0.0126581142065
0.0131214506311
0.0135770718557
0.0140233670009
0.0144587320716
0.0148815778223
0.0152903376534
0.0156834754914
0.0160594936088
0.0164169403392
0.0167544176393
0.0170705884565
0.0173641838554
0.0176340098615
0.0178789539794
0.0180979913462
0.0182901904807
0.0184547185934
0.0185908464212
0.018697952558
0.0187755272506
0.0188231756345
0.018840620388
0.0188277037843
0.0187843891259
0.0187107615506
0.0186070281977
0.0184735177326
0.0183106792268
0.0181190803971
0.0178994052101
0.0176524508631
0.0173791241549
0.0170804372659
0.0167575029665
0.0164115292822
0.0160438136408
0.0156557365357
0.0152487547379
0.0148243940963
0.014384241965
0.0139299392997
0.0134631724692
0.0129856648281
0.0124991680967
0.0120054536003
0.0115063034166
0.011003501481
0.0104988247038
0.00999403414826
0.00949086632091
0.00899102462586
0.00849617103099
0.0080079179951
0.00752782070278
0.00705736965175
0.00659798363562
0.00615100316258
0.00571768434798
0.00529919331559
0.00489660113982
0.00451087935731
0.00414289607318
0.00379341268365
0.00346308123264
0.00315244241649
0.00286192424671
0.00259184137675
0.00234239509461
0.0021136739793
0.00190565521463
0.00171820655033
0.00155108889599
0.00140395952995
0.00127637590101
0.00116779999765
0.00107760325569
0.00100507197208
0.000949413189682
0.000909761014569
0.000885183325333
0.000874688831022
0.000877234432599
0.000891732840826
0.000917060402079
0.000952065082355
0.000995574558879
0.00104640436817
0.00110336605915
0.00116527530007
0.00123095988832
0.00129926761294
0.00136907392094
0.00143928933945
0.00150886660781
0.00157680747548
0.0016421691238
0.00170407017227
0.00176169623267
0.00181430497734
0.0018612306911
0.00190188827955
0.00193577671022
0.00196248186657
0.00198167879856
0.00199313335753
0.00199670320717
0.0019923382059
0.00198008016067
0.00196006195556
0.00193250606306
0.00189772244933
0.00185610588908
0.00180813270906
0.00175435698291
0.00169540620352
0.00163197646243
0.00156482716861
0.00149477534221
0.00142268952111
0.00134948332066
0.00127610868922
0.0012035489037
0.00113281135106
0.00106492014282
0.00100090861075
0.00094181173241
0.000888658535617
0.000842464530873
0.000804224220571
0.000774903733111
0.000755433629196
0.000746701926356
0.000749547386241
0.000764753107464
0.000793040464721
0.000835063432632
0.000891403330197
0.000962564019036
0.00104896758561
0.00115095053448
0.00126876051641
0.00140255361164
0.0015523921851
0.00171824332676
0.0018999778865
0.0020973701092
0.002310097872
0.00253774352169
0.00277979530678
0.00303564939478
0.00330461246176
0.00358590483773
0.00387866418787
0.00418194970645
0.00449474679714
0.00481597221053
0.00514447960674
0.00547906550886
0.00581847561015
0.00616141139644
0.00650653704287
0.00685248654283
0.00719787102579
0.0075412862194
0.00788132001076
0.00821656006144
0.0085456014303
0.00886705415884
0.00917955077376
0.00948175366245
0.00977236227799
0.0100501201315
0.010313821531
0.0105623180286
0.0107945245379
0.011009425088
0.0112060781812
0.0113836217251
0.0115412775111
0.0116783552168
0.0117942559099
0.0118884750362
0.011960604877
0.0120103364644
0.0120374609464
0.0120418703977
0.0120235580732
0.0119826181086
0.0119192446711
0.0118337305704
0.0117264653409
0.0115979328102
0.011448708171
0.0112794545787
0.0110909192952
0.0108839294074
0.0106593871467
0.0104182648396
0.0101615995232
0.00989048725684
0.00960607716741
0.00930956526337
0.00900218805552
0.00868521602278
0.00835994696157
0.00802769925799
0.00768980512181
0.0073476038212
0.0070024349566
0.00665563181149
0.00630851481694
0.00596238516571
0.0056185186103
0.00527815947777
0.00494251493279
0.00461274951793
0.00428997999876
0.00397527053878
0.00366962822698
0.00337399897856
0.00308926382672
0.00281623562071
0.00255565614316
0.00230819365639
0.00207444088524
0.00185491344104
0.00165004868847
0.00146020505474
0.00128566177768
0.00112661908664
0.00098319880804
0.000855445384448
0.000743327294287
0.000646738856727
0.000565502404475
0.000499370805182
0.000448030310471
0.000411103709965
0.000388153766297
0.000378686905808
0.000382157138579
0.000397970180557
0.00042548774981
0.000464032008461
0.000512890121491
0.000571318903486
0.000638549524433
0.000713792245889
0.000796241159259
0.00088507889847
0.000979481300101
0.00107862198485
0.00118167683536
0.00128782834645
0.00139626982528
0.00150620942024
0.001616873959
0.00172751257764
0.00183740012466
0.00194584032522
0.00205216869298
0.00215575517865
0.00225600654629
0.00235236847033
0.00244432734807
0.00253141182464
0.00261319402871
0.00268929051985
0.00275936294938
0.00282311843908
0.00288030968331
0.00293073478175
0.00297423681171
0.00301070315013
0.00304006455688
0.00306229403195
0.00307740546055
0.00308545206078
0.00308652464956
0.0030807497433
0.00306828751005
0.00304932959092
0.00302409680819
0.00299283677845
0.00295582144858
0.00291334457284
0.0028657191488
0.00281327482989
0.00275635533165
0.00269531584852
0.00263052049736
0.00256233980306
0.00249114824099
0.00241732185022
0.00234123593034
0.00226326283382
0.00218376986496
0.00210311729512
0.00202165650307
0.0019397282479
0.00185766108107
0.00177576990279
0.00169435466668
0.00161369923588
0.00153407039217
0.00145571699881
0.00137886931669
0.00130373847229
0.00123051607489
0.0011593739796
0.00109046419187
0.00102391890825
0.000959850687411
0.00089835274475
0.000839499363316
0.00078334641311
0.000729931970458
0.000679277028691
0.000631386291067
0.000586249036606
0.000543840049374
0.000504120601627
0.000467039481252
0.000432534053963
0.000400531350885
0.000370949172301
0.000343697198657
0.000318678100188
0.00029578863694
0.000274920741362
0.000255962576123
0.000238799560319
0.00022331535777
0.000209392821692
0.000196914890601
0.000185765430954
0.000175830022626
0.000166996683968
0.000159156533826
0.000152204388528
0.000146039292461
0.000140564981485
0.000135690278989
0.000131329424998
0.000127402339253
0.000123834819699
0.000120558678307
0.000117511816582
0.00011463824352
0.000111888039134
0.000109217266982
0.000106587839433
0.000103967339597
0.00010132880407
9.86504707609e-05
9.59154961941e-05
9.31116466942e-05
9.02309679189e-05
8.72694371437e-05
8.42266026515e-05
8.11052144698e-05
7.7910850561e-05
7.4651542402e-05
7.13374036852e-05
6.79802656514e-05
6.4593322312e-05
