-0.0
2.42324286791e-05
9.69331448569e-05
0.000218112441149
0.000387787479077
0.000605982300024
0.000872727840255
0.00118806195066
0.00155202942058
0.00196468200631
0.00242607846397
0.00293628458685
0.00349537324752
0.00410342444438
0.00476052535306
0.00546677038247
0.0062222612359
0.00702710697683
0.00788142410004
0.00878533660764
0.00973897609067
0.0107424818157
0.0117960008171
0.0128996879956
0.0140537062211
0.0152582264433
0.0165134278072
0.0178194977754
0.0191766322569
0.0205850357423
0.0220449214466
0.0235565114583
0.0251200368966
0.0267357380761
0.0284038646791
0.0301246759366
0.0318984408177
0.0337254382274
0.0356059572146
0.0375402971883
0.0395287681456
0.0415716909079
0.0436693973697
0.045822230758
0.0480305459031
0.0502947095221
0.0526151005153
0.0549921102757
0.0574261430124
0.0599176160894
0.0624669603785
0.0650746206295
0.0677410558565
0.0704667397425
0.0732521610615
0.0760978241216
0.0790042492269
0.0819719731625
0.085001549701
0.0880935501336
0.0912485638258
0.0944671988002
0.0977500823463
0.101097861661
0.104511204518
0.107990799975
0.111537359109
0.115151615792
0.118834327508
0.122586276206
0.126408269202
0.130301140121
0.134265749897
0.138302987814
0.142413772615
0.146599053664
0.150859812165
0.155197062462
0.159611853396
0.164105269752
0.168678433775
0.17333250678
0.178068690858
0.182888230673
0.187792415371
0.192782580608
0.197860110691
0.203026440857
0.208283059698
0.213631511728
0.219073400128
0.224610389656
0.230244209759
0.235976657889
0.241809603039
0.24774498953
0.253784841057
0.259931265024
0.266186457185
0.272552706631
0.279032401146
0.285628032958
0.292342204942
0.2991776373
0.306137174769
0.313223794414
0.320440614059
0.327790901419
0.33527808401
0.342905759923
0.350677709542
0.358597908317
0.366670540714
0.374900015472
0.383290982311
0.391848350278
0.400577307923
0.409483345525
0.418572279642
0.427850280273
0.437323900988
0.447000112426
0.456886339627
0.46699050375
0.477321068821
0.487887094259
0.498698294076
0.509765103816
0.521098756488
0.532711369
0.544616040923
0.556826967772
0.569359571478
0.582230651311
0.595458559277
0.609063404935
0.623067295835
0.637494621315
0.652372389446
0.66773062957
0.683602876407
0.70002675633
0.717044702716
0.734704835678
0.753062052955
0.772179394425
0.792129764116
0.812998122921
0.834884304699
0.857906660017
0.882206793881
0.907955722556
0.935361777889
0.964680366849
0.996224728143
1.0303735034
1.06756017133
1.10819495765
1.15236232257
1.19884743163
1.24275606393
1.27375407399
1.28485823181
1.28327015769
1.2797440977
1.27963090034
1.28456022361
1.29475338761
1.30973409885
1.3278719568
1.34484921589
1.35261841338
1.34470405506
1.32441195488
1.29998242556
1.27668796681
1.25646124424
1.23968636035
1.22622926389
1.21583617353
1.20826645962
1.20333030715
1.20089373801
1.20087167487
1.20321343365
1.20787628246
1.2147733526
1.22366700869
1.23395702638
1.24431215113
1.25224662329
1.2542837305
1.24769867093
1.2328072952
1.21262809604
1.19044674015
1.16841793582
1.14760517046
1.12841836522
1.11094682911
1.09514127088
1.08090160561
1.06811666663
1.05668111255
1.04650188936
1.03750005503
1.02961065753
1.02278190256
1.01697416911
1.01215911457
1.00831896128
1.00544598345
1.00354217142
1.00261901223
1.00269727331
1.00380658121
1.00598440963
1.00927375206
1.01371810882
1.01935119962
1.0261765661
1.03412833772
1.04299873353
1.0523136074
1.06115064449
1.06797057783
1.07071347429
1.0675105797
1.05780248512
1.04274576756
1.02439378863
1.00463793075
0.984755919659
0.965459604527
0.947086236592
0.929760378743
0.913496347756
0.898255783399
0.883978144296
0.870596237644
0.858043793005
0.846258894209
0.835185292951
0.824772666775
0.814976376404
0.805757009838
0.797079859727
0.788914406134
0.781233837742
0.774014624299
0.767236142782
0.760880354855
0.754931531066
0.749376016608
0.744202033524
0.739399514654
0.734959965198
0.730876348246
0.727142991202
0.723755510427
0.720710751764
0.718006744906
0.715642669641
0.713618832097
0.711936648899
0.710598636859
0.70960840514
0.708970645886
0.708691117707
0.708776614109
0.70923490548
0.710074638128
0.711305166348
0.712936282442
0.714977793445
0.717438869806
0.720327057234
0.723646794705
0.727397214718
0.731568913773
0.736139274962
0.741065821422
0.746277040926
0.751660293225
0.757047081687
0.762197605403
0.76678959735
0.770420825833
0.772637965259
0.773001112828
0.771176933721
0.767028244334
0.760655236136
0.75236436221
0.742583156614
0.731765000534
0.720319356393
0.708577977523
0.696789332086
0.68512844007
0.67371209
0.662613841657
0.651876542344
0.641521907525
0.631557495859
0.62198163122
0.612786804898
0.603961992266
0.5954942106
0.58736955344
0.579573866976
0.572093183148
0.564913988302
0.558023381329
0.551409158094
0.545059847233
0.538964714367
0.533113746305
0.527497623079
0.522107683065
0.516935884711
0.511974767196
0.507217411495
0.502657402807
0.498288794881
0.494106076565
0.490104140672
0.486278255213
0.482624036922
0.479137426978
0.475814668806
0.472652287813
0.469647072923
0.46679605978
0.464096515465
0.46154592463
0.459141976903
0.456882555479
0.454765726774
0.452789731068
0.450952974044
0.449254019143
0.447691580671
0.446264517584
0.444971827901
0.44381264368
0.442786226507
0.441891963452
0.44112936344
0.440498053992
0.439997778291
0.43962839252
0.439389863434
0.439282266102
0.439305781775
0.439460695803
0.439747395546
0.440166368188
0.440718198366
0.441403565502
0.442223240711
0.443178083132
0.444269035498
0.445497118725
0.446863425256
0.448369110843
0.45001538438
0.451803495325
0.453734718136
0.455810333069
0.458031602474
0.46039974163
0.4629158829
0.465581031769
0.468396013022
0.471361405001
0.474477459475
0.477744004212
0.481160324864
0.484725022254
0.488435840634
0.492289462023
0.49628126145
0.500405017886
0.504652576191
0.509013456735
0.513474411955
0.518018933601
0.522626721396
0.527273134179
0.531928658841
0.536558450949
0.541122022992
0.545573179702
0.549860319889
0.553927233212
0.557714507608
0.561161617647
0.564209678141
0.566804723565
0.568901230736
0.570465476371
0.571478258498
0.571936549724
0.571853800045
0.5712588361
0.570193548449
0.568709748038
0.566865660111
0.564722500941
0.562341477999
0.559781413163
0.557097053161
0.554338028378
0.551548358998
0.548766382144
0.546024974881
0.543351964365
0.540770639186
0.538300299052
0.535956800122
0.533753069431
0.531699573752
0.529804736566
0.528075302278
0.526516650105
0.525133061932
0.523927949221
0.52290404427
0.522063560897
0.52140832925
0.520939908938
0.520659684158
0.520568944021
0.520668950791
0.520960998399
0.521446463194
0.522126848649
0.523003825469
0.52407926836
0.525355290549
0.526834277058
0.528518917587
0.530412239868
0.532517644269
0.534838940443
0.537380386835
0.54014673391
0.543143272022
0.546375884984
0.54985111051
0.553576208911
0.55755924166
0.561809161745
0.566335918119
0.571150577036
0.576265463688
0.581694328325
0.587452542032
0.5935573286
0.600028040508
0.606886489125
0.614157341809
0.621868601984
0.630052192477
0.638744667771
0.647988087341
0.657831089834
0.668330215866
0.679551533317
0.691572617599
0.704484916496
0.718396451727
0.733434598605
0.749748152411
0.767506576633
0.786891106614
0.808064491342
0.831087171761
0.855705541312
0.880869694968
0.903875271522
0.919808836437
0.923763275258
0.915704195285
0.900522170107
0.88317450377
0.866414709168
0.851329306839
0.838200165735
0.826992040725
0.817567275256
0.809771156421
0.803463103391
0.798526304402
0.79486921165
0.792424321287
0.79114641281
0.791011103737
0.792014049744
0.794170921773
0.797518224339
0.802114991224
0.808045339058
0.815421677294
0.824387841834
0.835119974748
0.847819134067
0.862679470365
0.879789323074
0.898858076161
0.918544709824
0.935216975663
0.942397570614
0.93487740109
0.914903544823
0.889252158052
0.862916648293
0.83806926393
0.815334296475
0.794722683309
0.776047868512
0.759083026454
0.743614576402
0.729457013209
0.716454044492
0.704475388444
0.693412650752
0.683175453216
0.673688143678
0.664887111915
0.65671863791
0.649137178269
0.642104003245
0.635586111065
0.629555360998
0.623987779339
0.618863002843
0.614163832315
0.609875875346
0.60598726213
0.602488422077
0.599371911909
0.596632288305
0.594266020095
0.59227143654
0.590648709694
0.589399870005
0.588528855518
0.588041596198
0.587946136063
0.588252797109
0.588974390425
0.59012648142
0.5917277178
0.593800230617
0.596370120335
0.599468040634
0.603129891812
0.607397630631
0.612320189946
0.617954470144
0.624366296775
0.631631096419
0.639833746874
0.649066443012
0.659422142156
0.670978508794
0.683761924676
0.697671014478
0.712323700414
0.726785134164
0.739208875384
0.746748323061
0.746536879445
0.737705742828
0.722161513054
0.702972691258
0.682615628895
0.66252385182
0.643363822588
0.625375487571
0.608592240986
0.592957472951
0.578381231568
0.564766343222
0.552019729306
0.540056734453
0.528802241081
0.518190374127
0.508163650273
0.498671968958
0.48967162239
0.481124396281
0.472996783219
0.465259308041
0.457885955218
0.450853685228
0.44414202682
0.437732733177
0.431609491532
0.425757677376
0.420164145848
0.414817054143
0.409705709865
0.404820441116
0.400152484876
0.395693890803
0.391437438096
0.387376563461
0.383505298541
0.379818215463
0.376310379364
0.372977306945
0.369814930246
0.366819564991
0.363987882919
0.361316887627
0.358803893531
0.356446507592
0.354242613527
0.352190358265
0.350288140443
0.348534600772
0.346928614141
0.345469283351
0.344155934378
0.342988113124
0.341965583583
0.341088327433
0.340356545012
0.339770657725
0.33933131189
0.339039384094
0.338895988116
0.338902483533
0.339060486109
0.339371880132
0.339838832874
0.340463811381
0.341249601858
0.342199331944
0.343316496234
0.344604985467
0.346069119866
0.347713687212
0.349543986331
0.351565876798
0.353785835785
0.356211023185
0.358849356294
0.36170959561
0.364801443543
0.368135658158
0.371724184418
0.375580305787
0.379718819436
0.384156238706
0.388911026721
0.39400386512
0.399457961351
0.405299396519
0.411557512366
0.418265329127
0.425459972754
0.433183065131
0.441480984744
0.450404819942
0.460009679283
0.470352731865
0.481488811657
0.493461431982
0.506285290009
0.519913376337
0.534177588846
0.548688610629
0.562689603744
0.574908923918
0.58358462859
0.586942526802
0.584108609083
0.575696209259
0.563384932808
0.548992545258
0.533893909799
0.518932620167
0.504554296487
0.490959202828
0.478211292918
0.466304125117
0.455197727439
0.444838336862
0.435168608195
0.426132664282
0.417678400423
0.409758351677
0.40232982759
0.395354691668
0.388798986102
0.382632506536
0.376828379868
0.371362670149
0.366214022713
0.361363348894
0.35679354982
0.352489275983
0.348436718689
0.344623429434
0.341038163504
0.337670744468
0.334511946625
0.331553392873
0.328787465805
0.326207230169
0.323806365105
0.321579104795
0.319520186386
0.317624804203
0.315888569424
0.314307474489
0.31287786167
0.311596395246
0.310460036873
0.309466023746
0.308611849239
0.307895245733
0.307314169405
0.30686678675
0.306551462673
0.30636674999
0.306311380202
0.306384255435
0.30658444144
0.306911161576
0.307363791703
0.30794185592
0.308645023111
0.309473104245
0.310426050409
0.311503951548
0.312707035897
0.31403567009
0.315490359958
0.317071752011
0.318780635626
0.320617945948
0.322584767557
0.324682338911
0.326912057631
0.329275486679
0.331774361489
0.334410598141
0.337186302668
0.340103781598
0.343165553869
0.34637436426
0.349733198499
0.353245300264
0.356914190298
0.360743687894
0.364737935089
0.368901423898
0.373239027028
0.377756032571
0.382458183225
0.387351720762
0.3924434365
0.397740728743
0.403251668285
0.408985073284
0.414950595049
0.421158816569
0.427621365931
0.434351047158
0.441361991467
0.44866983237
0.456291908644
0.464247499613
0.472558097645
0.481247722831
0.490343284276
0.499874990644
0.509876808301
0.520386956552
0.531448411966
0.543109360263
0.55542347078
0.56844974882
0.582251495528
0.596893478905
0.612435617132
0.628919982148
0.646345248599
0.664618313368
0.683467276515
0.702299533446
0.720017218593
0.734910523253
0.744935114621
0.748610940038
0.745995508326
0.738643764397
0.728605336093
0.717559849811
0.706574470888
0.696222606051
0.686767652903
0.678301281789
0.670827517345
0.664309303057
0.658693041662
0.65392105785
0.649937643389
0.646691753789
0.644137987952
0.642236710463
0.640953766227
0.640260019468
0.640130833041
0.640545541574
0.641486937782
0.642940771826
0.644895251375
0.64734052094
0.650268090458
0.653670173387
0.6575388824
0.661865215193
0.666637743288
0.671840893541
0.67745268743
0.68344178394
0.689763672242
0.696355908835
0.703132439734
0.709977366434
0.716739093351
0.723226681608
0.729211301156
0.734436405415
0.738639620047
0.741586173795
0.743107972378
0.743136726154
0.741718547106
0.73900381089
0.735216621601
0.73061581784
0.72545979558
0.719982248796
0.714379918265
0.708809731019
0.70339168093
0.698214368432
0.69334117565
0.688815992032
0.68466804108
0.68091571846
0.677569522412
0.674634218141
0.672110382686
0.669995457388
0.668284407933
0.666970064827
0.666043192947
0.665492318341
0.665303323796
0.6654588118
0.665937225051
0.666711712181
0.667748732897
0.669006417291
0.670432735656
0.671963606216
0.673521176255
0.675012657494
0.676330262225
0.677352923354
0.677950497477
0.677990921057
0.677350212721
0.675924312375
0.673640771244
0.670467723
0.666417831073
0.661546115472
0.655942263693
0.649719456621
0.643002303239
0.635916110867
0.628578804188
0.621095843616
0.61355780769
0.606039978252
0.598603223428
0.591295585867
0.584154148164
0.57720690256
0.570474472811
0.563971619092
0.557708508221
0.551691760155
0.545925295396
0.540411012677
0.535149326008
0.53013958749
0.525380418639
0.52086996924
0.516606119258
0.512586636328
0.508809298831
0.50527199248
0.501972786714
0.498909995846
0.496082228914
0.493488431364
0.491127921065
0.4890004207
0.487106088208
0.485445546682
0.484019914946
0.482830839897
0.481880531634
0.481171802314
0.480708109743
0.480493606662
0.480533196806
0.480832598846
0.481398419452
0.482238236792
0.483360695896
0.484775617372
0.48649412097
0.488528765362
0.490893705135
0.493604865226
0.496680131536
0.500139553778
0.504005551905
0.508303109363
0.513059922522
0.518306452057
0.524075781857
0.530403122617
0.537324680594
0.544875413462
0.553084859532
0.561969669667
0.571520584439
0.581680313204
0.592307314008
0.603120152512
0.613622136998
0.62302563483
0.630239912337
0.634034909812
0.633443620318
0.628222067469
0.618983506329
0.606873670029
0.593094394322
0.578605130898
0.564053350931
0.549826995167
0.536134640338
0.523072699249
0.510671757321
0.498925736394
0.487809375024
0.477288390963
0.467325241975
0.457882294753
0.448923487441
0.440415126457
0.432326193095
0.424628379065
0.417295978421
0.41030570952
0.40363650903
0.397269321452
0.391186896699
0.385373601958
0.379815250344
0.374498946867
0.369412951039
0.364546554964
0.359889975463
0.355434258771
0.35117119639
0.347093250781
0.343193489686
0.339465528042
0.335903476522
0.332501895898
0.329255756494
0.326160402105
0.323211517837
0.320405101397
0.317737437411
0.315205074428
0.312804804276
0.310533643522
0.308388816784
0.306367741689
0.304468015308
0.302687401892
0.301023821786
0.299475341392
0.298040164072
0.296716621906
0.295503168202
0.294398370715
0.29340090548
0.292509551215
0.291723184251
0.291040773928
0.290461378423
0.289984140984
0.28960828652
0.289333118538
0.289158016387
0.289082432799
0.2891058917
0.289227986276
0.289448377277
0.289766791558
0.290183020825
0.29069692059
0.29130840933
0.292017467833
0.292824138726
0.293728526192
0.294730795858
0.295831174864
0.297029952103
0.298327478639
0.299724168297
0.301220498433
0.302817010886
0.30451431311
0.306313079502
0.308214052918
0.310218046403
0.312325945119
0.314538708506
0.316857372669
0.319283053007
0.321816947105
0.32446033789
0.327214597085
0.330081188957
0.333061674398
0.336157715347
0.339371079583
0.342703645904
0.346157409722
0.349734489108
0.353437131294
0.357267719677
0.361228781349
0.36532299517
0.369553200421
0.373922406045
0.378433800506
0.383090762246
0.387896870768
0.392855918279
0.397971921877
0.403249136165
0.408692066175
0.414305480389
0.420094423563
0.426064228949
0.432220529312
0.438569265969
0.445116694712
0.451869387138
0.458834225309
0.466018386955
0.473429317438
0.481074683329
0.488962300654
0.497100028407
0.505495614619
0.514156477885
0.523089401338
0.532300108364
0.541792679329
0.551568756022
0.56162646536
0.571958977048
0.582552593972
0.593384265136
0.604418421211
0.615603084094
0.626865330324
0.638106443841
0.64919752998
0.659976996262
0.670252030248
0.679806668171
0.688418591052
0.69588467675
0.702051508469
0.706842979133
0.710275718042
0.712456435959
0.713562236442
0.713811232314
0.713432778688
0.712644171855
0.711636413701
0.710568225092
0.709565900881
0.708726480137
0.70812229527
0.707805684419
0.707813231624
0.708169278807
0.70888866576
0.709978754183
0.711440825987
0.713270946308
0.715460367266
0.717995530107
0.720857707063
0.724022314059
0.727457924714
0.73112502917
0.734974613379
0.738946691276
0.742969007927
0.746956244097
0.750810175542
0.754421333913
0.757672711109
0.760445856344
0.762629265494
0.764128276724
0.764874944163
0.764835891696
0.764016283791
0.762458889502
0.760238483951
0.757452995284
0.754213395303
0.750634214199
0.746825946172
0.742889859827
0.738915118013
0.734977762184
0.731141004559
0.727456314066
0.723964894841
0.720699280698
0.717684875841
0.714941351372
0.712483860217
0.710324065425
0.708470994473
0.706931740438
0.70571203335
0.704816704471
0.704250064005
0.704016210041
0.704119283708
0.704563682944
0.705354244965
0.706496405578
0.707996341741
0.709861102269
0.712098730161
0.714718378509
0.717730420293
0.721146550119
0.724979872953
0.729244970468
0.733957928904
0.739136302128
0.744798967654
0.750965808693
0.757657116633
0.764892548107
0.772689377341
0.781059641456
0.790005563535
0.799512338078
0.809536985842
0.819991635305
0.830719626975
0.841464186235
0.851833902264
0.861279244915
0.869109350826
0.874586446548
0.877108738382
0.876417453589
0.872700459808
0.866514556192
0.858585529747
0.849614905453
0.840171012441
0.830662381985
0.82135713939
0.812416910133
0.803928903952
0.795930805185
0.788428296357
0.781406734132
0.774838661351
0.768688519156
0.76291554313
0.757475517851
0.752321843591
0.747406220869
0.742679161736
0.738090472628
0.733589808597
0.729127362936
0.724654723219
0.720125891164
0.715498429007
0.710734661589
0.705802836001
0.700678125146
0.695343363292
0.689789422726
0.684015178924
0.678027060434
0.671838229325
0.665467478621
0.658937957518
0.652275840573
0.645509045467
0.638666080532
0.631775074422
0.624863012121
0.617955177734
0.611074787475
0.604242785929
0.59747777425
0.59079603889
0.584211652189
0.577736620419
0.571381059608
0.56515338408
0.559060496696
0.553107973216
0.547300235869
0.541640713292
0.53613198549
0.530775913533
0.5255737544
0.520526261838
0.51563377433
0.51089629141
0.506313539566
0.501885028945
0.497610101999
0.493487975127
0.489517774249
0.485698565177
0.482029379512
0.478509236746
0.475137163124
0.471912207787
0.468833456611
0.465900044134
0.463111163886
0.460466077405
0.457964122193
0.455604718806
0.453387377284
0.451311703067
0.449377402544
0.447584288372
0.445932284663
0.444421432155
0.443051893461
0.441823958483
0.440738050078
0.43979473006
0.438994705617
0.438338836236
0.4378281412
0.43746380777
0.43724720012
0.43717986914
0.437263563194
0.437500239965
0.437892079485
0.438441498495
0.439151166265
0.440024022031
0.441063294208
0.442272521537
0.443655576359
0.445216690182
0.446960481714
0.448891987527
0.451016695474
0.453340580918
0.455870145769
0.458612460128
0.461575206143
0.464766723319
0.468196053991
0.471872986889
0.475808095562
0.480012766706
0.484499210868
0.48928044426
0.494370224789
0.499782917153
0.505533249552
0.511635906404
0.518104874606
0.524952421602
0.532187526679
0.539813506805
0.547824470227
0.556200097116
0.564898109898
0.573843731127
0.582915618138
0.591928590904
0.600615560861
0.608615086479
0.615476620087
0.620699330306
0.623814293424
0.624496474917
0.622661281757
0.618492164634
0.612382076108
0.604824310123
0.596308060515
0.587252679088
0.577983356724
0.568734336738
0.559664583164
0.550876041488
0.542429832829
0.534358960486
0.526677634578
0.519387846786
0.512483889713
0.505955409363
0.499789438548
0.49397173376
0.488487640803
0.483322643877
0.478462703236
0.473894452509
0.469605303588
0.465583491302
0.461818079535
0.458298943284
0.455016736352
0.451962851099
0.449129374492
0.446509043191
0.444095199426
0.441881748712
0.439863120039
0.43803422884
0.436390442855
0.434927550894
0.433641734408
0.432529541742
0.431587864906
0.430813918724
0.43020522217
0.429759581756
0.42947507681
0.429350046524
0.42938307863
0.429572999608
0.429918866332
0.430419959052
0.43107577567
0.431886027223
0.432850634544
0.433969726064
0.435243636723
0.436672907986
0.438258288957
0.440000738605
0.441901429112
0.443961750397
0.446183315836
0.448567969252
0.451117793243
0.453835118938
0.456722537275
0.459782911941
0.463019394092
0.466435439043
0.470034825092
0.473821674713
0.47780047835
0.481976121089
0.486353912529
0.490939620186
0.495739506827
0.500760372151
0.506009599276
0.51149520651
0.517225904901
0.523211162044
0.529461272542
0.53598743541
0.542801838417
0.549917748951
0.557349610228
0.565113140472
0.573225430789
0.581705034401
0.590572035123
0.599848075389
0.609556312231
0.619721250784
0.63036837522
0.641523450073
0.653211291095
0.665453689218
0.678265993515
0.691651594055
0.705593175066
0.720039158485
0.734883400869
0.749936500452
0.764889379749
0.779276647323
0.792461100074
0.803677977721
0.812177063501
0.817447928427
0.819418216413
0.818484298365
0.815349731367
0.810792126142
0.805490521818
0.799954623107
0.79452668023
0.789414164677
0.784726646604
0.780506079947
0.776748458934
0.77341817136
0.770457111398
0.767790417175
0.765330304112
0.762979113948
0.760632421653
0.758182794413
0.755524521034
0.752559290232
0.749202405437
0.745388760025
0.741077587099
0.736255060481
0.730934189623
0.725152019488
0.718964715824
0.712441486467
0.705658361472
0.698692663949
0.691618672541
0.684504639368
0.67741107231
0.670390046869
0.663485266059
0.656732604332
0.650160920831
0.643792984866
0.637646408873
0.631734525853
0.626067178425
0.62065140682
0.61549203565
0.610592166323
0.605953585349
0.601577099948
0.597462812136
0.593610341597
0.590019006428
0.58668796956
0.58361635746
0.580803356553
0.578248291889
0.575950691694
0.573910340755
0.572127324982
0.570602068976
0.569335367981
0.568328415195
0.567582825038
0.567100652589
0.566884408996
0.566937072185
0.567262091642
0.567863385282
0.568745325494
0.569912710187
0.57137071294
0.573124804057
0.575180631152
0.577543843592
0.580219839232
0.58321340393
0.586528203623
0.590166074657
0.594126039879
0.598402955617
0.602985669136
0.607854541339
0.612978174998
0.618309204742
0.62377908908
0.629292059236
0.634718811643
0.639891265289
0.644600735272
0.64860292024
0.651633392178
0.653435579924
0.653798653456
0.652596311181
0.649813217563
0.645548296128
0.63999344619
0.633396600018
0.626022504943
0.618121723998
0.609912018347
0.601571008717
0.593236619094
0.5850117155
0.576970302592
0.569163717774
0.56162607984
0.554378751706
0.547433837733
0.540796846467
0.534468678449
0.528447089571
0.522727757028
0.517305049045
0.512172576173
0.507323582691
0.502751221583
0.49844874503
0.494409633796
0.490627682519
0.487097053271
0.483812306309
0.480768414469
0.477960765789
0.475385157624
0.473037784493
0.470915221151
0.469014401807
0.467332595924
0.465867380698
0.464616609939
0.463578378815
0.462750983568
0.462132875036
0.461722604423
0.46151875939
0.461519888042
0.46172440788
0.462130496115
0.462735957056
0.463538061423
0.464533351574
0.465717405686
0.467084553064
0.468627532103
0.470337082231
0.472201461847
0.47420588643
0.476331885503
0.478556585097
0.480851935303
0.483183921848
0.485511827736
0.487787645951
0.489955784867
0.491953247787
0.493710494684
0.495153188663
0.496204969247
0.496791260601
0.496843914676
0.496306239074
0.495137737504
0.493317789427
0.490847588692
0.487749957307
0.484067071595
0.479856546762
0.475186590943
0.470130997246
0.464764614206
0.459159702097
0.453383335501
0.447495815787
0.441549936322
0.435590893732
0.429656639937
0.423778499778
0.41798191962
0.412287252348
0.406710517842
0.401264103771
0.395957389683
0.390797289386
0.385788713855
0.380934960982
0.376238040304
0.371698941358
0.367317854033
0.363094348541
0.359027521791
0.355116115982
0.35135861437
0.347753318366
0.344298409405
0.340991998435
0.33783216537
0.334816990419
0.331944578845
0.329213080439
0.326620704743
0.324165732858
0.321846526523
0.319661535033
0.317609300432
0.315688461356
0.313897755829
0.312236023242
0.310702205733
0.309295349109
0.30801460345
0.306859223506
0.305828568973
0.304922104711
0.30413940098
0.30348013373
0.302944084987
0.302531143377
0.302241304806
0.302074673326
0.302031462205
0.302111995216
0.302316708159
0.30264615063
0.303100988036
0.303682003872
0.304390102251
0.305226310695
0.306191783163
0.307287803323
0.308515788029
0.309877290981
0.311374006516
0.313007773478
0.314780579081
0.316694562652
0.318752019114
0.320955402028
0.323307325941
0.325810567717
0.328468066464
0.331282921497
0.334258387679
0.337397867236
0.340704896934
0.344183129133
0.347836304864
0.351668216491
0.355682656884
0.359883351095
0.364273865466
0.368857487647
0.373637069242
0.378614820586
0.383792044473
0.389168792433
0.394743423486
0.400512041362
0.406467782391
0.412599923632
0.418892780956
0.425324372578
0.43186483943
0.438474646332
0.445102645716
0.451684177743
0.458139512967
0.464373109957
0.470274329093
0.475720343019
0.480581897382
0.484732171249
0.488058203681
0.490473322479
0.491928124212
0.492417341984
0.491980734296
0.490697743759
0.488677405743
0.486046054784
0.482935426865
0.479473002666
0.475775396727
0.471944722312
0.468067353305
0.464214342259
0.460442814882
0.456797820039
0.453314285957
0.450018876361
0.446931643172
0.444067438802
0.44143708964
0.439048352043
0.43690668021
0.435015836599
0.433378373436
0.431996010237
0.430869928217
0.430000998605
0.429389958366
0.42903754388
0.428944590508
0.429112103818
0.429541306327
0.430233661882
0.431190878169
0.432414886161
0.433907793504
0.435671806752
0.437709114832
0.44002172301
0.442611222669
0.445478477247
0.448623198389
0.452043378658
0.455734537915
0.459688730153
0.463893247346
0.468328949378
0.472968149866
0.477772006341
0.482687415968
0.487643528721
0.492548188684
0.497284926671
0.501711548005
0.505661800474
0.508951838416
0.511392831075
0.512809697673
0.513063568027
0.512072978623
0.509827617262
0.506389987973
0.501884405376
0.496477101235
0.490353522348
0.48369831337
0.476681074356
0.469448431941
0.462121315655
0.454795742116
0.447545530928
0.440425792677
0.433476468197
0.426725540845
0.420191769185
0.413886917564
0.40781752687
0.401986293226
0.396393126544
0.391035954818
0.385911330249
0.381014882838
0.376341657646
0.371886363868
0.367643557368
0.363607773214
0.35977362072
0.356135850496
0.352689400657
0.349429427561
0.346351325171
0.343450736048
0.340723556318
0.338165936294
0.335774278085
0.333545231133
0.331475686423
0.329562769898
0.32780383548
0.326196458006
0.324738426283
0.323427736429
0.32226258562
0.321241366317
0.320362661035
0.319625237703
0.319028045625
0.318570212086
0.318251039594
0.318070003784
0.318026751985
0.318121102461
0.318353044335
0.318722738193
0.319230517393
0.319876890092
0.320662541981
0.321588339767
0.322655335404
0.323864771094
0.325218085062
0.326716918124
0.328363121055
0.330158762738
0.332106139096
0.334207782766
0.336466473442
0.338885248804
0.34146741587
0.34421656255
0.34713656908
0.350231618886
0.353506208232
0.356965153768
0.360613596775
0.3644570024
0.368501151633
0.372752122848
0.37721625868
0.381900112391
0.386810365823
0.391953708153
0.397336660826
0.402965328821
0.408845051476
0.414979916872
0.421372091871
0.42802090487
0.434921600287
0.442063664035
0.449428601363
0.456987040841
0.464695057612
0.472489685069
0.480283764671
0.487960632478
0.495369717398
0.502324920117
0.508608448429
0.513983054775
0.518214471038
0.521102547605
0.522514723241
0.522411596122
0.520855038013
0.517995550788
0.514043954767
0.509237639189
0.503811015756
0.497975410245
0.491908952451
0.48575423711
0.479620781468
0.473589765217
0.467719376198
0.462049838505
0.456607721476
0.451409432938
0.446463951838
0.441774915154
0.43734218518
0.433163012247
0.429232889162
0.425546174017
0.42209654065
0.418877301692
0.415881637899
0.413102758789
0.410534013112
0.408168962798
0.406001430431
0.404025527633
0.402235669776
0.400626580987
0.399193292378
0.397931135602
0.396835733306
0.395902987591
0.395129067304
0.394510394729
0.394043632093
0.393725668168
0.393553605154
0.393524745979
0.393636582072
0.393886781644
0.394273178505
0.394793761377
0.395446663704
0.396230153898
0.397142626004
0.398182590709
0.399348666663
0.400639572039
0.402054116286
0.403591192006
0.405249766882
0.407028875616
0.408927611771
0.410945119475
0.413080584888
0.415333227366
0.417702290224
0.420187031015
0.422786711226
0.425500585286
0.42832788879
0.431267825813
0.434319555198
0.437482175712
0.44075470991
0.444136086625
0.447625121908
0.451220498343
0.454920742592
0.458724201088
0.462629013809
0.466633086093
0.470734058497
0.474929274804
0.479215748306
0.483590126661
0.488048655703
0.492587142789
0.497200920423
0.50188481116
0.506633095039
0.51143948107
0.516297084653
0.521198413072
0.526135361552
0.531099222609
0.5360807116
0.541070011441
0.546056839338
0.551030537985
0.555980193089
0.560894778057
0.565763325431
0.570575123003
0.575319930725
0.579988212517
0.584571375188
0.589062005027
0.59345409145
0.597743226657
0.601926770649
0.606003972323
0.609976039551
0.613846154076
0.617619430423
0.621302821413
0.624904976037
0.628436058004
0.631907535003
0.635331949559
0.638722682244
0.642093717149
0.645459418004
0.648834321478
0.652232952168
0.655669661784
0.659158493215
0.662713068624
0.666346499463
0.670071315343
0.673899408052
0.677841986499
0.681909538109
0.686111791908
0.690457678411
0.694955281131
