-0.0
0.000244586430991
0.000978259434344
0.00220075616329
0.00391162521798
0.00611020644523
0.00879560222475
0.0119666398125
0.0156218241949
0.0197592808
0.024376687312
0.0294711937537
0.0350393299473
0.0410768994345
0.0475788589667
0.0545391827556
0.0619507108463
0.0698049812417
0.0780920458048
0.0868002705139
0.0959161213653
0.105423938128
0.115305699252
0.125540782523
0.136105727433
0.146974006747
0.158115816117
0.169497891808
0.181083367443
0.192831680947
0.204698542607
0.216635974282
0.228592428678
0.240512996671
0.252339710765
0.264011954576
0.275466992552
0.28664064061
0.297468105863
0.307885028953
0.317828761113
0.327239894472
0.336064033768
0.344253749512
0.351770591923
0.358586983937
0.364687768442
0.370071178243
0.3747490392
0.378746106231
0.382098551923
0.384851750884
0.387057600518
0.388771670056
0.390050468282
0.390949074537
0.391519304354
0.391808499112
0.391858953394
0.391707932887
0.391388192231
0.39092887527
0.390356666594
0.389697060772
0.388975622073
0.388219121844
0.38745646176
0.386719317414
0.386042465453
0.385463785364
0.385023950192
0.384765835494
0.384733680154
0.384972024994
0.385524435314
0.386431982039
0.387731414036
0.38945290203
0.391617173859
0.394231795058
0.397286287942
0.400745750662
0.404542686915
0.408566985816
0.412654562685
0.416576300679
0.42003077823
0.422646613113
0.424001959366
0.4236672979
0.42127034958
0.41656899005
0.409506607975
0.400225687081
0.38903317098
0.376333785475
0.362558319703
0.348108141928
0.333323741848
0.318474277069
0.303760746051
0.289325810272
0.275265513892
0.261640338044
0.248484537232
0.235813550177
0.223629666401
0.211926260824
0.20069091461
0.189907696567
0.179558822972
0.169625860924
0.160090596678
0.150935656677
0.142144943859
0.133703933694
0.125599861658
0.117821825042
0.110360816134
0.103209699928
0.0963631470712
0.0898175311683
0.083570798526
0.0776223176672
0.0719727152789
0.0666237046142
0.0615779116664
0.056838703673
0.0524100237022
0.0482962342442
0.0445019719201
0.0410320146543
0.0378911619685
0.0350841284582
0.0326154500242
0.0304894020526
0.0287099284613
0.0272805803576
0.0262044629601
0.025484189431
0.0251218403092
0.0251189273454
0.0254763606821
0.0261944185116
0.0272727185576
0.0287101909766
0.030505052548
0.032654782329
0.0351560992815
0.0380049427444
0.0411964570159
0.0447249817251
0.0485840501083
0.0527663977348
0.0572639846461
0.0620680342357
0.0671690924761
0.0725571112394
0.0782215594104
0.0841515651886
0.0903360923688
0.0967641524291
0.103425052919
0.110308680935
0.117405818467
0.124708484177
0.132210293915
0.139906830219
0.14779600933
0.155878433198
0.164157713674
0.172640756665
0.181337995338
0.190263563395
0.199435401395
0.208875290537
0.2186088084
0.228665198739
0.23907714119
0.249880394827
0.26111326922
0.272815844182
0.285028808887
0.297791713782
0.311140312176
0.325102495537
0.339692078414
0.354899354173
0.370676948986
0.386919193465
0.403433444406
0.41990355307
0.435850906406
0.450609392408
0.463346157316
0.473167530907
0.479321989325
0.481436830989
0.479657432337
0.474594325697
0.467116816268
0.458123003864
0.448386523678
0.43849859099
0.428874189481
0.419785766612
0.411401223588
0.403816176249
0.397078101748
0.391203191938
0.386187597845
0.382014663046
0.378659386512
0.376090994067
0.374274210103
0.37316961397
0.372733323904
0.372916158991
0.373662374303
0.374908038627
0.376579126183
0.378589424697
0.380838426232
0.383209467269
0.385568517663
0.387764166172
0.38962946955
0.39098634582
0.391652997949
0.391454362552
0.390234788251
0.387871229461
0.384284550217
0.379446484393
0.373380607746
0.366157141194
0.357882944249
0.348689044289
0.338718173412
0.328114185819
0.317014310097
0.305544348639
0.293816386576
0.281928339789
0.269964671139
0.257997726311
0.246089299798
0.234292187674
0.222651596483
0.211206354481
0.199989918241
0.189031192605
0.178355192417
0.167983576413
0.157935081055
0.148225877562
0.138869870499
0.129878951794
0.121263220299
0.113031174068
0.105189880357
0.0977451267729
0.0907015559711
0.0840627855405
0.0778315143271
0.0720096161381
0.0665982216229
0.0615977890391
0.0570081645569
0.0528286327324
0.0490579577576
0.0456944160851
0.0427358210106
0.0401795397885
0.0380225038488
0.0362612126842
0.0348917319805
0.0339096865872
0.0333102489522
0.0330881236947
0.0332375290597
0.0337521760795
0.0346252463802
0.0358493696976
0.0374166023194
0.0393184078339
0.0415456417459
0.0440885417033
0.0469367252483
0.0500791971651
0.0535043686012
0.0572000901922
0.0611537013779
0.0653520979439
0.0697818195349
0.07442915843
0.0792802902555
0.0843214265124
0.0895389878569
0.0949197960074
0.100451281038
0.106121699726
0.11192035966
0.117837843056
0.12386622383
0.12999927145
0.136232635539
0.142564006089
0.148993245468
0.155522489986
0.162156220611
0.168901304208
0.175767008293
0.182764993681
0.189909290234
0.197216261366
0.204704562763
0.212395100058
0.220310988959
0.228477519467
0.236922123418
0.245674341346
0.25476578043
0.264230049379
0.274102647822
0.284420775559
0.295223008963
0.306548764439
0.318437427509
0.330926963195
0.344051728416
0.357839064796
0.37230404006
0.387441400548
0.403213346484
0.419530897721
0.436223282134
0.452996177435
0.469408788435
0.484822391561
0.498424029747
0.509291306069
0.51654270743
0.519770909189
0.519067054119
0.514991654589
0.50836973812
0.500060588766
0.490809610722
0.481188341838
0.471594542213
0.462280681196
0.453389111767
0.44498349166
0.437073326494
0.429631951427
0.422609395131
0.415941641915
0.409557511616
0.403384012089
0.397350692093
0.391393261167
0.385456552028
0.379496779735
0.373482999199
0.367397672852
0.361236319862
0.355006305313
0.348724916141
0.342416936558
0.336111964731
0.329841701827
0.323637402704
0.317527618673
0.311536302368
0.30568129434
0.299973177312
0.294414468495
0.288999121107
0.283712319078
0.278530568939
0.273422114732
0.268347719653
0.263261866043
0.258114417321
0.252852756443
0.247424363632
0.241779724761
0.235875381631
0.229676864463
0.223161206916
0.21631875405
0.209154041788
0.201685644113
0.193945026681
0.185974579469
0.1778250959
0.169553004348
0.161217640003
0.152878785037
0.144594624234
0.136420182097
0.128406240218
0.120598687126
0.113038227047
0.105760365448
0.0987955925833
0.0921696964907
0.0859041500458
0.080016530003
0.0745209379585
0.0694284031129
0.0647472544858
0.0604834560084
0.0566409020187
0.0532216734622
0.0502262568812
0.0476537293535
0.0455019131235
0.0437675039361
0.0424461771532
0.0415326756988
0.0410208837862
0.0409038902788
0.0411740454322
0.0418230146669
0.0428418329211
0.0442209630169
0.0459503613147
0.0480195537094
0.0504177246962
0.0531338217842
0.0561566769252
0.0594751458412
0.0630782651624
0.066955426147
0.0710965624718
0.0754923482189
0.0801344008258
0.0850154825059
0.0901296926116
0.0954726427037
0.101041605805
0.106835631517
0.112855619369
0.11910434389
0.125586426371
0.132308249911
0.139277815937
0.146504541793
0.153998999938
0.161772599689
0.169837212197
0.1782047384
0.186886618182
0.195893277035
0.205233504424
0.214913756304
0.224937373326
0.235303707205
0.246007151554
0.257036081928
0.2683717248
0.279986999027
0.291845408166
0.303900108561
0.316093334138
0.328356414942
0.340610661203
0.352769357661
0.36474095774
0.37643317969
0.387757356027
0.398635525395
0.409010213312
0.418847135386
0.428136755764
0.436883633909
0.445107396398
0.452862202628
0.460187049127
0.467071865624
0.473437977336
0.479223260213
0.484334978181
0.488576846172
0.491778476979
0.493795201181
0.494514716604
0.493823408483
0.491644181499
0.487968156359
0.482863851463
0.476470497991
0.468980663881
0.460617925123
0.45161462484
0.442193478514
0.432554941118
0.422870432787
0.41328032609
0.403895164871
0.394798691819
0.386051612114
0.377695400638
0.369755768768
0.362245619285
0.355167447319
0.348515214959
0.342275759161
0.336429803327
0.330952643124
0.32581457379
0.320981122902
0.316413151785
0.312066890916
0.307893980075
0.303841591318
0.29985272018
0.295866734546
0.291820266937
0.287648519464
0.283287016866
0.27867378953
0.273751897623
0.268472128459
0.26279562768
0.256696180765
0.250161862993
0.243195832579
0.235816147673
0.228054622257
0.219954867853
0.211569767217
0.202958673263
0.194184618081
0.185311764605
0.176403257088
0.167519546614
0.158717199533
0.150048147827
0.141559312111
0.133292517117
0.125284621123
0.117567789888
0.110169858072
0.103114734191
0.0964228170439
0.0901114015941
0.0841950601786
0.0786859908666
0.073594329012
0.068928420928
0.0646950604508
0.0608996902398
0.057546570205
0.054638915628
0.0521790074839
0.050168277264
0.0486073683103
0.0474961753533
0.0468338636129
0.0466188685195
0.0468488768364
0.0475207897513
0.0486306683561
0.0501736618767
0.0521439190737
0.0545344834375
0.057337173186
0.060542447682
0.0641392627755
0.0681149187802
0.0724549063736
0.0771427576881
0.0821599122257
0.0874856099377
0.0930968267057
0.0989682702841
0.105072457122
0.111379891794
0.117859370329
0.124478425732
0.131203927703
0.138002838438
0.144843112477
0.151694711641
0.158530687881
0.165328270026
0.172069878289
0.178743986038
0.185345754227
0.191877380309
0.198348128952
0.204774042542
0.211177360278
0.21758570065
0.224031079053
0.230548838433
0.237176566187
0.243953057319
0.250917365394
0.258107963007
0.265562015522
0.273314757226
0.28139894727
0.289844370586
0.29867733186
0.307920065804
0.317589956785
0.327698422048
0.338249227767
0.34923581623
0.360637672157
0.372420196505
0.384537811211
0.396924844469
0.409485524128
0.422085543204
0.434531851826
0.446590167319
0.458011239877
0.468418764023
0.477376498234
0.484497158177
0.489489930322
0.492151329179
0.492361590315
0.49031650156
0.486340353929
0.480920167037
0.474581475101
0.467732954899
0.460686093374
0.453667816508
0.446832072262
0.440277562257
0.434062542162
0.428215771115
0.422744422547
0.417639694425
0.412880699723
0.408437092581
0.404270786646
0.400337046069
0.396585174777
0.392958993216
0.389397269507
0.385834258138
0.382200487205
0.378423917396
0.37443156466
0.370151628014
0.365516091877
0.360463682559
0.354942962351
0.348915260289
0.342357089003
0.335261705324
0.327639555021
0.319517496821
0.310936895925
0.301950855472
0.292620961603
0.28301393216
0.273198496911
0.263242734151
0.253211979249
0.243167327921
0.233164690727
0.223254316
0.213480681687
0.203882656349
0.194493839764
0.185343009344
0.176454615771
0.167849287427
0.15954431677
0.151554112432
0.143890608544
0.136563628158
0.129581201093
0.122949838647
0.116674768755
0.110760135663
0.105209168279
0.100024321185
0.0952073919878
0.0907596183368
0.0866817575015
0.0829741510681
0.0796367769216
0.0766692903677
0.0740710559551
0.0718411712958
0.0699784839575
0.0684816022968
0.0673489009274
0.0665785213599
0.0661683682069
0.0661161012202
0.0664191233061
0.0670745645565
0.0680792622218
0.069429736456
0.0711221615592
0.0731523323538
0.0755156252396
0.0782069533973
0.0812207155486
0.0845507376478
0.0881902068799
0.0921315974039
0.0963665874108
0.10088596731
0.105679539232
0.110736008578
0.11604286913
0.121586284191
0.127350967566
0.133320069673
0.139475075928
0.145795726546
0.152259969407
0.158843961394
0.165522141262
0.172267410598
0.17905146546
0.18584527734
0.192619644326
0.199345765208
0.205995900572
0.212544171963
0.218967464347
0.225246364519
0.231366074491
0.237317230627
0.243096528135
0.248707085027
0.254158543466
0.259466795154
0.264653270479
0.269744015081
0.274768710185
0.279759641941
0.284750635417
0.28977600096
0.294869546695
0.300063707472
0.305388837771
0.310872702501
0.316540132608
0.322412725353
0.328508529147
0.3348417914
0.341422833984
0.34825803115
0.355349827697
0.36269675275
0.370293442018
0.378130349105
0.386191984122
0.394460533752
0.402918269128
0.411543643044
0.420303341471
0.429152762347
0.438035849802
0.446890059427
0.455629641936
0.46411455404
0.472089057199
0.479258169751
0.485254691668
0.489577840604
0.491809001592
0.491958381378
0.490217107488
0.486770251305
0.481776658642
0.475418185959
0.467905643705
0.459465084303
0.450321114974
0.440683566515
0.430739171082
0.420647759459
0.410541709967
0.400527348976
0.390687292259
0.381083069738
0.37175766888
0.362737830082
0.354036046219
0.345652285317
0.337575491398
0.329784936448
0.322251503284
0.314938978775
0.307805430435
0.30080472633
0.293888236736
0.2870067251
0.280112396441
0.273161027273
0.266114059035
0.258940505983
0.251618517225
0.244136447391
0.236493331859
0.22869872476
0.220771929494
0.212740718236
0.204639686369
0.196508412054
0.188389588982
0.180327276022
0.172365368925
0.164546355759
0.156910377055
0.149494579182
0.142332727526
0.135455034423
0.128888153443
0.122655294204
0.11677641769
0.111268479375
0.106145694737
0.10141980847
0.0971003542419
0.0931948963758
0.0897092482175
0.0866476644516
0.084013006395
0.0818068804673
0.0800297507865
0.0786810272858
0.0777591309708
0.0772615380471
0.0771848046673
0.0775245740562
0.0782755677773
0.0794315629519
0.0809853573458
0.082928724412
0.0852523606391
0.0879458279023
0.0909974939429
0.0943944745905
0.0981225818373
0.102166282252
0.106508670234
0.111131459651
0.116014993984
0.121138266198
0.126478926083
0.132013307683
0.137716889398
0.143565386608
0.1495348355
0.155600969798
0.161739010555
0.167922213199
0.174129639913
0.180336901665
0.186528694307
0.192693213192
0.198818714942
0.204894447408
0.210911324679
0.216861994413
0.22274064245
0.22854257766
0.234259764858
0.239887142915
0.245426862564
0.250876097179
0.25623152362
0.26148883257
0.266642617231
0.271686456783
0.276613116057
0.281414859682
0.286083911294
0.290613116407
0.294996768396
0.299231259734
0.303315381706
0.307250586018
0.311041361202
0.314695572158
0.318223867221
0.321639442612
0.324965457313
0.328227639341
0.331453410152
0.334673174087
0.337920140906
0.341229719418
0.34463907491
0.348186802275
0.351912502917
0.355855933711
0.360056668789
0.364557231668
0.369402083852
0.37463581868
0.380303033733
0.386447740193
0.393112545225
0.400336505934
0.408156489141
0.416607190625
0.42570786905
0.435451158069
0.445786017694
0.456543191306
0.467366565754
0.477786438438
0.486703172926
0.492921911746
0.495601697383
0.494061531142
0.488277274123
0.47876492583
0.466578579487
0.452771703615
0.438150767867
0.423276172453
0.408522450014
0.394127481207
0.380233654924
0.366922522218
0.354238182243
0.342200532774
0.330812221672
0.320062933608
0.309932739525
0.300394861445
0.291417787818
0.282966747305
0.275004728819
0.267493251048
0.260392981365
0.253664241794
0.247267434091
0.24116342091
0.23531389722
0.229681777275
0.224231611367
0.218930035494
0.213746246726
0.208652488056
0.203624519429
0.198642046933
0.193689080582
0.188754192781
0.183830654665
0.178916435381
0.174014059231
0.169130326195
0.164275911267
0.159464866247
0.154714053068
0.15004254011
0.145470992259
0.14102108213
0.136714944741
0.132574691666
0.12862199436
0.124877740402
0.121361761501
0.118092628299
0.115087504539
0.112362051727
0.109930374948
0.10780500071
0.105996878392
0.104515397798
0.103368416474
0.102562291509
0.102101911657
0.101990726587
0.102230770963
0.102822681864
0.10376570872
0.105057715593
0.106695176156
0.108673162224
0.110985327163
0.113623886008
0.116579594674
0.119841731143
0.123398080052
0.127234911722
0.131336897689
0.13568667468
0.140263484643
0.145046028897
0.150016212515
0.155157069795
0.160451966908
0.165877503936
0.171416929971
0.177052527154
0.182775206524
0.188568798985
0.194420245399
0.200324540538
0.206272672668
0.212258312738
0.218279780741
0.224335489806
0.230424155816
0.236544548923
0.242694270075
0.248869666413
0.255066615923
0.261280374917
0.267503278829
0.273724082455
0.279927625012
0.286092605625
0.292188917807
0.298190328048
0.304067119635
0.309786785547
0.315316120194
0.320622008296
0.32567383722
0.330446959941
0.334925456581
0.339103195268
0.342981547067
0.346563859324
0.349886369538
0.352983265215
0.355895241533
0.358669003377
0.361355230633
0.364006292989
0.36667450349
0.369410799994
0.372258457245
0.375256520415
0.378441119683
0.381835542095
0.385452611761
0.389290406802
0.393326934048
0.397519719152
0.40180981988
0.406112938527
0.410289554684
0.414193831454
0.417649702557
0.420434819069
0.422409582935
0.423481652973
0.423674565601
0.423133298393
0.421928491031
0.420136888619
0.417845863928
0.415150072772
0.412145977277
0.408922688925
0.405554868389
0.402099673241
0.398595166935
0.395059947538
0.391494028612
0.387879855211
0.384183558379
0.380357476782
0.376342813317
0.37207321242
0.367478329877
0.362487671152
0.357035272245
0.351063863129
0.344528270172
0.337408108519
0.329709394146
0.321455945714
0.312713587079
0.30355309197
0.29405700646
0.284320505368
0.274434514329
0.26448339938
0.254544158397
0.244685558943
0.234967708278
0.225442065237
0.216151852382
0.207132747604
0.198413712616
0.190017855509
0.181963271898
0.174263835778
0.166929922812
0.159969057247
0.153386481023
0.147185647427
0.141368642704
0.135936539704
0.130889688778
0.126227952409
0.121950890657
0.118057904502
0.114548343624
0.111421584313
0.108677082338
0.106314404714
0.104333243503
0.102733414059
0.101514839478
0.100677522383
0.100221504607
0.100146814732
0.100453402746
0.101141060388
0.102209324757
0.10365736168
0.10548382391
0.107686677543
0.110262987783
0.113208651706
0.116518062197
0.120183707209
0.124195848442
0.128542700814
0.133211182571
0.13818676062
0.143440561284
0.148939201222
0.154678120526
0.16064224704
0.16680791741
0.173152400948
0.179644160312
0.186246966015
0.192917588735
0.199613872578
0.206293607034
0.212913052295
0.219428190084
0.225795277667
0.231977091283
0.237946607886
0.243679974945
0.249157947995
0.25437610938
0.259339365796
0.264055999308
0.268544256203
0.272829418859
0.276939473149
0.280904829833
0.284756745545
0.288525554541
0.292238850358
0.295920325736
0.299589774552
0.303260974912
0.306945786708
0.310655372557
0.31439082714
0.318146880453
0.321914605773
0.325684288812
0.329444539253
0.33318012541
0.336870960663
0.3404991474
0.344049658754
0.347506119969
0.350853177452
0.354077003932
0.357163934819
0.360109621295
0.362920145466
0.365601097806
0.368154607933
0.370594717543
0.372931927509
0.37517380852
0.37732223752
0.379371412179
0.381321047185
0.383147303528
0.384833036474
0.386373950924
0.387735341126
0.388843215161
0.389681031682
0.390262348914
0.390546412052
0.39062792228
0.39056065618
0.390375426065
0.390079293068
0.38967988575
0.389185772997
0.388601803836
0.387928100281
0.387161750909
0.386295016132
0.38531488766
0.384206447772
0.382937186968
0.381479607939
0.379800003
0.377876338228
0.375678442885
0.37316259821
0.370274498518
0.366962659544
0.363191741373
0.358923162197
0.354124823462
0.348772144242
0.342846798186
0.336352704665
0.329308297845
0.32173281192
0.313708505963
0.305317607896
0.296629223504
0.287712910446
0.278648130185
0.269513843542
0.260378329644
0.251301261878
0.242335183138
0.233526115661
0.22491396604
0.216532922606
0.208411901016
0.200575053245
0.193042317377
0.185829959569
0.17895106987
0.172415999687
0.166232744876
0.160407282043
0.154943864289
0.149845280769
0.145113082968
0.140747779572
0.136749001616
0.133115640061
0.129845958583
0.126937684869
0.124388083802
0.122194015806
0.120351983252
0.11885816738
0.117708457756
0.116898475736
0.11642359294
0.116278945128
0.116459441236
0.116959766466
0.117774377249
0.118897484417
0.120323018989
0.122044572349
0.12405529898
0.126347762998
0.12891368983
0.131743520434
0.134825491781
0.138143309719
0.141670278273
0.145385309575
0.149281869147
0.153376373386
0.157676355986
0.162185092237
0.166903482916
0.171833231021
0.176978459469
0.182342262817
0.187926750936
0.193731504752
0.199752979069
0.205997438917
0.212464144522
0.219148662634
0.22603613795
0.233123292913
0.240386691429
0.247808892279
0.255382322327
0.263076777998
0.270855254612
0.278666052926
0.286445123609
0.29413282459
0.301619015204
0.308873200569
0.315827706828
0.322405191416
0.328523346719
0.334099589194
0.339022977583
0.3432458546
0.34674657699
0.349509677385
0.351539957643
0.352891402581
0.353594194208
0.353721096365
0.353369065122
0.352629882512
0.351587869959
0.350323271746
0.348921526941
0.347458592381
0.346003288425
0.344624494579
0.343378375221
0.342310572334
0.341457594724
0.340847985912
0.34050340043
0.340439647721
0.340667516625
0.34119329846
0.34201898517
0.343141545986
0.344549774971
0.346236385335
0.348186324686
0.350386024927
0.352821238752
0.35544426582
0.358165251502
0.360973898208
0.363870263645
0.366843610943
0.369859267931
0.372884468853
0.375895870035
0.378844572702
0.381688569351
0.384364326873
0.386767041474
0.388759487112
0.390193229612
0.390931038513
0.390793217538
0.389608224899
0.387384633659
0.384095711906
0.379809082746
0.374592393962
0.368530436799
0.361744217324
0.354367744284
0.346517919576
0.338307008715
0.329843610472
0.321217966881
0.312505459551
0.303762130633
0.295034855045
0.286371088458
0.277819101891
0.269404700917
0.261167638897
0.25312818891
0.245303344483
0.237707753818
0.230353518411
0.223250711233
0.216408067016
0.209833447929
0.203534119911
0.197516924821
0.191788394025
0.18635482019
0.181222292526
0.176396699397
0.171883704184
0.167688701788
0.16381676286
0.160272571149
0.157060357281
0.154183830536
0.151646109049
0.149449648282
0.147596167314
0.146086572395
0.144920877179
0.14409811911
0.143616271589
0.143472151893
0.143661325218
0.144178005766
0.145014956322
0.146163388164
0.147612863149
0.149351199233
0.151364379366
0.153636462407
0.156149496831
0.158883452313
0.161816215561
0.16492369671
0.168179994076
0.171557532109
0.175026910154
0.178554400088
0.182095605607
0.18561054914
0.189085392164
0.19251670667
0.195904828334
0.199254535831
0.20256992092
0.205855080876
0.209115152327
0.212358187641
0.215595763601
0.218841742045
0.222112384107
0.225414842967
0.22877820605
0.232222442714
0.23575877496
0.239411429368
0.243198255722
0.247131952094
0.251221781883
0.255473328418
0.25988758782
0.264449388973
0.269153699617
0.273977729979
0.2788976918
0.283900366068
0.288954783954
0.294017729238
0.29904301295
0.303984106798
0.308787904033
0.313389850683
0.317732100832
0.321758364963
0.325425906031
0.328714113734
0.331612823332
0.334113363221
0.336216878402
0.337936480812
0.339296697329
0.340342087327
0.341106000104
0.341622966493
0.341952343597
0.342152326481
0.342270012498
0.342353107854
0.342453141501
0.342601997421
0.342839256436
0.34319718383
0.343690856573
0.344328035908
0.345106639908
0.346016301656
0.347035020084
0.3481352446
0.349294345115
0.350472652706
0.351634843284
0.352696580415
0.353661578192
0.354462698732
0.355108253244
0.355609900348
0.355963360398
0.356169573353
0.356223083187
0.356129247722
0.355889583313
0.355493261341
0.35493999716
0.354235787802
0.353378084678
0.352364920014
0.351201470547
0.349886132352
0.348410463798
0.34676502433
0.344933723861
0.34288641542
0.340604662951
0.338077950042
0.335294437433
0.332241981954
0.328908155209
0.325279754203
0.321349884683
0.317115983049
0.312579366737
0.307756300886
0.302661119223
0.297313653745
0.291733715813
0.285951548328
0.279997846349
0.273899213393
0.267695561326
0.261423467456
0.255118669321
0.248815472032
0.242546402069
0.23634572508
0.230244857174
0.224271362416
0.218450130648
0.21280392177
0.207353671822
0.202118693606
0.197116798229
0.192364372788
0.187876447955
0.183666765881
0.179747840198
0.17613100007
0.172826420055
0.169843143531
0.167189105758
0.164871157571
0.162895086818
0.161265633297
0.159986492984
0.159060307698
0.158488636323
0.158271903369
0.158409320022
0.158898771884
0.159736666526
0.16091773371
0.162434774102
0.164278360244
0.166436492052
0.168894142909
0.17163243533
0.174626646606
0.177839983325
0.181232346967
0.184744291296
0.188337019572
0.191969204537
0.195679804875
0.199480245846
0.203343162231
0.207256567988
0.211233658992
0.215267109247
0.219344559393
0.223452320248
0.227576705376
0.231694493795
0.23579068108
0.239853821283
0.243862597929
0.247806184272
0.251673948055
0.25545473451
0.259136523752
0.262707092735
0.266166284955
0.269511900283
0.27273871541
0.275847586676
0.278842541933
0.281723724356
0.284490793358
0.287141224698
0.289669733167
0.292083639651
0.294386021319
0.296581125325
0.298675358632
0.30067578506
0.302591254151
0.304433678178
0.306217322246
0.307954767957
0.309656631462
0.311342489853
0.313026931377
0.314725837933
0.316454552149
0.318226444993
0.320052722572
0.321942304318
0.323901384062
0.325932634544
0.328034039702
0.330197849651
0.332411167756
0.334654879517
0.336896888392
0.339084266047
0.341177091689
0.343139989727
0.344908572859
0.346395653679
0.34752875891
0.348245775588
0.348453881407
0.3481233659
0.347302057124
0.346013839196
0.344360760804
0.342464078519
0.340402499492
0.338287056232
0.336178957518
0.334130274348
0.332182399042
0.330365897589
0.328702213041
0.327205559727
0.325879364142
0.324714981735
0.323703553956
0.322836305349
0.322108319177
0.321505012743
0.321006637647
0.320586549446
0.320215306487
0.319856155761
0.319471405247
0.319014687565
0.318434348425
0.317674375813
0.316681269916
0.315425278455
0.313862615425
0.311959608594
0.309679648472
0.307021917104
0.303971203006
0.300524185209
0.296698188056
0.292503131237
0.28798486374
0.283204397046
0.278210143846
0.273040856769
0.267766631336
0.262436672199
0.257094734719
0.251775150536
0.246512446487
0.24134831745
0.236323066449
0.231466038781
0.226800385145
0.222350798442
0.218137534424
0.214175793494
0.210477462411
0.207051653661
0.203905094493
0.201042476223
0.198466728536
0.196179209886
0.194179841379
0.192467216703
0.191038702355
0.189890528918
0.189017874082
0.18841493999
0.188075024904
0.187990584892
0.188153277998
0.188553978604
0.189182739198
0.190028675847
0.191079907194
0.192324082963
0.19374912766
0.195342680469
0.197091263037
0.198980006984
0.200992419823
0.203109824902
0.205310039722
0.207564119205
0.209833112717
0.212070608404
0.214252326399
0.216357408271
0.218382462507
0.220353422076
0.222296900824
0.224244711551
0.226213461645
0.228210108254
0.230239290746
0.232312664533
0.234434695873
0.236604343947
0.238830394132
0.241115340695
0.243452772339
0.245843294457
0.248293304804
0.250804425617
0.253376443777
0.256006791696
0.258690726414
0.261421401587
0.264190443341
0.266989841351
0.269812929569
0.27265313017
0.275500722636
0.278348077241
0.281192652114
0.284017406341
0.286812957417
0.289576538057
0.292316909265
0.295039796312
0.297743323227
0.300421364866
0.303053715957
0.305646582647
0.308209328931
0.310733877212
0.31321551483
0.315639066329
0.317985342209
0.320240423421
0.322370783714
0.324324639475
0.326066488401
0.327592091583
0.328868535735
0.329870143146
0.330563596805
0.330975935291
0.331123614952
0.330982694112
0.330613449146
0.330063134113
0.329351332079
0.32852021037
0.327574794533
0.326591717154
0.325610557753
0.324661587349
0.323770698555
0.322953480187
0.32222938231
0.321608706561
0.321089023363
0.320659163939
0.320306558208
0.320002288004
0.319753788223
0.319554731003
0.319398378149
0.319273968496
0.319163031469
0.319035688016
0.31887466839
0.31866979065
0.318405725652
0.318052988058
0.317585815477
0.316977441981
0.316191004102
0.31519934343
0.313993006018
0.312549071539
0.31081879041
0.308809411359
0.306510437736
0.303919964031
0.301032701532
0.297858202232
0.294412479363
0.290717980015
0.286808731862
0.282720071021
0.278486180864
0.274159386124
0.269773911437
0.265380942787
0.261023375721
0.256734476453
0.252543394037
0.248474632175
0.244549855905
0.240789336351
0.237209471982
0.233825072733
0.230650398245
0.227699200944
0.224983391255
0.222511831932
0.220290375943
0.218322361504
0.216608897783
0.215148935646
0.213939033935
0.21297034985
0.212239287624
0.211739565354
0.211462018528
0.211395864576
0.211528910763
0.211847790003
0.212338192012
0.21298506938
0.213772801279
0.214685289315
0.215705917384
0.216817598292
0.218004414001
0.219253151284
0.220551769885
0.221888800321
0.22325356771
0.2246361139
0.226026614212
0.227413616269
0.228777521881
0.230093857197
0.23134067163
0.232514086584
0.233622869404
0.23468668778
0.235710178325
0.236713811455
0.237711821644
0.238713572317
0.239726457918
0.240762335792
0.241839847498
0.242974260465
0.244177901343
0.245459996039
0.24682999306
0.248296337014
0.249863748658
0.251534874121
0.253311126016
0.255191360579
0.257162796704
0.259228957269
0.261381697722
0.263609453121
0.265899932132
0.268245652677
0.27063753046
0.273065418941
0.275518722197
0.27798739659
0.28045821223
0.282915441392
0.285351615537
0.287755580093
0.290141657597
0.29250894047
0.294852236273
0.297164750573
0.299426921265
0.301631492103
0.303792573762
0.305906631848
0.307962124011
0.309940819001
0.311811905115
0.313568769318
0.315170052156
0.31659428693
0.317833855787
0.318889750371
0.319739758482
0.320384836909
0.320824428159
0.321085718432
0.321173233053
0.321104157275
0.320889339161
0.320573080739
0.320200985859
0.319786457507
0.319361696595
0.318933550989
0.318492034976
0.318072682675
0.317692819526
0.317342737499
0.317010264193
0.316701027599
0.316417643938
0.316150195341
0.315883569234
0.315601113173
0.315288273979
0.314930009479
0.314498111379
0.313992510029
0.313410121817
0.312738163827
0.311952672541
0.311046434765
0.310012172371
0.30884995899
0.307556995152
0.306128584679
0.304556523719
0.302829520266
0.300951710588
0.29892743096
0.296757215308
0.294444361849
0.291996132076
0.289421401816
0.286721483602
0.283915398381
0.281030841431
0.278078772614
0.275083473099
0.272061050121
0.269024294
0.265990945523
0.262963791705
0.25997850627
0.257057656584
0.254216377117
0.251468666602
0.24882793584
0.246306898643
0.243917339761
0.241669783993
0.239571484185
0.237623780084
0.235841152645
0.234230810006
0.232799566081
0.231554482912
0.230500208694
0.229639705216
0.228974045061
0.228502114677
0.228221031604
0.228126710952
0.22821367145
0.228474977781
0.22890255704
0.229487153851
0.230217986606
0.231082401208
0.232065254311
0.23314926854
0.234319228621
0.235561247882
0.23686056855
0.238201119995
0.239565637883
0.240936287492
0.24229501902
0.243621715111
0.244894487996
0.246097288895
0.247225144392
0.248274115025
0.249245607719
0.250143492011
0.250976078857
0.25176813291
0.252540139579
0.253307032284
0.254079449637
0.254862123611
0.25565647281
0.256475802251
0.257332563166
0.25823311105
0.259176473219
0.260167482835
0.261202158181
0.262284764374
0.263410744157
0.264576985419
0.265784351654
