-9.43689570931e-18
0.000108794078119
0.000435240272446
0.000979530632175
0.00174198580457
0.00272305588639
0.003923321623
0.00534349596235
0.00698442597315
0.00884709513894
0.0109326260421
0.0132422834545
0.0157774778541
0.0185397693893
0.0215308723186
0.0247526599512
0.0282071701253
0.0318966112582
0.0358233690124
0.0399900136236
0.0443993079434
0.0490542162586
0.0539579139508
0.0591137980751
0.0645254989401
0.0701968927866
0.076132115672
0.0823355786831
0.0888119846133
0.0955663462623
0.102604006535
0.109930660541
0.117552379923
0.125475639683
0.133707347795
0.14225487797
0.151126105949
0.160329449803
0.169873914761
0.1797691432
0.190025470504
0.200653987663
0.211666611589
0.223076164337
0.234896462631
0.247142419352
0.259830158985
0.272977149406
0.286602352934
0.300726400127
0.315371790674
0.33056312665
0.346327384735
0.362694235597
0.379696420769
0.397370200162
0.41575588698
0.434898491808
0.454848504245
0.475662849675
0.497406071453
0.520151806807
0.543984650566
0.569002538634
0.595319839583
0.623071428996
0.65241815652
0.683554334051
0.716718238352
0.752207254606
0.7904004374
0.831793468914
0.877055498646
0.92712732707
0.983404876348
1.04812068857
1.12527048441
1.22351222984
1.37173030425
1.59646511441
1.57595228328
1.55666399892
1.54306960179
1.51435777651
1.49564924558
1.47498610543
1.45303313023
1.43488911606
1.41490690193
1.39638291698
1.38321466002
1.36122300075
1.34376828098
1.3279912647
1.30759031748
1.29150350767
1.27681646639
1.26000200451
1.24201357975
1.22572885354
1.21484610251
1.19475648091
1.18016057573
1.16894676502
1.15394673202
1.13863597888
1.12671887214
1.11042402583
1.09424793799
1.08051210789
1.07353688208
1.05418572186
1.04418476838
1.02869514373
1.02023691421
1.00486015003
0.992180029514
0.981476383181
0.973765833585
0.960708728808
0.947927271348
0.936479173958
0.925678637517
0.915461165794
0.906147790934
0.901157679229
0.885906148477
0.874277651656
0.864190334498
0.855731623838
0.851023717839
0.836823141469
0.828000594542
0.824812066106
0.810519741372
0.803785680181
0.794704596716
0.786700817394
0.779387288771
0.771248008306
0.76399147899
0.757247061639
0.748973655269
0.747726573852
0.73519571487
0.729723858488
0.724326398769
0.715909135068
0.710986110638
0.707411970923
0.698464038689
0.692867618699
0.689692778274
0.684786826303
0.67740733682
0.672167951014
0.668133961055
0.665907553405
0.662488861624
0.655507670256
0.650600765719
0.646489555324
0.642925531482
0.639832014274
0.637212376231
0.635171275409
0.634148992148
0.638421299612
0.628857052453
0.625018403385
0.622056857939
0.619582948222
0.617475432066
0.615688047381
0.614209304101
0.613053877687
0.612270254845
0.61197877424
0.612552874689
0.617869890765
0.611600063216
0.609383932878
0.608222529803
0.60763993716
0.607507687552
0.60778482087
0.608469481284
0.609590945195
0.611225241355
0.613569051555
0.617420195424
0.620570182117
0.619470357834
0.620660343861
0.622768387816
0.625606955323
0.629231399053
0.634058781764
0.646021512703
0.64136841952
0.644142696391
0.648168865318
0.653170677125
0.659378538579
0.66960075385
0.671173179346
0.675614511855
0.681609002448
0.688792044135
0.697603797377
0.708746889066
0.712338596407
0.719767826945
0.728669637426
0.739059774909
0.753085997125
0.760517436693
0.769956237742
0.781358709828
0.79437157885
0.809752639348
0.824632848477
0.836750431498
0.851914469294
0.869080272377
0.888485212356
0.913275280847
0.930146662614
0.951817555304
0.97692586118
1.0055696515
1.0386582153
1.07906719187
1.12101436077
1.17470946048
1.25594319112
1.3962458591
1.38753449189
1.37749801761
1.3746210386
1.35960565147
1.35334653269
1.33825533597
1.3298145915
1.31622802995
1.30622271521
1.30597420205
1.2863611134
1.28172070017
1.27296213785
1.2577998167
1.24693134855
1.23912957068
1.22918048914
1.22250202792
1.2105915293
1.20195820843
1.19336731463
1.18187797047
1.17403730536
1.16926553037
1.1553292804
1.12078339015
1.07929817632
1.05099609996
1.02709650119
1.00569099013
0.986085826785
0.968100704045
0.952154475096
0.938790112268
0.918445106242
0.902369166165
0.888907807958
0.876080583819
0.85957042864
0.847702595646
0.834225142704
0.820634347314
0.811282765681
0.795993250281
0.788702722744
0.772746333452
0.764221022542
0.750845579753
0.740645805406
0.73118445529
0.719008911453
0.711802418839
0.700060006213
0.689550635975
0.682499271845
0.672560814913
0.661865218383
0.653549307428
0.648966902809
0.637438307961
0.627723845904
0.6195855764
0.612676392811
0.608639634591
0.598796348138
0.589533942361
0.581625023668
0.574388002259
0.567643912042
0.56133243565
0.555457084378
0.550104736533
0.545613918842
0.545423776471
0.534637021144
0.527274712327
0.520942931043
0.515148894873
0.50977240643
0.504807173982
0.500351787744
0.496801067958
0.501172632659
0.487004576422
0.480586033532
0.475117334643
0.470170750525
0.465627222828
0.46145077309
0.45764614038
0.45425616204
0.451392691067
0.449390429637
0.450809948633
0.444116004222
0.439503653814
0.436175849867
0.433661558567
0.432024536318
0.432111427108
0.430778942141
0.426197089317
0.423817657385
0.422621788919
0.423097548324
0.423864032906
0.419604880855
0.418203289767
0.418361155394
0.42296227618
0.418240642458
0.416997895697
0.417700563537
0.422861934166
0.419143695701
0.418835380485
0.420813828009
0.425924439888
0.422801632552
0.424228869033
0.429134509592
0.429262153278
0.430384868936
0.434562072065
0.438080540529
0.439012228233
0.443472988302
0.448992827839
0.450157441158
0.45544690367
0.461776489072
0.464077025524
0.470765149349
0.476996620731
0.481251066382
0.49021182019
0.495727129054
0.502421079406
0.517848539008
0.519030068201
0.528739091881
0.540025022422
0.548190543208
0.562671510263
0.572076126592
0.585270242822
0.601583212512
0.614396542153
0.635158984441
0.650426897158
0.672006795465
0.696266624997
0.722286300325
0.76033621905
0.796229556724
0.859171151134
0.970022992081
0.964294640654
0.957524425342
0.946360860003
0.94023000953
0.929621066237
0.926723466285
0.914342365787
0.908918975323
0.896276573115
0.890524632379
0.880127424455
0.876714570278
0.864575841122
0.859542421852
0.84882166078
0.84242212405
0.843948373238
0.82771430858
0.819643439521
0.811504601999
0.804927428762
0.797994805535
0.796047951521
0.783638763373
0.775204685532
0.767912150798
0.764192318503
0.755062932619
0.747118282544
0.759318559282
0.733471018505
0.730898843665
0.720400982642
0.718910989048
0.707384442641
0.712097797271
0.694797397433
0.695728133122
0.683788622674
0.679184336097
0.674402180524
0.667271419616
0.660241824787
0.655372869305
0.654715323468
0.643208145434
0.64339081705
0.632537479346
0.633257232005
0.624591397114
0.618179713167
0.612491479358
0.606618468413
0.605289527006
0.597783831025
0.598412795169
0.592809214595
0.589649289932
0.582698990818
0.576250721527
0.576152654149
0.566712933195
0.564812815584
0.558902155794
0.554912831883
0.55336825712
0.547142654493
0.547521965675
0.541535871645
0.540226680512
0.540916057546
0.531113049576
0.530164713197
0.522549178478
0.519200776847
0.517760128518
0.512344868076
0.512907138981
0.508804838946
0.509273445323
0.508431789513
0.499923981181
0.498502921617
0.495554717158
0.493078696467
0.500219476894
0.49120461937
0.48749922113
0.487142464532
0.483236512123
0.486320284987
0.483135147208
0.478699554644
0.482713606853
0.477630340479
0.479999198605
0.478363846386
0.473104740797
0.474911273781
0.477590849995
0.471578929976
0.47335959015
0.474197963912
0.472315982485
0.474850906589
0.47201204299
0.476047056698
0.482996058186
0.472392994078
0.478768658749
0.478403045754
0.474504414556
0.480054391878
0.480483283586
0.478162600615
0.484704656046
0.484385607854
0.483398967936
0.493285936009
0.489917532197
0.490409928902
0.49839747793
0.497291044303
0.499630781839
0.504853849205
0.506864762732
0.512594298419
0.51455143135
0.519189864537
0.523880857225
0.527171832028
0.535820541044
0.536371734434
0.543287195144
0.552173426713
0.553553530042
0.566327756371
0.570483744114
0.5759618091
0.584000553171
0.595661302245
0.602651899206
0.609482567434
0.636598496739
0.630456055369
0.644168647195
0.659361880969
0.66961420005
0.683805196271
0.702242120267
0.720435041995
0.73775266217
0.766191101264
0.791090790062
0.830328986023
0.873768023401
0.985017538344
0.971128509593
0.975047707941
0.966315550174
0.963066803754
0.945136754946
0.950597881973
0.936482949965
0.932465655449
0.920715677704
0.920556454355
0.906889216248
0.906419208271
0.911834284802
0.894502745566
0.883541195189
0.886583708232
0.875106555232
0.876063706903
0.860461975163
0.860508552244
0.849309264839
0.84574387766
0.841242955664
0.842956129056
0.825681685834
0.826341841101
0.818043722582
0.815518709085
0.807260433272
0.808807573134
0.806496373155
0.788129900038
0.78921516165
0.783219553134
0.774399725871
0.770266752963
0.776475725082
0.765812523954
0.754684915533
0.756413322823
0.747185901441
0.742860865986
0.740359901684
0.749120984761
0.733423733594
0.724084957142
0.724896040601
0.717489516683
0.711600927903
0.708416150934
0.708040556577
0.711601692108
0.69474128073
0.693799990368
0.691663082699
0.68409032952
0.686178342146
0.680432709804
0.677094642863
0.672512375528
0.671135629267
0.682329105137
0.662747038842
0.659087218455
0.657257815829
0.652960680026
0.654013577475
0.646412863035
0.650925046364
0.646672286272
0.637671613437
0.637918099161
0.636925832276
0.630865030198
0.64027180548
0.628763824066
0.625490874816
0.622629749398
0.620087421823
0.629295406485
0.61687950065
0.612562830119
0.618493175983
0.622926023613
0.609057304297
0.610553706714
0.608195789425
0.61011383899
0.60467373096
0.601411329789
0.609932866234
0.602330579653
0.59776956308
0.602231528741
0.604581527433
0.596160755238
0.599990223949
0.600526788849
0.596904147506
0.600471294313
0.597961496978
0.59824480791
0.603957277398
0.596797690089
0.595488069128
0.614725908728
0.597369509133
0.596201218066
0.614922270259
0.600855875099
0.599251910831
0.611549117396
0.604590750806
0.605538544344
0.61012855599
0.60658038614
0.619825215985
0.613477893481
0.613569882669
0.615355151289
0.621485551338
0.621876307605
0.620729570343
0.633637825714
0.629507730007
0.630998701012
0.636054461304
0.646158824645
0.64347559613
0.645381109159
0.663458407424
0.655992211711
0.662011513764
0.669435752371
0.67617799925
0.675826228744
0.683660163341
0.690392216813
0.697401124986
0.70346681288
0.711645119019
0.721774454449
0.726297155549
0.743765113952
0.744832174393
0.762513287721
0.767458124996
0.783475730764
0.793046242463
0.811808707658
0.825918430864
0.844563067344
0.86435694387
0.891078554986
0.915469075982
0.962321544485
1.0521451663
1.05465042871
1.04412363001
1.04323415996
1.03648573633
1.03046986048
1.02981101515
1.01850329176
1.01679541709
1.00791668969
1.01120987777
0.997583870201
0.998399146381
0.988291718721
0.98807106865
0.981151244432
0.979817549212
0.964212098798
0.96435179863
0.963029374924
0.952294317831
0.947376118171
0.946740218838
0.941122034842
0.933084261025
0.928687040183
0.926346958206
0.923106036975
0.916244994465
0.908284549063
0.918233422613
0.910639198014
0.896711665899
0.891191936785
0.892181023802
0.887440905158
0.877727396022
0.883511590884
0.880241823653
0.868201611327
0.871978740216
0.859608177239
0.859958676241
0.852336768315
0.846305020496
0.850147746069
0.841581037458
0.838700832782
0.836650848494
0.832988123906
0.839501122691
0.824819914171
0.821517554733
0.819464919503
0.81312198931
0.822830682937
0.804283713086
0.809377250817
0.805024302711
0.803735005736
0.796545344673
0.794575309151
0.789933146268
0.795157464399
0.784445747564
0.787736315445
0.782857323069
0.774546118582
0.776068231211
0.780078875646
0.776133135042
0.774256362268
0.762917238764
0.766249225923
0.768342886607
0.755756020049
0.754716166709
0.758211839446
0.749495133662
0.725949336531
0.712006274501
0.695668397272
0.688246284017
0.682738309681
0.670047776671
0.663015847496
0.656776161657
0.657590899348
0.645600378077
0.637695276519
0.632323135977
0.631823274709
0.625260793489
0.616913745301
0.61538987717
0.613769122726
0.608999259378
0.604437476812
0.599652097245
0.592717572584
0.59816155083
0.589385721653
0.58327340778
0.588298034241
0.580088768678
0.582134318256
0.576527995656
0.572426126052
0.572290955246
0.571893304895
0.573421795631
0.564137337647
0.564709138958
0.56657469759
0.569313544944
0.563587083907
0.564745310551
0.572676085915
0.560204164104
0.5685363197
0.558789649003
0.559031299005
0.561449011915
0.564930108349
0.561872801553
0.56159097555
0.565830593296
0.563665824778
0.577886742599
0.575167846693
0.571007999809
0.56959953971
0.580005035053
0.580330316888
0.582361716307
0.581348043034
0.592840572602
0.590462936295
0.599173635904
0.600703096968
0.60551242742
0.606892751714
0.619390676203
0.623857159132
0.62733864727
0.632681108823
0.646550774463
0.654403102702
0.660974424793
0.67116706712
0.68412598151
0.696164796277
0.713153033223
0.73388933303
0.746968822836
0.779564898135
0.807943895114
0.907677128174
0.892878066748
0.885303721571
0.880748632926
0.877713466355
0.875244254279
0.862125983636
0.872811787817
0.849266272009
0.845092694747
0.841644468774
0.840586512602
0.82699686349
0.819980160324
0.824773024843
0.814093834443
0.808315299123
0.797480602915
0.794367497052
0.790213240119
0.785839001136
0.78199984583
0.773961700661
0.768414605408
0.759920755875
0.755561610054
0.76815368967
0.74793774585
0.739320732616
0.734464971758
0.735079624371
0.743592209522
0.720068638116
0.716732907616
0.720846547058
0.710536452916
0.717558876679
0.706775632106
0.709072735395
0.696840433933
0.686014113181
0.685250703066
0.685045951957
0.670465045049
0.670797305665
0.659930253158
0.662703940128
0.661950453112
0.648395800564
0.647664787297
0.653039382819
0.639261071158
0.644382908096
0.630006045172
0.627686975285
0.627018347578
0.621351484945
0.616917176959
0.617845803714
0.610122683042
0.608394574517
0.601810803471
0.598067190733
0.607085313768
0.595538236827
0.588430900151
0.5940070756
0.587134585772
0.590981744697
0.585512484643
0.573059948919
0.57467329689
0.57381767706
0.56458973154
0.567273695246
0.56766281524
0.5616308605
0.55642721296
0.556569288456
0.551271127865
0.562327440916
0.552209062826
0.54294988433
0.54473504577
0.545114035237
0.543922514138
0.54670657498
0.538157359199
0.533801422073
0.537313740156
0.536664375478
0.538249692735
0.528935772214
0.542300030031
0.52978751258
0.523649135894
0.535466342389
0.531457674961
0.526767429826
0.524518470292
0.520035894831
0.519804794606
0.522214817684
0.543554876468
0.518232831549
0.520570637528
0.5198438637
0.52021003164
0.523684868381
0.527901041802
0.518268461659
0.517203474727
0.524445615234
0.522198466717
0.525314009517
0.522259110797
0.527747040325
0.525402812001
0.528917594163
0.530996520732
0.537380914199
0.528711310107
0.545449447848
0.532133334261
0.537681810223
0.535342375509
0.558560852473
0.547465717337
0.545639032898
0.545561625238
0.550818183768
0.552463514766
0.569620486708
0.564633654616
0.561575126603
0.564441673695
