-0.0
3.67444054717e-05
0.000146962189879
0.000330607037586
0.000587601690526
0.000917837850323
0.00132117604152
0.00179744543617
0.00234644364015
0.00296793644163
0.00366165752217
0.00442730813114
0.00526455672411
0.00617303856613
0.00715235530082
0.00820207448626
0.0093217290992
0.0105108170087
0.0117688004207
0.0130951052962
0.014489120743
0.0159501983859
0.0174776517152
0.0190707554176
0.0207287446925
0.0224508145559
0.0242361191364
0.0260837709669
0.0279928402751
0.0299623542797
0.0319912964945
0.0340786060476
0.0362231770202
0.038423857812
0.040679450539
0.0429887104705
0.0453503455134
0.0477630157506
0.0502253330415
0.0527358606945
0.0552931132182
0.0578955561612
0.060541606051
0.0632296304392
0.0659579480648
0.0687248291437
0.0715284957949
0.0743671226136
0.0772388373985
0.0801417220446
0.0830738136087
0.0860331055558
0.0890175491944
0.0920250553053
0.0950534959714
0.0981007066115
0.10116448822
0.104242609818
0.107332811108
0.110432805338
0.113540282373
0.11665291195
0.119768347142
0.122884227985
0.125998185283
0.129107844573
0.132210830216
0.13530476963
0.138387297611
0.141456060751
0.144508721909
0.147542964732
0.150556498177
0.153547061038
0.156512426428
0.1594504062
0.162358855286
0.165235675917
0.168078821704
0.170886301558
0.173656183415
0.176386597755
0.179075740885
0.181721877966
0.184323345776
0.18687855517
0.189385993253
0.191844225223
0.194251895901
0.196607730913
0.198910537547
0.201159205256
0.203352705821
0.205490093173
0.20757050287
0.209593151242
0.211557334214
0.213462425803
0.215307876325
0.217093210312
0.218818024163
0.220481983562
0.222084820685
0.223626331239
0.225106371366
0.226524854461
0.227881747958
0.22917707013
0.23041088695
0.231583309092
0.232694489098
0.233744618805
0.234733927044
0.235662677647
0.236531167563
0.237339724598
0.238088703689
0.238778480037
0.239409436958
0.239981946265
0.240496338856
0.240952861425
0.241351611054
0.24169246221
0.241975123353
0.242199429323
0.242365634425
0.242474554632
0.242526762783
0.242522219706
0.242461360027
0.242345087901
0.242174292845
0.241949806108
0.241671992769
0.241340683006
0.240956622025
0.240521044974
0.240035460461
0.239501614407
0.238920412424
0.238292599224
0.237621069399
0.236903733682
0.23614733078
0.235355069543
0.234527859167
0.233665044146
0.232766403101
0.231835669719
0.2308743021
0.229884649656
0.228869418427
0.227830362279
0.226772741772
0.225699292858
0.224612069822
0.223512716018
0.222402230914
0.221281366719
0.220151774143
0.219014922913
0.217871767627
0.216723717403
0.215572365078
0.214417006833
0.213259974468
0.21210416016
0.210951043602
0.209801818966
0.208656679463
0.207517140475
0.20638419116
0.205257844272
0.204138452181
0.203027180949
0.201925127762
0.200832953452
0.199750960163
0.198679377904
0.197619591016
0.196572315641
0.195537764372
0.194516050017
0.193507385918
0.192512051137
0.191530359742
0.190562553813
0.189608748525
0.188668976425
0.187743229826
0.186831444151
0.185933470016
0.185049207574
0.18417877057
0.183321399762
0.182476743671
0.181646170054
0.180829639289
0.180027046335
0.179238261422
0.178463142272
0.177701544028
0.176953325789
0.176218351967
0.175496491019
0.174787616964
0.17409161591
0.173408392453
0.172737868732
0.172079975866
0.171434645693
0.170801808809
0.17018139686
0.169573344596
0.168977588632
0.168394055109
0.167822575537
0.167262726096
0.166714667026
0.166178664028
0.165652340953
0.165137967675
0.16463572357
0.164145605747
0.163667612802
0.163201744348
0.162748000324
0.162306379981
0.161876880072
0.161459491766
0.161054195282
0.160660948829
0.160279661998
0.159910139604
0.159552085928
0.159205415984
0.158869810927
0.158545605451
0.158233091301
0.157932266136
0.157643124857
0.157365653653
0.15709982635
0.156845609227
0.156602969063
0.156371880402
0.156152329657
0.155944314825
0.155747841542
0.155562917709
0.155389548705
0.155227734161
0.155077466303
0.154938729423
0.154811499994
0.154695747067
0.154591432738
0.15449851261
0.154416936237
0.15434664755
0.154287585295
0.154239683501
0.154202871974
0.154177076791
0.154162220754
0.15415822372
0.15416500275
0.154182471979
0.154210542174
0.154249119891
0.154298106091
0.154357393915
0.154426865057
0.154506384639
0.154595798821
0.154694950344
0.154803714626
0.154922005642
0.155049740549
0.155186818132
0.155333119453
0.155488513508
0.155652861406
0.155826018857
0.15600783766
0.156198166615
0.156396852058
0.156603737996
0.156818665733
0.157041472777
0.157271990776
0.157510042135
0.157755434846
0.158007955254
0.158267359811
0.158533371024
0.158805686614
0.159084000823
0.159368023408
0.159657514887
0.159952342808
0.160252462309
0.160557830853
0.160868364327
0.161183939118
0.161504405494
0.161829598752
0.162159346751
0.162493474826
0.162831808972
0.163174177863
0.16352041404
0.163870354506
0.164223840902
0.164580719433
0.164940840619
0.165304058986
0.1656702327
0.166039223182
0.166410894732
0.166785114171
0.16716175056
0.167540674991
0.167921760471
0.168304881888
0.168689916046
0.169076741734
0.169465239805
0.169855293254
0.170246787264
0.170639609254
0.171033648918
0.17142879831
0.171824951947
0.172222006762
0.172619861293
0.173018412344
0.173417544305
0.173817099175
0.174216822689
0.174616415335
0.175015666039
0.175414416234
0.175813011479
0.17621167503
0.176610442335
0.177009302022
0.177408229793
0.177807196399
0.178206168693
0.178605106151
0.179003949082
0.179402593066
0.179800905066
0.180198880687
0.18059662147
0.180994183359
0.181391576508
0.181788792235
0.182185814804
0.18258262597
0.182979207001
0.183375539769
0.183771607359
0.184167394349
0.184562886761
0.184958071728
0.185352936865
0.185747469394
0.186141655045
0.18653547678
0.186928913439
0.187321938379
0.187714518215
0.188106611585
0.188498167586
0.188889122395
0.189279388173
0.189668809379
0.190057076767
0.190444028087
0.190829821928
0.191214499955
0.191598008552
0.191980264305
0.192361171749
0.192740628047
0.193118524122
0.193494744401
0.193869165633
0.19424165476
0.194612065648
0.194980234649
0.195345975777
0.19570907826
0.196069310357
0.196426427644
0.196780180112
0.19713032931
0.197476678858
0.197819081186
0.198157424998
0.198491640702
0.198821693368
0.199147547617
0.199469140811
0.199786369094
0.200099009455
0.200406314856
0.200708333034
0.201005184644
0.201296598157
0.201582302796
0.201862142669
0.202136042723
0.202403929772
0.202665712575
0.20292129217
0.203170569039
0.203413442172
0.20364980384
0.203879531515
0.204102471895
0.204318411452
0.204527091638
0.204728338892
0.204922023634
0.205107924021
0.205285733836
0.205455167302
0.205616008878
0.205768045674
0.205910678134
0.206042137189
0.206164167515
0.206276594689
0.206379184376
0.206471555572
0.206553245379
0.206624130954
0.206683923298
0.206731885563
0.206768455902
0.2067932837
0.206805846128
0.20680608476
0.206793568248
0.206767622121
0.206729870505
0.206680373389
0.206618700788
0.206542233887
0.20645188877
0.206348574844
0.20623180984
0.206099155023
0.205950266142
0.205789665595
0.205618286765
0.205436244554
0.205242533688
0.20503472964
0.204815135471
0.204583434248
0.204340923367
0.204088610108
0.203827023109
0.203556440838
0.203276900349
0.202988254757
0.202690380112
0.202383240587
0.202066420798
0.201738522731
0.201400359184
0.201053164679
0.2006907602
0.200317036616
0.199934323388
0.199544724002
0.199148947002
0.198747243571
0.198339876698
0.19792737549
0.197510335614
0.197088728864
0.19666337332
0.196234927093
0.195803550492
0.195369216809
0.194931927121
0.19449199399
0.194049996783
0.193606464593
0.193161719322
0.19271608052
0.192269906264
0.191823438696
0.191376816763
0.19093011877
0.190483501878
0.190037256224
0.189591652202
0.189146800727
0.188702511065
0.188258444642
0.187814731963
0.187372238648
0.186931506869
0.186492771116
0.186056162324
0.185621753139
0.185189568264
0.184759607454
0.184331902588
0.183906566742
0.183483781593
0.183063766027
0.182646781097
0.182233131047
0.181823110418
0.181416935071
0.181014633793
0.18061555397
0.180219725372
0.179828457887
0.179441944345
0.179060306493
0.178683647218
0.17831205513
0.177945604788
0.177584356426
0.177228356028
0.176877635733
0.176532214206
0.176192096489
0.175857273214
0.175527720572
0.175203405801
0.174884304714
0.174570426938
0.174261825279
0.173958576155
0.17366075133
0.173368400433
0.173081539217
0.172800113517
0.172523871545
0.17225254179
0.171986436018
0.171725823459
0.171470801798
0.171221423245
0.170977728186
0.170739751474
0.170507523195
0.170281068749
0.170060409463
0.169845564206
0.169636551933
0.169433394244
0.169236116505
0.16904474665
0.168859312288
0.168679837605
0.168506341218
0.168338835278
0.168177325593
0.168021812415
0.167872291632
0.167728756137
0.167591197152
0.167459605357
0.167333971724
0.167214288174
0.167100548222
0.166992747607
0.166890884396
0.166794957597
0.166704962841
0.166620880545
0.166542612908
0.16646952054
0.166401052091
0.166338120215
0.166281047132
0.166229883119
0.166184637356
0.166145303832
0.166111869805
0.166084320216
0.1660626365
0.16604679207
0.166036748777
0.166032455789
0.166033849856
0.166040855181
0.166053364746
0.166070174465
0.166092044462
0.166118433779
0.166149231436
0.166184997425
0.166225986698
0.166272269919
0.166323864046
0.166380760043
0.166442927244
0.166510317637
0.166582881624
0.166660594693
0.166743473969
0.16683157002
0.166924946646
0.167023661368
0.167127739416
0.167237060561
0.167351009906
0.16746972594
0.167593778237
0.1677232779
0.167858232113
0.167998620917
0.168144410219
0.16829555508
0.16845200058
0.168613681612
0.168780521716
0.168952430969
0.169129304057
0.169311023857
0.169497479471
0.169688592461
0.169884320361
0.170084633335
0.170289494527
0.170498854904
0.170712654461
0.170930823572
0.171153282276
0.171379935271
0.171610654681
0.171845231766
0.172083384495
0.172325049153
0.172570298059
0.172819100853
0.173071357557
0.173326932069
0.173585650792
0.173847251375
0.174111143192
0.174376769186
0.174644347939
0.174913710222
0.175184481353
0.175456435731
0.175729452394
0.176003434724
0.176278519073
0.176554818072
0.176832208122
0.177110262599
0.177389195088
0.177669120477
0.177949953894
0.178231567438
0.178513810675
0.178796523734
0.179079569693
0.179362887769
0.179646523504
0.179930597836
0.180215252342
0.180500614493
0.180786784314
0.181073832259
0.181361801283
0.181650707569
0.181940536188
0.182231230199
0.182522672632
0.182814664502
0.183106917782
0.183399078193
0.183690747875
0.183981678759
0.184271785103
0.184560906704
0.184848902707
0.185135731062
0.185421514334
0.185706550001
0.185991104731
0.186275348151
0.186559376093
0.186843226616
0.187126887019
0.187410297345
0.187693354212
0.187975919136
0.188257834931
0.188538948617
0.18881913041
0.189098276963
0.189376298192
0.189653095952
0.189928539677
0.190202444566
0.190474565014
0.190744392008
0.191011575297
0.19127687264
0.191540545175
0.191802700382
0.192063373988
0.192322502981
0.192579918733
0.192835489487
0.193089234258
0.193341155388
0.193591160958
0.1938391414
0.194085043995
0.194328858737
0.194570552514
0.19481001909
0.195046756809
0.195280069051
0.195510109907
0.195736634716
0.195959825476
0.196179850381
0.196396731479
0.196610434836
0.196819616433
0.197025542937
0.197227817455
0.197425460619
0.197619592925
0.197810066366
0.197996878255
0.198180076061
0.198359649948
0.198535559053
0.19870340366
0.198864547147
0.199021947917
0.199174656966
0.199321500576
0.199463844308
0.199601964704
0.199735882582
0.199865454458
0.199990142344
0.200109316309
0.200222980089
0.200330972676
0.20043280672
0.200527915615
0.200615932189
0.200696370283
0.200768799122
0.200832578972
0.200887344558
0.200934450992
0.200973905325
0.201005609769
0.201029363919
0.201044298192
0.201048490325
0.201043173524
0.201029071769
0.201006142644
0.20097399298
0.200932264127
0.200880913005
0.200819918035
0.2007490082
0.200667827791
0.200576841106
0.200476469414
0.200366891522
0.200248143477
0.200120151448
0.199982780717
0.199835918547
0.199679508198
0.19951340201
0.19933716654
0.199150595944
0.198954193392
0.198748208375
0.198532200214
0.198304119562
0.198064712136
0.197816447468
0.197559587376
0.197294218555
0.197020000558
0.196736852624
0.196445730535
0.19614750727
0.195842788415
0.195532002106
0.195215446398
0.194893175845
0.194564039807
0.194227714342
0.193886572362
0.193540236801
0.193189177435
0.192833326954
0.192472688508
0.192107861609
0.191738907664
0.191365944833
0.190988981315
0.190607488032
0.190222693283
0.189836190671
0.189448746405
0.189060847969
0.188672839093
0.188284958755
0.187897354986
0.187509998397
0.18712101092
0.186729463745
0.18633853172
0.185948896603
0.185560952654
0.185174999306
0.184791255964
0.184409914893
0.184031179264
0.18365524482
0.183282271723
0.182912375878
0.182545624094
0.182182027963
0.181821569667
0.18146429046
0.181110330629
0.180759801361
0.180412735544
0.180069424823
0.179730229422
0.179395379962
0.179065042275
0.178739346025
0.178418381412
0.178102168403
0.177790526012
0.177482560194
0.177177753835
0.176877156996
0.176581354598
0.176290655847
0.176005302616
0.175725534264
0.175451544245
0.17518346492
0.17492137627
0.174665307846
0.174415216424
0.174170937749
0.173932380218
0.173699707528
0.173473034457
0.173252404142
0.173037838015
0.172829345816
0.172626921138
0.172430532113
0.172240113455
0.17205558138
0.171876887588
0.171704039238
0.171537027243
0.171375433973
0.171218838298
0.171067994055
0.170922995453
0.170783752081
0.170650118862
0.170522202457
0.170400228579
0.170284302969
0.170174447413
0.170070656111
0.169972936016
0.1698813024
0.169795749837
0.16971623846
0.169642688947
0.169575007802
0.169513123511
0.169456956156
0.169406424553
0.169361468674
0.169322051059
0.169288151609
0.169259761857
0.169236867319
0.169219430797
0.169207387743
0.169200646343
0.1691990857
0.169202552407
0.169210865544
0.169223851006
0.169241388063
0.169263383124
0.169289671144
0.169319971037
0.169354085234
0.169391834306
0.169433441644
0.169479060367
0.169526351855
0.169577636768
0.169633294086
0.169693307024
0.169757619265
0.169826146616
0.169898796123
0.169975491077
0.170056175683
0.170140767986
0.170229074468
0.170320995917
0.170416592165
0.170515493035
0.170617941276
0.170724241639
0.170834416921
0.17094843952
0.171066254916
0.171187774989
0.171312871117
0.171441404247
0.171573300146
0.171708550264
0.171847135454
0.171988994658
0.172134032512
0.172282130305
0.172433153199
0.172586953955
0.172743366729
0.172902161076
0.173062922751
0.1732253104
0.173389533397
0.173555756797
0.173723946177
0.173893974046
0.174065667408
0.174238857858
0.174413446525
0.174589420686
0.174766811346
0.174945656687
0.175125989671
0.175307833427
0.17549119683
0.17567606978
0.175862417968
0.176050176026
0.176239238978
0.176429461772
0.17662070183
0.176812912952
0.17700616994
0.177200584253
0.1773962414
0.177593191477
0.177791455794
0.177991033739
0.178191908476
0.178394052561
0.178597434007
0.178802022029
0.179007790666
0.179214719128
0.179422789687
0.179631985226
0.179842288063
0.180053680456
0.180266146375
0.180479673861
0.180694257197
0.180909898087
0.181126604896
0.181344388205
0.18156324567
0.181783086945
0.182003086199
0.182221621693
0.182440784244
0.182660991752
0.182882223838
0.183104365983
0.183327244483
0.18355073323
0.183774861103
0.183999732349
0.184225423207
0.184451961203
0.184679335117
0.18490750526
0.185136408732
0.185365960362
0.185596051277
0.185826551004
0.186057324512
0.18628826005
0.186519278377
0.186750322113
0.18698134247
0.18721228452
0.187443074996
0.187673618323
0.187903801439
0.188133500457
0.188362572948
0.188590832164
0.18881803398
0.189043914235
0.189268265717
0.189491005799
0.189712175971
0.189931844666
0.190149923615
0.190365748902
0.190578812365
0.190789739042
0.19099827147
0.19120338321
0.191405275427
0.191604093535
0.191799933466
0.19199279047
0.192182401729
0.192368278459
0.192549904006
0.192727109947
0.192899977523
0.193068190277
0.193230806573
0.193387240858
0.193538635836
0.193685430436
0.193827621828
0.193965152428
0.194097990931
0.194226170002
0.194349773135
0.194468868333
0.194583431437
0.19469327871
0.194798020486
0.194897039507
0.194989877276
0.195077060639
0.195159254352
0.195236778663
0.195309687625
0.195377798984
0.195440814017
0.195498684436
0.195551610464
0.195599674047
0.195642794196
0.195680833758
0.195713506094
0.195740735569
0.195762616654
0.195778592852
0.195788011085
0.195791442923
0.19578911397
0.195781637918
0.195769599505
0.195753372835
0.195733214652
0.195709332638
0.195681902999
0.195651058896
0.195616876996
0.195579368089
0.19553846123
0.195493972008
0.195445598491
0.19539308129
0.195336352757
0.195275365553
0.195209964231
0.195139906886
0.195064841788
0.194984405164
0.194898844185
0.194808520223
0.194713441196
0.194613395934
0.194508048162
0.194396850658
0.194279759218
0.194158013563
0.19403175093
0.193900434861
0.193764193801
0.193624077885
0.19348069118
0.19333427165
0.193184998719
0.193033064707
0.192878566112
0.19272120628
0.192560735251
0.19239768435
0.192232464264
0.192065243254
0.19189614121
0.191725240848
0.191552541769
0.191377178178
0.19119885418
0.191018464098
0.190835877481
0.190650958811
0.190463453474
0.190272798159
0.190077948884
0.189880417213
0.18968119308
0.189480533304
0.189278409021
0.189074449649
0.18886856827
0.188661051106
0.188452128682
0.188242121853
0.188031382738
0.187820186142
0.187608705476
0.187397024247
0.187185144912
0.186973002113
0.186760518738
0.186547534405
0.186332880232
0.186117579887
0.185901681107
0.185685228608
0.185468748375
0.185252531743
0.185036675446
0.18482120806
0.184606128217
0.184391407276
0.184176934408
0.183962131577
0.183746019611
0.183529654481
0.183313698351
0.183098325551
0.182883631144
0.182669702419
0.182456629485
0.18224449494
0.18203335689
0.181823226397
0.181614021849
0.181405460456
0.181197082099
0.180988981404
0.180781778087
0.180575989888
0.18037190409
0.18016968597
0.179969444969
0.179771258543
0.17957518344
0.179381265727
0.179189552756
0.17900010465
0.178813000161
0.178628334419
0.178446211757
0.178266739311
0.178090024243
0.177916172997
0.177745290213
0.177577477074
0.17741283018
0.17725144172
0.177093400829
0.176938795139
0.176787711428
0.176640234789
0.176496444271
0.176355601674
0.176217454031
0.176083190979
0.175952872198
0.175826535661
0.175704196122
0.175585837937
0.175471421655
0.175360932123
0.17525443522
0.175152052219
0.175053892796
0.174960027825
0.174870493343
0.174785309469
0.174704513989
0.174628183113
0.174556409105
0.174489264555
0.174426786308
0.174368976501
0.174315813805
0.17426727194
0.174223336054
0.174184005358
0.174149282672
0.174119158728
0.174093599675
0.174072557123
0.174056011607
0.174043999308
0.17403658255
0.174033815325
0.174035733815
0.17404235591
0.174053679792
0.17406968196
0.17409031593
0.174115512033
0.174145179027
0.17417920844
0.174217481663
0.174259877438
0.174306275225
0.174356549564
0.174410551993
0.17446808677
0.174528926861
0.174592934155
0.174660133382
0.174730459598
0.174803213759
0.174878271928
0.174956575385
0.175038444815
0.175123919543
0.175212963885
0.175305496197
0.175401120636
0.175498275027
0.175598263194
0.175701447003
0.175807760317
0.175917095472
0.176029323909
0.176144299762
0.176261863433
0.176381846824
0.176504051949
0.176627870237
0.176752933471
0.176879954682
0.177009044972
0.177140197012
0.177273363447
0.177408468898
0.177545418213
0.177684101598
0.177824395103
0.177966154189
0.178109201795
0.178253337335
0.178398408207
0.17854434851
0.178691102874
0.178838601915
0.178986829381
0.17913584964
0.179285740913
0.179436517413
0.1795880848
0.17974025268
0.179892846339
0.180045164007
0.180196674475
0.180348561434
0.180500926645
0.180653736109
0.180806865636
0.18096011816
0.181113298119
0.181266327771
0.181419222899
0.181571962614
0.181724512335
0.181876941191
0.182029326613
0.18218166351
0.182333876493
0.182485842773
0.182637412526
0.182788431243
0.182938766588
0.183088378101
0.183237397622
0.183386064345
0.183534615837
0.183683240464
0.183832048155
0.183981044863
0.184130183094
0.184279353371
0.184427433899
0.18457406071
0.184720891542
0.184868423327
0.185016688322
0.185165686175
0.185315493743
0.185466230478
0.185617984643
0.185770755384
0.185924132457
0.186074949685
0.186225651197
0.186377239179
0.186529679272
0.186682846483
0.186836577999
0.186990682161
0.18714493664
0.187299100989
0.18745296563
0.18760626327
0.187756606655
0.187905113129
0.188053242583
0.188201020022
0.188348403469
0.188495237069
0.188641006103
0.188784183748
0.188924501543
0.189061980599
0.189198112156
0.18933355471
0.189467711926
0.189599937259
0.189731550189
0.189862618696
0.189993177774
0.19012304117
0.190251964744
0.19038027493
0.190508256084
0.19063599145
0.190763488851
0.19089069375
0.191017435787
0.191143360395
0.191268177611
0.191392055717
0.191515240512
0.191637799772
0.191759684468
0.191880780577
0.192000926936
0.192119931537
0.192237618966
0.192353878078
0.19246862608
0.192581731454
0.192692973126
0.19280203245
0.192908515683
0.193012021847
0.19311221575
0.193208799516
0.19330137787
0.193389533002
0.193473386733
0.193553661463
0.193631099947
0.193706220458
0.193779323805
0.193850537488
0.193919832349
0.193986968975
0.194051516361
0.194113292147
0.194172330263
0.194228437764
0.194281214761
0.194330671655
0.194377085813
0.194420700991
0.194461724681
0.1945003117
0.194536541575
0.194570425584
0.194601911985
0.194630881548
0.194657140228
0.194680417692
0.194700379213
0.194716652401
0.194728851729
0.194736589016
0.194739083659
0.194734309809
0.194723550986
0.19470851717
0.194689062725
0.194664970291
0.194636023547
0.19460198661
0.194562442915
0.194517021657
0.194466143836
0.194410046352
0.194348428667
0.194280809875
0.194206947609
0.194126584497
0.194039228179
0.193944412426
0.193841615407
0.193730591921
0.193611660989
0.193485395646
0.193352231674
0.19321245364
0.193066341965
0.192914100625
0.192755821187
0.192591608627
0.192421610877
0.192245053206
0.192062729473
0.191875478579
0.191683344155
0.191486691057
0.191285965831
0.191081444964
0.190873352475
0.190661871922
0.190447132025
0.190229195902
0.190008038991
0.189783195335
0.189554287402
0.189322058027
0.189086483619
0.188846732202
0.188603272162
0.188357033131
0.188108444053
0.187857162143
0.187603573007
0.187348366634
0.187091625158
0.186833311091
0.186573421481
0.186312046473
0.186049315518
0.185785378893
0.185520444952
0.185254786518
0.184988700956
0.18472247233
0.184456355975
0.184190575721
0.183925324235
0.183660762975
0.183397020256
0.18313418308
0.182872149768
0.182609140845
0.182346665091
0.182084998609
0.181824131174
0.181564275751
0.18130566848
0.181048502891
0.180792945319
0.180539154164
0.18028728306
0.180037460565
0.179789763986
0.179544251875
0.179301064504
0.179060381605
0.178822333004
0.178586989665
0.178354375239
0.178124482924
0.177897294793
0.177672850834
0.177451321895
0.177232874789
0.177017612224
0.176805561783
0.176596650251
0.17639100549
0.176188825661
0.175990180437
0.175795071754
0.175603444563
0.175415072687
0.175229599274
0.175047122484
0.174867990956
0.174692440817
0.17452067831
0.174352902548
0.174189289158
0.174029988143
0.173875128647
0.17372482341
0.173579172181
0.173438264671
0.173302183278
0.173171005487
0.17304480581
0.172923657032
0.172807630198
0.172696792604
0.172591203782
0.172490910635
0.172395943275
0.172306312531
0.172222009266
0.172143005141
0.172069253925
0.172000691647
0.171937233584
0.171878770048
0.171825177671
0.171776373544
0.171732383015
0.171693327512
0.171659348638
0.171630560781
0.171607044347
0.171588852065
0.171576011768
0.171568513286
0.171566267552
0.171569142704
0.171577194841
0.171590539313
0.171609147055
0.171632253454
0.171659510724
0.171691834367
0.171729255859
0.171771723823
0.171819137511
0.171871358036
0.171928222635
0.171989597647
0.172055429673
0.172125710273
0.172200417809
0.172279503376
0.172362898229
0.172450520901
0.17254228006
0.172638073516
0.172737783884
0.172841272933
0.172948381454
0.173058939594
0.173172772458
0.173289692302
0.173409502726
0.173532021823
0.173657098196
0.173784602392
0.173914405894
0.174044888513
0.174175378745
0.174307802697
0.174442066411
0.174578088609
0.174715792141
0.17485509537
0.174995906783
0.175138113345
0.175281549047
0.175425963145
0.17557109811
0.175716883452
0.175863416828
0.17601079531
0.176159064867
0.17630823156
0.176458276534
0.176609170073
0.176760871466
0.176913252744
0.177065610568
0.17721712117
0.177368058831
0.177517782096
0.17766740106
0.177817636594
0.177968377984
0.17811936588
0.178269915861
0.178420722694
0.178572387326
0.178725191283
0.178879378896
0.179035028401
0.179192124481
0.179350773381
0.179511206283
0.179673599989
0.179838033729
0.180004517095
0.180173012207
0.180343447784
0.180515733782
0.180689783801
0.180865547322
0.181043034188
0.181222302393
0.18140341761
0.181586422152
0.181771327794
0.181958123604
0.182146786741
0.18233728729
0.182529584505
0.182723617564
0.182919295706
0.183116496384
0.183315082691
0.183514926768
0.183715898127
0.183917827189
0.184120499715
0.184323690153
0.184527057411
0.184726794342
0.184925078497
0.185122981234
0.185320066324
0.185516278932
0.185711733308
0.185906206325
0.186099426631
0.186291579525
0.186482994264
0.186673427757
0.186863259201
0.187052698946
0.187241755949
0.187430413949
0.187618631302
0.18780632698
0.187993355088
0.18817954644
0.188364830296
0.188549159574
0.1887324748
0.188914775361
0.189096086658
0.189276404067
0.189455688776
0.189633881985
0.189810916488
0.189986723736
0.190161237544
0.190334395257
0.190506137036
0.190676404046
0.190845136251
0.191012270087
0.191177735892
0.191341454817
0.191503335322
0.191663269855
0.191821131158
0.191976755581
0.192129808055
0.19227970538
0.192426338019
0.192569542537
0.192707441591
0.192839837834
0.192966856446
0.193089958357
0.193209749155
0.193326297441
0.193439257601
0.193548051899
0.193651807466
0.19374876588
0.193840332979
0.193927211093
0.194008990723
0.194086181478
0.19415897916
0.194227311016
0.194291048706
0.194350052834
0.194404200716
0.194453392056
0.194497528412
0.194536459099
0.194569932679
0.194597810868
0.194620263587
0.194637568007
0.194650011604
0.194657857584
0.194661290891
0.194660285175
0.194653765222
0.194641791861
0.194625378638
0.194604458942
0.194579156424
0.19454993089
0.194517077686
0.194480650111
0.19444055469
0.194396661762
0.19434891083
0.194297310727
0.194241820614
0.194182315283
0.194118853613
0.194051672646
0.193980921565
0.1939066615
0.193828915543
0.193747675477
0.193662895227
0.193574476194
0.193482213395
0.193385658798
0.193284127283
0.193177263794
0.193065645424
0.192949516784
0.192828784862
0.19270273551
0.19257162839
0.192436454683
0.192297282403
0.192153916231
0.192005700707
0.191851704875
0.191691985672
0.191527821013
0.191360024602
0.191188959667
0.191014809392
0.190837614987
0.190657249566
0.190473553358
0.19028663352
0.190096684608
0.189903730483
0.189707650496
0.189508273779
0.189305460562
0.189099221445
0.188889741931
0.188677210566
0.188461692389
0.188243098893
0.188021369806
0.187796782768
0.18756975306
0.187340565014
0.187109233248
0.18687355069
0.186634433015
0.186393778938
0.186151801712
0.185908587429
0.185664222503
0.185418832884
0.185172457326
0.18492441874
0.18467480141
0.184424743654
0.184174590197
0.183924489942
0.183674582147
0.183425080879
0.183176264602
0.182928399147
0.182681708061
0.182436423066
0.182192816319
0.181951153817
0.181711650723
0.181474466147
0.18123970998
0.18100744577
0.180777689345
0.180550395736
0.180325402711
0.18010230052
0.179880567942
0.179660402692
0.179442422087
0.179227068628
0.179014640646
0.178805343113
0.178599311483
0.178396638664
0.178197402336
0.178001679103
0.177809549831
0.177621105721
0.17743645235
0.17725570785
0.177078996249
0.176906439259
0.176738149142
0.176574223797
0.17641474426
0.176259774183
0.176109360602
0.175963535309
0.175822316241
0.175685708507
0.175553704761
0.17542628471
0.175303413462
0.175185038204
0.175071082178
0.174961434204
0.174855932916
0.174754357272
0.17465647341
0.174562163673
0.174471464599
0.174384448113
0.174301154031
0.174221606235
0.174145819398
0.174073766049
0.174005324153
0.173940412997
0.17387918796
0.17382177553
0.173768195724
0.173718421414
0.173672407116
0.173630097204
0.173591427364
0.173556324766
0.17352470762
0.173496483539
0.173471549106
0.173449799462
0.173431155352
0.173415575386
0.17340299183
0.173393475379
0.173387229228
0.173384298454
0.173384506267
0.173387346385
0.173392872828
0.173401473659
0.173413143794
0.173427178498
0.173442321119
0.173459807281
0.17347996409
0.173502935204
0.173528977893
0.173558376839
0.173591307606
0.173627829135
0.1736677816
0.173710746118
0.173757027092
0.173806859606
0.173860232958
0.173917068197
0.173977224634
0.174040490213
0.17410675526
0.17417623627
0.174249260352
0.174326051747
0.174406734527
0.174491365701
0.174579948509
0.174672432672
0.174768688158
0.174867844255
0.174969717558
0.175075246202
0.175184527185
0.175297455111
0.175413613511
0.175533106849
0.175654684367
0.175779102162
0.17590663878
0.176037477101
0.176171777375
0.176309597825
0.176450911534
0.176595623434
0.17674355337
0.17689439151
0.177047878172
0.177203999394
0.177362688192
0.177523798998
0.177687196741
0.177852772336
0.178020410348
0.178189956359
0.178361201498
0.178533878938
0.178707668227
0.178882213084
0.179057165917
0.1792322585
0.179407358378
0.179582460897
0.179757625841
0.179932918015
0.180108382308
0.180284041635
0.180459902727
0.180635965019
0.180812230552
0.180988708803
0.181165410656
0.181342333553
0.181519442799
0.18169664539
0.181873747311
0.182050464815
0.18222652797
0.182401622785
0.182575551143
0.182748438801
0.182920523674
0.183091960917
0.183262826809
0.183433164573
0.183603011224
0.183772402463
0.183941287761
0.184107686613
0.184273164147
0.184438148775
0.184602623336
0.184766276718
0.184928122068
0.185088487042
0.185248025926
0.185407091401
0.185565884624
0.185724413174
0.185882609787
0.186040358621
0.186197496391
0.186353819478
0.186509126267
0.186663284378
0.186816213977
0.186967692924
0.187117234729
0.187264925664
0.187411205348
0.187556214791
0.187699794497
0.187841383059
0.187980463298
0.188117469663
0.188252925063
0.188387040077
0.188519864623
0.188651348987
0.188781383822
0.188909865984
0.189036714727
0.189161763653
0.189284670453
0.189405274475
0.189523883648
0.189639950012
0.18975343162
0.189865585113
0.189976412759
0.190085766127
0.190193240996
0.1902986848
0.190402454603
0.190504628592
0.190605143476
0.190704080322
0.190801622999
0.190897808908
0.190992198612
0.191083922562
0.191173801987
0.191262010043
0.191348181269
0.191432208511
0.191514334235
0.19159461932
0.19167280826
0.191748527241
0.191822228136
0.191893914108
0.191963556005
0.192031078715
0.192096356439
0.192159205331
0.192219403787
0.192276779083
0.192331297792
0.192383031004
0.192432059293
0.192478430113
0.192522155401
0.192563217026
0.192601571313
0.192637152008
0.192669871299
0.192699618228
0.192726254456
0.192749608323
0.192769469221
0.192785586023
0.192797673978
0.192805426903
0.192808516564
0.192806587405
0.192799317964
0.192786409287
0.192767874089
0.192744438666
0.192716838747
0.192685461337
0.192650473747
0.192611910228
0.192569684524
0.192523650647
0.192473715576
0.192418785782
0.192358329499
0.192293083344
0.192222427284
0.192145509778
0.192060492468
0.191968967833
0.191871898145
0.19176951488
0.191661872578
0.191548931118
0.191430695564
0.191307357458
0.191179273211
0.191046811321
0.190910222792
0.190769623633
0.19062512388
0.19047695462
0.190325430983
0.190170895234
0.190013703496
0.189854197818
0.189692667762
0.189529327006
0.189364296716
0.189197617427
0.189029389031
0.188859799053
0.188688947552
0.188516776389
0.188342923535
0.1881658459
0.187984692685
0.187801364348
0.187616776373
0.187431302349
0.187245141389
0.187058428926
0.186871212379
0.186683403439
0.186494909809
0.186305852971
0.186116422198
0.185926670038
0.185734995456
0.185542884944
0.185350821228
0.185158869712
0.184966941079
0.18477370215
0.184579215064
0.1843848573
0.184190771749
0.183996889699
0.183803043894
0.183609086399
0.183415002484
0.183220812342
0.183026485142
0.18283207692
0.182637707466
0.18244347792
0.182249510761
0.182055931395
0.181862818922
0.18167020606
0.181478114212
0.181286572831
0.181095614654
0.180905279706
0.180715641423
0.180526834182
0.180339067611
0.180152607893
0.179967635997
0.179784140068
0.179602472891
0.179423109818
0.179246295512
0.179072173048
0.178900832927
0.178732307096
0.17856653094
0.178403398801
0.178243022786
0.178085599659
0.177931225102
0.177779929822
0.177631714127
0.177486559195
0.177344429897
0.17720527525
0.177069028742
0.176935608844
0.176804916861
0.176676823552
0.176551128718
0.176427480953
0.176305341061
0.176184357541
0.176064792026
0.175947042959
0.175831301202
0.175717737339
0.175606644201
0.175498212533
0.175392506226
0.175289529574
0.175189272313
0.175091738665
0.174996959648
0.174904987655
0.174815882728
0.174729701291
0.174646490199
0.174566283875
0.174489103418
0.17441496051
0.174343869175
0.17427585675
0.174210957722
0.174149194158
0.174090560145
0.174035009252
0.173982383492
0.173932462516
0.17388545237
0.173841497056
0.173800671434
0.173763036987
0.173728634555
0.173697473734
0.173669524022
0.173644706986
0.173622898882
0.173603966732
0.173587812786
0.17357431453
0.173563103752
0.173553563688
0.173545872283
0.173540606536
0.173538004699
0.173538135837
0.17354097518
0.173544958194
0.173550007941
0.173557647246
0.173567917193
0.173580843159
0.173596440847
0.173614783492
0.17363602014
0.173660312738
0.173687789694
0.17371854023
0.173752622048
0.173790067184
0.173830881167
0.173875025351
0.173922373699
0.173972831704
0.174026480197
0.174083344442
0.174143366149
0.174206429978
0.174272352302
0.174340863995
0.174411674244
0.174484630821
0.174559684307
0.174636717245
0.174715596935
0.174796291695
0.174878793202
0.174963065174
0.175049060135
0.175136736233
0.175226065483
0.175317029473
0.175409581159
0.175503519966
0.175598477847
0.175694445932
0.175791533129
0.175889964239
0.175990044124
0.176091932036
0.176195662414
0.176298066731
0.176402141652
0.176508109321
0.176615815777
0.176724887161
0.176835198924
0.176946930733
0.177059965873
0.177173937327
0.17728874117
0.177404482816
0.177521330314
0.177639502988
0.177759161796
0.177880393968
0.178003237054
0.178127699712
0.178253781676
0.178381480314
0.178510737936
0.178641176607
0.178772689133
0.178905697948
0.179040454427
0.179177058674
0.179315538615
0.179455911724
0.179598197174
0.179742390443
0.179888423985
0.180036135042
0.180185291685
0.180335726573
0.180487345633
0.180639913544
0.180793344313
0.180947955783
0.181103973239
0.181261484533
0.18142051558
0.181581042596
0.181743028671
0.181906509121
0.182071560956
0.182238237199
0.182406565065
0.182576554474
0.18274820266
0.182921498929
0.183096429241
0.183272979485
0.183451137431
0.183630892529
0.183812232485
0.183995137236
0.184179572088
0.184365481263
0.184552782716
0.184741366912
0.184931106213
0.185121881806
0.185313620697
0.185506314717
0.185700004074
0.185894740525
0.186090507984
0.186286441641
0.186482882276
0.186680292899
0.186878572566
0.187077504678
0.187276716128
0.187475603341
0.187673598816
0.187870710086
0.188067097526
0.188262693777
0.188457249551
0.188650562574
0.188842644106
0.189033494083
0.189222782889
0.189408677335
0.189592401087
0.189774245334
0.189954120835
0.190131983622
0.190307800461
0.190481487932
0.190652887488
0.19082176826
0.190987802842
0.191150521008
0.191308410218
0.191460014125
0.191607252526
0.191750256331
0.191889038451
0.192023610168
0.192153932027
0.192279479678
0.192397458151
0.192509833743
0.192618068731
0.192721000203
0.19281883154
0.192912140121
0.193001843012
0.193088334019
0.193171625327
0.19325163918
0.193328253983
0.193401322906
0.193470677242
0.193536113403
0.193597363817
0.193654040668
0.193705487172
0.193750551269
0.193788607686
0.193818837251
0.193840079988
0.193853233624
0.19385982445
0.193860833473
0.193856697697
0.193847479602
0.193833361292
0.193814676861
0.193791589598
0.193764165564
0.193732414382
0.193696288868
0.193655677887
0.19361042295
0.193560383689
0.193505483067
0.193445661246
0.193380873037
0.19331104535
0.193235966455
0.193155259305
0.193068674057
0.192975890961
0.192876398584
0.192770742169
0.192659535199
0.192543068899
0.192421495233
0.192294843309
0.192163083321
0.192026205427
0.19188386229
0.191735895032
0.191580663187
0.191417014523
0.191248651028
0.191076085719
0.190899409195
0.190718656864
0.190533878138
0.190345201967
0.190152803398
0.189956836703
0.18975741169
0.189554622397
0.189348641728
0.18913976597
0.18892832585
0.188714602065
0.18849882308
0.188281192301
0.188061184053
0.187838641669
0.187615058844
0.187390729049
0.187165870497
0.186940644605
0.18671511431
0.186488924183
0.186261115287
0.186032595757
0.185804265592
0.185576340929
0.185348930568
0.185122240813
0.184896527651
0.184672011819
0.184448862173
0.184227199424
0.18400709939
0.183788591324
0.183571654067
0.183356200852
0.183142282035
0.182930221873
0.182720275928
0.182512590557
0.182307272763
0.182104425808
0.181904161079
0.181706591037
0.181511815732
0.181319916544
0.181130960777
0.18094500985
0.180762118496
0.180582323192
0.180405633323
0.180232037865
0.1800615218
0.179894041875
0.179729581644
0.179568386882
0.179410661181
0.179256527867
0.179106071235
0.178959343981
0.178816362432
0.178677070781
0.178541137016
0.178407601567
0.178276625464
0.178148775199
0.178024121512
0.177902879103
0.177785245057
0.177671317883
0.177561154065
0.177454795155
0.177352272978
0.177253608026
0.177158806279
0.177067855458
0.176980720119
0.176897334981
0.176817599036
0.176741383572
0.176668575071
0.176599132362
0.17653308412
0.17647047215
0.176411314151
0.176355600221
0.176303301159
0.176254376267
0.176208778327
0.176166456348
0.17612735695
0.176091425022
0.176058603981
0.176028835679
0.176002059544
0.175978209181
0.17595719343
0.175938651235
0.175921531124
0.175906718307
0.175894522289
0.17588494629
0.175877987605
0.175873656866
0.175871974108
0.175872959753
0.175876622726
0.175882940123
0.175891862158
0.17590334477
0.175917188324
0.175932748946
0.1759499922
0.175969454855
0.175991406863
0.176016000696
0.176043210657
0.176072609943
0.176104454693
0.176139152376
0.176176741344
0.176217215631
0.176260579231
0.176306876722
0.176356182961
0.176408567358
0.176464067156
0.176522653165
0.176584078432
0.176648109858
0.176714651331
0.176783913742
0.176856105363
0.17693127008
0.177009341282
0.177090092495
0.177173138828
0.177258509895
0.177346305414
0.177436434048
0.177528822812
0.177623510245
0.177720583475
0.177820080016
0.177921938961
0.178025994147
0.178132052827
0.178240068009
0.178350143817
0.178462388792
0.178576844459
0.178693472418
0.178812150424
0.178932670026
0.179054770825
0.179178240049
0.179302967625
0.179428918321
0.1795560681
0.179684253673
0.179813133213
0.179942593371
0.180072838314
0.180203988975
0.180336048254
0.180469014818
0.18060293211
0.180737857767
0.18087382185
0.181010821075
0.181148841693
0.181287881681
0.181427943932
0.181569014486
0.181711055547
0.181854019675
0.181997874522
0.182142614628
0.182288246087
0.182434758542
0.182582106727
0.182730211441
0.182878958904
0.183028156627
0.183177465313
0.183326482665
0.183475148834
0.183623789634
0.183772650307
0.183921734718
0.184070939218
0.184220231882
0.184369633865
0.184519122697
0.184668689287
0.184818390802
0.184968164263
0.185117608194
0.185266408663
0.185415065391
0.185564015623
0.185713348846
0.18586306636
0.186013245462
0.186163915288
0.186315011228
0.186466475036
0.186618394753
0.186770871372
0.186923907785
0.187077426454
0.187231206973
0.187384784509
0.187538305217
0.187691735555
0.187844999057
0.187998052434
0.18815086991
0.188303436864
0.188455746664
0.188607784117
0.188759497893
0.18891081603
0.189061679937
0.189211980373
0.189361506725
0.189509975606
0.189656938385
0.189801925532
0.189945421714
0.190087829495
0.190229166713
0.1903693211
0.190508191808
0.190645705711
0.190781804745
0.190916616316
0.191050361809
0.191183186469
0.191315171693
0.191446350671
0.191576697743
0.191706012163
0.191832772036
0.191956831697
0.19207922021
0.19220016348
0.192319660614
0.192437449036
0.192552637496
0.192664130344
0.192772739197
0.192878934451
0.192982583972
0.193083344045
0.193180752203
0.193274380778
0.19336376454
0.193446846924
0.193526026022
0.193601159573
0.193672007737
0.193738382956
0.19380032422
0.193858029593
0.193911827894
0.193961909769
0.194008387806
0.194051370346
0.194090451633
0.19412600976
0.194158240235
0.194187035739
0.194212250736
0.194233797025
0.194251524839
0.194264639296
0.194272598477
0.194275962561
0.194272477248
0.194264889165
0.194252963279
0.19423675858
0.194216589359
0.19419261114
0.194164838027
0.194133193032
0.194097528001
0.194057683329
0.19401354861
0.193964929555
0.193911317305
0.193852460196
0.193788687016
0.193720097289
0.193646676391
0.193568344606
0.193484898726
0.193396619276
0.193304068871
0.193207462062
0.193106385595
0.193000873287
0.192891440945
0.192777851495
0.192660188132
0.192539076812
0.192414827418
0.192287308166
0.192155585272
0.192018351561
0.191877204883
0.191732605384
0.191583548158
0.191429780797
0.191271699327
0.191110223859
0.190946014419
0.190779102704
0.190610236074
0.190439701175
0.190266923997
0.190092036487
0.189915997204
0.189739178291
0.189561723946
0.189383730202
0.189205292696
0.189026504625
0.188847423317
0.188668068688
0.188488504604
0.188308808825
0.188129015736
0.187949139344
0.187769186881
0.187589152402
0.187409010994
0.187228705279
0.187048010043
0.186866738425
0.186685231938
0.186503601255
0.186321855815
0.186139995454
0.185958039196
0.185776031522
0.185594023566
0.185411985767
0.185229126035
0.185044693772
0.184860141871
0.184675935448
0.184492276283
0.184309218973
0.184126584278
0.183944660878
0.183763592759
0.183583464517
0.183404365974
0.183225978872
0.183048104166
0.182871573894
0.182696789979
0.182523883548
0.182352810394
0.182180998672
0.182011016711
0.181842958007
0.181676789101
0.181512455625
0.181349881952
0.181188963618
0.181029553742
0.180871537909
0.180714914279
0.180559694815
0.180405891694
0.180253535646
0.180102669366
0.179953332761
0.179805567442
0.179659445544
0.179515084337
0.179372626969
0.179232221263
0.179094013107
0.178958145194
0.178824753501
0.178693958772
0.178565847196
0.17844041853
0.178317491958
0.178196983497
0.178079263861
0.177964618647
0.177853164977
0.177744945518
0.177639962782
0.177538190209
0.177439577885
0.177344060029
0.177251566691
0.177162033223
0.177075389612
0.176991513761
0.176910227007
0.176831511776
0.17675548529
0.176682077392
0.176611029737
0.176542528979
0.176476802339
0.1764139257
0.176353939423
0.176296875701
0.17624276281
0.176191626716
0.176143492744
0.176098386021
0.176056329027
0.176017335731
0.175981402692
0.175948497127
0.17591854225
0.175891407811
0.175866934933
0.175845015012
0.175825641447
0.175808870868
0.175794780011
0.175783447546
0.175774935308
0.175769287517
0.175766548173
0.175766764525
0.175769965914
0.175776154365
0.175785349287
0.175797609253
0.17581296299
0.175831336684
0.175852466415
0.175875769199
0.175900929877
0.175928560048
0.175959095633
0.175992669965
0.176029288654
0.176068885924
0.176110746735
0.176153503801
0.176197247644
0.176243483444
0.176292188285
0.176343267973
0.176396672628
0.176452370826
0.17651027156
0.176570182754
0.17663188448
0.176695293838
0.176760363112
0.176826759916
0.176894035061
0.176962714553
0.177033567552
0.177106869169
0.177182623529
0.177260661009
0.17734067439
0.177422742375
0.177507100394
0.177593850345
0.177682983819
0.17777437137
0.177867895219
0.177963660652
0.17806185145
0.178162543071
0.178265703001
0.178371226205
0.178478958363
0.178588717487
0.178700330695
0.178813685466
0.178928751748
0.179045564003
0.179164195175
0.179284716964
0.179407167145
0.179531595208
0.179658118324
0.179786845939
0.179917806195
0.180050921224
0.180185993003
0.18032282102
0.180461431724
0.180601957414
0.180744430205
0.180888772096
0.18103481791
0.181182297604
0.181330767439
0.181479613043
0.181628511858
0.181777716686
0.181927531219
0.182078035409
0.182227493524
0.182377208568
0.182527536835
0.182678290077
0.182829204994
0.182979944732
0.183130076284
0.18327915084
0.183427307448
0.183575065026
0.183722696126
0.18387040787
0.184018532516
0.184167391505
0.184317167185
0.184467897545
0.184619522337
0.184771988203
0.184925264047
0.185079233895
0.185233599864
0.185387801423
0.1855414222
0.185694186553
0.185845466309
0.18599524877
0.186143734183
0.186291141234
0.186438379499
0.186585544557
0.1867326454
0.186879644032
0.187026481959
0.187173105788
0.187319480648
0.187465581283
0.187611369185
0.18775676908
0.187901630461
0.188044405126
0.1881852352
0.188325171465
0.188464210029
0.188602346103
0.188739566513
0.188875839558
0.189011107721
0.189145281117
0.189278238503
0.189409848535
0.189540001452
0.189668602754
0.1897955198
0.189920510805
0.190043171848
0.190163059581
0.190280075622
0.190394558819
0.190506933712
0.190617487947
0.190726367852
0.190833627334
0.190939261401
0.19104320449
0.191145091313
0.191241916931
0.19133458269
0.191425232001
0.191514176466
0.191601359085
0.191686558233
0.191769837054
0.191851126633
0.191930199799
0.192006704946
0.192080205929
0.19215034771
0.192217115479
0.192280704837
0.192341224305
0.192398913676
0.19245406717
0.192506856402
0.192557346935
0.192605567046
0.192651542734
0.192695240993
0.192736393972
0.192774428987
0.192809325711
0.192841455294
0.192871007395
0.192897979576
0.192922089138
0.192942948513
0.192960677562
0.192975481307
0.192987446056
0.192995507126
0.192999548008
0.193000609718
0.19299788001
0.192991602306
0.192982388457
0.192970423057
0.192955980895
0.192938963194
0.19291919117
0.192896460099
0.192870609832
0.192841560881
0.192808997488
0.192771947528
0.192730607091
0.192684535818
0.192635231326
0.19258292992
0.192527492846
0.192468561039
0.192405611637
0.192338832819
0.19226834323
0.192194144867
0.192116205763
0.192034412561
0.191948615006
0.19185903485
0.191766185732
0.19167043545
0.191571975967
0.191470894685
0.191367213843
0.191260893991
0.191151748067
0.191039036727
0.19092154255
0.190799560058
0.190673613776
0.190543457861
0.190407939414
0.190265771585
0.19011798948
0.189967782906
0.189816056086
0.189663041028
0.189508612219
0.189351939281
0.189192094078
0.189030012423
0.188866626881
0.188702262383
0.188536846925
0.188370246211
0.188202941327
0.18803545032
0.18786804194
0.187700859158
0.187533975497
0.187367417318
0.18720118097
0.187035247334
0.18686958862
0.186704170123
0.186538955659
0.18637391853
0.18620905196
0.186044373232
0.185879921096
0.185715750018
0.185551924511
0.185388513991
0.185225586564
0.185063199323
0.184901381076
0.184740092486
0.184579104135
0.18441787564
0.184256343246
0.18409487684
0.18393358041
0.183772480657
0.18361164799
0.183451183243
0.183291218255
0.183131905728
0.182973392851
0.18281577423
0.182658877376
0.182500956425
0.182343295313
0.182186664484
0.182031318029
0.181877398081
0.181724977921
0.181574107126
0.181424827963
0.181277169058
0.181131135312
0.1809866959
0.180843746642
0.180702000774
0.180561084983
0.180421167461
0.180282570056
0.180145406218
0.180009690521
0.179875397464
0.179742467306
0.179610776383
0.179480066787
0.179349945715
0.179220276898
0.179091433189
0.178963848909
0.178837800636
0.178713464388
0.178590975121
0.178470459195
0.178352050386
0.178235882856
0.178122055735
0.178010601936
0.177901517253
0.177794780434
0.177690331341
0.17758818475
0.177488384216
0.177391108205
0.177296812431
0.177205810036
0.177118228789
0.177034112145
0.176953475833
0.176876338694
0.176802730518
0.176732679844
0.176666196872
0.176603260493
0.176543808435
0.176487730027
0.176434864279
0.17638502216
0.176338070267
0.176293913921
0.176252547977
0.176214287967
0.176179123211
0.176146815864
0.176117527763
0.176091210451
0.176067570047
0.176046896541
0.176029560755
0.176015775421
0.176005721941
0.175999536352
0.175996824598
0.175997403688
0.176002002313
0.176010652645
0.176023321356
0.176039945879
0.176060437698
0.176084709792
0.176112739143
0.176144566914
0.17618021783
0.176219540812
0.176261880892
0.176307309673
0.176356025213
0.176408612018
0.176465057077
0.176525326557
0.176589376293
0.176657139849
0.176728507151
0.176803294865
0.176881195846
0.176961803302
0.177044905976
0.177130351662
0.177216826062
0.177303456004
0.177392177948
0.1774833591
0.177577004813
0.17767292225
0.177771152856
0.177871855155
0.177975074903
0.178080827087
0.178189140769
0.17830005122
0.178413580828
0.178529727727
0.178648462404
0.178769725135
0.178893411028
0.17901928214
0.179146439646
0.179273981214
0.179402682217
0.179532628302
0.17966375221
0.179795999175
0.179929174447
0.180063049952
0.18019770915
0.180333402996
0.180470246346
0.180608089461
0.180745630623
0.180882220742
0.181019307804
0.181156999981
0.181295191796
0.18143373015
0.181572434282
0.181711117667
0.181849617828
0.18198781968
0.182125648827
0.182263042938
0.182400019279
0.182536700837
0.182673218173
0.182809754472
0.182946278289
0.183082084616
0.183216720197
0.183351102439
0.183485651218
0.183620377017
0.183754962984
0.183888309366
0.184020562942
0.184152634266
0.184284625723
0.184413648803
0.184541747511
0.18466962514
0.184797132206
0.184924054827
0.185050031466
0.185174540832
0.185297498064
0.185419405101
0.185540640685
0.185661347162
0.18578155376
0.185901243369
0.186020382582
0.186138936598
0.186256872227
0.186374150133
0.186490728716
0.186606604167
0.186721810508
0.186836356536
0.186950199911
0.187063256869
0.187175409747
0.187286497305
0.187396295578
0.187504572848
0.187611263887
0.187716481626
0.187820335103
0.187922561467
0.18802244074
0.188120590776
0.188217065877
0.188311664838
0.188404190577
0.188494552721
0.188582841602
0.18866924916
0.1887539446
0.188837032912
0.188918562438
0.188998538786
0.189076934139
0.189153691122
0.189228720463
0.189301887362
0.189372963509
0.189441461051
0.189506727729
0.189568683939
0.189626624282
0.189679145892
0.189727152664
0.189771626515
0.189812974222
0.189850915082
0.189886784412
0.189920836915
0.189953188613
0.189983874566
0.190012887737
0.190040195583
0.190065716725
0.190089226746
0.190110372741
0.190129168574
0.190145702913
0.190159952618
0.190171969821
0.190181824943
0.190189604306
0.190195381354
0.190199110103
0.190200573318
0.190199469845
0.190195529789
0.190188507118
0.190178374695
0.190165654556
0.190150897293
0.190133970245
0.190114480228
0.190092439202
0.190068482155
0.190043278436
0.190017148661
0.189990252233
0.189962644233
0.189934289039
0.189905102286
0.189874931226
0.189842959099
0.189809793173
0.189776257655
0.189742396821
0.189708181298
0.18967354608
0.189638188777
0.189601688715
0.189562868412
0.189521064166
0.189478055812
0.189433870195
0.189388146905
0.189340375752
0.189290454489
0.189238622445
0.189184970101
0.189129480179
0.189072515588
0.189014235655
0.188954536176
0.188893106225
0.188829614669
0.188763934838
0.188695989696
0.188625476403
0.188551922406
0.188473923673
0.188392641027
0.188308762715
0.18822237783
0.188133509677
0.18804220075
0.18794852454
0.187852577394
0.187754471885
0.187654312947
0.187552122544
0.187447740812
0.187341003155
0.187232140069
0.18712148343
0.187009191857
0.186895282786
0.186779560897
0.18666113696
0.186539897098
0.18641663122
0.186291460352
0.186164357244
0.186035296163
0.185904293516
0.185771405019
0.185636606571
0.185500105564
0.18536245951
0.185224012874
0.185084945448
0.184945360223
0.184805299832
0.184664747612
0.184523660317
0.184382032893
0.184239883095
0.184097169381
0.183953749698
0.183809405106
0.183663951717
0.183517361671
0.183369726212
0.183221141701
0.183071663538
0.18292131176
0.182770088615
0.182617995261
0.182465046355
0.182311286517
0.182156802805
0.182001717943
0.181846164081
0.181690253313
0.181534059134
0.181377617905
0.181220957079
0.181064138354
0.180907274634
0.180750501841
0.180593939988
0.180437666426
0.18028166691
0.18012571038
0.179969668947
0.179813965911
0.179658918824
0.179504687206
0.179351381852
0.179199091866
0.179047888093
0.178897823249
0.178748935396
0.178601259735
0.178454851072
0.178309806982
0.178166271205
0.178024413139
0.177884402037
0.177746390322
0.177610505972
0.177476849171
0.177345490108
0.177216467729
0.177089791245
0.176965448078
0.176843424688
0.176723497278
0.176605160581
0.176489329318
0.176375484184
0.176264278788
0.176155834462
0.176050179695
0.175947369493
0.175847483132
0.175750605019
0.175656810797
0.175566170033
0.175478753775
0.175394627301
0.175313824472
0.175236313289
0.175162011504
0.175090927754
0.175023109225
0.174957880352
0.174894937034
0.17483542223
0.174779578464
0.174727297985
0.174676390672
0.174629070852
0.174585745647
0.17454654686
0.17451152963
0.174480718555
0.174454138717
0.174431826511
0.17441338019
0.1743981946
0.174386642608
0.174378531563
0.174374059173
0.174373167591
0.174375747526
0.174381838008
0.17439140843
0.174404677095
0.17442211908
0.174443534056
0.174468879093
0.174498713176
0.174533263169
0.174572477236
0.174616258919
0.174664544136
0.174717279689
0.174774314318
0.174835356214
0.174900170665
0.174968784921
0.175041409178
0.175118112819
0.175198805795
0.175283315189
0.175371443018
0.175463029277
0.175558019846
0.175656461433
0.175758413909
0.175863834798
0.175972177497
0.176083597286
0.176197597292
0.176313376637
0.176431532871
0.176552199744
0.17667535305
0.176800975973
0.176927964857
0.177056545782
0.177187634939
0.177321401727
0.177458069927
0.177597731611
0.177740367792
0.177885876484
0.178034063962
0.178184634727
0.178337285501
0.178491854843
0.17864818014
0.178805946154
0.178964873305
0.179124696398
0.179285578285
0.179447585733
0.179610802182
0.17977442758
0.179937992515
0.180102742779
0.180268602034
0.180435459803
0.180603200755
0.180771701152
0.180940822751
0.181110406503
0.181280266752
0.181450187371
0.181619922738
0.18178920779
0.181957778997
0.182125399379
0.182291874486
0.182457060302
0.182620877142
0.182783289298
0.182944239158
0.183103504981
0.183260418192
0.183415131614
0.183568143932
0.183719514165
0.183869183867
0.184017044936
0.18416283886
0.184306333633
0.184447595119
0.184586567385
0.184723051546
0.184857133302
0.184988918755
0.185117040629
0.185242414848
0.185365921657
0.185487608373
0.18560736139
0.185724961853
0.185840199779
0.185953031759
0.1860635678
0.186171936202
0.18627822749
0.186382506367
0.186484824033
0.186585208339
0.186683631805
0.186779954018
0.186872995688
0.186961235764
0.187047318535
0.1871315531
0.18721370288
0.187293264009
0.187369428957
0.187442838345
0.187514801553
0.187585416657
0.187654656589
0.187722409528
0.187788506523
0.187852785152
0.18791518293
0.187975764911
0.188034646408
0.188091908386
0.18814756983
0.188201606356
0.188253996932
0.188304774483
0.188354041655
0.188401942003
0.188448620899
0.188494204098
0.188538793604
0.188582470686
0.18862529889
0.188667323975
0.188708570558
0.188749036906
0.188788689951
0.188827463549
0.188865265417
0.188901993262
0.188937535621
0.188971714029
0.189004130439
0.189033881545
0.189059911616
0.189082800181
0.189103489493
0.189122371667
0.189139543302
0.189154906884
0.189168136473
0.189178699225
0.189185368342
0.189188878773
0.189189923733
0.189188295141
0.189183593743
0.18917542857
0.189163670614
0.18914838429
0.189129760639
0.189107969717
0.189083076666
0.189055017532
0.189022789559
0.188985771428
0.188944476893
0.188898976705
0.1888503803
0.188798994613
0.188744952091
0.188688329657
0.188629189605
0.188567567326
0.188503453352
0.188436803957
0.188367552995
0.188295624325
0.188220966521
0.188143576753
0.188063480399
0.187980689612
0.187895173029
0.187806851433
0.18771563006
0.187621451703
0.187524394277
0.187424775297
0.187322938347
0.187219132032
0.187113513314
0.187006032727
0.18689588984
0.186782393284
0.186666408403
0.186547989864
0.186426563283
0.186301429715
0.186172064462
0.186038266193
0.185900544213
0.185759698453
0.185616461687
0.185471495398
0.185325136186
0.185177191207
0.185027092022
0.18487656666
0.184726113615
0.184574964399
0.184422907412
0.184271196755
0.184120199498
0.18396999447
0.183820562285
0.183671822438
0.183523701962
0.183376240841
0.183229599328
0.183083947494
0.182939325726
0.182795307091
0.182651546831
0.182508777211
0.182367250914
0.182227000445
0.182087670669
0.181948926374
0.181811751375
0.181676429223
0.18154303494
0.181411574015
0.181281959605
0.181153942438
0.18102680051
0.180899019018
0.180771565376
0.18064522182
0.180519916139
0.180395654244
0.18027271812
0.180151341488
0.18003158669
0.179913384454
0.179796576054
0.179680974135
0.179566431177
0.179452840967
0.179340128962
0.179228277472
0.17911733246
0.179007376175
0.178898492782
0.17879075007
0.178684197764
0.178578869151
0.17847477632
0.17837189722
0.178270145346
0.178168987864
0.178067108631
0.177966107115
0.1778667584
0.177769299899
0.177673895027
0.177580674669
0.177489742184
0.17740117697
0.177315043047
0.177231389557
0.177150234332
0.177071588101
0.176995548947
0.176922306104
0.176852031932
0.176784821733
0.176720680931
0.176659508525
0.17660107858
0.176545057071
0.176491190101
0.176439804955
0.176391421317
0.176346286442
0.176304438609
0.176265736072
0.176229925813
0.176196970467
0.176167042432
0.176140279733
0.176116794689
0.176096695665
0.176080057517
0.176066900951
0.176057193313
0.176050850491
0.17604783624
0.176048279933
0.176052331763
0.176060045422
0.176071367275
0.176086123264
0.176104039079
0.176124938056
0.176148877972
0.176175940874
0.176206118358
0.176239323839
0.176275411478
0.17631416423
0.176355236239
0.176398307417
0.17644345195
0.17649084835
0.176540608606
0.176592849322
0.176647671735
0.176705106163
0.176764686132
0.176824135436
0.176885606532
0.176949334818
0.177015160104
0.177082892596
0.177152303315
0.177223305678
0.177296085889
0.177370745208
0.177447269271
0.177525712078
0.177606144576
0.17768845238
0.177772827002
0.177859544039
0.17794857494
0.178039868038
0.178133593558
0.17822971902
0.178328061617
0.178427912615
0.178526062824
0.178624157126
0.178724301054
0.178826789283
0.17893167024
0.179038892497
0.179148309601
0.179259583083
0.179371887697
0.179484668221
0.179598272418
0.17971236267
0.179825953078
0.179940063104
0.180055186926
0.180171399799
0.180288669525
0.180406895765
0.180525942172
0.180645674305
0.180765975292
0.18088673138
0.181007786115
0.181128842852
0.181248141808
0.181366384935
0.181484702928
0.181603937437
0.181724344874
0.18184601489
0.181968985159
0.182093271861
0.182218875442
0.182345778521
0.182473946433
0.182603333881
0.182733895072
0.182865247265
0.182994602456
0.183124978813
0.183256412394
0.183388857465
0.183522259605
0.183656573856
0.183791760999
0.183927776673
0.18406458843
0.184202206183
0.184340679433
0.184480059042
0.184620357128
0.184761476155
0.184902406709
0.185042593959
0.185183174682
0.185324145279
0.185465439587
0.185605747506
0.185743462238
0.185880577028
0.186016734936
0.186151948281
0.186286285267
0.186419336733
0.186550873734
0.186681356015
0.186810791739
0.186938843652
0.187065098917
0.187189178848
0.187311041678
0.187430109948
0.187545165858
0.187657931605
0.187768278529
0.187875831997
0.187980549071
0.18808257557
0.188182060702
0.188279128341
0.188373859366
0.188466242115
0.188555733566
0.188641201695
0.188723077879
0.188801138215
0.188875711433
0.188947050956
0.189015408584
0.189081000083
0.189143946273
0.189204259853
0.189261757456
0.189316258314
0.189367223151
0.189414068776
0.189457573946
0.189498093378
0.189535891594
0.189570669828
0.189602711717
0.189632394715
0.189658971605
0.189681915895
0.189702397748
0.189720713064
0.189737015238
0.189751445502
0.189763959692
0.189774113748
0.189782182744
0.189788143371
0.189792203922
0.189794820819
0.189796198451
0.189796324963
0.189794956593
0.189791480821
0.189784745365
0.189774526455
0.189762259587
0.189748384668
0.1897329496
0.189714415066
0.189692537594
0.189666653986
0.189639489683
0.18961072898
0.189579778687
0.189547117996
0.189513353318
0.189478716132
0.189443257801
0.189406934658
0.189369660537
0.189331335161
0.189291878945
0.189251370286
0.189210059394
0.189168180284
0.189125876104
0.189081942161
0.1890356496
0.188988869767
0.188941449513
0.188893194281
0.188843889171
0.188793159475
0.188740089914
0.1886838281
