-4.12368552004e-16
0.0240111761901
0.0919477060062
0.188722715669
0.288621304721
0.364650443171
0.370637098734
0.334076373478
0.305777586746
0.290118148126
0.280751515163
0.278450555269
0.285289931854
0.297506741358
0.310860866901
0.318204917988
0.302218201684
0.276461743226
0.262081572382
0.256972245204
0.257241459669
0.260221593236
0.268343526726
0.281760756004
0.293194143468
0.296459395492
0.285058078328
0.271116867624
0.261225443412
0.256009668824
0.255900023229
0.257031261397
0.261132773203
0.265711659395
0.266941282073
0.26320280278
0.257306757687
0.255683927415
0.25555037628
0.254391199788
0.251036762912
0.250699855209
0.255538014287
0.262901202355
0.265950122081
0.265223391528
0.262393101685
0.261297779621
0.260202157654
0.258785823898
0.255442714758
0.252741251226
0.252901954281
0.25497228344
0.260808060579
0.26578033712
0.266467544207
0.264082935724
0.261311351535
0.258741625402
0.252717217845
0.24772506735
0.244617049521
0.244150625881
0.247981187207
0.25325218482
0.254769580215
0.254524335804
0.255458967816
0.255011227405
0.25230295513
0.250848147095
0.251972575766
0.255236438864
0.258405311732
0.261963114907
0.267714006103
0.27113725411
0.270227934537
0.265591999816
0.26224868324
0.258778369057
0.256058213831
0.255364835691
0.256580023792
0.258313701617
0.259248523562
0.263585719453
0.26970446822
0.269020285062
0.266566614075
0.264254938057
0.261735560171
0.260792570666
0.262618077051
0.264313118433
0.265117207746
0.262642873854
0.260603142493
0.259976389368
0.261899232511
0.261230419879
0.258983655302
0.259138238564
0.260471323839
0.256890471504
0.251905244837
0.249798690865
0.249960003296
0.251367370734
0.25213676962
0.251853104668
0.255540839716
0.261219009281
0.264007819384
0.267455572286
0.272119309442
0.273953206917
0.271941409196
0.267822732688
0.264885435488
0.262375264411
0.257527080299
0.254260017202
0.254801074112
0.255538826534
0.25581823536
0.258638804538
0.262026485392
0.260394137597
0.256455537454
0.255839955207
0.256095404932
0.254743372163
0.25202387749
0.250787332467
0.249894509439
0.251457482475
0.257334353718
0.264093742817
0.267925190025
0.267982988909
0.264639163576
0.260727835667
0.258269624406
0.262326607218
0.265338640464
0.263543865891
0.258501833333
0.256499429104
0.257822637013
0.259145898747
0.262269183146
0.264628390372
0.259699410329
0.252407073117
0.25155274703
0.255723713113
0.26244259684
0.267962763671
0.267899798615
0.265341717581
0.263422216115
0.260380913371
0.25476594365
0.253024201373
0.254318448882
0.256850916325
0.259214432493
0.264485108196
0.265749325757
0.258618247989
0.251083322215
0.249918375109
0.253025638156
0.255135158556
0.257806174237
0.262863240368
0.267965679734
0.267303925222
0.267650760112
0.266995843893
0.262635106168
0.253242756087
0.247314381786
0.24623639041
0.25037604736
0.25461306628
0.256978641474
0.258031924396
0.261860117666
0.266294806702
0.268470531131
0.26531764047
0.262636512772
0.260917657922
0.260742808938
0.257954142968
0.253453775214
0.255994346623
0.261169273552
