4.28228880927e-16
0.0238345880352
0.0887996762573
0.174839970369
0.257802862382
0.320738078132
0.339975436303
0.320086800585
0.292456189362
0.273068580601
0.262921985812
0.259077013308
0.263511461431
0.275912224593
0.289829029882
0.300178090082
0.298921372333
0.282664379178
0.263656149362
0.249524474263
0.241138075179
0.236804253507
0.238398575969
0.245122990401
0.256223363062
0.265594266595
0.270038792938
0.267449433423
0.257765384535
0.247566461651
0.242965457821
0.244630494787
0.249997466398
0.254535683806
0.256384374366
0.257544884686
0.258890876517
0.259836968757
0.259996975543
0.260130263043
0.264350589937
0.26633319254
0.265964267146
0.266139177019
0.265257425299
0.263769273466
0.26053716449
0.257676814601
0.25428658859
0.250445791544
0.247042465837
0.244930481852
0.245996166223
0.24947339684
0.250368480147
0.24876202079
0.246080791191
0.244102394065
0.245503132779
0.246501112225
0.246033180266
0.246005254766
0.248704494582
0.250189006187
0.25081397349
0.252181649482
0.251096429141
0.24913583728
0.248984515855
0.25042271753
0.251077169347
0.251973407538
0.253807629529
0.252686806532
0.249002145172
0.245667438139
0.245268756851
0.246830079992
0.247581289752
0.248256147873
0.248264271837
0.246899334823
0.243416482513
0.24164898397
0.243189923777
0.248287831705
0.249634603039
0.249471075254
0.247561657402
0.247449815293
0.248443999684
0.250113552286
0.253266298541
0.255554148807
0.255051272439
0.252982674386
0.25064295401
0.246217136347
0.241351419009
0.238905575117
0.239567663246
0.241943348381
0.244525659472
0.244832542277
0.244166579948
0.24551637761
0.248561568076
0.249748418951
0.25105823746
0.251534566779
0.252195675734
0.254089362844
0.257064363056
0.258336874293
0.256761660986
0.255920575866
0.256426944883
0.255606496372
0.251464642795
0.249435312138
0.249342002174
0.248072977498
0.247735370944
0.249097944216
0.250409110601
0.250642144649
0.250387849739
0.25023386139
0.24993371441
0.249322892552
0.250200719642
0.252829250722
0.254297562764
0.253652842585
0.252502013094
0.253715214811
0.255538515244
0.255385043824
0.249509496945
0.245379106054
0.246483646804
0.248025563305
0.245305681327
0.244707219549
0.245832333657
0.246012105226
0.246926868452
0.246659879655
0.24551005481
0.243918912377
0.246664688525
0.25091069858
0.254087122655
0.254104400174
0.251570405748
0.249603579674
0.249963813239
0.246203248233
0.241618336446
0.238874698473
0.238174984665
0.240532199585
0.244439197755
0.248611494576
0.251914028753
0.251459740646
0.249987649728
0.248649077528
0.245533628526
0.240326341897
0.2378174371
0.236835916438
0.240088380282
0.242652626325
0.243930159943
0.247383471486
0.250907024236
0.253684053451
0.254604056412
0.25244977799
0.248677262053
0.246138623777
0.245408477647
0.243820651949
0.241582712192
0.240838619579
0.243007846321
0.24658280626
0.24987508328
0.252692608324
0.254910913511
0.254134999382
0.252284123368
0.250420132312
0.247802763267
0.245899172088
0.247204515281
0.251991614341
0.258854602725
0.263494271616
0.260327255576
