1.0
0.999602836515
0.99841221335
0.996430729518
0.993662707237
0.990114177741
0.985792861526
0.98070814307
0.974871040163
0.968294167955
0.96099169788
0.952979311618
0.944274150291
0.934894759096
0.924861027599
0.914194125951
0.902916437253
0.89105148638
0.878623865527
0.865659156785
0.85218385206
0.838225270651
0.823811474809
0.808971183629
0.793733685586
0.778128750083
0.762186538337
0.745937513947
0.729412353498
0.71264185752
0.695656862152
0.678488151832
0.661166373326
0.643721951421
0.626185006571
0.608585274789
0.590952030062
0.573314009547
0.555699341803
0.538135478278
0.520649128275
0.503266197595
0.486011731016
0.468909858796
0.45198374731
0.435255553953
0.418746386419
0.402476266399
0.386464097795
0.370727639451
0.35528348244
0.340147031885
0.325332493292
0.310852863353
0.296719925139
0.282944247611
0.269535189334
0.256500906271
0.243848363524
0.231583350851
0.219710501804
0.208233316277
0.197154186291
0.186474424771
0.176194297119
0.166313055334
0.156828974431
0.147739390938
0.139040743183
0.130728613157
0.122797769676
0.115242212613
0.108055217962
0.10122938352
0.0947566749857
0.0886284723043
0.0828356161315
0.0773684543107
0.0722168883253
0.067370419736
0.0628181966749
0.0585490605347
0.0545515930538
0.0508141640567
0.0473249801524
0.0440721347135
0.0410436594473
0.0382275778185
0.0356119604746
0.0331849826713
0.0309349834794
0.0288505263025
0.0269204599481
0.0251339792155
0.0234806837074
0.0219506333823
0.0205343992707
0.0192231077946
0.0180084772673
0.0168828454052
0.0158391870176
0.0148711214326
0.0139729096061
0.0131394412231
0.0123662123777
0.0116492946082
0.0109852961445
0.0103713162151
0.00980489319666
0.00928394730502
0.00880671850745
0.00837170043347
0.00797757135574
0.00762312383146
0.00730719532032
0.00702860292095
0.00678608608696
0.00657826152004
0.00640359411217
0.00626038665813
0.00614678914493
0.00606082606931
0.00600043795976
0.00596353162507
0.00594803298515
0.00595193673278
0.00597334830734
0.00601051534188
0.00606184746305
0.00612592477029
0.00620149634117
0.00628747068366
0.00638290025353
0.00648696208456
0.00659893634601
0.00671818433325
0.0068441270711
0.00697622540181
0.00711396215642
0.00725682677842
0.0074043025789
0.0075558566531
0.00771093237305
0.00786894428664
0.00802927519626
0.00819127515484
0.00835426210148
0.00851752385758
0.00868032121558
0.00884189187085
0.00900145497222
0.00915821609389
0.00931137245957
0.0094601182778
0.00960365007344
0.0097411719241
0.00987190053172
0.00999507007806
0.010109936829
0.0102157834665
0.0103119231384
0.0103977032274
0.0104725088481
0.010535766091
0.0105869450365
0.0106255625735
0.010651185058
0.0106634308606
0.010661972853
0.0106465408956
0.0106169243937
0.0105729750011
0.0105146095577
0.0104418133623
0.0103546438896
0.010253235081
0.0101378023481
0.0100086484491
0.00986617041526
0.00971086772194
0.00954335191559
0.00936435791965
0.00917475724202
0.00897557328907
0.00876799893925
0.0085534164237
0.00833341937168
0.00810983656025
0.0078847564061
0.00766055048216
0.00743989326702
0.00722577390032
0.00702149396887
0.00683064350689
0.0066570459761
0.00650466290046
0.00637745131205
0.00627917343087
0.00621316841588
0.00618210902507
0.00618777753994
0.00623089974912
0.00631106891512
0.00642677391637
0.00657552320973
0.00675403757772
0.00695847617766
0.00718466314623
0.00742829217926
0.00768509878558
0.00795100027272
0.00822221025368
0.00849533771775
0.00876748149766
0.00903633037618
0.00930027787319
0.00955855929093
0.00981141684599
0.0100602963451
0.0103080752712
0.0105593165568
0.0108205339382
0.0111004431975
0.0114101595149
0.0117632874577
0.0121758427469
0.0126659524329
0.0132533103248
0.0139584180838
0.0148017061904
0.0158026769326
0.0169792172092
0.0183471842429
0.0199202910304
0.0217102447804
0.0237270483282
0.0259793685576
0.02847489632
0.0312206524409
0.03422322143
0.0374889129418
0.0410238607559
0.044834072429
0.0489254424571
0.0533037398087
0.0579745782798
0.0629433758865
0.068215307693
0.0737952550955
0.0796877535887
0.0858969403566
0.0924265025603
0.099279626897
0.106458950805
0.113966515574
0.12180372154
0.129971285522
0.138469200607
0.147296698415
0.156452213943
0.165933353108
0.175736863099
0.185858605652
0.196293533376
0.20703566922
0.218078089221
0.229412908626
0.241031271489
0.252923343855
0.265078310591
0.277484375972
0.290128768062
0.302997746959
0.316076616929
0.329349742476
0.34280056833
0.356411643377
0.370164648482
0.384040428188
0.39801902622
0.412079724732
0.426201087204
0.440361004874
0.4545367466
0.468705011988
0.482841987647
0.496923406389
0.510924609192
0.524820609714
0.538586161147
0.552195825183
0.565624042842
0.578845206917
0.59183373576
0.604564148154
0.617011138967
0.629149655321
0.640954972967
0.652402772586
0.663469215691
0.674131019854
0.684365532939
0.69415080605
0.703465664893
0.712289779254
0.72060373032
0.728389075544
0.7356284108
0.742305429545
0.748404978759
0.753913111406
0.758817135198
0.763105657453
0.76676862584
0.769797364846
0.772184607792
0.773924524266
0.775012742828
0.775446368913
0.775223997817
0.774345722722
0.772813137712
0.770629335755
0.767798901655
0.7643279
0.760223858137
0.755495744249
0.750153940624
0.744210212202
0.737677670553
0.730570733409
0.722905079933
0.714697601899
0.705966350982
0.696730482381
0.68701019501
0.67682666849
0.666201997219
0.655159121776
0.643721757953
0.631914323702
0.619761864287
0.607289975961
0.594524728468
0.581492586677
0.568220331674
0.554734981618
0.541063712671
0.527233780306
0.513272441303
0.499206876719
0.485064116113
0.470870963308
0.456653923934
0.442439135002
0.428252296731
0.414118606817
0.400062697345
0.386108574463
0.372279560957
0.358598241806
0.345086412762
0.331765031948
0.318654174446
0.305772989767
0.293139662039
0.280771372719
0.268684265511
0.256893413157
0.245412785652
0.234255219389
0.223432386648
0.212954764801
0.202831604561
0.193070896589
0.183679335819
0.174662282936
0.166023722661
0.157766218742
0.149890865985
0.142397240201
0.135283347654
0.128545576427
0.122178653047
0.116175608685
0.11052776012
0.105224711289
0.100254381525
0.0956030662669
0.091255535024
0.0871951696494
0.0834041435311
0.0798636393814
0.076554100179
0.073455504894
0.070547658309
0.0678104828709
0.0652243002598
0.0627700912679
0.0604297244591
0.0581861466589
0.0560235312151
0.0539273828338
0.0518846003342
0.0498835006839
0.0479138090957
0.0459666207899
0.0440343403247
0.0421106042966
0.0401901928226
0.0382689346777
0.0363436103694
0.0344118568947
0.0324720775231
0.0305233597821
0.0285654050197
0.0265984736899
0.0246233522393
0.0226413509193
0.0206543485415
0.0186649134217
0.0166765569256
0.01469423487
0.0127253479882
0.0107818311633
0.00888483563765
0.00707616880771
0.00544840589026
0.00421935033743
0.00379900987232
0.00442326889281
0.00576011662687
0.00743225547837
0.00925730568381
0.0111580016172
0.013099001583
0.0150623383019
0.017037965849
0.0190197938228
0.0210038617062
0.0229874253229
0.0249684651914
0.026945404458
0.0289169375734
0.0308819207557
0.0328392986697
0.0347880533447
0.0367271673874
0.0386555968197
0.0405722507131
0.0424759758605
0.0443655453611
0.0462396503827
0.0480968946022
0.049935790978
0.0517547605969
0.0535521334026
0.0553261506438
0.0570749689055
0.0587966656
0.0604892457988
0.0621506502937
0.0637787647728
0.0653714300006
0.0669264528902
0.0684416183523
0.0699147018108
0.0713434822689
0.0727257558163
0.0740593494628
0.0753421351915
0.0765720441233
0.0777470806873
0.0788653366987
0.079925005244
0.080924394284
0.0818619398837
0.0827362189893
0.0835459616712
0.0842900627635
0.0849675928319
0.0855778084096
0.0861201614435
0.086594307902
0.0870001154976
0.0873376704819
0.0876072834759
0.0878094943015
0.0879450757794
0.0880150364651
0.0880206222888
0.0879633170704
0.0878448418711
0.0876671531482
0.0874324396644
0.0871431181061
0.0868018273491
0.0864114213067
0.0859749602805
0.0854957007272
0.0849770833403
0.0844227193389
0.0838363748442
0.0832219532205
0.0825834752567
0.0819250570655
0.0812508855938
0.0805651916558
0.079872220435
0.0791761994474
0.0784813040163
0.077791620387
0.0771111066977
0.0764435521255
0.075792534641
0.0751613779201
0.0745531080825
0.0739704110318
0.0734155912651
0.0728905330833
0.0723966651621
0.0719349294297
0.0715057551347
0.0711090388787
0.0707441312285
0.0704098303308
0.0701043827244
0.0698254913102
0.0695703301987
0.0693355659371
0.0691173844247
0.068911522679
0.0687133045132
0.0685176791366
0.0683192616906
0.0681123747783
0.0678910901265
0.0676492696302
0.0673806051541
0.0670786566033
0.0667368879061
0.0663487006817
0.0659074654822
0.0654065505948
0.0648393484815
0.0641992999996
0.0634799166027
0.0626748007699
0.0617776649443
0.0607823492976
0.0596828386741
0.0584732791075
0.0571479943731
0.0557015031248
0.0541285373213
0.0524240628718
0.0505833038129
0.0486017719339
0.0464753047868
0.0442001167511
0.0417728708644
0.039190784676
0.0364517938905
0.0335548185056
0.0305002202855
0.0272906399283
0.023932645518
0.0204402791026
0.0168435753893
0.0132120667411
0.00973126918232
0.00697840794692
0.00643154361685
0.00881565588495
0.0127658318908
0.0173927695524
0.0224028278864
0.027690676396
0.0332105348917
0.0389386940095
0.0448607722489
0.0509666855483
0.0572484082079
0.0636988766943
0.0703114103292
0.0770793855379
0.0839960432393
0.0910543703752
0.0982470249574
0.105566287947
0.113004032496
0.120551704969
0.128200314389
0.135940428175
0.143762172869
0.151655238947
0.159608889164
0.167611970021
0.175652926091
0.183719816998
0.191800336908
0.199881836394
0.207951346588
0.215995605514
0.224001086504
0.231954028615
0.239840468934
0.247646276674
0.255357188938
0.262958848038
0.270436840236
0.27777673576
0.28496412996
0.291984685438
0.298824174989
0.305468525184
0.311903860415
0.318116547223
0.32409323871
0.32982091885
0.33528694651
0.34047909896
0.345385614702
0.349995235399
0.354297246721
0.358281517897
0.361938539801
0.365259461374
0.368236124205
0.370861095093
0.373127696434
0.375030034267
0.376563023839
0.377722412548
0.378504800142
0.378907656064
0.378929333849
0.378569082475
0.377827054618
0.376704311743
0.375202826004
0.373325478924
0.371076056855
0.368459243232
0.365480607656
0.362146591836
0.358464492486
0.354442441238
0.350089381679
0.345415043649
0.340429914914
0.335145210392
0.329572839108
0.323725369062
0.317615990238
0.311258475985
0.304667143024
0.297856810366
0.290842757435
0.283640681726
0.276266656345
0.268737087829
0.261068674645
0.253278366838
0.245383327335
0.237400895451
0.229348553228
0.22124389531
0.213104603148
0.20494842444
0.196793158853
0.188656651239
0.180556793747
0.172511538464
0.16453892249
0.156657107646
0.148884437312
0.141239513215
0.133741295177
0.126409226858
0.119263390139
0.112324689661
0.105615066571
0.099157735938
0.0929774341994
0.0871006497781
0.0815557895534
0.0763732046277
0.0715849612525
0.0672242027997
0.0633239225954
0.0599149864186
0.0570233504658
0.0546666489709
0.0528506538675
0.0515664147687
0.0507889660182
0.0504781809917
0.0505817237284
0.0510393987895
0.0517878698033
0.0527648213699
0.0539120263312
0.0551772014836
0.0565148222571
0.0578861858593
0.0592590098952
0.0606067932071
0.0619080935077
0.0631458149606
0.0643065546922
0.0653800288595
0.0663585823654
0.0672367776486
0.0680110541126
0.0686794486324
0.0692413678576
0.0696974039636
0.0700491866456
0.0702992652823
0.070451016215
0.0705085709463
0.0704767617608
0.0703610818042
0.0701676570498
0.0699032278382
0.0695751378091
0.0691913280622
0.0687603342985
0.068291284507
0.0677938944945
0.0672784582231
0.066755829562
0.0662373917223
0.0657350104033
0.0652609666342
0.0648278655594
0.0644485181241
0.0641357938783
0.063902445008
0.063760904208
0.0637230619844
0.063800032127
0.0640019169733
0.0643375861689
0.0648144833867
0.0654384745462
0.0662137483742
0.0671427759563
0.0682263308177
0.0694635658519
0.0708521388783
0.0723883753786
0.074067455367
0.0758836113594
0.0778303257489
0.0799005181113
0.0820867155901
0.0843812021182
0.0867761445498
0.0892636956225
0.09183607501
0.0944856305854
0.0972048824749
0.0999865526285
0.102823582573
0.105709141813
0.108636629064
0.111599668211
0.114592100589
0.117607974881
0.1206415357
0.123687211715
0.126739603949
0.129793474789
0.132843738063
0.135885450472
0.138913804552
0.141924123297
0.144911856495
0.147872578791
0.150801989441
0.153695913708
0.156550305809
0.159361253285
0.162124982679
0.164837866371
0.167496430392
0.170097363064
0.172637524267
0.175113955151
0.177523888097
0.179864756739
0.182134205832
0.184330100791
0.186450536699
0.1884938466
0.190458608898
0.192343653695
0.194148067903
0.19587119899
0.197512657225
0.199072316298
0.200550312228
0.201947040467
0.203263151142
0.204499542396
0.205657351806
0.206737945887
0.207742907709
0.208674022678
0.209533262565
0.210322767886
0.211044828748
0.211701864339
0.21229640121
0.212831050564
0.213308484765
0.213731413291
0.214102558397
0.214424630732
0.214700305187
0.214932197233
0.215122840038
0.215274662599
0.215389969165
0.215470920173
0.215519514925
0.215537576184
0.215526736867
0.215488428963
0.215423874768
0.215334080509
0.215219832384
0.215081694994
0.214920012141
0.2147349099
0.214526301863
0.214293896414
0.214037205884
0.213755557411
0.213448105309
0.213113844767
0.21275162667
0.212360173355
0.211938095129
0.211483907362
0.210996048018
0.210472895481
0.209912786578
0.209314034698
0.20867494796
0.207993847396
0.20726908513
0.206499062574
0.205682248691
0.204817198365
0.203902570971
0.202937149237
0.201919858497
0.20084978647
0.199726203662
0.198548584545
0.197316629613
0.196030288448
0.194689783905
0.193295637499
0.191848696083
0.19035015986
0.188801611745
0.187205048052
0.185562910449
0.183878119018
0.182154106241
0.180394851593
0.178604916349
0.176789478056
0.174954363995
0.173106082744
0.171251852785
0.169399626839
0.167558110347
0.165736772283
0.163945846148
0.162196318783
0.160499904373
0.158869000893
0.157316626204
0.155856331174
0.154502087553
0.153268149029
0.152168884862
0.151218586837
0.150431251941
0.149820345055
0.149398547982
0.149177503032
0.149167561012
0.149377544451
0.149814537183
0.15048371063
0.151388195516
0.152529005168
0.153905013471
0.15551298711
0.157347668484
0.159401902867
0.161666801341
0.164131929846
0.166785514422
0.169614653237
0.172605527106
0.175743601716
0.179013816444
0.182400756311
0.185888805121
0.189462279092
0.193105541301
0.196803097979
0.200539678147
0.204300298411
0.208070314755
0.21183546324
0.215581891334
0.219296181516
0.222965368569
0.226576951804
0.230118903282
0.233579672917
0.236948191186
0.240213870042
0.243366602495
0.24639676125
0.249295196664
0.252053234266
0.254662671972
0.257115777133
0.259405283485
0.261524388036
0.263466747935
0.265226477319
0.266798144131
0.268176766891
0.269357811406
0.270337187375
0.271111244864
0.271676770611
0.272030984126
0.272171533554
0.272096491244
0.271804349018
0.271294013086
0.270564798573
0.269616423651
0.268449003228
0.267063042184
0.265459428138
0.263639423729
0.261604658402
0.259357119707
0.256899144099
0.254233407265
0.251362913978
0.248290987516
0.245021258655
0.241557654301
0.237904385766
0.234065936782
0.230047051274
0.22585272098
0.221488172997
0.216958857314
0.21227043446
0.207428763351
0.202439889455
0.197310033439
0.192045580412
0.18665306998
0.181139187302
0.175510755405
0.169774729059
0.16393819059
0.158008348105
0.151992536733
0.14589822369
0.139733018224
0.133504687893
0.127221183186
0.120890673283
0.114521596997
0.108122734737
0.101703310174
0.0952731346947
0.088842814828
0.0824240544297
0.0760301029042
0.0696764342882
0.0633818012995
0.0571699159337
0.0510722073925
0.0451324819721
0.0394150018771
0.0340186774666
0.0291014447749
0.02491717964
0.0218479467634
0.0203506503488
0.0207096325257
0.0227785397867
0.0260984258897
0.0302078438969
0.0347797628877
0.0396093153446
0.0445707428715
0.0495850334769
0.05460056057
0.0595821035874
0.0645046071949
0.0693495548489
0.0741028014807
0.0787532407825
0.0832919637169
0.0877117146087
0.0920065325146
0.0961715108908
0.100202634507
0.104096667789
0.107851077957
0.111463981955
0.114934109775
0.118260779033
0.121443877178
0.124483848709
0.127381685455
0.130138918452
0.132757610244
0.135240346726
0.137590227758
0.139810855949
0.141906323091
0.143881193813
0.145740486084
0.147489648282
0.149134532581
0.1506813645
0.152136708523
0.153507429753
0.15480065169
0.15602371026
0.157184104383
0.158289443406
0.159347391891
0.160365612326
0.161351706438
0.162313155903
0.163257263317
0.164191094377
0.165121422255
0.166054675195
0.166996888324
0.167953660632
0.168930118024
0.16993088317
0.170960052812
0.172021182933
0.173117282055
0.174250812713
0.175423700902
0.176637353165
0.177892680708
0.179190129848
0.180529717891
0.181911073472
0.183333480313
0.184795923296
0.186297135804
0.187835647246
0.189409829827
0.191017943623
0.192658179213
0.194328697156
0.196027663793
0.197753282924
0.199503823091
0.201277640264
0.203073195887
0.204889070326
0.206723971845
0.208576741358
0.210446353229
0.212331912489
0.214232648874
0.216147908118
0.218077140971
0.22001989042
0.221975777594
0.223944486829
0.225925750339
0.22791933294
0.229925017215
0.23194258947
0.233971826797
0.236012485507
0.238064291112
0.24012693003
0.242200043069
0.244283220744
0.246376000384
0.248477864954
0.250588243475
0.252706512857
0.254832000957
0.256963990625
0.259101724482
0.261244410171
0.263391225807
0.265541325369
0.267693843757
0.269847901305
0.272002607509
0.274157063801
0.276310365218
0.278461600843
0.280609852961
0.282754194892
0.284893687517
0.287027374562
0.289154276723
0.291273384791
0.293383651933
0.295483985343
0.297573237489
0.299650197213
0.301713580951
0.303762024338
0.305794074489
0.307808183214
0.309802701438
0.311775875056
0.313725842449
0.315650633849
0.317548172704
0.31941627916
0.321252675751
0.323054995306
0.324820791101
0.326547549168
0.328232702702
0.329873648408
0.331467764634
0.333012431078
0.334505049827
0.335943067481
0.337323998061
0.338645446406
0.339905131742
0.341100911107
0.342230802289
0.343293005977
0.344285926786
0.34520819286
0.346058673758
0.346836496353
0.347541058478
0.348172040111
0.34872941188
0.34921344073
0.349624692612
0.349964032092
0.350232618808
0.350431900763
0.350563604448
0.350629721859
0.350632494497
0.35057439449
0.350458103008
0.35028648619
0.350062568836
0.349789506163
0.349470553946
0.349109037401
0.348708319212
0.348271767082
0.347802721263
0.347304462477
0.346780180686
0.346232945124
0.345665676033
0.345081118495
0.344481818732
0.343870103211
0.343248060854
0.342617528584
0.341980080399
0.341337020091
0.340689377684
0.340037909566
0.339383102257
0.338725179674
0.338064113688
0.337399637725
0.336731263109
0.336058297787
0.335379867066
0.334694935938
0.334002332577
0.333300772561
0.332588883394
0.331865228889
0.331128333011
0.330376702796
0.329608849984
0.32882331106
0.328018665413
0.327193551397
0.326346680083
0.325476846596
0.324582938909
0.323663944084
0.322718951936
0.321747156186
0.320747853174
0.319720438277
0.318664400176
0.317579313174
0.316464827793
0.315320659865
0.314146578413
0.312942392566
0.311707937804
0.310443061818
0.309147610261
0.307821412678
0.306464268878
0.305075935999
0.303656116508
0.302204447342
0.300720490388
0.299203724449
0.297653538837
0.296069228694
0.294449992107
0.292794929042
0.291103042128
0.289373239241
0.287604337842
0.285795070994
0.283944094947
0.282049998165
0.280111311654
0.278126520437
0.276094076005
0.274012409567
0.271879945933
0.269695117848
0.267456380604
0.265162226778
0.262811200926
0.260401914112
0.257933058129
0.255403419317
0.252811891886
0.250157490663
0.24743936323
0.244656801402
0.241809252059
0.238896327321
0.235917814111
0.232873683159
0.229764097506
0.22658942061
0.223350224165
0.220047295749
0.216681646462
0.213254518708
0.209767394309
0.206222003158
0.202620332619
0.198964637924
0.195257453836
0.191501607837
0.187700235176
0.18385679608
0.179975095497
0.176059305739
0.172113992418
0.168144144084
0.164155205983
0.160153118345
0.156144359572
0.152135994649
0.148135728973
0.144151967636
0.140193879885
0.136271468128
0.132395640197
0.128578282847
0.124832333294
0.121171844222
0.117612035814
0.114169326186
0.110861329069
0.107706804937
0.104725549415
0.101938201311
0.0993659528893
0.0970301482225
0.0949517626295
0.093150768217
0.0916454071268
0.0904514136505
0.0895812453801
0.0890433970877
0.0888418739019
0.0889758891683
0.0894398273555
0.0902234780526
0.0913125112754
0.0926891353102
0.0943328621149
0.0962213036719
0.0983309333024
0.100637763992
0.103117915936
0.105748063662
0.108505766875
0.111369697971
0.114319783563
0.117337278328
0.120404788377
0.123506258985
0.126626938788
0.129753329837
0.132873130472
0.135975175952
0.139049380177
0.142086680588
0.145078987408
0.148019137731
0.15090085449
0.153718710019
0.156468093726
0.159145183238
0.161746918338
0.164270976954
0.166715752467
0.169080331608
0.171364472232
0.173568580308
0.175693685487
0.177741414654
0.179713962941
0.181614061729
0.183444943219
0.18521030127
0.186914248235
0.188561267676
0.190156162905
0.191704001439
0.193210055574
0.194679739404
0.196118542786
0.197531962833
0.198925433696
0.200304255513
0.201673523476
0.203038058118
0.204402337935
0.205770435509
0.207145958311
0.208531995303
0.209931070393
0.211345103683
0.21277538131
0.214222534487
0.215686528177
0.217166659608
0.218661566625
0.220169245661
0.221687078911
0.223211870118
0.2247398882
0.226266917859
0.227788316176
0.229299074174
0.230793882264
0.232267198525
0.233713318763
0.235126447361
0.236500767987
0.237830513313
0.239110032965
0.240333859041
0.2414967686
0.242593842621
0.243620521021
0.244572653395
0.245446545203
0.246238999213
0.246947352039
0.247569505691
0.248103954067
0.248549804383
0.248906793524
0.24917529938
0.249356347198
0.249451611038
0.249463410399
0.249394702144
0.249249067796
0.249030696366
0.24874436281
0.248395402281
0.247989680322
0.247533559174
0.247033860386
0.246497823924
0.245933064031
0.245347522061
0.244749416595
0.244147191143
0.24354945977
0.242964951057
0.242402450781
0.241870743813
0.241378555684
0.240934494385
0.240546992915
0.240224253164
0.239974191706
0.239804388056
0.239722035958
0.239733898217
0.239846265543
0.240064919813
0.240395102089
0.240841485622
0.241408153995
0.242098584451
0.242915636351
0.243861544596
0.244937917798
0.246145740857
0.247485381589
0.248956600969
0.250558566562
0.252289868681
0.254148538846
0.25613207013
0.258237439036
0.260461128586
0.262799152362
0.2652470793
0.267800059108
0.2704528482
0.273199836128
0.276035072494
0.278952294387
0.281944954378
0.285006249149
0.288129148804
0.291306426926
0.294530691408
0.297794416086
0.301089973157
0.304409666356
0.307745764823
0.311090537557
0.314436288346
0.317775390999
0.32110032472
0.324403709395
0.327678340584
0.330917223968
0.334113608991
0.33726102143
0.340353294622
0.343384599071
0.34634947015
0.349242833642
0.352060028843
0.354796828969
0.357449458652
0.360014608273
0.362489444944
0.364871619965
0.367159272589
0.369351029975
0.371446003243
0.373443779554
0.375344410211
0.377148394781
0.378856661301
0.380470542671
0.381991749374
0.383422338711
0.384764680801
0.386021421617
0.387195443392
0.388289822777
0.389307787162
0.390252669618
0.391127862952
0.391936773392
0.39268277445
0.39336916151
0.393999107714
0.394575621691
0.395101507691
0.395579328632
0.396011372552
0.396399622912
0.396745733142
0.397051005747
0.397316376256
0.397542402168
0.397729257032
0.397876729667
0.397984228466
0.398050790665
0.398075096347
0.398055486912
0.397989987664
0.39787633412
0.39771200159
0.397494237557
0.397220096353
0.396886475598
0.396490153902
0.396027829295
0.395496157886
0.394891792281
0.394211419284
0.393451796492
0.392609787381
0.391682394557
0.390666790876
0.389560348191
0.388360663507
0.387065582409
0.385673219622
0.384181976658
0.382590556483
0.38089797523
0.379103570981
0.377207009675
0.375208288241
0.373107735067
0.370906007926
0.368604089524
0.366203280811
0.363705192255
0.361111733232
0.358425099734
0.355647760591
0.352782442373
0.349832113199
0.346799965599
0.343689398656
0.34050399957
0.337247524837
0.333923881211
0.330537106582
0.327091350943
0.323590857566
0.320039944523
0.316442986664
0.312804398149
0.309128615653
0.30542008229
0.301683232366
0.297922476989
0.294142190611
0.290346698525
0.286540265358
0.282727084571
0.278911268988
0.275096842346
0.271287731869
0.26748776184
0.263700648176
0.259929993948
0.256179285834
0.252451891463
0.2487510576
0.245079909131
0.24144144879
0.237838557572
0.234273995777
0.230750404604
0.227270308257
0.223836116459
0.220450127324
0.217114530504
0.21383141053
0.210602750276
0.207430434456
0.204316253076
0.201261904768
0.198268999906
0.195339063449
0.192473537412
0.189673782907
0.186941081687
0.184276637115
0.181681574534
0.179156940971
0.176703704155
0.174322750834
0.172014884383
0.16978082173
0.167621189613
0.165536520241
0.163527246428
0.161593696272
0.159736087528
0.157954521772
0.156248978528
0.154619309508
0.153065233155
0.15158632966
0.150182036654
0.148851645752
0.147594300153
0.146408993444
0.145294569788
0.144249725629
0.143273013024
0.142362844699
0.141517500882
0.140735137939
0.140013798816
0.139351425236
0.138745871602
0.138194920491
0.137696299634
0.13724770023
0.136846796434
0.136491265848
0.136178810819
0.135907180355
0.135674192457
0.135477756658
0.135315896558
0.135186772158
0.135088701764
0.135020183249
0.134979914458
0.134966812515
0.134980031797
0.13501898033
0.135083334335
0.13517305065
0.135288376735
0.135429857949
0.135598341789
0.13579497875
0.136021219489
0.136278807963
0.136569770234
0.136896398663
0.137261231257
0.137667025994
0.138116730022
0.13861344374
0.139160379858
0.139760817681
0.140418053003
0.14113534412
0.14191585467
0.142762594105
0.143678356761
0.144665660602
0.145726686785
0.146863221243
0.148076599504
0.149367655889
0.150736678185
0.152183368743
0.153706812789
0.155305454556
0.156977081638
0.15871881773
0.16052712375
0.1623978071
0.164326038673
0.166306377062
0.168332799305
0.170398737438
0.172497120065
0.174620418144
0.176760694201
0.178909654226
0.181058701517
0.183198991857
0.18532148942
0.187417022899
0.189476341415
0.191490169824
0.193449263091
0.195344459468
0.197166732236
0.198907239818
0.200557374111
0.202108806872
0.20355353405
0.204883917944
0.206092727084
0.207173173731
0.208118948911
0.208924254872
0.209583834888
0.210093000301
0.210447654721
0.210644315283
0.210680130876
0.210552897254
0.210261068946
0.209803767889
0.209180788705
0.208392600565
0.207440345585
0.20632583371
0.205051534058
0.203620562715
0.202036666986
0.200304206125
0.198428128608
0.196413946015
0.194267703637
0.191995947962
0.18960569121
0.187104373163
0.184499820558
0.181800204399
0.17901399557
0.176149919227
0.173216908521
0.170224058267
0.167180579281
0.164095754183
0.160978895569
0.157839307529
0.154686251589
0.15152891822
0.148376405111
0.145237703456
0.142121693467
0.139037150308
0.135992761513
0.132997156779
0.130058950722
0.127186798814
0.124389466171
0.121675908185
0.119055361116
0.116537439737
0.114132237856
0.111850426157
0.109703340256
0.10770305032
0.105862402243
0.104195019304
0.102715253002
0.101438072541
0.100378884749
0.099553280291
0.0989767080254
0.0986640868772
0.0986293729674
0.0988851076534
0.099441978043
0.100308423913
0.101490322771
0.102990777904
0.10481002367
0.106945449797
0.109391734432
0.112141066152
0.115183429385
0.118506926126
0.122098108825
0.125942303809
0.130023910275
0.134326665667
0.13883387329
0.143528591972
0.148393790269
0.153412469366
0.158567759493
0.163842994795
0.169221771239
0.17468799158
0.180225900753
0.185820114395
0.191455642595
0.197117910427
0.202792776386
0.208466549481
0.21412600545
0.219758402356
0.225351495658
0.230893552726
0.236373366709
0.2417802696
0.24710414432
0.252335435621
0.25746515963
0.262484911834
0.26738687335
0.272163815327
0.27680910135
0.281316687759
0.285681121799
0.289897537547
0.293961649617
0.297869744626
0.301618670462
0.305205823408
0.308629133201
0.311887046122
0.314978506244
0.317902934966
0.320660209008
0.323250637017
0.325674934983
0.327934200648
0.330029887128
0.331963775933
0.333737949619
0.335354764272
0.336816822039
0.33812694392
0.339288143003
0.340303598363
0.341176629771
0.341910673405
0.342509258703
0.34297598649
0.343314508492
0.343528508337
0.34362168411
0.343597732505
0.343460334615
0.34321314336
0.342859772533
0.34240378743
0.341848697015
0.341197947538
0.340454917514
0.339622913973
0.338705169851
0.33770484241
0.336625012542
0.335468684842
0.334238788295
0.332938177453
0.331569633976
0.330135868401
0.328639522027
0.327083168825
0.325469317249
0.323800411903
0.322078834968
0.320306907358
0.318486889551
0.316620982095
0.314711325759
0.312760001355
0.310769029246
0.308740368572
0.306675916241
0.304577505737
0.302446905808
0.300285819109
0.298095880854
0.295878657573
0.293635646035
0.291368272414
0.289077891771
0.286765787922
0.284433173746
0.282081191986
0.279710916602
0.277323354698
0.27491944906
0.27250008132
0.270066075759
0.267618203736
0.265157188752
0.262683712114
0.260198419171
0.257701926102
0.255194827198
0.252677702601
0.250151126436
0.247615675297
0.245071937013
0.242520519636
0.239962060592
0.23739723593
0.234826769597
0.232251442688
0.229672102598
0.227089672012
0.224505157675
0.221919658868
0.219334375544
0.216750616029
0.214169804254
0.211593486415
0.209023337015
0.20646116419
0.203908914247
0.201368675322
0.198842680061
0.196333307228
0.193843082124
0.191374675717
0.188930902341
0.186514715863
0.184129204174
0.181777581886
0.179463181108
0.17718944018
0.174959890275
0.172778139768
0.170647856317
0.168572746641
0.166556533991
0.164602933395
0.162715624787
0.160898224232
0.15915425348
0.157487108221
0.15590002544
0.154396050382
0.152978003698
0.151648449409
0.150409664358
0.149263609879
0.148211906381
0.147255811544
0.146396202761
0.145633564375
0.144967980162
0.144399131362
0.143926300404
0.143548380328
0.143263889713
0.143070992764
0.142967524076
0.142951017447
0.143018738006
0.143167716876
0.14339478753
0.143696622993
0.144069773077
0.144510700881
0.145015817845
0.145581516769
0.14620420225
0.146880318156
0.147606371809
0.148378954676
0.149194759451
0.150050593502
0.15094338872
0.15187020789
0.152828247746
0.153814838909
0.154827442959
0.155863646901
0.156921155309
0.157997780445
0.159091430638
0.160200097239
0.161321840416
0.162454774102
0.163597050343
0.164746843317
0.165902333257
0.167061690517
0.168223059974
0.169384545961
0.170544197915
0.171699996863
0.172849842913
0.173991543849
0.175122804926
0.176241219967
0.177344263821
0.178429286234
0.1794935072
0.180534013803
0.181547758596
0.182531559536
0.183482101486
0.184395939302
0.185269502514
0.186099101613
