-0.0
6.43260178144e-05
0.000257299374866
0.000578905916369
0.00102912183204
0.00160791332668
0.00231523615706
0.00315103503326
0.00411524288193
0.00520777996852
0.00642855287498
0.0077774533288
0.00925435687886
0.010859121413
0.0125915855115
0.0144515666308
0.0164388591106
0.018553231997
0.020794426675
0.023162154302
0.0256560930341
0.0282758850373
0.0310211332744
0.0338913980582
0.0368861933641
0.0400049828905
0.0432471758605
0.046612122555
0.0500991095689
0.0537073547845
0.0574360020528
0.0612841155774
0.0652506739974
0.0693345641632
0.0735345746036
0.0778493886845
0.082277577459
0.086817592212
0.091467756706
0.0962262591342
0.101091143792
0.10606030248
0.111131465652
0.116302193327
0.121569865788
0.126931674081
0.132384610349
0.137925458017
0.143550781863
0.149256917989
0.155039963728
0.160895767512
0.166819918718
0.172807737518
0.178854264761
0.184954251903
0.19110215101
0.197292104864
0.203517937221
0.209773143258
0.216050880301
0.222343958941
0.228644834697
0.234945600436
0.24123797986
0.247513322432
0.253762600257
0.259976407548
0.266144963463
0.272258119245
0.278305370783
0.284275877818
0.290158491208
0.295941789681
0.301614127582
0.307163695015
0.312578591609
0.317846914822
0.322956863216
0.327896854509
0.332655657445
0.337222535607
0.34158740033
0.345740968889
0.349674923225
0.353382063733
0.356856452182
0.360093537693
0.363090259999
0.365845124946
0.36835824826
0.370631365102
0.37266780456
0.374472429982
0.37605154771
0.377412788239
0.378564964925
0.379517916136
0.38028233697
0.380869606618
0.381291616939
0.381560607103
0.381689008225
0.381689300937
0.381573887847
0.381354981899
0.381044510877
0.380654037617
0.380194694983
0.379677134361
0.379111486159
0.378507330754
0.377873678302
0.377218955911
0.37655100081
0.37587705827
0.375203783249
0.37453724486
0.373882932979
0.373245766442
0.372630102434
0.372039746841
0.371477965402
0.370947495666
0.370450559803
0.369988878431
0.369563685675
0.369175745721
0.368825371201
0.368512443742
0.368236437041
0.367996442856
0.367791200231
0.36761912831
0.36747836298
0.367366797553
0.367282127569
0.367221899711
0.367183564657
0.367164533554
0.367162237618
0.367174190187
0.367198050371
0.367231687286
0.367273243686
0.367321197714
0.367374421397
0.36743223448
0.367494452242
0.367561425978
0.367634075024
0.367713909328
0.367803041855
0.36790419033
0.368020668098
0.368156364123
0.368315712395
0.36850365114
0.368725572408
0.368987262577
0.369294834327
0.369654650458
0.370073239709
0.370557204402
0.371113119326
0.371747420732
0.372466283769
0.373275485928
0.374180253373
0.375185086162
0.376293557496
0.37750808124
0.378829641142
0.380257474473
0.381788702499
0.383417900447
0.385136600903
0.386932727455
0.388789960561
0.390687046226
0.392597071037
0.394486745751
0.39631576443
0.398036336741
0.399593024764
0.40092304641
0.401957224665
0.40262175016
0.402840866973
0.40254047525
0.401652470758
0.400119436573
0.397899119232
0.394968030068
0.391323570234
0.386984298094
0.3819882909
0.376389900611
0.370255461519
0.363658609679
0.356675818087
0.349382586118
0.341850516459
0.334145327176
0.326325713959
0.318442905128
0.310540729622
0.302656029225
0.294819274607
0.287055278425
0.279383930549
0.271820906894
0.264378323604
0.257065322666
0.249888584709
0.242852770699
0.235960897665
0.229214655265
0.222614670518
0.216160727899
0.209851951464
0.203686954989
0.197663965349
0.191780923612
0.186035567676
0.180425499619
0.174948240452
0.169601274478
0.164382085088
0.159288183493
0.154317131649
0.14946656037
0.144734183485
0.1401178087
0.13561534575
0.131224812292
0.126944337909
0.122772166555
0.118706657695
0.114746286338
0.110889642172
0.107135427924
0.103482457084
0.0999296510995
0.0964760361299
0.0931207394407
0.0898629855043
0.0867020918691
0.0836374648485
0.0806685950755
0.0777950529642
0.0750164841155
0.0723326046982
0.0697431968352
0.0672481040203
0.064847226588
0.0625405172562
0.0603279767601
0.05820964959
0.0561856198481
0.0542560072324
0.052420963158
0.0506806670207
0.0490353226079
0.0474851546603
0.0460304055849
0.0446713323196
0.0434082033476
0.042241295859
0.0411708930568
0.0401972815999
0.0393207491812
0.038541582231
0.0378600637405
0.0372764711978
0.0367910746275
0.0364041347264
0.0361159010855
0.0359266104905
0.0358364852911
0.0358457318295
0.0359545389195
0.0361630763658
0.0364714935154
0.0368799178307
0.0373884534745
0.0379971798992
0.0387061504291
0.0395153908273
0.0404248978375
0.0414346376919
0.0425445445743
0.0437545190314
0.045064426319
0.046474094677
0.04798331352
0.0495918315347
0.051299354673
0.0531055440286
0.0550100135857
0.0570123278279
0.0591119991914
0.0613084853512
0.0636011863217
0.0659894413573
0.0684725256325
0.0710496466843
0.0737199405919
0.0764824678735
0.0793362090718
0.0822800600013
0.0853128266275
0.0884332195426
0.091639848005
0.0949312135017
0.0983057027939
0.101761580403
0.105296980491
0.108909898088
0.112598179631
0.116359512742
0.120191415245
0.124091223336
0.128056078925
0.132082916088
0.136168446666
0.140309145001
0.144501231887
0.14874065779
0.153023085503
0.157343872395
0.161698052524
0.166080318953
0.170485006681
0.174906076756
0.179337102185
0.183771256469
0.188201305654
0.19261960497
0.197018101248
0.201388342427
0.205721495522
0.210008374507
0.214239479508
0.218405048603
0.222495123332
0.226499628683
0.230408467877
0.234211631684
0.23789932131
0.241462083074
0.244890952267
0.24817760268
0.251314497518
0.25429503677
0.257113695661
0.259766148697
0.26224937401
0.264561733323
0.266703023745
0.268674498854
0.27047885796
0.272120203963
0.273603971718
0.274936830163
0.276126562569
0.277181930018
0.278112523625
0.278928611047
0.279640982555
0.280260801371
0.280799462239
0.281268461359
0.281679279918
0.282043282614
0.282371631783
0.282675217091
0.28296460023
0.283249973634
0.283541131983
0.283847455085
0.284177900665
0.28454100559
0.284944894127
0.285397291929
0.285905544562
0.286476639542
0.287117230975
0.287833666032
0.288632012642
0.289518087874
0.290497486608
0.291575610186
0.292757694795
0.294048839428
0.295454033307
0.2969781827
0.298626137096
0.300402714736
0.302312727504
0.304361005182
0.306552419097
0.308891905139
0.311384486143
0.314035293554
0.316849588264
0.319832780441
0.322990448034
0.326328353535
0.32985245839
0.333568934173
0.337484169351
0.341604769991
0.3459375522
0.350489523266
0.355267847434
0.360279790841
0.365532638196
0.371033571306
0.376789496121
0.382806800509
0.38909101902
0.395646373202
0.402475146123
0.409576837461
0.416947030823
0.424575888853
0.4324461766
0.440530705321
0.44878909851
0.457163829413
0.465575596754
0.473918338091
0.482054577591
0.489812389183
0.496985951914
0.503342203101
0.508635900232
0.512633786542
0.515145230021
0.516052620848
0.515332384061
0.51305916175
0.509391585708
0.504544880667
0.498759283628
0.492272443821
0.485300259915
0.47802673658
0.470601052206
0.463139286904
0.45572855328
0.448431944927
0.441293369718
0.434341815814
0.427594898178
0.421061695537
0.414744961387
0.408642815901
0.402750023421
0.397058947235
0.391560257287
0.386243450991
0.381097234027
0.376109797094
0.371269016021
0.366562596046
0.361978176035
0.357503404602
0.353125997255
0.348833781526
0.344614735398
0.340457023073
0.336349031147
0.332279407377
0.328237103601
0.324211423664
0.320192076702
0.316169235561
0.312133599614
0.308076460823
0.303989771405
0.299866211167
0.295699252289
0.29148321917
0.287213340949
0.282885794391
0.278497735098
0.274047315356
0.269533687415
0.264956991586
0.260318329099
0.255619720317
0.250864049461
0.246054997477
0.241196965111
0.236294988497
0.231354649712
0.226381984777
0.221383391444
0.216365538949
0.211335281576
0.206299577599
0.201265414783
0.196239743288
0.191229416474
0.186241139823
0.181281427897
0.176356569087
0.171472597684
0.166635272741
0.16185006306
0.157122137645
0.152456360913
0.147857291989
0.143329187437
0.138876006806
0.134501420462
0.130208819176
0.126001325055
0.121881803414
0.117852875275
0.113916930204
0.110076139263
0.106332467883
0.102687688515
0.0991433929329
0.0957010040959
0.0923617875129
0.0891268620527
0.0859972101746
0.0829736875608
0.0800570321461
0.0772478725477
0.0745467359057
0.0719540551493
0.0694701757092
0.0670953616978
0.0648298015826
0.0626736133773
0.0606268493784
0.0586895004727
0.0568615000431
0.0551427274988
0.0535330114544
0.0520321325847
0.0506398261783
0.0493557844131
0.048179658378
0.0471110598612
0.0461495629271
0.0452947053037
0.0445459895981
0.0439028843632
0.0433648250328
0.0429312147447
0.0426014250728
0.0423747966845
0.0422506399456
0.0422282354893
0.0423068347712
0.042485660629
0.0427639078673
0.043140743889
0.0436153093932
0.0441867191627
0.0448540629622
0.0456164065705
0.0464727929689
0.04742224371
0.0484637604903
0.0495963269494
0.0508189107202
0.0521304657534
0.0535299349387
0.0550162530444
0.0565883499968
0.058245154519
0.0599855981457
0.0618086196313
0.0637131697618
0.0656982165836
0.067762751053
0.0699057931109
0.0721263981822
0.0744236640923
0.0767967383931
0.0792448260817
0.0817671976935
0.0843631977433
0.0870322534867
0.0897738839662
0.0925877093046
0.0954734602023
0.0984309875952
0.101460272422
0.104561435454
0.107734747137
0.110980637385
0.114299705295
0.117692728712
0.121160673608
0.124704703228
0.128326186964
0.132026708904
0.135808076025
0.139672325989
0.143621734481
0.14765882206
0.151786360431
0.156007378072
0.160325165091
0.164743277158
0.169265538308
0.173896042321
0.178639152294
0.183499497879
0.188481969498
0.19359170859
0.198834092664
0.20421471353
0.20973934656
0.215413908169
0.22124439783
0.227236819822
0.233397078427
0.239730838458
0.24624334054
0.252939157568
0.259821874898
0.266893672153
0.274154778879
0.281602769915
0.289231659547
0.297030747565
0.304983167134
0.313064088011
0.321238545397
0.329458904924
0.337662051989
0.345766526105
0.353670022349
0.361247950271
0.368354033205
0.374824133222
0.380484397123
0.385164192515
0.38871300953
0.391018767802
0.392023510196
0.391732253473
0.390212340008
0.387583491452
0.384001521321
0.379640007495
0.374673803325
0.369266716444
0.363563975613
0.35768889704
0.351742617505
0.345805724012
0.339940833504
0.334195470186
0.328604848872
0.323194364668
0.31798171367
0.312978641238
0.308192350774
0.303626620572
0.299282678648
0.295159881794
0.291256238895
0.287568811822
0.284094020875
0.280827876288
0.277766152694
0.274904519768
0.272238639282
0.269764236516
0.267477152123
0.265373379177
0.26344908902
0.261700648708
0.260124632197
0.258717826929
0.257477237101
0.256400084576
0.255483808233
0.254726062299
0.254124714169
0.253677842025
0.253383732566
0.25324087906
0.253247979886
0.253403937738
0.25370785959
0.254159057549
0.254757050677
0.255501567889
0.256392552007
0.257430165063
0.258614794948
0.259947063503
0.261427836173
0.263058233325
0.26483964338
0.266773737903
0.268862488808
0.271108187871
0.273513468748
0.27608133173
0.278815171481
0.281718808046
0.284796521413
0.288053089966
0.291493833172
0.295124658845
0.298952115346
0.302983449022
0.307226667146
0.311690606456
0.316385007182
0.321320592053
0.326509149189
0.331963616792
0.3376981661
0.343728276751
0.350070795173
0.356743961218
0.36376737991
0.371161902409
0.378949360621
0.38715206962
0.395791965613
0.404889176142
0.414459711848
0.424511810035
0.43504023384
0.446017532434
0.457380938206
0.469013384524
0.480717539616
0.492183804084
0.502958668716
0.512430260954
0.519860834288
0.524497702755
0.525760857096
0.523435406416
0.517752785229
0.509302892479
0.49883951385
0.487095003784
0.474672992939
0.462018566558
0.449433944053
0.437110371229
0.425159931475
0.413641203673
0.402577960046
0.391972049207
0.381811980363
0.372078519928
0.362748281546
0.353795994893
0.345195915145
0.336922678464
0.328951803184
0.321259966578
0.313825141376
0.306626646416
0.299645146418
0.292862623221
0.286262332555
0.279828755021
0.273547546411
0.267405490139
0.261390453097
0.255491345224
0.249698082497
0.244001552674
0.238393582953
0.232866908621
0.227415141824
0.222032739648
0.216714970851
0.211457880738
0.20625825383
0.201113574193
0.196021983404
0.190982236357
0.185993655171
0.181056081642
0.17616982871
0.171335631495
0.166554598461
0.16182816327
0.157158037878
0.152546167333
0.147994686746
0.143505880747
0.139082145756
0.134725955235
0.130439828075
0.126226300165
0.122087899136
0.118027122224
0.114046417127
0.110148165727
0.106334670477
0.102608143276
0.0989706966052
0.095424336712
0.0919709586321
0.0886123428247
0.0853501532235
0.0821859365079
0.0791211224113
0.0761570249027
0.0732948440876
0.0705356686931
0.0678804790146
0.0653301502177
0.0628854559025
0.0605470718489
0.0583155798749
0.0561914717521
0.0541751531288
0.0522669474237
0.0504670996603
0.0487757802172
0.0471930884789
0.0457190563755
0.0443536518035
0.0430967819269
0.041948296359
0.0409079902296
0.0399756071435
0.0391508420418
0.0384333439752
0.0378227188024
0.0373185318297
0.0369203104043
0.0366275464804
0.0364396991727
0.0363561973166
0.0363764420523
0.0364998094512
0.0367256532023
0.0370533073781
0.0374820892964
0.038011302497
0.0386402398495
0.039368186809
0.0401944248353
0.0411182349902
0.0421389017264
0.0432557168798
0.0444679838768
0.0457750221645
0.0471761718727
0.0486707987123
0.050258299114
0.0519381056107
0.053709692461
0.0555725815148
0.0575263483162
0.0595706284383
0.0617051240453
0.0639296106732
0.0662439442222
0.0686480681531
0.0711420208797
0.0737259433523
0.0764000868268
0.0791648208198
0.0820206412499
0.0849681787736
0.0880082073283
0.0911416529017
0.0943696025556
0.0976933137412
0.101114223954
0.104633960789
0.108254352466
0.111977438929
0.115805483598
0.119740985933
0.123786694928
0.127945623722
0.132221065515
0.136616611014
0.141136167659
0.14578398093
0.15056465805
0.155483194459
0.160545003479
0.165755949632
0.171122386143
0.176651197206
0.182349845676
0.188226426884
0.194289729388
0.200549303464
0.207015538247
0.213699748383
0.220614271025
0.227772573844
0.235189374353
0.24288077029
0.250864379654
0.259159487241
0.267787191522
0.276770540855
0.286134640148
0.295906696368
0.306115950701
0.316793411858
0.32797125108
0.339681632027
0.351954607785
0.364814491978
0.378273758496
0.39232299643
0.406914725642
0.421938097014
0.43718126498
0.452280298345
0.46666177277
0.479506062477
0.489788516825
0.496466666194
0.49880968094
0.49670602524
0.49071574702
0.481822355184
0.47108487856
0.459398503556
0.447413359537
0.435554140832
0.424075211349
0.413115138832
0.402738688788
0.39296571265
0.383789868886
0.375190339014
0.367138988937
0.35960465815
0.352555668574
0.345961241626
0.339792251783
0.3340215811
0.328624237448
0.323577336361
0.318860007593
0.314453263501
0.310339851563
0.30650410417
0.30293179316
0.2996099931
0.296526955194
0.293671992425
0.291035375802
0.288608241163
0.286382505783
0.284350793944
0.28250637061
0.280843082371
0.279355304885
0.278037896076
0.276886154446
0.275895781871
0.275062850341
0.274383772139
0.27385527299
0.273474367758
0.273238338282
0.273144712995
0.273191247945
0.273375908896
0.273696854148
0.274152417765
0.274741092844
0.275461514499
0.276312442185
0.277292740977
0.278401361406
0.2796373174
0.280999661854
0.28248745931
0.284099755152
0.285835540695
0.287693713456
0.289673031837
0.29177206336
0.293989125552
0.296322218472
0.298768947845
0.301326437734
0.303991231688
0.306759181385
0.309625321952
0.312583733455
0.315627388498
0.318747986622
0.321935777155
0.325179373598
0.328465564424
0.33177912752
0.335102658358
0.3384164253
0.341698269099
0.344923567322
0.348065287578
0.351094155333
0.353978961773
0.356687033548
0.359184878174
0.361439005797
0.363416909963
0.365088168227
0.366425600639
0.367406404197
0.368013168953
0.368234680713
0.368066428567
0.36751076219
0.366576680336
0.365279271723
0.363638865526
0.361679974655
0.359430127389
0.356918681386
0.3541757011
0.35123095946
0.348113101863
0.344848988978
0.341463217215
0.337977802997
0.334412009372
0.330782290147
0.327102326694
0.323383134585
0.319633220497
0.315858773434
0.312063877919
0.308250739987
0.304419919421
0.300570563749
0.296700640954
0.292807168838
0.288886439474
0.284934237394
0.280946050102
0.276917269263
0.272843380655
0.268720140695
0.264543737123
0.260310931393
0.256019180398
0.251666735451
0.247252716923
0.242777163575
0.238241056394
0.23364631755
0.228995785919
0.224293171413
0.219542990953
0.214750489444
0.209921549385
0.205062592847
0.200180479462
0.195282403797
0.190375795126
0.185468222098
0.180567304325
0.175680632325
0.170815696791
0.165979827653
0.161180143023
0.156423507756
0.151716501129
0.147065392926
0.142476127116
0.137954312232
0.133505217544
0.129133774148
0.1248445801
0.120641908839
0.116529720168
0.112511673176
0.108591140544
0.104771223769
0.101054768907
0.0974443825107
0.093942447496
0.0905511387178
0.0872724381025
0.0841081492062
0.0810599111105
0.0781292115963
0.0753173995564
0.0726256966285
0.0700552080455
0.0676069327096
0.0652817725077
0.0630805408902
0.061003970741
0.0590527215694
0.0572273860548
0.0555284959773
0.053956527567
0.0525119063019
0.0511950111859
0.0500061785346
0.0489457052951
0.0480138519252
0.0472108448526
0.0465368785344
0.0459921171359
0.0455766958403
0.0452907218064
0.0451342747811
0.0451074073772
0.0452101450228
0.0454424855852
0.0458043986723
0.0462958246122
0.0469166731092
0.0476668215732
0.0485461131183
0.0495543542239
0.0506913120537
0.0519567114213
0.0533502313972
0.0548715015455
0.0565200977846
0.0582955378593
0.060197276421
0.0622246997068
0.0643771198153
0.0666537685767
0.0690537910222
0.0715762384586
0.0742200611624
0.0769841007166
0.0798670820178
0.0828676049976
0.0859841361095
0.0892149996518
0.0925583690084
0.0960122579139
0.0995745118638
0.10324279982
0.107014606377
0.110887224598
0.114857749724
0.11892307403
0.123079883087
0.127324653731
0.131653654066
0.13606294582
0.14054838939
0.145105651913
0.149730218655
0.154417407999
0.159162390232
0.163960210278
0.168805814393
0.173694080735
0.178619853552
0.183577980573
0.188563352985
0.193570947167
0.19859586716
0.203633386622
0.208678988839
0.213728403181
0.218777636269
0.223822996033
0.228861106799
0.233888913589
0.238903673909
0.243902935439
0.248884498289
0.253846360714
0.258786647529
0.263703520789
0.268595072691
0.273459201099
0.278293468519
0.283094945918
0.287860043382
0.292584330357
0.297262349137
0.301887426368
0.306451488725
0.310944890557
0.315356263133
0.319672397239
0.323878172877
0.327956551679
0.331888648825
0.335653901356
0.339230348093
0.342595032503
0.34572453307
0.34859561615
0.351185993956
0.353475156522
0.355445232734
0.357081824273
0.358374750012
0.359318639181
0.359913320577
0.360163971748
0.360081014292
0.359679765902
0.358979882416
0.358004640581
0.356780122091
0.355334361159
0.35369651228
0.351896084035
0.349962271253
0.34792340393
0.34580651886
0.343637050024
0.34143862682
0.339232965125
0.337039834407
0.33487708421
0.332760714572
0.330704976891
0.328722494018
0.326824390553
0.325020426434
0.323319128702
0.321727917809
0.320253226096
0.31890060696
0.317674833959
0.316579989625
0.315619544087
0.314796423855
0.314113071263
0.313571495125
0.313173313182
0.312919786931
0.312811849342
0.312850125964
0.313034949818
0.313366370447
0.313844157388
0.314467798294
0.315236491847
0.316149135566
0.31720430855
0.318400249153
0.319734827571
0.32120551328
0.322809337293
0.324542849203
0.326402069045
0.328382434086
0.330478740782
0.332685082316
0.33499478238
0.337400326145
0.339893289785
0.342464270365
0.345102818468
0.347797376594
0.350535227042
0.35330245376
0.35608392335
0.35886329107
0.361623038093
0.364344546454
0.367008217738
0.369593640632
0.372079810786
0.374445403859
0.376669099303
0.378729948324
0.380607774962
0.382283594687
0.383740030954
0.38496170736
0.38593559204
0.386651272161
0.387101139908
0.387280477072
0.387187432645
0.386822895857
0.386190274812
0.385295197513
0.384145156637
0.382749121774
0.381117142808
0.379259966012
0.377188680823
0.374914410764
0.372448057155
0.369800099685
0.366980453938
0.363998382747
0.360862455926
0.357580551401
0.35415989
0.350607095934
0.34692827529
0.343129105437
0.339214929015
0.33519084717
0.331061807624
0.326832684198
0.322508345359
0.318093710261
0.313593791552
0.309013724935
0.304358786055
0.299634395757
0.294846115101
0.289999631757
0.285100739495
0.280155312537
0.275169276444
0.270148577096
0.265099149144
0.26002688511
0.254937606072
0.249837034685
0.244730771043
0.239624271715
0.234522832109
0.229431572198
0.224355425491
0.219299131076
0.214267228496
0.209264055152
0.204293745952
0.19936023486
0.194467258064
0.189618358451
0.184816891127
0.180066029718
0.175368773261
0.170727953456
0.166146242148
0.161626158877
0.1571700784
0.152780238084
0.148458745097
0.144207583353
0.140028620167
0.135923612587
0.131894213404
0.127941976809
0.124068363728
0.120274746803
0.116562415066
0.112932578287
0.10938637103
0.105924856424
0.102549029668
0.0992598212842
0.0960581001386
0.0929446762449
0.0899203033631
0.0869856814118
0.0841414587059
0.0813882340316
0.0787265585732
0.0761569376995
0.0736798326219
0.0712956619329
0.0690048030332
0.0668075934552
0.0647043320905
0.0626952803272
0.0607806631034
0.0589606698827
0.0572354555566
0.0556051412784
0.0540698152345
0.0526295333557
0.0512843199746
0.0500341684315
0.0488790416353
0.0478188725801
0.0468535648253
0.0459829929405
0.0452070029206
0.0445254125754
0.0439380118977
0.0434445634151
0.0430448025288
0.0427384378464
0.042525151512
0.0424045995393
0.0423764121538
0.0424401941492
0.0425955252642
0.0428419605861
0.0431790309863
0.0436062435969
0.0441230823325
0.0447290084661
0.0454234612661
0.0462058587008
0.0470755982202
0.0480320576208
0.0490745960028
0.0502025548282
0.0514152590858
0.0527120185752
0.0540921293146
0.0555548750835
0.0570995291075
0.0587253558948
0.0604316132316
0.062217554347
0.0640824302538
0.0660254922753
0.068045994766
0.070143198035
0.0723163714807
0.0745647969452
0.0768877722973
0.0792846152543
0.0817546674495
0.0842972987578
0.0869119118878
0.0895979472524
0.0923548881292
0.0951822661236
0.0980796669491
0.10104673654
0.104083187513
0.107188806
0.110363458872
0.113607101374
0.116919785212
0.120301667111
0.123753017882
0.127274232044
0.130865838048
0.134528509145
0.138263074971
0.142070533913
0.145952066325
0.149909048709
0.153943068927
0.158055942603
0.162249730816
0.166526759268
0.170889639088
0.175341289507
0.179884962624
0.184524270575
0.189263215427
0.194106222198
0.19905817547
0.204124460139
0.209311006959
0.214624343651
0.220071652486
0.225660835448
0.231400588285
0.237300485002
0.243371074708
0.24962399306
0.256072091074
0.262729584596
0.269612228487
0.276737520373
0.284124939902
0.291796230681
0.299775733547
0.308090781546
0.316772168878
0.32585470795
0.335377890126
0.345386665949
0.355932357552
0.367073706067
0.378878032208
0.391422433523
0.404794825103
0.419094386217
0.434430466657
0.450917946719
0.468664838337
0.487743370788
0.508126816334
0.52955856766
0.551302196361
0.571745222771
0.588048680974
0.596592200587
0.594973561675
0.584026012485
0.567065052266
0.547488898872
0.527531767851
0.50833213334
0.490357685979
0.473734457521
0.458432748529
0.444360117477
0.431405086894
0.419456610111
0.408412008958
0.398179558555
0.38867867347
0.379839096559
0.371599746514
0.363907522247
0.356716190593
0.349985402375
0.343679844315
0.337768518016
0.332224131266
0.327022585756
0.32214254621
0.317565077699
0.313273339792
0.309252328026
0.305488654781
0.301970362999
0.298686767356
0.295628318429
0.292786486172
0.290153659671
0.287723060664
0.285488668736
0.283445156444
0.281587832943
0.279912594887
0.278415883601
0.277094647671
0.275946310241
0.274968740414
0.274160228248
0.273519462926
0.273045513725
0.27273781349
0.272596144333
0.272620625336
0.272811702052
0.27317013763
0.273697005372
0.274393682578
0.275261845492
0.276303465159
0.277520803984
0.278916412728
0.28049312762
0.282254067168
0.284202628162
0.286342480166
0.288677557622
0.291212048383
0.293950377145
0.296897181747
0.300057279658
0.30343562114
0.307037224422
0.310867086755
0.31493006327
0.319230702965
0.323773027877
0.32856023711
0.333594311925
0.338875491196
0.344401578104
0.350167029235
0.356161766794
0.36236964532
0.368766499575
0.375317707081
0.381975228665
0.388674161827
0.395328980485
0.401829869846
0.408039915572
0.41379434779
0.418903453266
0.423160885193
0.426358518698
0.428307380724
0.428861652821
0.427940277676
0.425539903332
0.421734911994
0.416664528954
0.410511258261
0.403476910154
0.395761692934
0.387549375848
0.378998998261
0.370241978822
0.361382895243
0.352502320447
0.343660513323
0.334901203788
0.326255062437
0.317742680494
0.30937702464
0.301165402917
0.293111007864
0.285214109932
0.277472969627
0.269884527534
0.262444921087
0.255149867265
0.24799494208
0.240975780934
0.234088218468
0.22732838228
0.220692751602
0.214178189523
0.207781955376
0.201501702451
0.19533546505
0.189281638017
0.183338951185
0.177506440661
0.171783418427
0.166169441406
0.160664280863
0.155267892789
0.149980389759
0.144802014562
0.139733115844
0.134774125856
0.129925540372
0.125187900734
0.120561777987
0.116047758991
0.111646434404
0.107358388388
0.103184189912
0.099124385481
0.0951794931712
0.0913499977981
0.0876363471015
0.0840389488042
0.0805581684262
0.0771943277386
0.0739477037567
0.0708185281745
0.0678069871587
0.064913221425
0.0621373265296
0.0594793533175
0.0569393084746
0.0545171551391
0.0522128135336
0.0500261615829
0.047957035491
0.0460052302514
0.0441705000709
0.0424525586915
0.0408510795941
0.0393656960756
0.0379960011889
0.0367415475402
0.0356018469394
0.0345763699
0.0336645449875
0.0328657580176
0.0321793511045
0.0316046215647
0.0311408206784
0.0307871523173
0.0305427714451
0.0304067825011
0.0303782376775
0.0304561351041
0.0306394169559
0.0309269675009
0.0313176111085
0.0318101102419
0.0324031634587
0.0330954034507
0.033885395153
0.0347716339597
0.0357525440843
0.0368264771082
0.0379917107631
0.0392464479988
0.0405888163889
0.0420168679318
0.0435285793066
0.0451218526468
0.0467945168939
0.0485443297978
0.0503689806256
0.0522660936436
0.0542332324307
0.056267905079
0.0583675703286
0.0605296446772
0.0627515104931
0.0650305251466
0.0673640311613
0.0697493673684
0.0721838810268
0.0746649408541
0.0771899508876
0.0797563650736
0.08236170246
0.0850035628445
0.087679642709
0.0903877512523
0.0931258263181
0.0958919500021
0.0986843637149
0.101501482477
0.104341908227
0.107204441924
0.110088094267
0.112992094837
0.115915899541
0.118859196227
0.12182190841
0.124804197063
0.127806460478
0.130829332256
0.133873677485
0.136940587254
0.140031371628
0.143147551289
0.146290848032
0.149463174334
0.152666622235
0.155903451747
0.159176079038
0.162487064601
0.165839101619
0.169235004719
0.172677699289
0.176170211508
0.179715659199
0.183317243633
0.186978242332
0.190702002937
0.194491938163
0.198351521841
0.202284286031
0.206293819173
0.210383765202
0.214557823566
0.218819750034
0.223173358185
0.227622521432
0.232171175415
0.236823320569
0.241583024615
0.246454424704
0.251441728864
0.256549216311
0.261781236107
0.267142203493
0.272636593078
0.278268927801
0.28404376236
0.289965659364
0.296039156048
0.302268718744
0.308658681533
0.315213164508
0.321935965797
0.328830419901
0.335899212896
0.343144142536
0.350565808327
0.358163213016
0.365933252939
0.373870070363
0.381964237006
0.390201735361
0.398562705244
0.407019930332
0.415537058437
0.424066587004
0.432547711209
0.440904235534
0.449042896442
0.456852625503
0.464205463091
0.470959932855
0.47696758044
0.482082927565
0.486176234232
0.489147343644
0.490937927341
0.491539217562
0.4909931675
0.489386720552
0.486840754632
0.483496460525
0.479502015703
0.475001632279
0.470127933682
0.464997643182
0.459709983247
0.454346980131
0.448974917096
0.443646345479
0.438402250154
0.433274125861
0.428285838268
0.423455220723
0.418795403427
0.414315895922
0.410023454286
0.405922766863
0.402016990652
0.398308166774
0.39479753915
0.391485796311
0.388373252498
0.385459980902
0.382745909218
0.380230885403
0.377914719737
0.375797207779
0.373878137631
0.37215728392
0.3706343901
0.369309139981
0.3681811188
0.367249763608
0.366514302256
0.365973679805
0.365626470734
0.365470774886
0.365504094664
0.365723190626
0.366123912271
0.366701000612
0.367447859105
0.368356289759
0.369416192036
0.370615223538
0.371938423921
0.373367807204
0.374881933117
0.376455475717
0.378058817505
0.379657709635
0.381213052981
0.382680869281
0.384012543516
0.385155423825
0.386053857905
0.386650719006
0.386889425813
0.386716388681
0.386083727336
0.384952018881
0.38329277314
0.381090319427
0.378342839524
0.375062393352
0.371273933284
0.367013453597
0.362325535854
0.357260605188
0.351872202454
0.346214517459
0.340340342784
0.334299519976
0.328137876995
0.321896605738
0.31561200152
0.309315478259
0.303033777726
0.296789302955
0.290600520295
0.284482388826
0.278446788352
0.272502927292
0.266657719498
0.26091612463
0.255281450508
0.249755618367
0.244339393401
0.239032583787
0.233834211681
0.228742659692
0.223755796166
0.218871082323
0.214085663983
0.209396450267
0.204800181315
0.200293486804
0.19587293671
0.191535085558
0.187276511158
0.183093848645
0.178983820475
0.174943262892
0.170969149264
0.167058610589
0.16320895339
0.159417675166
0.155682477511
0.152001276977
0.14837221374
0.144793658115
0.141264214957
0.137782725995
0.13434827015
0.130960161898
0.127617947775
0.124321401105
0.121070515087
0.117865494362
0.114706745225
0.111594864642
0.108530628243
0.105514977482
0.102549006145
0.0996339463873
0.0967711544933
0.0939620965135
0.0912083339572
0.0885115096822
0.0858733341181
0.0832955719406
0.080780029299
0.0783285416792
0.0759429624692
0.0736251522751
0.0713769690222
0.0692002588578
0.0670968478627
0.0650685345627
0.0631170832227
0.0612442178983
0.0594516172101
0.0577409098015
0.056113670437
0.0545714166934
0.0531156061947
0.0517476343424
0.0504688324892
0.0492804665091
0.0481837357136
0.0471797720692
0.0462696396721
0.0454543344369
0.0447347839613
0.0441118475301
0.0435863162243
0.0431589131039
0.0428302934376
0.0426010449514
0.0424716880754
0.0424426761663
0.0425143956876
0.0426871663322
0.0429612410727
0.043336806126
0.0438139808248
0.0443928173844
0.0450733005592
0.0458553471835
0.0467388055912
0.0477234549134
0.0488090042501
0.049995091717
0.0512812833677
0.0526670719921
0.0541518757945
0.0557350369534
0.0574158200691
0.0591934105013
0.0610669126048
0.0630353478666
0.0650976529536
0.0672526776742
0.069499182864
0.0718358381992
0.0742612199466
0.0767738086555
0.0793719867971
0.0820540363572
0.0848181363857
0.0876623605074
0.0905846743956
0.09358293321
0.0966548790001
0.0997981380734
0.103010218327
0.106288506546
0.109630265659
0.11303263197
0.116492612353
0.120007081433
0.123572778769
0.127186306053
0.130844124383
0.134542551647
0.138277760095
0.142045774195
0.145842468891
0.149663568413
0.153504645817
0.157361123486
0.161228274833
0.165101227516
0.168974968491
0.172844351267
0.176704105769
0.180548851209
0.184373112395
0.188171339872
0.191937934273
0.195667275187
0.199353754771
0.202991816213
0.206575996987
0.210100976706
0.213561629106
0.216953077552
0.22027075315
0.223510454358
0.226668406789
0.229741321675
0.232726451366
0.235621640179
0.238425368881
0.241136791227
0.243755761126
0.246282849274
0.248719348422
0.251067266818
0.253329309777
0.25550884975
0.257609885649
0.259636992545
0.261595263144
0.26349024266
0.265327858838
0.26711434892
0.26885618531
0.270560001604
0.272232520462
0.273880484617
0.27551059208
0.277129436348
0.278743452203
0.280358867459
0.281981660818
0.283617525811
0.285271840696
0.286949644032
0.288655615611
0.290394062358
0.292168908788
0.293983691618
0.295841558142
0.297745267986
0.299697197927
0.30169934948
0.303753359009
0.30586051016
0.308021748466
0.310237697995
0.312508679966
0.314834733265
0.317215636808
0.319650933739
0.322139957387
0.324681858958
0.327275636856
0.32992016754
0.332614237727
0.335356577741
0.338145895716
0.340980912279
0.343860395305
0.346783194192
0.349748273083
0.352754742335
0.355801887495
0.358889194945
0.36201637334
0.365183369892
0.368390380527
0.371637852888
0.374926481122
0.378257191385
0.381631116915
0.385049561506
0.388513950144
0.392025765465
0.395586468602
0.399197402819
0.402859678199
0.40657403545
0.41034068674
0.414159131347
0.418027943871
0.421944532919
0.425904868582
0.429903177924
0.433931609146
0.437979867511
0.4420348296
0.446080147446
0.450095860782
0.454058044139
0.45793852569
0.461704725932
0.465319674977
0.468742275189
0.471927877407
0.474829230053
0.477397836454
0.47958571426
0.481347492621
0.482642714393
0.483438144898
0.48370984318
0.483444743647
0.482641535944
0.481310716757
0.479473802223
0.477161807451
0.474413192523
0.471271523636
0.467783098533
0.463994745751
0.459951944013
0.45569733928
0.451269676437
0.446703118076
0.442026896053
0.437265230329
0.432437449771
0.427558256797
0.422638088261
0.417683536136
0.41269780172
0.407681165478
0.402631460901
0.397544545052
0.392414760952
0.387235388049
0.381999077061
0.376698264803
0.371325563677
0.365874119555
0.36033793115
0.354712123865
0.348993171707
0.343179062112
0.337269400504
0.3312654538
0.325170134803
0.318987932047
0.312724792036
0.306387962684
0.299985807906
0.293527603761
0.287023326259
0.280483440077
0.273918696056
0.267339943766
0.260757963664
0.254183321718
0.247626247817
0.24109653803
0.234603479711
0.228155797761
0.221761619821
0.215428457943
0.209163204174
0.202972137586
0.19686094039
0.190834721047
0.184898042482
0.179054953828
0.173309024336
0.167663378365
0.162120730571
0.156683420598
0.151353446774
0.146132498411
0.141021986467
0.136023072391
0.131136695068
0.126363595824
0.12170434151
0.11715934571
0.112728888132
0.108413132282
0.104212141509
0.100125893524
0.0961542934888
0.0922971857963
0.0885543646183
0.0849255833367
0.0814105629384
0.0780089994639
0.0747205705891
0.0715449414146
0.0684817695314
0.0655307094261
0.0626914162829
0.059963549236
0.0573467741198
0.0548407657594
0.0524452098422
0.0501598044048
0.0479842609671
0.045918305342
0.043961678146
0.0421141350327
0.0403754466695
0.038745398474
0.0372237901254
0.0358104348637
0.0345051585872
0.0333077987564
0.0322182031131
0.0312362282175
0.0303617378091
0.0295946009916
0.0289346902438
0.0283818792541
0.027936040578
0.0275970431131
0.0273647493887
0.0272390126616
0.0272196738136
0.0273065580405
0.0274994713244
0.0277981966795
0.0282024901608
0.0287120766249
0.0293266452323
0.03004584468
0.0308692781534
0.0317964979896
0.0328270000416
0.0339602177388
0.0351955158392
0.0365321838726
0.0379694292782
0.0395063702464
0.0411420282788
0.0428753204891
0.0447050516782
0.0466299062241
0.0486484398428
0.0507590712894
0.0529600740848
0.0552495683712
0.0576255130226
0.0600856981544
0.0626277382042
0.0652490657794
0.0679469264931
0.0707183750378
0.0735602727703
0.0764692871065
0.0794418930451
0.0824743771528
0.0855628443549
0.0887032278715
0.0918913026282
0.0951227024441
0.0983929412556
0.101697438574
0.105031549297
0.108390597884
0.111769916798
0.115164888969
0.118570993874
0.121983856686
0.125399299752
0.128813395519
0.132222519871
0.135623404717
0.139013188581
0.14238946391
0.145750319806
0.149094378962
0.152420827692
0.155729438111
0.159020581756
0.162295234173
0.165554970279
0.168801950607
0.172038898801
0.175269070992
0.178496217917
0.181724540795
0.184958642104
0.188203472465
0.191464274835
0.194746527159
0.19805588454
0.20139812185
0.204779077522
0.20820459911
0.21168049096
0.215212464187
0.218806088919
0.222466748586
0.226199595861
0.230009509685
0.233901052639
0.237878427791
0.241945433983
0.246105418408
0.250361225157
0.254715138312
0.259168818009
0.263723227778
0.268378551346
0.273134097008
0.277988187635
0.2829380344
0.287979592489
0.293107397358
0.298314380686
0.303591666125
0.3089283463
0.31431124457
0.319724667802
0.325150160061
0.330566271796
0.335948364639
0.34126847828
0.346495292342
0.351594221957
0.356527689236
0.361255612256
0.365736146203
0.369926695902
0.373785193959
0.377271604762
0.380349575047
0.382988113029
0.385163148958
0.386858819469
0.388068332774
0.388794312545
0.389048579519
0.388851399398
0.388230289281
0.387218519923
0.385853470589
0.384174986897
0.382223865623
0.380040552792
0.377664101436
0.375131400164
0.372476656987
0.369731105809
0.366922894687
0.364077113436
0.361215921129
0.358358739531
0.355522484957
0.352721817476
0.349969392086
0.347276101335
0.344651302667
0.34210302668
0.339638164618
0.337262634862
0.334981529198
0.3327992402
0.330719571441
0.328745832346
0.326880919541
0.32512738647
0.323487502938
0.321963306106
0.320556644291
0.319269214798
0.31810259685
0.317058280565
0.316137692791
0.315342220523
0.314673232541
0.314132099789
0.313720215005
0.313439012022
0.313289985114
0.313274708749
0.313394858058
0.313652230332
0.314048767825
0.314586582148
0.315267980539
0.31609549427
0.317071909515
0.318200300944
0.319484068383
0.320926976877
0.32253320048
0.324307370183
0.326254626333
0.328380675955
0.330691855349
0.333195198324
0.335898510337
0.338810448673
0.34194060857
0.345299614769
0.348899217348
0.352752389671
0.356873424702
0.361278023448
0.365983365527
0.371008145904
0.37637255281
0.382098147756
0.388207586835
0.394724088885
0.401670504109
0.409067756963
0.416932315834
0.42527216172
0.434080471304
0.443325893454
0.452937936844
0.462785815227
0.472649704368
0.482186030279
0.490895203173
0.498112604323
0.503057236039
0.504968978862
0.503318767261
0.497996766137
0.489355889411
0.478078587439
0.464960917449
0.450734669223
0.435979681013
0.421110779817
0.406402722299
0.392025429364
0.378075990489
0.36460330686
0.351625545324
0.33914192853
0.327140470666
0.315602952489
0.304508068202
0.293833381204
0.283556511651
0.273655832327
0.264110852143
0.254902403074
0.246012705129
0.237425357314
0.229125285317
0.22109866549
0.213332837522
0.205816213491
0.198538187973
0.191489051955
0.184659912011
0.178042615448
0.171629681599
0.165414239148
0.159389969223
0.15355105385
0.147892129369
0.142408244361
0.137094821689
0.131947624232
0.12696272396
0.122136474
0.117465483385
0.112946594215
0.10857686097
0.104353531757
0.100274031282
0.0963359453855
0.0925370069602
0.0888750831244
0.0853481635202
0.0819543496236
0.0786918449674
0.0755589461895
0.0725540348244
0.0696755697722
0.0669220803786
0.0642921600739
0.0617844605197
0.059397686221
0.0571305895645
0.0549819662496
0.0529506510813
0.0510355140992
0.0492354570196
0.0475494099692
0.0459763284948
0.0445151908322
0.0431649954226
0.0419247586642
0.0407935128924
0.0397703045776
0.0388541927381
0.0380442475609
0.0373395492286
0.0367391869483
0.0362422581827
0.0358478680809
0.0355551291095
0.0353631608839
0.0352710902
0.0352780512674
0.0353831861434
0.0355856453696
0.0358845888089
0.0362791866843
0.0367686208161
0.0373520860558
0.0380287919126
0.0387979643675
0.0396588478681
0.0406107074957
0.0416528312938
0.0427845327459
0.0440051533869
0.0453140655307
0.0467106750946
0.0481944244958
0.0497647955961
0.0514213126643
0.0531635453253
0.0549911114602
0.0569036800191
0.0589009737058
0.0609827714874
0.0631489108834
0.0653992899793
0.067733869111
0.0701526721607
0.0726557873994
0.0752433678092
0.077915630812
0.0806728573263
0.0835153900664
0.0864436309929
0.0894580378123
0.0925591194159
0.0957474301335
0.0990235626675
0.102388139551
0.105841802962
0.109385202691
0.113018982054
0.116743761489
0.120560119554
0.124468571019
0.128469541661
0.132563339383
0.136750121168
0.141029855386
0.145402278861
0.149866848108
0.154422684078
0.159068509715
0.163802579644
0.168622601312
0.17352564698
0.178508056091
0.183565327798
0.188692003725
0.193881541604
0.199126181072
0.204416803891
0.20974279206
0.215091888812
0.22045006938
0.225801430529
0.231128110285
0.236410251643
0.241626026291
0.246751735873
0.251762008724
0.256630108541
0.261328367516
0.265828749571
0.270103539184
0.274126138288
0.277871938956
0.28131922482
0.28445004207
0.287250974046
0.289713754265
0.291835662394
0.293619665627
0.295074291832
0.296213247036
0.29705481385
0.297621085748
0.297937102072
0.298029949844
0.297927891909
0.297659568944
0.297253308217
0.296736557135
0.296135446504
0.295474478195
0.294776324855
0.294061725249
0.293349457308
0.292656371253
0.291997466664
0.291385999556
0.290833607915
0.290350446546
0.289945324259
0.289625838265
0.289398502229
0.289268865653
0.289241623199
0.28932071328
0.289509405762
0.289810378945
0.290225786253
0.290757313176
0.291406225071
0.292173406486
0.293059392609
0.294064393459
0.295188311355
0.296430752185
0.297791030907
0.299268171706
0.300860903166
0.302567648804
0.304386513271
0.306315264552
0.308351312479
0.310491683927
0.312732995095
0.315071421368
0.317502665341
0.320021923743
0.322623854141
0.325302542495
0.328051472891
0.330863500969
0.333730832895
0.336645011922
0.339596914895
0.34257676124
0.345574137103
0.348578037375
0.351576928165
0.354558832002
0.357511437443
0.360422233958
0.363278671824
0.366068345371
0.368779196312
0.371399732151
0.373919252944
0.3763280781
0.378617763761
0.380781300605
0.382813281982
0.384710033092
0.386469693519
0.38809224768
0.389579500522
0.39093499877
0.392163900955
0.393272801999
0.394269520162
0.395162855354
0.395962328307
0.39667790979
0.397319748133
0.397897901891
0.398422082837
0.398901412694
0.399344195341
0.399757704768
0.400147987889
0.40051968057
0.400875834823
0.401217755201
0.401544842909
0.401854447069
0.402141723985
0.402399507062
0.402618192306
0.402785646996
0.402887152043
0.402905391612
0.402820506371
0.40261022894
0.402250120928
0.401713929848
0.400974080272
0.40000230619
0.398770420503
0.397251203038
0.395419371784
0.393252585309
0.390732410366
0.387845180914
0.384582675761
0.380942553217
0.376928501877
0.372550094107
0.36782235856
0.362765115039
0.357402134959
0.351760200852
0.345868138459
0.339755886397
0.333453654052
0.326991201422
0.320397258002
0.313699083518
0.306922162442
0.300090017131
0.293224120573
0.286343888715
0.279466733092
0.272608156545
0.265781877375
0.258999970097
0.252273013544
0.245610239464
0.239019676729
0.232508287871
0.226082095956
0.219746300726
0.213505383658
0.207363202067
0.201323072729
0.195387845664
0.189559968881
0.183841544893
0.178234379851
0.172740026087
0.167359818827
0.162094907783
0.156946284247
0.15191480428
0.147001208499
0.142206138922
0.137530153267
0.132973737071
0.128537313915
0.12422125404
0.120025881574
0.115951480572
0.111998300044
0.108166558112
0.104456445424
0.100868127935
0.0974017491388
0.0940574318395
0.0908352795141
0.0877353773316
0.0847577928691
0.0819025765646
0.0791697619382
0.0765593656069
0.0740713871148
0.0717058085953
0.0694625942788
0.0673416898572
0.065343021712
0.0634664960132
0.0617119976935
0.0600793892996
0.0585685097244
0.05717917282
0.0559111658931
0.054764248083
0.0537381486231
0.0528325649864
0.0520471609164
0.0513815643458
0.0508353652052
0.0504081131277
0.0500993150534
0.0499084327432
0.0498348802121
0.0498780210929
0.0500371659483
0.0503115695497
0.0507004281447
0.0512028767425
0.0518179864479
0.0525447618813
0.0533821387282
0.0543289814661
0.0553840813248
0.0565461545426
0.0578138409848
0.0591857032039
0.0606602260206
0.0622358167176
0.0639108059387
0.0656834493962
0.0675519304886
0.0695143639364
0.0715688005434
0.0737132331871
0.0759456041411
0.0782638138187
0.0806657310204
0.0831492047479
0.0857120776281
0.0883522009655
0.0910674514103
0.0938557491953
0.0967150778546
0.0996435052958
0.102639206048
0.105700484463
0.1088257986
0.11201378446
0.115263280225
0.118573350069
0.121943307109
0.125372735011
0.128861507758
0.132409807049
0.136018136821
0.139687334355
0.143418577438
0.147213387072
0.151073625201
0.155001486927
0.158999486686
0.163070437789
0.167217424698
0.171443767291
0.175752976246
0.180148698469
0.184634651273
0.189214543649
0.193891982637
0.19867036228
0.203552732125
0.208541641562
0.213638955618
0.21884563705
0.224161488893
0.229584850975
0.235112243632
0.240737952017
0.246453545521
0.252247329271
0.258103729332
0.264002620804
0.269918619695
0.275820376234
0.281669929822
0.287422213988
0.293024831309
0.29841824822
0.303536578771
0.308309121182
0.312662765594
0.316525292483
0.319829426915
0.322517323237
0.324544972598
0.325885915238
0.326533659456
0.326502383722
0.325825794674
0.324554348471
0.322751315466
0.320488305364
0.317840853819
0.31488453717
0.311691892361
0.308330234212
0.304860320766
0.301335732451
0.297802796674
0.294300891728
0.290862986771
0.287516305698
0.284283033842
0.281181013322
0.278224393974
0.27542422229
0.272788961342
0.27032494152
0.26803674594
0.265927536505
0.263999327484
0.262253213543
0.260689558809
0.259308152922
0.258108339353
0.257089120551
0.256249243797
0.255587271057
0.255101635572
0.254790687465
0.254652730245
0.254686049746
0.254888936769
0.255259704429
0.255796701033
0.256498319141
0.257363001288
0.258389242778
0.259575591782
0.260920646952
0.26242305261
0.264081491536
0.265894675286
0.267861331896
0.269980190752
0.272249964342
0.2746693265
0.277236886694
0.279951159789
0.282810530647
0.285813212788
0.288957200252
0.292240211669
0.295659625443
0.299212404859
0.3028950118
0.306703307774
0.310632440903
0.314676717665
0.318829458397
0.323082835977
0.327427697806
0.331853372193
0.336347461735
0.340895628247
0.345481376462
0.350085847051
0.354687633542
0.359262642388
0.363784020282
0.368222177461
0.372544939119
0.376717858027
0.380704718467
0.384468253114
0.387971079271
0.391176838751
0.394051497769
0.396564733036
0.398691302817
0.400412283706
0.40171605119
0.402598898399
0.403065222299
0.40312725467
0.402804367734
0.402122030972
0.401110528036
0.399803556197
0.398236825564
0.396446755499
0.394469337511
0.392339203689
0.390088912586
0.387748443229
0.385344873794
0.382902213881
0.380441357053
0.37798012175
0.375533352412
0.373113057433
0.370728565583
0.368386687274
0.366091871195
0.363846350376
0.361650274576
0.359501828241
0.357397335081
0.355331351844
0.353296755007
0.351284825148
0.349285334461
0.347286643512
0.345275813622
0.343238741307
0.341160320839
0.339024640132
0.336815213738
0.334515254658
0.332107983995
0.329576974179
0.326906517913
0.324082011251
0.321090335905
0.31792022332
0.314562581721
0.311010767728
0.307260786175
0.303311405679
0.299164182735
0.294823393234
0.290295876584
0.285590803256
0.280719381107
0.275694518613
0.270530464266
0.265242440651
0.259846289747
0.254358142882
0.248794125297
0.24317010161
0.237501465173
0.231802971434
0.226088613243
0.220371534428
0.214663977055
0.208977257282
0.203321764704
0.197706980299
0.19214150855
0.18663311982
0.18118879966
0.175814802316
0.170516706197
0.165299469603
0.160167485395
0.155124633658
0.150174331691
0.145319580923
0.140563010487
0.135906917385
0.131353303232
0.126903907688
0.122560238704
0.11832359977
0.114195114356
0.11017574777
0.106266326617
0.102467556101
0.0987800353385
0.0952042708927
0.0917406886972
0.0883896445366
0.0851514332342
0.0820262966855
0.0790144308633
0.0761159919075
0.0733311014018
0.0706598509307
0.0681023059964
0.0656585093703
0.063328483944
0.0611122351371
0.0590097529125
0.057021013445
0.0551459804819
0.0533846064311
0.0517368332061
0.0502025928553
0.0487818079984
0.0474743920899
0.0462802495272
0.0451992756173
0.0442313564167
0.0433763684538
0.0426341783438
0.0420046423041
0.0414876055767
0.0410829017626
0.0407903520748
0.0406097645107
0.0405409329509
0.0405836361838
0.0407376368613
0.0410026803851
0.0413784937289
0.0418647841946
0.0424612381089
0.0431675194583
0.0439832684693
0.0449081001333
0.0459416026824
0.0470833360189
0.0483328301042
0.0496895833135
0.0511530607624
0.0527226926158
0.054397872386
0.056177955235
0.0580622562912
0.0600500489967
0.0621405635033
0.0643329851344
0.0666264529364
0.0690200583434
0.071512843981
0.0741038026407
0.0767918764556
0.0795759563134
0.0824548815449
0.085427439928
0.088492368051
0.0916483520804
0.0948940289805
0.0982279882341
0.101648774114
0.105154888553
0.10874479467
0.112416920984
0.116169666381
0.12000140586
0.123910497098
0.127895287871
0.131954124336
0.136085360203
0.140287366784
0.144558543909
0.148897331683
0.153302223039
0.157771777021
0.162304632725
0.166899523793
0.171555293338
0.176270909178
0.18104547919
0.185878266641
0.190768705263
0.195716413875
0.20072121031
0.205783124366
0.210902409534
0.216079553152
0.221315284679
0.226610581689
0.231966673158
0.237385039572
0.242867409252
0.248415750244
0.254032256937
0.259719330412
0.2654795513
0.271315643602
0.277230427593
0.283226759419
0.289307454441
0.295475190649
0.30173238759
0.308081055183
0.314522605584
0.321057619777
0.327685559003
0.334404409471
0.341210247205
0.348096708722
0.355054353023
0.362069901867
0.369125349937
0.376196945917
0.383254062305
0.390257998854
0.397160804799
0.403904260386
0.410419226807
0.416625647111
0.422433539341
0.427745333992
0.432459827195
0.436477808447
0.439709067622
0.442080044373
0.443540986659
0.444071314197
0.443682078542
0.442414976889
0.440338138186
0.437539581607
0.434119615276
0.430183421436
0.425834754109
0.421171232916
0.416281313036
0.411242734958
0.406122123202
0.400975379662
0.395848559879
0.39077899067
0.385796459946
0.380924371143
0.376180801551
0.371579436285
0.367130370613
0.362840785637
0.358715508838
0.354757473661
0.350968092768
0.347347558765
0.343895084775
0.340609095623
0.337487378741
0.334527202458
0.33172540798
0.329078480273
0.326582602133
0.324233694921
0.322027448857
0.319959345233
0.318024672523
0.316218538044
0.314535876576
0.312971457152
0.31151988909
0.310175628206
0.308932984059
0.307786129012
0.306729109792
0.305755862199
0.304860229513
0.304035985071
0.303276859397
0.302576572149
0.301928868996
0.301327563401
0.3007665831
0.300240020876
0.299742189008
0.299267676592
0.298811408699
0.298368706169
0.297935344679
0.297507611596
0.297082359087
0.296657051945
0.296229808662
0.295799434422
0.295365444887
0.294928079922
0.294488306688
0.294047811876
0.293608983187
0.293174880483
0.292749197298
0.29233621367
0.291940741374
0.291568062756
0.291223864379
0.290914166603
0.290645250104
0.290423580117
0.290255728936
0.290148296873
0.29010783155
0.290140745001
0.290253227671
0.290451157966
0.290740005571
0.291124726297
0.29160964576
0.292198328719
0.292893430444
0.293696526089
0.294607913661
0.295626386043
0.29674896757
0.297970611163
0.299283853156
0.300678425047
0.302140824817
0.303653855707
0.305196147907
0.306741688976
0.308259402195
0.309712828255
0.311059983325
0.312253483283
0.313241034874
0.313966393727
0.314370868488
0.314395403077
0.313983192332
0.313082685419
0.311650723307
0.309655468777
0.307078751589
0.303917491353
0.300183979572
0.295904977032
0.29111976886
0.285877468777
0.280233941692
0.274248710998
0.267982149354
0.261493149126
0.254837361592
0.248066004819
0.241225179127
0.234355596802
0.227492623694
0.22066653669
0.21390291584
0.207223107493
0.20064471192
0.194182063587
0.18784668399
0.181647695737
0.175592192786
0.169685565896
0.163931785002
0.158333641692
0.152892955741
0.147610749855
0.142487396734
0.137522742251
0.132716208252
0.128066878016
0.123573567098
0.119234881845
0.115049267595
0.111015048228
0.107130458491
0.103393670319
0.0998028141313
0.096355995959
0.0930513111135
0.0898868549704
0.0868607313692
0.0839710590346
0.0812159763593
0.0785936448353
0.0761022513671
0.0737400096672
0.0715051608982
0.0693959736985
0.0674107437084
0.0655477926933
0.0638054673458
0.0621821378343
0.0606761961594
0.0592860543653
0.0580101426514
0.0568469074202
0.0557948092952
0.0548523211375
0.0540179260875
0.0532901156564
0.0526673878895
0.0521482456222
0.0517311948495
0.051414743229
0.0511973987358
0.0510776684892
0.0510540577694
0.0511250692442
0.0512892024236
0.051544953361
0.0518908146209
0.0523252755288
0.052846822724
0.0534539410299
0.0541451146586
0.0549188287645
0.0557735713598
0.0567078356027
0.0577201224665
0.0588089437957
0.0599728257516
0.0612103126445
0.0625199711494
0.0639003948934
0.0653502094
0.0668680773719
0.0684527042853
0.0701028442659
0.0718173062107
0.0735949601132
0.0754347435463
0.0773356682519
0.0792968267796
0.0813173991189
0.0833966592594
0.0855339816182
0.0877288472683
0.089980849904
0.092289701481
0.0946552374701
0.0970774216687
0.0995563505176
0.102092256878
0.104685513231
0.107336634261
0.110046278816
0.112815251206
0.115644501859
0.118535127312
0.121488369562
0.124505614795
0.127588391494
0.130738367981
0.133957349402
0.137247274186
0.140610210019
0.144048349347
0.147564004423
0.151159601916
0.154837677068
0.158600867381
0.162451905782
0.166393613202
0.170428890458
0.174560709302
0.178792102432
0.183126152229
0.187565977896
0.192114720598
0.196775526109
0.201551524342
0.206445805015
0.211461388503
0.216601190763
0.221867980934
0.227264329957
0.232792548188
0.238454609584
0.244252059583
0.250185903241
0.256256469603
0.262463247639
0.268804688433
0.27527796766
0.281878701989
0.288600612845
0.295435131433
0.30237094024
0.309393449048
0.316484208428
0.323620271592
0.330773527374
0.337910043878
0.344989484446
0.35196468464
0.35878150841
0.365379128306
0.371690889264
0.377645905346
0.383171489217
0.388196414292
0.392654859806
0.396490710349
0.39966171731
0.402142938733
0.403928907795
0.405034155324
0.405491993659
0.405351778448
0.404675110757
0.403531560255
0.40199446831
0.400137261673
0.398030530778
0.395739955795
0.393325033179
0.390838476887
0.388326136744
0.385827278154
0.383375088309
0.380997302757
0.378716875118
0.376552637875
0.374519922122
0.372631118747
0.370896173713
0.3693230166
0.36791792556
0.366685833885
0.365630584315
0.364755137254
0.364061738762
0.363552053536
0.363227267387
0.363088162973
0.36313517177
0.363368404575
0.363787662163
0.364392427074
0.365181836943
0.366154639217
0.367309126591
0.368643052001
0.370153521578
0.371836863566
0.373688470926
0.375702615211
0.377872229335
0.380188657333
0.382641370057
0.385217647406
0.387902230208
0.390676948691
0.393520339845
0.396407273166
0.399308613387
0.402190959704
0.405016512782
0.4077431321
0.410324654088
0.412711542358
0.41485193048
0.416693090676
0.418183316007
0.419274140541
0.419922749432
0.420094363337
0.419764338029
0.418919718547
0.417560037095
0.415697240614
0.413354757517
0.4105658344
0.407371364185
0.403817469328
0.39995309503
0.395827819061
0.391490015401
0.386985437002
0.382356222156
0.377640285986
0.372871034149
0.368077327078
0.363283625264
0.358510254741
0.35377374342
0.34908719073
0.344460643652
0.339901461173
0.335414656082
0.331003208218
0.326668346903
0.322409802763
0.318226030637
0.314114406198
0.310071399291
0.306092727114
0.302173490259
0.298308294417
0.294491360229
0.290716623461
0.286977827301
0.28326860824
0.27958257666
0.275913392937
0.272254839535
0.268600889349
0.264945770253
0.261284025663
0.257610570705
0.253920743513
0.250210351043
0.246475708839
0.242713674133
0.238921671787
0.235097712665
0.231240404168
0.227348952836
0.223423159117
0.21946340456
0.215470631915
0.21144631874
0.2073924453
0.203311457634
0.199206226733
0.19508000483
0.190936379795
0.186779228593
0.182612670706
0.178441022337
0.174268752113
0.170100438871
0.165940732031
0.161794314904
0.157665871183
0.153560054782
0.149481463046
0.145434613339
0.141423922885
0.137453691732
0.133528088643
0.129651139711
0.125826719432
0.122058544038
0.118350166792
0.114704975055
0.111126188851
0.107616860743
0.104179876791
0.100817958423
0.0975336650421
0.0943293972123
0.0912074002955
0.0881697684151
0.0852184486435
0.0823552453236
0.0795818244477
0.0768997180285
0.0743103284083
0.0718149324618
0.0694146856573
0.0671106259455
0.0649036774576
0.0627946539931
0.0607842622896
0.0588731050661
0.0570616838392
0.0553504015132
0.053739564748
0.0522293861139
0.050819986043
0.0495113945903
0.04830355302
0.0471963152356
0.046189449073
0.0452826374811
0.0444754796126
0.0437674918554
0.043158108832
0.0426466844015
0.0422324926974
0.0419147292401
0.0416925121636
0.0415648835975
0.0415308112512
0.0415891902441
0.0417388452314
0.0419785328755
0.0423069447111
0.0427227104563
0.0432244018188
0.0438105368458
0.0444795848633
0.0452299720479
0.0460600876686
0.0469682910303
0.0479529191444
0.0490122951401
0.0501447374243
0.0513485695817
0.0526221309963
0.0539637881619
0.0553719466322
0.056845063547
0.0583816606553
0.0599803377391
0.0616397863295
0.0633588035888
0.0651363062256
0.0669713442958
0.0688631147368
0.0708109744812
0.0728144529918
0.0748732640683
0.0769873167808
0.0791567253997
0.0813818182071
0.0836631450953
0.0860014838805
0.0883978452868
0.0908534765835
0.0933698638865
0.0959487331662
0.0985920500315
0.101302018388
0.104081078092
0.106931901753
0.109857390835
0.112860671252
0.115945088645
0.11911420353
0.122371786527
0.125721813864
0.129168463348
0.132716110987
0.136369328421
0.140132881318
0.144011728853
0.148011024361
0.152136117224
0.156392556009
0.160786092813
0.165322688709
0.170008520097
0.17484998568
0.179853713592
0.18502656807
0.1903756548
0.195908323714
0.201632167626
0.207555014461
0.213684910087
0.22003008766
0.226598918002
0.233399833576
0.240441216056
0.247731233978
0.255277612312
0.263087309556
0.271166069775
0.279517806343
0.288143760651
0.297041362607
0.306202700947
0.315612492633
0.325245427331
0.335062766818
0.345008121254
0.355002440418
0.364938500729
0.374675599915
0.384035828674
0.392804106176
0.400734842704
0.407567981889
0.413055417509
0.416994954417
0.419264155971
0.419843504869
0.418820335193
0.416371994701
0.412734661965
0.408168318663
0.402927008181
0.397238975761
0.391296864792
0.385255625209
0.379235175374
0.373325341196
0.367591414222
0.362079403085
0.356820565163
0.351835109699
0.347135119047
0.34272679883
0.338612182431
0.334790406496
0.331258656454
0.328012861932
0.32504820446
0.322359485293
0.31994138954
0.31778867372
0.315896296998
0.314259511159
0.312873920485
0.311735519816
0.310840716916
0.310186343673
0.309769659477
0.309588349212
0.309640517667
0.309924681645
0.310439760672
0.31118506693
0.312160294773
0.313365510016
0.314801139001
0.316467957282
0.318367077607
0.320499936708
0.322868280181
0.325474144508
0.328319834937
0.331407897583
0.334741083547
0.338322302266
0.342154560409
0.346240881577
0.35058420066
0.355187224859
0.360052251101
0.365180926596
0.370573935579
0.376230590718
0.38214830219
0.388321891117
0.39474270738
0.401397505686
0.408267030166
0.415324260318
0.422532285888
0.429841814909
0.437188391291
0.444489522813
0.45164211228
0.458520844661
0.464978475374
0.470849185673
0.475956129517
0.480123749051
0.483194227515
0.48504574707
0.485608683214
0.484875459198
0.48290113228
0.47979452962
0.475702588796
0.470792114895
0.465232949369
0.459185093298
0.452790601954
0.446169782634
0.439420605738
0.432620149957
0.425827103604
0.419084634917
0.412423211061
0.405863145873
0.399416788255
0.393090340513
0.386885335928
0.380799821594
0.374829296015
0.368967447828
0.363206735886
0.357538844193
0.351955038691
0.346446447249
0.341004279451
0.335619998947
0.330285458095
0.324993002226
0.319735549089
0.31450664764
0.309300519359
0.304112084529
0.298936975452
0.293771538175
0.288612824154
0.283458573079
0.278307188073
0.273157704395
0.268009752769
0.262863518433
0.257719696983
0.252579448019
0.247444347576
0.242316340209
0.237197691556
0.232090942059
0.226998862457
0.221924411531
0.216870696472
0.211840936157
0.206838427507
0.201866515009
0.196928563424
0.192027933623
0.187167961444
0.182351939432
0.17758310127
0.172864608713
0.168199540806
0.163590885173
0.159041531155
0.154554264589
0.150131764022
0.145776598174
0.141491224464
0.13727798844
0.133139123967
0.129076754032
0.125092892051
0.121189443571
0.117368208272
0.113630882188
0.109979060084
0.106414237918
0.102937815333
0.0995510981591
0.0962553008561
0.0930515488903
0.0899408810083
0.0869242513897
0.084002531661
0.0811765127579
0.0784469066237
0.0758143477371
0.073279394462
0.0708425302165
0.0685041644572
0.0662646334792
0.0641242010318
0.0620830587514
0.0601413264155
0.058299052021
0.0565562116937
0.0549127094357
0.053368376718
0.0519229719306
0.0505761796995
0.0493276100856
0.0481767976811
0.0471232006207
0.0461661995277
0.0453050964193
0.0445391135954
0.0438673925409
0.0432889928723
0.0428028913665
0.0424079811083
0.042103070801
0.0418868842867
0.0417580603252
0.0417151526866
0.0417566306131
0.0418808797103
0.0420862033301
0.0423708245081
0.0427328885201
0.0431704661214
0.0436815575302
0.044264097215
0.0449159595382
0.0456349653043
0.0464188892486
0.0472654684945
0.0481724119917
0.0491374109323
0.0501581501246
0.0512323202835
0.052357631175
0.0535318255296
0.0547526936153
0.0560180883356
0.0573259406987
0.0586742754753
0.06006122685
0.0614850538502
0.062944155324
0.0644370842342
0.0659625610307
0.0675194858672
0.0691069494424
0.0707242422569
0.0723708621056
0.0740465196497
0.0757511419494
0.0774848738732
0.0792480773418
0.0810413284066
0.0828654122026
0.0847213158586
0.086610219484
0.0885334853853
0.0904926456959
0.0924893886252
0.0945255435509
0.0966030651907
0.0987240170929
0.100890554687
0.103104908124
0.105369365142
0.10768625414
0.110057927684
0.112486746589
0.114975064739
0.117525214778
0.12013949477
0.122820155928
0.125569391474
0.12838932669
0.131282010202
0.134249406516
0.137293389847
0.140415739223
0.143618134906
0.14690215611
0.150269280026
0.153720882167
0.157258238021
0.160882526028
0.164594831875
0.168396154126
0.172287411174
0.176269449521
0.180343053377
0.184508955558
