-1.38222766566e-16
4.43300099653e-07
1.77319995545e-06
3.98969823914e-06
7.09279273557e-06
1.10824803441e-05
1.59587570776e-05
2.17216180636e-05
2.83710575429e-05
3.59070688704e-05
4.43296445134e-05
5.36387760538e-05
6.38344541865e-05
7.49166687197e-05
8.68854085736e-05
9.97406617816e-05
0.000113482415489
0.000128110655954
0.000143625368547
0.000160026537749
0.000177314147152
0.000195488179461
0.000214548616488
0.00023449543916
0.000255328627509
0.000277048160681
0.000299654016928
0.000323146173612
0.000347524607202
0.000372789293277
0.000398940206522
0.000425977320728
0.000453900608793
0.000482710042721
0.000512405593621
0.000542987231708
0.000574454926297
0.000606808645812
0.000640048357775
0.000674174028813
0.000709185624653
0.000745083110125
0.000781866449157
0.000819535604778
0.000858090539114
0.00089753121339
0.00093785758793
0.000979069622151
0.00102116727457
0.00106415050279
0.00110801926353
0.00115277351257
0.0011984132048
0.00124493829421
0.00129234873387
0.00134064447593
0.00138982547166
0.00143989167138
0.00149084302451
0.00154267947958
0.00159540098417
0.00164900748496
0.00170349892772
0.00175887525728
0.00181513641757
0.0018722823516
0.00193031300145
0.00198922830827
0.0020490282123
0.00210971265285
0.00217128156831
0.00223373489613
0.00229707257283
0.00236129453403
0.00242640071439
0.00249239104763
0.00255926546657
0.00262702390307
0.00269566628806
0.00276519255153
0.00283560262254
0.0029068964292
0.00297907389868
0.00305213495722
0.00312607953009
0.00320090754164
0.00327661891525
0.00335321357337
0.0034306914375
0.00350905242817
0.00358829646496
0.00366842346652
0.00374943335051
0.00383132603365
0.00391410143171
0.00399775945947
0.00408230003077
0.00416772305848
0.0042540284545
0.00434121612977
0.00442928599425
0.00451823795693
0.00460807192584
0.00469878780802
0.00479038550953
0.00488286493548
0.00497622598996
0.00507046857611
0.00516559259608
0.00526159795101
0.00535848454108
0.00545625226547
0.00555490102237
0.00565443070897
0.00575484122148
0.0058561324551
0.00595830430403
0.00606135666147
0.00616528941963
0.00627010246969
0.00637579570185
0.00648236900527
0.00658982226813
0.00669815537757
0.00680736821972
0.00691746067971
0.00702843264163
0.00714028398856
0.00725301460253
0.00736662436458
0.0074811131547
0.00759648085185
0.00771272733396
0.00782985247791
0.00794785615957
0.00806673825374
0.0081864986342
0.00830713717366
0.00842865374382
0.00855104821529
0.00867432045764
0.0087984703394
0.00892349772804
0.00904940248994
0.00917618449045
0.00930384359384
0.00943237966333
0.00956179256104
0.00969208214805
0.00982324828434
0.00995529082882
0.0100882096393
0.0102220045726
0.0103566754843
0.010492222229
0.0106286446602
0.0107659426303
0.0109041159906
0.0110431645912
0.0111830882813
0.0113238869088
0.0114655603207
0.0116081083626
0.0117515308793
0.0118958277143
0.0120409987099
0.0121870437076
0.0123339625475
0.0124817550686
0.0126304211088
0.0127799605049
0.0129303730926
0.0130816587064
0.0132338171796
0.0133868483445
0.0135407520321
0.0136955280723
0.0138511762939
0.0140076965245
0.0141650885906
0.0143233523173
0.014482487529
0.0146424940483
0.0148033716972
0.0149651202963
0.0151277396649
0.0152912296212
0.0154555899824
0.0156208205641
0.0157869211812
0.0159538916471
0.016121731774
0.0162904413729
0.0164600202538
0.0166304682252
0.0168017850946
0.0169739706682
0.017147024751
0.0173209471467
0.0174957376579
0.0176713960859
0.0178479222307
0.0180253158911
0.0182035768649
0.0183827049482
0.0185626999363
0.0187435616229
0.0189252898006
0.0191078842608
0.0192913447935
0.0194756711875
0.0196608632304
0.0198469207083
0.0200338434063
0.0202216311081
0.020410283596
0.0205998006511
0.0207901820534
0.0209814275812
0.0211735370119
0.0213665101213
0.0215603466841
0.0217550464735
0.0219506092615
0.0221470348188
0.0223443229147
0.0225424733172
0.022741485793
0.0229413601074
0.0231420960244
0.0233436933067
0.0235461517155
0.0237494710107
0.0239536509511
0.0241586912937
0.0243645917945
0.024571352208
0.0247789722872
0.0249874517839
0.0251967904485
0.0254069880299
0.0256180442756
0.025829958932
0.0260427317437
0.0262563624542
0.0264708508054
0.0266861965379
0.0269023993908
0.0271194591018
0.0273373754072
0.027556148042
0.0277757767394
0.0279962612316
0.028217601249
0.0284397965208
0.0286628467746
0.0288867517366
0.0291115111315
0.0293371246826
0.0295635921116
0.0297909131389
0.0300190874834
0.0302481148623
0.0304779949916
0.0307087275856
0.0309403123571
0.0311727490176
0.0314060372768
0.0316401768432
0.0318751674235
0.0321110087231
0.0323477004457
0.0325852422936
0.0328236339675
0.0330628751666
0.0333029655884
0.033543904929
0.033785692883
0.0340283291433
0.0342718134012
0.0345161453466
0.0347613246677
0.0350073510512
0.0352542241821
0.035501943744
0.0357505094186
0.0359999208863
0.0362501778257
0.0365012799138
0.0367532268262
0.0370060182367
0.0372596538174
0.0375141332388
0.03776945617
0.0380256222782
0.038282631229
0.0385404826864
0.0387991763127
0.0390587117686
0.039319088713
0.0395803068032
0.039842365695
0.0401052650422
0.0403690044971
0.0406335837102
0.0408990023305
0.041165260005
0.0414323563791
0.0417002910967
0.0419690637997
0.0422386741284
0.0425091217212
0.0427804062151
0.043052527245
0.0433254844443
0.0435992774444
0.0438739058752
0.0441493693647
0.0444256675391
0.0447028000228
0.0449807664386
0.0452595664073
0.0455391995481
0.0458196654781
0.0461009638129
0.0463830941662
0.0466660561497
0.0469498493736
0.047234473446
0.0475199279732
0.0478062125598
0.0480933268085
0.04838127032
0.0486700426933
0.0489596435254
0.0492500724117
0.0495413289454
0.049833412718
0.0501263233191
0.0504200603363
0.0507146233553
0.0510100119601
0.0513062257327
0.0516032642529
0.051901127099
0.052199813847
0.0524993240713
0.0527996573441
0.0531008132358
0.0534027913147
0.0537055911473
0.054009212298
0.0543136543293
0.0546189168017
0.0549249992737
0.0552319013018
0.0555396224406
0.0558481622425
0.0561575202581
0.0564676960359
0.0567786891222
0.0570904990616
0.0574031253965
0.0577165676671
0.0580308254118
0.0583458981669
0.0586617854665
0.0589784868427
0.0592960018255
0.059614329943
0.059933470721
0.0602534236833
0.0605741883515
0.0608957642452
0.0612181508819
0.0615413477769
0.0618653544434
0.0621901703925
0.0625157951331
0.062842228172
0.0631694690138
0.0634975171611
0.063826372114
0.0641560333708
0.0644865004275
0.0648177727777
0.0651498499131
0.065482731323
0.0658164164947
0.066150904913
0.0664861960607
0.0668222894184
0.0671591844643
0.0674968806745
0.0678353775227
0.0681746744806
0.0685147710173
0.0688556665999
0.0691973606932
0.0695398527596
0.0698831422593
0.0702272286503
0.0705721113879
0.0709177899257
0.0712642637144
0.0716115322028
0.0719595948372
0.0723084510616
0.0726581003175
0.0730085420444
0.073359775679
0.0737118006561
0.0740646164078
0.0744182223639
0.0747726179519
0.0751278025968
0.0754837757213
0.0758405367457
0.0761980850878
0.076556420163
0.0769155413843
0.0772754481623
0.0776361399051
0.0779976160185
0.0783598759056
0.0787229189672
0.0790867446016
0.0794513522047
0.0798167411698
0.0801829108877
0.0805498607469
0.0809175901332
0.08128609843
0.081655385018
0.0820254492757
0.0823962905788
0.0827679083005
0.0831403018115
0.0835134704801
0.0838874136717
0.0842621307495
0.0846376210738
0.0850138840025
0.085390918891
0.0857687250919
0.0861473019553
0.0865266488287
0.0869067650569
0.0872876499822
0.0876693029442
0.0880517232798
0.0884349103234
0.0888188634067
0.0892035818586
0.0895890650056
0.0899753121712
0.0903623226765
0.0907500958398
0.0911386309766
0.0915279274
0.0919179844201
0.0923088013443
0.0927003774774
0.0930927121215
0.0934858045759
0.093879654137
0.0942742600986
0.0946696217519
0.0950657383849
0.0954626092833
0.0958602337298
0.0962586110041
0.0966577403835
0.0970576211423
0.097458252552
0.0978596338812
0.0982617643958
0.0986646433588
0.0990682700304
0.0994726436681
0.0998777635261
0.100283628856
0.100690238907
0.101097592925
0.101505690152
0.101914529829
0.102324111194
0.102734433479
0.103145495917
0.103557297737
0.103969838163
0.104383116418
0.104797131723
0.105211883293
0.105627370343
0.106043592083
0.106460547722
0.106878236463
0.10729665751
0.10771581006
0.10813569331
0.108556306453
0.108977648678
0.109399719172
0.10982251712
0.110246041702
0.110670292095
0.111095267475
0.111520967013
0.111947389878
0.112374535235
0.112802402247
0.113230990073
0.11366029787
0.11409032479
0.114521069984
0.114952532598
0.115384711778
0.115817606662
0.116251216389
0.116685540094
0.117120576907
0.117556325957
0.117992786369
0.118429957265
0.118867837763
0.119306426979
0.119745724025
0.120185728011
0.120626438042
0.121067853221
0.121509972647
0.121952795418
0.122396320625
0.122840547358
0.123285474705
0.123731101749
0.124177427569
0.124624451242
0.125072171843
0.125520588441
0.125969700104
0.126419505894
0.126870004873
0.127321196098
0.127773078622
0.128225651496
0.128678913768
0.12913286448
0.129587502674
0.130042827387
0.130498837652
0.130955532501
0.13141291096
0.131870972053
0.1323297148
0.132789138219
0.133249241324
0.133710023123
0.134171482626
0.134633618834
0.135096430748
0.135559917364
0.136024077677
0.136488910675
0.136954415345
0.13742059067
0.13788743563
0.1383549492
0.138823130354
0.13929197806
0.139761491283
0.140231668988
0.140702510131
0.141174013668
0.141646178551
0.142119003728
0.142592488145
0.143066630742
0.143541430456
0.144016886223
0.144492996973
0.144969761633
0.145447179127
0.145925248375
0.146403968293
0.146883337795
0.14736335579
0.147844021184
0.148325332878
0.148807289773
0.149289890763
0.14977313474
0.150257020591
0.150741547202
0.151226713453
0.151712518221
0.15219896038
0.1526860388
0.153173752347
0.153662099885
0.154151080272
0.154640692364
0.155130935013
0.155621807066
0.15611330737
0.156605434764
0.157098188086
0.15759156617
0.158085567845
0.158580191938
0.159075437272
0.159571302666
0.160067786935
0.16056488889
0.16106260734
0.161560941089
0.162059888937
0.162559449682
0.163059622116
0.163560405029
0.164061797207
0.164563797432
0.165066404481
0.165569617131
0.166073434151
0.166577854309
0.167082876368
0.167588499088
0.168094721224
0.16860154153
0.169108958754
0.16961697164
0.170125578929
0.170634779358
0.171144571662
0.171654954569
0.172165926806
0.172677487095
0.173189634154
0.173702366698
0.174215683438
0.17472958308
0.175244064329
0.175759125884
0.176274766441
0.176790984691
0.177307779323
0.177825149021
0.178343092465
0.178861608334
0.179380695299
0.17990035203
0.180420577192
0.180941369448
0.181462727454
0.181984649865
0.182507135332
0.1830301825
0.183553790012
0.184077956507
0.18460268062
0.185127960983
0.185653796222
0.186180184961
0.18670712582
0.187234617415
0.187762658358
0.188291247257
0.188820382717
0.189350063338
0.189880287718
0.190411054449
0.190942362121
0.191474209319
0.192006594624
0.192539516615
0.193072973865
0.193606964945
0.19414148842
0.194676542854
0.195212126805
0.195748238827
0.196284877472
0.196822041288
0.197359728817
0.197897938599
0.19843666917
0.198975919062
0.199515686803
0.200055970917
0.200596769925
0.201138082344
0.201679906687
0.202222241462
0.202765085176
0.203308436329
0.203852293419
0.204396654941
0.204941519384
0.205486885235
0.206032750976
0.206579115087
0.207125976041
0.20767333231
0.208221182363
0.208769524661
0.209318357665
0.209867679832
0.210417489613
0.210967785458
0.21151856581
0.212069829111
0.212621573798
0.213173798305
0.213726501061
0.214279680492
0.214833335022
0.215387463067
0.215942063044
0.216497133362
0.21705267243
0.217608678651
0.218165150425
0.218722086148
0.219279484212
0.219837343007
0.220395660918
0.220954436325
0.221513667607
0.222073353138
0.222633491287
0.223194080422
0.223755118905
0.224316605096
0.224878537351
0.225440914022
0.226003733456
0.226566993999
0.227130693992
0.227694831772
0.228259405674
0.228824414026
0.229389855157
0.22995572739
0.230522029042
0.231088758432
0.23165591387
0.232223493665
0.232791496123
0.233359919546
0.233928762231
0.234498022473
0.235067698563
0.235637788788
0.236208291432
0.236779204777
0.237350527098
0.237922256669
0.23849439176
0.239066930639
0.239639871566
0.240213212803
0.240786952606
0.241361089227
0.241935620915
0.242510545916
0.243085862473
0.243661568825
0.244237663208
0.244814143853
0.245391008989
0.245968256843
0.246545885637
0.247123893588
0.247702278914
0.248281039826
0.248860174532
0.24943968124
0.25001955815
0.250599803462
0.251180415373
0.251761392074
0.252342731754
0.252924432601
0.253506492797
0.254088910521
0.25467168395
0.255254811258
0.255838290615
0.256422120187
0.257006298139
0.257590822631
0.258175691821
0.258760903864
0.259346456911
0.259932349111
0.260518578608
0.261105143546
0.261692042063
0.262279272296
0.262866832378
0.263454720439
0.264042934607
0.264631473006
0.265220333758
0.26580951498
0.266399014789
0.266988831298
0.267578962615
0.268169406849
0.268760162102
0.269351226477
0.269942598071
0.270534274981
0.2711262553
0.271718537117
0.272311118519
0.272903997592
0.273497172417
0.274090641073
0.274684401637
0.275278452183
0.275872790782
0.276467415502
0.277062324409
0.277657515567
0.278252987037
0.278848736876
0.27944476314
0.280041063883
0.280637637154
0.281234481003
0.281831593475
0.282428972612
0.283026616456
0.283624523046
0.284222690416
0.284821116601
0.285419799632
0.286018737538
0.286617928346
0.287217370079
0.28781706076
0.288416998409
0.289017181042
0.289617606677
0.290218273325
0.290819178998
0.291420321704
0.29202169945
0.292623310242
0.29322515208
0.293827222967
0.2944295209
0.295032043875
0.295634789888
0.29623775693
0.296840942992
0.297444346063
0.298047964129
0.298651795175
0.299255837184
0.299860088137
0.300464546014
0.301069208791
0.301674074444
0.302279140948
0.302884406275
0.303489868395
0.304095525277
0.304701374888
0.305307415194
0.30591364416
0.306520059746
0.307126659915
0.307733442626
0.308340405836
0.308947547503
0.30955486558
0.310162358022
0.31077002278
0.311377857806
0.311985861048
0.312594030456
0.313202363975
0.313810859551
0.314419515129
0.315028328652
0.315637298061
0.316246421298
0.316855696301
0.31746512101
0.318074693362
0.318684411293
0.319294272739
0.319904275634
0.320514417911
0.321124697503
0.321735112341
0.322345660356
0.322956339479
0.323567147637
0.324178082759
0.324789142772
0.325400325604
0.326011629179
0.326623051424
0.327234590262
0.327846243619
0.328458009417
0.329069885579
0.329681870027
0.330293960684
0.33090615547
0.331518452306
0.332130849113
0.332743343811
0.333355934319
0.333968618558
0.334581394445
0.3351942599
0.335807212841
0.336420251187
0.337033372856
0.337646575766
0.338259857834
0.33887321698
0.339486651119
0.340100158172
0.340713736054
0.341327382684
0.34194109598
0.342554873861
0.343168714243
0.343782615046
0.344396574187
0.345010589587
0.345624659164
0.346238780836
0.346852952525
0.34746717215
0.348081437631
0.34869574689
0.349310097848
0.349924488426
0.350538916548
0.351153380135
0.351767877112
0.352382405403
0.352996962933
0.353611547627
0.354226157411
0.354840790214
0.355455443961
0.356070116583
0.356684806009
0.357299510169
0.357914226994
0.358528954418
0.359143690373
0.359758432793
0.360373179615
0.360987928775
0.361602678211
0.36221742586
0.362832169665
0.363446907566
0.364061637505
0.364676357426
0.365291065276
0.365905759
0.366520436547
0.367135095866
0.367749734909
0.368364351627
0.368978943975
0.369593509909
0.370208047386
0.370822554365
0.371437028807
0.372051468674
0.37266587193
0.373280236542
0.373894560477
0.374508841705
0.375123078198
0.37573726793
0.376351408875
0.376965499011
0.377579536319
0.37819351878
0.378807444378
0.379421311098
0.380035116929
0.380648859862
0.381262537889
0.381876149006
0.382489691209
0.383103162498
0.383716560876
0.384329884347
0.384943130918
0.3855562986
0.386169385403
0.386782389343
0.387395308437
0.388008140706
0.388620884172
0.38923353686
0.389846096799
0.390458562019
0.391070930556
0.391683200445
0.392295369726
0.392907436442
0.393519398639
0.394131254364
0.394743001671
0.395354638614
0.39596616325
0.396577573641
0.397188867851
0.397800043947
0.398411100002
0.399022034087
0.399632844282
0.400243528667
0.400854085326
0.401464512347
0.402074807821
0.402684969843
0.403294996512
0.403904885928
0.404514636198
0.405124245431
0.405733711739
0.40634303324
0.406952208053
0.407561234304
0.408170110119
0.408778833631
0.409387402976
0.409995816293
0.410604071726
0.411212167423
0.411820101536
0.412427872221
0.413035477637
0.413642915949
0.414250185326
0.414857283939
0.415464209966
0.416070961587
0.416677536989
0.417283934361
0.417890151897
0.418496187796
0.419102040262
0.419707707501
0.420313187725
0.420918479153
0.421523580004
0.422128488505
0.422733202887
0.423337721384
0.423942042237
0.424546163691
0.425150083994
0.425753801403
0.426357314175
0.426960620576
0.427563718873
0.428166607342
0.428769284262
0.429371747916
0.429973996593
0.430576028589
0.431177842202
0.431779435737
0.432380807503
0.432981955817
0.433582878996
0.434183575369
0.434784043264
0.435384281019
0.435984286974
0.436584059477
0.43718359688
0.437782897541
0.438381959823
0.438980782095
0.439579362732
0.440177700113
0.440775792625
0.441373638658
0.441971236609
0.442568584882
0.443165681884
0.44376252603
0.44435911574
0.444955449439
0.445551525559
0.446147342539
0.44674289882
0.447338192853
0.447933223093
0.448527988002
0.449122486046
0.4497167157
0.450310675442
0.450904363759
0.451497779142
0.45209092009
0.452683785106
0.4532763727
0.45386868139
0.454460709698
0.455052456154
0.455643919292
0.456235097655
0.456825989792
0.457416594255
0.458006909608
0.458596934416
0.459186667255
0.459776106705
0.460365251352
0.46095409979
0.46154265062
0.462130902448
0.462718853887
0.463306503558
0.463893850087
0.464480892108
0.46506762826
0.465654057191
0.466240177554
0.466825988009
0.467411487225
0.467996673874
0.468581546637
0.469166104203
0.469750345267
0.470334268529
0.470917872698
0.47150115649
0.472084118627
0.472666757839
0.473249072862
0.473831062439
0.474412725322
0.474994060268
0.475575066042
0.476155741416
0.476736085169
0.477316096086
0.477895772962
0.478475114598
0.4790541198
0.479632787384
0.480211116172
0.480789104995
0.481366752688
0.481944058096
0.482521020071
0.483097637471
0.483673909163
0.48424983402
0.484825410923
0.485400638761
0.485975516429
0.486550042831
0.487124216877
0.487698037485
0.488271503582
0.4888446141
0.48941736798
0.48998976417
0.490561801626
0.491133479312
0.491704796197
0.492275751261
0.49284634349
0.493416571877
0.493986435423
0.494555933138
0.495125064037
0.495693827146
0.496262221496
0.496830246126
0.497397900085
0.497965182426
0.498532092212
0.499098628514
0.499664790411
0.500230576987
0.500795987336
0.501361020561
0.501925675769
0.502489952079
0.503053848614
0.503617364507
0.504180498899
0.504743250938
0.50530561978
0.505867604588
0.506429204535
0.506990418799
0.507551246569
0.508111687039
0.508671739413
0.509231402901
0.509790676723
0.510349560104
0.510908052281
0.511466152495
0.512023859997
0.512581174045
0.513138093905
0.513694618853
0.514250748169
0.514806481143
0.515361817075
0.51591675527
0.516471295041
0.51702543571
0.517579176608
0.518132517071
0.518685456446
0.519237994086
0.519790129353
0.520341861616
0.520893190252
0.521444114647
0.521994634195
0.522544748296
0.52309445636
0.523643757805
0.524192652055
0.524741138543
0.525289216712
0.525836886009
0.526384145892
0.526930995826
0.527477435284
0.528023463747
0.528569080703
0.52911428565
0.529659078093
0.530203457543
0.530747423523
0.531290975559
0.53183411319
0.532376835959
0.532919143419
0.53346103513
0.534002510661
0.534543569587
0.535084211494
0.535624435972
0.536164242622
0.536703631052
0.537242600878
0.537781151722
0.538319283217
0.538856995002
0.539394286725
0.53993115804
0.54046760861
0.541003638107
0.541539246208
0.542074432602
0.542609196981
0.543143539048
0.543677458514
0.544210955096
0.54474402852
0.545276678519
0.545808904834
0.546340707215
0.546872085418
0.547403039208
0.547933568357
0.548463672646
0.54899335186
0.549522605799
0.550051434263
0.550579837066
0.551107814023
0.551635364964
0.55216248972
0.552689188132
0.55321546006
0.55374130535
0.554266723865
0.554791715497
0.555316280111
0.555840417578
0.556364127819
0.556887410749
0.557410266122
0.557932694029
0.558454694364
0.558976267112
0.559497411667
0.560018129022
0.560538417717
0.561058278492
0.561577712093
0.562096715216
0.562615292965
0.563133440848
0.563651158631
0.564168449235
0.564685311056
0.56520174069
0.565717744958
0.566233311484
0.566748449225
0.567263191389
0.567777461538
0.568291322424
0.568804787212
0.569317841011
0.569830352029
0.570342606931
0.57085438325
0.571365781532
0.571876871358
0.572387715796
0.57289779199
0.573407949254
0.573917677861
0.574426471837
0.574936950835
0.575445475816
0.575950969956
0.576463317077
0.576970969721
0.577478698421
0.577993324813
0.578531533278
0.579051187922
0.579572979291
0.580160199124
0.580915841484
0.581334870486
0.582564654473
0.582186869812
0.58171941863
0.581414780099
0.580408870949
0.579153348795
0.578053938812
0.578627172895
0.578421806407
0.576211587864
0.574648141538
0.574361530269
0.573850700614
0.572750399583
0.571738463622
0.570407897402
0.5711176441
0.568686705067
0.568400292736
0.56727951214
0.566348698285
0.56636363744
0.565088087104
0.568259503793
0.563319138735
0.562713281662
0.563329637349
0.56011905659
0.559271015638
0.559013876711
0.557272093444
0.556339537048
0.557312299508
0.557022731569
0.554609553631
0.555044736425
0.552745743887
0.55407546722
0.551911657537
0.550332354265
0.55050360756
0.550970250387
0.549860412746
0.546137248026
0.545527123469
0.547715008634
0.545206441294
0.543965905359
0.543042562658
0.543907557916
0.542102810381
0.54020888
0.540914434329
0.538962644525
0.538250659689
0.53663839711
0.537236714878
0.535743309341
0.535033952019
0.535429149269
0.53396404176
0.533790512173
0.532868636971
0.531059683821
0.529782554678
0.533540754643
0.529859409556
0.527269559075
0.525998929515
0.52732142399
0.525366227659
0.531336008725
0.524225433712
0.525401069845
0.522731744652
0.522062814451
0.523447002459
0.522876214114
0.521877827201
0.519296437846
0.52018178036
0.516662200778
0.526196853374
0.515227927639
0.513045090287
0.513236580832
0.514478974594
0.51252663686
0.51150072339
0.51160769434
0.512343211185
0.508190546232
0.512263621924
0.506931357877
0.506679101536
0.50703027473
0.507223276552
0.50506904856
0.504054279482
0.506435397612
0.505612301123
0.502668926716
0.501958020928
0.500936295069
0.501659330668
0.498640826992
0.499198548608
0.496551817981
0.495739806473
0.497479597369
0.494810358961
0.495744883702
0.494505820465
0.495117740356
0.492443290602
0.491234860702
0.492578553963
0.495098293768
0.48964248863
0.491796043026
0.488857520167
0.488142183176
0.49027885639
0.486022531492
0.484007752097
0.485062322142
0.48626288194
0.481471174461
0.482212230773
0.480153733982
0.482828029598
0.478789130768
0.478641987979
0.478324421756
0.478466311037
0.475266574913
0.477470341909
0.477029094082
0.473073592531
0.473095041256
0.473521864038
0.479300129097
0.471718338205
0.471665423404
0.471735471088
0.473275017374
0.471107858929
0.4692800065
0.468224527032
0.465101342205
0.471626521442
0.465109031415
0.468416411828
0.463771333461
0.463029397931
0.462937944843
0.462426824753
0.461851197103
0.462127911816
0.461006298533
0.458690858192
0.46089212832
0.460035576759
0.457257131246
0.455334465787
0.45999379921
0.455059072723
0.453418257518
0.455132610123
0.45368923853
0.450983539957
0.450924381973
0.451810815516
0.448744829144
0.452296078697
0.448027696353
0.45177321412
0.447808692218
0.450419338228
0.44867841728
0.446305293986
0.446338934293
0.445853559474
0.4432555942
0.445475810837
0.449336786255
0.442053479008
0.440312563489
0.442635546028
0.440536324762
0.441960520119
0.43882845984
0.440316651401
0.436248296543
0.437859953912
0.435496831351
0.434053051106
0.434179756973
0.43436943334
0.433876191228
0.431446457279
0.43144624607
0.430892465061
0.432351779871
0.430213162754
0.43015750796
0.430114836864
0.427689291925
0.425765136476
0.425443610271
0.428436057177
0.426650011803
0.425179678772
0.424771048505
0.424075793324
0.424624160749
0.424931716442
0.422767210532
0.421226853224
0.419302480101
0.420451988981
0.418867413351
0.417573459381
0.417696917562
0.416188087565
0.418647832668
0.417853723234
0.416603331124
0.416839239388
0.414162923878
0.414487729173
0.413029287382
0.413457671382
0.411758200914
0.411045889036
0.412829488893
0.415339383852
0.407938906258
0.408800849423
0.405763134846
0.407364624932
0.406378446535
0.405823202516
0.405921050278
0.403661624864
0.405990734398
0.40381285089
0.40308347966
0.401724576067
0.401313119808
0.403800212082
0.402089164241
0.401482958111
0.400925156277
0.399278033801
0.398144672842
0.397510905937
0.396820761301
0.396968025691
0.396907379366
0.398180199823
0.394517019756
0.395405102348
0.395039460589
0.396507886842
0.391139295302
0.391640369271
0.391576155856
0.391778597019
0.391323656092
0.388519791973
0.391507851954
0.387411727811
0.388930390686
0.388819484804
0.388387060837
0.385793778794
0.385932829702
0.388496242622
0.384609942841
0.382829022907
0.383813609203
0.384422387762
0.387262643959
0.38325919692
0.38392577839
0.380392793155
0.381327746974
0.379705139609
0.380737777444
0.379474169927
0.379452868838
0.376944774993
0.383431919678
0.378043166238
0.377097324892
0.380904123054
0.378396188322
0.375670770188
0.373328002418
0.374262660074
0.373598122604
0.373625323241
0.371467780134
0.375131318113
0.372116297146
0.370742202805
0.368623318858
0.369900072593
0.367884754517
0.368906407153
0.371899676351
0.36719628242
0.367857873615
0.364741158409
0.36568958488
0.364676871551
0.368941069884
0.363705807715
0.363918435392
0.362771721845
0.360977098561
0.36677276386
0.361805436863
0.362887553479
0.361310036459
0.360330999879
0.363021065383
0.361615963182
0.358054906416
0.358445406323
0.360085468781
0.35618466685
0.356877429635
0.355376234857
0.356251361306
0.355767853339
0.35668075412
0.353598462143
0.353322155284
0.353198515924
0.356180801467
0.350947664527
0.35274938127
0.355274317485
0.350554098523
0.350858251907
0.349124071325
0.34828189035
0.349234093291
0.348019402549
0.350587290019
0.347192914975
0.34758099591
0.347104594343
0.349277984857
0.345760930902
0.346289732793
0.345856423307
0.344159112624
0.34564468647
0.342195960806
0.343341969819
0.344484388618
0.340698529261
0.342212262934
0.340087450007
0.343176846822
0.341544400386
0.33998790264
0.342107615782
0.337324895192
0.338681017323
0.338975831298
0.337986783193
0.33713654704
0.338102138636
0.33653009395
0.335159139804
0.334594782738
0.335644156064
0.333785868203
0.332848343956
0.333033120123
0.332594899068
0.332683625297
0.337868528042
0.331521209524
0.332448066349
0.330697826856
0.329948161745
0.328356600641
0.328474730486
0.331584408981
0.329428591119
0.330381123826
0.327112534202
0.327027526557
0.328454671523
0.329126313222
0.328391373446
0.326315014727
0.325056753712
0.325109055452
0.32301254764
0.324852869004
0.322896500717
0.323874050064
0.324543007004
0.323525454451
0.32416724574
0.321885945941
0.320589781708
0.321751322981
0.320459731336
0.319282825041
0.320273650112
0.319658374939
0.316723290883
0.317647230583
0.317487537574
0.318509584664
0.324747169263
0.317396103063
0.316768547705
0.315997016667
0.315639296853
0.316383101527
0.315572202112
0.317486645942
0.313062369488
0.314461724993
0.315092708529
0.313772313641
0.312638940977
0.314097865217
0.312282815533
0.311298521146
0.313308222012
0.310511633704
0.309115733023
0.309763039766
0.310427495792
0.308190878547
0.310694738076
0.308008339054
0.310261079351
0.307055148342
0.306269239224
0.305954519352
0.306451881928
0.304832044377
0.307382001503
0.307518526984
0.304832281288
0.304736737793
0.309886043584
0.303997583929
0.304301823186
0.305495420428
0.300870520947
0.304575834084
0.30145194768
0.30193652092
0.302324771653
0.300283873717
0.301685116567
0.30365923902
0.298918422471
0.299648409796
0.300219797754
0.300165488213
0.297209154057
0.298864901946
0.298798694617
0.3019659795
0.296069651644
0.297960949622
0.298383667969
0.29780322348
0.296178097555
0.296106179877
0.29864587006
0.293844592854
0.294047456693
0.294532904882
0.29506693802
0.293689135645
0.292613589749
0.293209403449
0.292429020302
0.293294173467
0.29229483238
0.292777087202
0.290633346967
0.29100536375
0.29196201189
0.293103678925
0.290002622903
0.289358396837
0.289803581709
0.290743406455
0.288106635823
0.288692894388
0.287747528446
0.289071364842
0.287771284008
0.288239584206
0.288402746027
0.286197376587
0.285683887433
0.286454767932
0.285398183072
0.285086743181
0.283316767975
0.284304680314
0.283979445393
0.286607777431
0.284531822079
0.282148916682
0.282678115839
0.282682570976
0.282724364371
0.286786027698
0.282738194161
0.281685642169
0.284300207437
0.285264768769
0.287076126909
0.280369363193
0.280556075921
0.281927406121
0.281140299468
0.281791858782
0.282026683737
0.282288411359
0.279037141817
0.277697201604
0.279754487149
0.280604445676
0.278943376602
0.278637723507
0.276167899203
0.276796736352
0.286022947008
0.275021756773
0.277135985579
0.279806565333
0.280129260791
0.274764881992
0.275388624999
0.275229458206
0.274024821803
0.273285921482
0.277451478516
0.273791262243
0.274671981405
0.273806845533
0.274700960862
0.271962964733
0.273292447865
0.272434617353
0.27702224715
0.272166826838
0.271936969542
0.270875069153
0.270717089787
0.271866984217
0.271626996897
0.269422354698
0.269542175761
0.269006090724
0.269285712813
0.268268615296
0.270447777799
0.268523908998
0.267797403393
0.269567544527
0.26974968698
0.268968374711
0.266964164675
0.271076061052
0.26585085314
0.268630522636
0.266076448216
0.267498204049
0.26821259938
0.267101177844
0.266583449111
0.267186451513
0.265857536901
0.265466457004
0.267593036834
0.265748667103
0.269661008281
0.26345544566
0.265659055269
0.26429722595
0.264416040564
0.265073298898
0.266494749655
0.262100754587
0.263728791534
0.263245420988
0.261897958357
0.261143597425
0.263464320184
0.26189629714
0.261611868412
0.260532464072
0.261798960948
0.260271311019
0.260833570424
0.26055965515
0.259638225818
0.259659406918
0.260991451449
0.261355515875
0.260679061255
0.260342572528
0.260870897554
0.258064742472
0.259136233899
0.259318405975
0.25789871306
0.259926495429
0.259760414727
0.265268213114
0.258240061603
0.259126942762
0.258594196958
0.256223357817
0.258251847266
0.256560254096
0.254947336825
0.25945262969
0.256717055188
0.255353074526
0.254191545526
0.255071669848
0.254124413504
0.253909736356
0.254001097931
0.254212060791
0.253806475977
0.254689887574
0.253102967823
0.254087924567
0.255163374352
0.25228034611
0.251303124877
0.254411621534
0.253313220451
0.254051425814
0.252229211875
0.254374597745
0.252771666264
0.251305827435
0.250398424242
0.251529311166
0.252230916828
0.251298185251
0.251755476243
0.251166730865
0.252492753485
0.251341419739
0.25098815833
0.249615123603
0.249658939349
0.249942920562
0.249989645222
0.250855835067
0.248245690222
0.251293077412
0.249543205592
0.251070237149
0.250792798487
0.248053063753
0.249152717255
0.248746146124
0.247659996773
0.248057997996
0.246105978032
0.248026841632
0.247890374639
0.246736111906
0.246820539087
0.248856994502
0.249644352001
0.246270023474
0.249152307123
0.250606766118
0.246319865534
0.247806659198
0.248335235849
0.244913908177
0.246287149518
0.247586146989
0.246470625434
0.24545085696
0.245203306521
0.247378287358
0.245903612545
0.245022106834
0.244987820628
0.245423862943
0.24410176126
0.243642293282
0.24693620677
0.243543858214
0.245610839671
0.243794134639
0.24225446772
0.242795128675
0.247266180413
0.244752623534
0.243715505125
0.243485755996
0.244126489628
0.241673561397
0.242292597326
0.243017883617
0.241208718463
0.246696901355
0.24341466073
0.243405561229
0.244495895219
0.242421978211
0.241120900945
0.242084992562
0.241743045463
0.241116449524
0.243858020696
0.242612858386
0.240774699512
0.242643413657
0.239444640602
0.241341148597
0.240540181808
0.240542137097
0.243337119866
0.241289555699
0.24218648592
0.24090403779
0.239439427673
0.240015915608
0.241106946696
0.242991067669
0.240551913163
0.23806004273
0.239649970451
0.241060973224
0.242286849606
0.238342143731
0.242986732206
0.237616558604
0.240718233333
0.238140224811
0.2392421412
0.23944647612
0.238024793099
0.238562862498
0.238503052016
0.238996514289
0.239580016053
0.238360301221
0.239002406577
0.239080075013
0.239418592719
0.238663599415
0.238544671805
0.236757644048
0.240193648287
0.236422603039
0.236885072149
0.239019704152
0.236598880883
0.237792059054
0.238625288518
0.237503055878
0.237825302023
0.238528510891
0.237994421292
0.23576879669
0.236294256318
0.237126047003
0.236574233295
0.236040074837
0.236518419766
0.235340044841
0.235891346632
0.236524864255
0.235641636766
0.237750097351
0.235558561395
0.237195421814
0.235764059085
0.23622872541
0.235115898342
0.237235855879
0.23546768216
0.236214507247
0.235658929152
0.237512870164
0.235504203738
0.236104175192
0.235010969101
0.235132389524
0.23594842636
0.23479089198
0.235605450275
0.235175784603
0.235983232513
0.234262261681
0.235488641186
0.23430277235
0.23448738873
0.235785830463
0.233605944418
0.235950597827
0.234467235342
0.233709561979
0.234006493651
0.234859294342
0.234420959229
0.235933023761
0.234433607811
0.234183996956
0.235968346266
0.233648543448
0.234455425886
0.235080749963
0.235079372491
0.237299741195
0.234545683674
0.234059338452
0.233813049026
0.235047614468
0.236548165868
0.235127711652
0.234314913551
0.234267725892
0.2347643172
0.233964729607
0.234536268701
0.233234891197
0.233743621851
0.23301028545
0.234822326181
0.233681808209
0.233380234349
0.235167295755
0.235132994307
0.232746849873
0.232411512817
0.23321685475
0.233504971229
0.234624390825
0.23352597604
0.233871537699
0.232767526266
0.233493689558
0.23207558738
0.233640858102
0.233199109674
0.232825686449
0.232875559706
0.234040044878
0.233410976263
0.234537007645
0.232963876199
0.233787431079
0.233347730812
0.233599171336
0.234812086721
0.233045347611
0.233647187813
0.233585850936
0.233271899863
0.233896362321
0.233537771691
0.234835166899
0.233630505543
0.233926733418
0.233731020154
0.235047542822
0.23205536387
0.23371854235
0.232593961335
0.233722614073
0.233451592582
0.233249817853
0.2327753573
0.232861019858
0.233149256845
0.232469126522
0.234190376567
0.233279109431
0.234442926491
0.235240639813
0.233664673117
0.233378665081
0.234020337484
0.233200205372
0.234493424226
0.2341169113
0.233118003489
0.233515762615
0.235517732017
0.234297101593
0.234429890497
0.235068728304
0.233734780799
0.234796925523
0.234949757319
0.233893577406
0.232381347395
0.233273150151
0.233937916899
0.233315327115
0.233431190447
0.233705766538
0.234796615054
0.233914803258
0.234299712793
0.234115244918
0.233949603743
0.234660240868
0.234042976346
0.23379414687
0.233374117911
0.234254728097
0.234775852498
0.234660491073
0.232774081089
0.234433633495
0.234196839371
0.233183233044
0.234221576761
0.234044836224
0.234361271706
0.234447353748
0.234056272011
0.234639915082
0.234123884789
0.233789234573
0.234079615599
0.234787105191
0.234027259931
0.234569692637
0.235927211737
0.234407339827
0.234446002683
0.234572426466
0.235238580753
0.234458106086
0.234518400422
0.233913675262
0.236005146168
0.234406334868
0.233869678077
0.234833707435
0.234262103771
0.236115656456
0.234783593123
0.234429243697
0.234100252227
0.235792966193
0.236043535092
0.237166083349
0.235965112139
0.234707736795
0.235400769602
0.235731069607
0.235965958836
0.236663073858
0.235823114404
0.237704756726
0.236071038436
0.235570438695
0.234999105569
0.236137623875
0.235951617296
0.236549568176
0.235833979163
0.236200362405
0.236847766047
0.236822893966
0.237074333944
0.237511022415
0.236209607845
0.236428429686
0.236984858897
0.235863148019
0.236197015524
0.237124323637
0.2368238981
0.236407433816
0.237145277685
0.236617840391
0.237092648208
0.236344641049
0.237921391111
0.23702509874
0.23742826522
0.236947330211
0.237767104637
0.237947716093
0.237626608359
0.236746767309
0.238962557439
0.238953470888
0.237877726201
0.238812523057
0.238084790889
0.238032354503
0.239455535777
0.239129532246
0.239273110684
0.238819941573
0.238803425456
0.238787571883
0.238767269775
0.23845834158
0.238484181969
0.23855923044
0.239296126433
0.23937787528
0.239268803075
0.239554049104
0.239433420946
0.240530575759
0.239918900076
0.239493296642
0.241175543186
0.240313002179
0.239086880327
0.238829837338
0.23957562944
0.23943575746
0.239240139556
0.240442192266
0.240625296508
0.240299475466
0.240422995277
0.241264635519
0.240935561045
0.2411435401
0.241503245551
0.241692912002
0.242004366315
0.241088662104
0.24132354927
0.243181829115
0.242072643021
0.240924178546
0.241505287499
0.241977449058
0.24071276039
0.242416056039
0.24379830793
0.242307966992
0.242852744739
0.241833041955
0.242182307863
0.24220253609
0.243083587577
0.243137381619
0.241689914748
0.242750954787
0.24282032826
0.242839293382
0.242310489597
0.24295293188
0.243458279367
0.24468210114
0.243762462562
0.243523852485
0.242963669419
0.243643019663
0.244048399422
0.242951404443
0.244121141223
0.244834922599
0.243575287806
0.24391604263
0.244423641128
0.24366033431
0.243582424652
0.245054325942
0.245843009906
0.244916733
0.246318497235
0.244300110149
0.245469662344
0.244244670965
0.245925826024
0.24516558465
0.244733896193
0.245672200969
0.246112032647
0.246177025039
0.246004745694
0.245814245607
0.246307952792
0.247134675495
0.246192861288
0.247021744869
0.247219779095
0.247072027823
0.248367437755
0.246750276342
0.247597566247
0.247636296618
0.246142929659
0.247412650739
0.247363525309
0.247717275812
0.248440508954
0.247982955595
0.247967034839
0.248132188431
0.248577607803
0.249467564913
0.249866507393
0.24981209489
0.248662540257
0.24816614276
0.250010340494
0.248557061404
0.250265858932
0.249351033339
0.250350417192
0.249031645931
0.248678231349
0.250313050331
0.250786057069
0.250872240319
0.250750633628
0.250558852356
0.251798100106
0.250292051628
0.251462356629
0.250659283654
0.251293401365
0.250459115507
0.253051455876
0.252090526505
0.252632576357
0.253282398853
0.252644193751
0.252143797901
0.251677423513
0.252170854766
0.252786664006
0.252658434862
0.254303869487
0.253582726448
0.253342320584
0.252078088165
0.25253641928
0.252648357272
0.254007589491
0.252865528569
0.253136822023
0.253560813699
0.254608701684
0.253125366754
0.253825662085
0.255662380676
0.255976332864
0.25543454523
0.254906072457
0.254799486485
0.255306367332
0.256119878964
0.255441335568
0.255600010468
0.254746006044
0.255589086223
0.256706680176
0.256302984113
0.256149850682
0.256431434007
0.256405424914
0.257819503553
0.256154881004
0.256883355877
0.256594851471
0.257007586457
0.258327141903
0.257948478571
0.258224302516
0.257443093556
0.257167272551
0.258386185144
0.258982938816
0.258142143651
0.258464197788
0.258251134374
0.259562077557
0.259846703319
0.258990919888
0.259870545795
0.259476083522
0.259030844417
0.260939347053
0.26113325505
0.260066182185
0.259413353108
0.260632627826
0.260739372506
0.26065268317
0.261734523817
0.260952540754
0.261082248392
0.261778571143
0.261425885531
0.26198805296
0.262378831769
0.261966597127
0.26130537029
0.262396393159
0.26263294075
0.262513443489
0.262171128813
0.262910148283
0.262208087377
0.262129304721
0.263676886569
0.263437444803
0.265063802163
0.263424719379
0.262766955685
0.263329672921
0.262649171843
0.265066718204
0.263824107676
0.263339218164
0.264039746909
0.264809243151
0.265323056015
0.265940804539
0.265327251878
0.265233272474
0.265191353341
0.265048052833
0.266795873497
0.266778157525
0.265795428074
0.267770918232
0.266200402111
0.266011151062
0.266949733579
0.267372009062
0.267565349398
0.268053266465
0.267597670679
0.268315674523
0.267610419055
0.268336597598
0.267604715156
0.26860787448
0.267755783532
0.268536675242
0.268052924665
0.268526260907
0.268397099323
0.269109085953
0.269403967314
0.26843078965
0.268795197782
0.270016734842
0.269594345091
0.26964049509
0.271609042084
0.270511607402
0.273177339796
0.270437589064
0.270668110621
0.272035202281
0.270947295688
0.271514939771
0.271246978609
0.271214299211
0.272320809505
0.272497812553
0.273143710008
0.272593173685
0.272102218516
0.272948395545
0.272686606701
0.273010902178
0.273303140016
0.27416974552
0.273727484461
0.274192593437
0.27376408822
0.274799023725
0.273848819477
0.27406184515
0.275211534574
0.274937522149
0.275334682483
0.275862867335
0.275164037683
0.275361713214
0.274983764557
0.275444650636
0.275638702195
0.276492750012
0.276849132642
0.276415158235
0.276167915837
0.276931567873
0.277237139412
0.275652617394
0.278555472917
0.276651976317
0.276981860711
0.277190037399
0.277820737632
0.277644168672
0.278216821057
0.27780373802
0.279027435296
0.278365096433
0.27932160587
0.278030168837
0.28014564394
0.280059960129
0.279867304684
0.279452199838
0.279825916699
0.280232232591
0.280088915948
0.281005452085
0.279548563201
0.281343921785
0.28022128916
0.280540029514
0.281170179293
0.28222677268
0.281892246534
0.283018173072
0.281530429581
0.282833349857
0.282841731577
0.282510197241
0.282883417912
0.283369752875
0.283434984113
0.282278953116
0.283740781864
0.283969000531
0.28287188857
0.282505130898
0.284114958835
0.286044726613
0.284018834676
0.28529997539
0.284655209933
0.284235754748
0.285684832485
0.285792280377
0.284990243239
0.285058086859
0.286364128533
0.285970148052
0.286649042091
0.286042007544
0.28712319852
0.286085953059
0.288287949502
0.286926839605
0.287345946141
0.2878366182
0.287166674178
0.287789924376
0.287763617093
0.288931262272
0.289546947616
0.287858218523
0.289239469043
0.288357896882
0.289152704511
0.290671983181
0.288835260616
0.289761740447
0.289151855098
0.290025592933
0.290201309706
0.290427372231
0.291488411555
0.290213008727
0.291473679136
0.290568906664
0.290822746449
0.291863574947
0.292104955333
0.292128533383
0.291653959344
0.292366857637
0.292159762747
0.291680053688
0.293350333071
0.292508217656
0.29416890662
0.293248690788
0.2936259897
0.29519374424
0.294156684051
0.2935784186
0.294319262526
0.29457798331
0.296100381531
0.295283511254
0.29473760306
0.295135318465
0.296049351008
0.296297709814
0.295126343607
0.295307948084
0.297000843142
0.296478186114
0.296315154363
0.295649655636
0.297001788692
0.296861646552
0.297145502513
0.296830151373
0.298107242048
0.297369387279
0.297834341197
0.29823313254
0.297429089421
0.297645484429
0.296852197868
0.298298817543
0.299357120653
0.298740879128
0.298482671031
0.299398052718
0.299462493329
0.299155606362
0.299383383721
0.300248157925
0.301866686959
0.301482459605
0.300431101375
0.301406109553
0.300760521898
0.301509948305
0.302506110605
0.3021917909
0.301600645539
0.302555237208
0.301900415404
0.30316892197
0.302276148196
0.303840649783
0.302920150482
0.303906705409
0.303078090478
0.303801774839
0.304533592772
0.303276294165
0.304091494925
0.30369004088
0.30384879493
0.30379340376
0.304411164819
0.305850500518
0.305676492096
0.305352000329
0.304959674679
0.306134872786
0.306082452183
0.305852230485
0.305688008269
0.30532614886
0.308174697258
0.307307233093
0.307483134548
0.307669327838
0.307414376521
0.307163357882
0.307488009565
0.307256101301
0.308331442537
0.307349676547
0.308270295179
0.308837062301
0.309449638761
0.309332016295
0.309453270266
0.310225745806
0.309614181101
0.309589693826
0.3104925915
0.310458642367
0.310704273576
0.310565689669
0.310974759502
0.311915717306
0.310628956976
0.311683701559
0.31141182216
0.311046281929
0.312523588055
0.313691101363
0.312247046474
0.313541336498
0.313464304804
0.31309847317
0.312958297008
0.313158788714
0.312413112471
0.313945541074
0.314163504562
0.314297912738
0.314856271782
0.315042371679
0.314451515333
0.316150953409
0.315705312767
0.314839003175
0.315474897917
0.31496132275
0.315426559311
0.31555822288
0.315551974456
0.317096081634
0.317486866656
0.31687854658
0.317275046928
0.31765414376
0.31675832714
0.317314789874
0.317306732756
0.317840869282
0.317764450911
0.318183426648
0.318832612719
0.318740682336
0.319560988886
0.319407962597
0.320106390641
0.318791711506
0.319689301868
0.320416691883
0.319776166414
0.321730018903
0.3208691463
0.320830804555
0.321479226941
0.321658408128
0.321702424787
0.32181778928
0.323087056245
0.321770657037
0.322783802863
0.323711288077
0.322335869826
0.323232277809
0.323316727629
0.323133231795
0.324280112706
0.32372058103
0.323810964129
0.323713025869
0.324274403681
0.324505519132
0.324146364049
0.325070444152
0.325396667209
0.324838507098
0.326062269934
0.325528623461
0.325494208457
0.326664764109
0.32649813648
0.326116495315
0.326528642257
0.326817228617
0.326763889935
0.327594984654
0.327880111622
0.327374585088
0.327978429806
0.32705474341
0.328285179074
0.327774601864
0.32782890361
0.32852502415
0.329382328478
0.329263459509
0.329113309008
0.329328199426
0.329680882034
0.330216320456
0.329783362204
0.3307311472
0.330452346042
0.330523078158
0.331318571275
0.330630889465
0.330037428679
0.331588585443
0.331629607583
0.331352205319
0.331953513654
0.332116619933
0.332066030209
0.332285953698
0.333099797444
0.333049493299
0.333273607734
0.333892903165
0.333155582781
0.334270171884
0.333554636631
0.334420961005
0.333556264018
0.335052658031
0.334956946287
0.334401284056
0.334965177968
0.334967908306
0.335087550099
0.335881868181
0.335915124033
0.335523855616
0.336213119175
0.336462839752
0.336756712692
0.337705738413
0.336468561367
0.336558220874
0.337200056518
0.337615520941
0.337861050228
0.338164855221
0.33793017607
0.337989305116
0.339715409369
0.338666845729
0.338951318272
0.340433949167
0.339956447444
0.339942565704
0.340219235731
0.34013460215
0.340474041701
0.340314287405
0.342079802367
0.341992297189
0.341032784035
0.340974912118
0.342155519251
0.341575755407
0.342045945225
0.341798755234
0.34198215955
0.342623541696
0.342195719939
0.342708636528
0.34303010783
0.343960593082
0.343819212019
0.343826655945
0.343509992486
0.343599387554
0.343837222298
0.344137773054
0.344453177332
0.344734984536
0.345221088951
0.344761573493
0.345094518417
0.345552116689
0.345836640838
0.347175148261
0.34648083322
0.346286091504
0.346566024652
0.346297984387
0.346810732684
0.346417673576
0.347152139263
0.347160589523
0.347862595591
0.348190596581
0.348164947321
0.349110251482
0.348823386758
0.348094744374
0.350041000377
0.349045337909
0.349227100898
0.349950668208
0.349666965291
0.349911910925
0.349880540511
0.350471040554
0.351022422326
0.350709399816
0.35071965033
0.351307912257
0.350812015836
0.351821747967
0.351924264838
0.352194584342
0.352702853882
0.352605458511
0.35319132363
0.352613549047
0.352573986535
0.352945334342
0.352616112592
0.353853393789
0.354469009638
0.353645376153
0.354055941043
0.354681258975
0.355314647108
0.35497019945
0.355934627123
0.355223929828
0.355524071533
0.355915837308
0.356764659826
0.355707008435
0.355547623029
0.357299065407
0.35646915266
0.356783136252
0.356345709419
0.357131621774
0.357364290873
0.357457664348
0.357231869632
0.358078517322
0.357933934226
0.359134006312
0.358639496882
0.358873719682
0.358956276989
0.359364884883
0.359403074631
0.359951888803
0.360138245324
0.360496625611
0.360825667603
0.360072192459
0.361115298392
0.361271955796
0.361250377217
0.36097346073
0.361726741871
0.361842015064
0.362530329426
0.362247358742
0.36233180304
0.36268273236
0.362418379389
0.362617621983
0.36335392396
0.363195640553
0.3629798727
0.364556101812
0.364557512344
0.363814781419
0.364940048915
0.36480042581
0.364831475782
0.365493690151
0.365455685666
0.365757428833
0.365124783197
0.365335178045
0.366411724361
0.366466233156
0.366229699405
0.366695195323
0.366731237182
0.367875288728
0.367608437003
0.367188710764
0.367692013178
0.368082908215
0.36814842839
0.368113542818
0.368673322645
0.369260286149
0.369032394139
0.369427829298
0.370065216195
0.369713179308
0.370341543567
0.370948920021
0.370669748905
0.370218600835
0.3711477469
0.370853263955
0.370901149789
0.371364251629
0.3717610821
0.372262447779
0.372089826338
0.372857319169
0.371802851353
0.372738887614
0.372315342782
0.37306925237
0.372639128196
0.372663036874
0.374058715574
0.373446541164
0.374284544692
0.374878450174
0.373937937394
0.374887595706
0.375109906122
0.375425826678
0.374949126549
0.375034817742
0.375399141481
0.375925934131
0.376443400474
0.376516200321
0.376018454626
0.376589559367
0.376624564547
0.376979572941
0.376629834781
0.377362754703
0.377524115981
0.377862063333
0.377498006865
0.378598837232
0.378875320807
0.378393065556
0.378425148785
0.379600531161
0.378761810448
0.37943725033
0.379872742674
0.380047682834
0.379571454489
0.380254998876
0.380878071421
0.381103822645
0.380857137676
0.381628992698
0.381116942887
0.381555058863
0.382821477701
0.382180952649
0.382813699145
0.382555985688
0.382827536733
0.382398294005
0.382762833257
0.383290575812
0.384013395022
0.383928544431
0.384111966237
0.383679686128
0.38424388427
0.384493466995
0.384610885519
0.384367256218
0.385754684738
0.385321877096
0.385342080544
0.385376371541
0.386295941203
0.38615353719
0.38710655916
0.386205297331
0.386834281647
0.387108933772
0.387600613035
0.386825461261
0.387957811096
0.388071305888
0.387762650663
0.388402049112
0.388425292757
0.388667921202
0.388645483422
0.389604374862
0.389053459337
0.389405232155
0.39013461354
0.389504525131
0.390262740556
0.391302218205
0.391316015322
0.390889532087
0.390994614806
0.391111631299
0.391443914402
0.391188881048
0.391637015496
0.392001171462
0.392263949451
0.391776805292
0.392641942793
0.39329915066
0.393096061414
0.393758101157
0.393467623503
0.393825032339
0.39409557924
0.394460879008
0.394139328262
0.394936348205
0.394505056444
0.395170666451
0.395075114599
0.395681980016
0.396004954965
0.396262207564
0.396443926195
0.396354233359
0.396466870409
0.397165937833
0.397449243083
0.397183782703
0.397700502486
0.398137628342
0.397762543035
0.398356011917
0.39826929435
0.39894265577
0.398334878366
0.400300801736
0.398918081819
0.399853443005
0.399739035938
0.400345546561
0.400932121822
0.400579703663
0.400294398502
0.401442492805
0.401497222019
0.401259877128
0.40139880338
0.401245753224
0.402206933649
0.401775342784
0.402643015393
0.402630642962
0.403945978224
0.403747897413
0.403075387505
0.403278082893
0.40496299503
0.404080596342
0.404044666077
0.404276233591
0.404612163525
0.404517749902
0.405074056101
0.405810715624
0.405679327263
0.406019687361
0.405920316008
0.405758814662
0.40642706052
0.406407775447
0.406845725856
0.40720848674
0.407603616363
0.408220336431
0.407877105608
0.407687710761
0.408357612395
0.408826251391
0.408509912186
0.408340480993
0.40875064938
0.409705919016
0.409718394113
0.410185193783
0.410575004709
0.41035353561
0.410660450751
0.411286002357
0.411476133192
0.412055499851
0.411303611451
0.412019120845
0.412301786125
0.412379951389
0.412300422034
0.412138896495
0.412209355374
0.412979518935
0.4133388623
0.413368941274
0.414290305191
0.414485194909
0.414043822661
0.415016969417
0.415408268879
0.415329392385
0.415127027076
0.415212608036
0.415805962128
0.416060458821
0.415953213308
0.416299992646
0.416288918341
0.416556803587
0.416591197741
0.417268665457
0.417627286963
0.418919081453
0.418110437096
0.419501925579
0.418645881961
0.418297131203
0.419061548108
0.418962855801
0.420157840846
0.419108659299
0.419530834253
0.419579730792
0.420230024861
0.419856106784
0.421202406453
0.421162234201
0.421705298694
0.421497577116
0.421965324922
0.422136257674
0.421752378394
0.422024833802
0.42168638637
0.423326601924
0.423168578432
0.423719811786
0.423246534439
0.423318017183
0.423572438905
0.423875360223
0.42411186881
0.424775415045
0.425129722028
0.424930693066
0.425137869694
0.425520270577
0.425307440179
0.425740926118
0.426451178325
0.426668538861
0.427391232078
0.427011072568
0.426684939625
0.427049642589
0.427121910029
0.427810911313
0.428460527515
0.427803907993
0.427903832899
0.428302369965
0.429587796424
0.428624359654
0.429274208481
0.42927552136
0.429501775913
0.430414232553
0.430161759416
0.429844764388
0.430360868616
0.430277377482
0.431091352284
0.430531192362
0.431872110503
0.430844123408
0.431287429293
0.431877318078
0.432012775046
0.43200046394
0.43201822665
0.432769483985
0.433203674506
0.43279426926
0.432445122524
0.433474370612
0.433554071622
0.434144494433
0.433713815582
0.434198497857
0.433745767111
0.434513847837
0.435117346592
0.435394897218
0.435164732955
0.435717623018
0.435388985692
0.435617697118
0.436515540457
0.43618430852
0.436906799922
0.436573341878
0.436805757209
0.437725764656
0.437168865704
0.437667863988
0.437302881657
0.4382094823
0.4382051142
0.438441710428
0.43857189148
0.439163427898
0.439100546997
0.439207109655
0.43978056194
0.439687700802
0.439534979797
0.440520848305
0.439873831519
0.440795492812
0.439985928898
0.441300662596
0.441383322236
0.441186948401
0.441786148374
0.441621571544
0.442465863639
0.442214662646
0.44258898416
0.442567633112
0.442713836704
0.442804829176
0.443266633357
0.44466925322
0.443817544747
0.444460292364
0.444854746413
0.444448715512
0.44390949627
0.443654168423
0.443541824979
0.443094992827
0.442992379947
0.442947893723
0.442844699859
0.442674629578
0.442350762725
0.441986092354
0.441357618344
0.440718128608
0.440132202367
0.439555149886
0.438994793521
0.438428579827
0.437919886403
0.437392863265
0.436883120417
0.436383694552
0.435875983188
0.435373540122
0.434855653879
0.434354454178
0.433841185552
0.433334674955
0.43282184848
0.43231465594
0.431804157269
0.431298317982
0.430787538411
0.43028052298
0.429774012133
0.429269698833
0.428764519649
0.428259041248
0.427755718484
0.427251490114
0.426748767649
0.426246654101
0.425744983818
0.425243636655
0.424742623621
0.42424267906
0.423743057263
0.423244341491
0.422746005405
0.422248137171
0.42175098747
0.421254391117
0.420758272993
0.420262922222
0.419768053979
0.419273680874
0.418780025808
0.418286793233
0.417794322092
0.417302254891
0.416810815972
0.416319957533
0.415829681289
0.415339955247
0.414850796929
0.414362224618
0.413874204386
0.41338675664
0.412899886487
0.412413575578
0.411927840439
0.411442663692
0.410958065918
0.410474025347
0.409990556526
0.409507658872
0.409025322975
0.408543553772
0.408062355832
0.407581716255
0.407101648223
0.406622143782
0.406143204156
0.405664828551
0.405187018295
0.404709773171
0.404233089648
0.403756971187
0.403281415441
0.402806423492
0.402331993445
0.401858126244
0.40138482063
0.400912077593
0.400439895558
0.399968274593
0.399497214621
0.399026715569
0.398556776314
0.398087397418
0.397618577935
0.397150317936
0.396682617171
0.396215475099
0.395748891496
0.395282866107
0.394817398709
0.394352488768
0.393888136264
0.393424340747
0.392961101946
0.392498419518
0.392036293245
0.391574722801
0.391113707849
0.390653248108
0.390193343329
0.38973399318
0.389275197333
0.388816955526
0.388359267464
0.387902132854
0.38744555138
0.386989522732
0.386534046632
0.38607912279
0.385624750881
0.385170930632
0.384717661737
0.384264943894
0.383812776808
0.38336116018
0.382910093708
0.3824595771
0.382009610057
0.381560192275
0.381111323461
0.380663003313
0.380215231535
0.379768007826
0.37932133189
0.378875203428
0.378429622138
0.377984587724
0.377540099887
0.377096158326
0.376652762744
0.37620991284
0.375767608316
0.375325848872
0.374884634209
0.374443964028
0.374003838028
0.373564255909
0.373125217373
0.372686722119
0.372248769846
0.371811360256
0.371374493047
0.37093816792
0.370502384574
0.370067142707
0.36963244202
0.369198282212
0.368764662982
0.368331584029
0.367899045051
0.367467045747
0.367035585816
0.366604664956
0.366174282865
0.365744439242
0.365315133785
0.364886366191
0.364458136158
0.364030443384
0.363603287566
0.363176668401
0.362750585587
0.36232503882
0.361900027797
0.361475552215
0.361051611771
0.36062820616
0.360205335079
0.359782998223
0.359361195289
0.358939925971
0.358519189967
0.35809898697
0.357679316675
0.357260178779
0.356841572974
0.356423498957
0.35600595642
0.355588945059
0.355172464567
0.354756514637
0.354341094964
0.353926205241
0.35351184516
0.353098014415
0.352684712698
0.352271939702
0.351859695119
0.351447978642
0.351036789961
0.350626128768
0.350215994755
0.349806387613
0.349397307033
0.348988752706
0.348580724321
0.34817322157
0.347766244142
0.347359791727
0.346953864014
0.346548460693
0.346143581452
0.34573922598
0.345335393967
0.344932085099
0.344529299066
0.344127035554
0.343725294252
0.343324074846
0.342923377023
0.342523200471
0.342123544874
0.341724409921
0.341325795296
0.340927700685
0.340530125773
0.340133070246
0.339736533787
0.339340516083
0.338945016816
0.33855003567
0.33815557233
0.337761626479
0.337368197799
0.336975285973
0.336582890684
0.336191011613
0.335799648444
0.335408800856
0.335018468532
0.334628651151
0.334239348396
0.333850559946
0.333462285481
0.33307452468
0.332687277224
0.33230054279
0.331914321058
0.331528611706
0.331143414413
0.330758728855
0.33037455471
0.329990891655
0.329607739368
0.329225097523
0.328842965798
0.328461343868
0.328080231409
0.327699628094
0.3273195336
0.3269399476
0.326560869769
0.326182299779
0.325804237305
0.325426682019
0.325049633593
0.324673091701
0.324297056013
0.323921526202
0.323546501937
0.323171982892
0.322797968734
0.322424459135
0.322051453765
0.321678952292
0.321306954385
0.320935459713
0.320564467944
0.320193978747
0.319823991787
0.319454506733
0.319085523251
0.318717041007
0.318349059667
0.317981578897
0.317614598361
0.317248117725
0.316882136652
0.316516654807
0.316151671853
0.315787187453
0.315423201271
0.315059712967
0.314696722205
0.314334228646
0.313972231951
0.31361073178
0.313249727794
0.312889219653
0.312529207016
0.312169689543
0.311810666892
0.311452138721
0.311094104688
0.310736564451
0.310379517667
0.310022963992
0.309666903082
0.309311334593
0.308956258181
0.308601673501
0.308247580206
0.307893977951
0.30754086639
0.307188245175
0.30683611396
0.306484472397
0.306133320138
0.305782656834
0.305432482137
0.305082795696
0.304733597162
0.304384886186
0.304036662415
0.3036889255
0.303341675087
0.302994910827
0.302648632365
0.302302839349
0.301957531426
0.301612708242
0.301268369442
0.300924514673
0.300581143578
0.300238255802
0.29989585099
0.299553928784
0.299212488828
0.298871530765
0.298531054236
0.298191058883
0.297851544348
0.297512510271
0.297173956293
0.296835882053
0.296498287191
0.296161171347
0.295824534157
0.295488375261
0.295152694297
0.2948174909
0.294482764708
0.294148515358
0.293814742484
0.293481445723
0.293148624708
0.292816279075
0.292484408457
0.292153012488
0.2918220908
0.291491643026
0.291161668799
0.290832167749
0.290503139508
0.290174583707
0.289846499975
0.289518887942
0.289191747239
0.288865077492
0.288538878331
0.288213149383
0.287887890277
0.287563100638
0.287238780093
0.286914928268
0.286591544788
0.286268629279
0.285946181366
0.285624200671
0.285302686819
0.284981639433
0.284661058135
0.284340942548
0.284021292294
0.283702106993
0.283383386266
0.283065129735
0.282747337017
0.282430007734
0.282113141503
0.281796737944
0.281480796674
0.28116531731
0.28085029947
0.28053574277
0.280221646827
0.279908011255
0.27959483567
0.279282119687
0.27896986292
0.278658064982
0.278346725487
0.278035844047
0.277725420275
0.277415453783
0.277105944182
0.276796891084
0.276488294097
0.276180152833
0.275872466901
0.27556523591
0.275258459469
0.274952137185
0.274646268667
0.274340853521
0.274035891354
0.273731381774
0.273427324384
0.273123718792
0.272820564601
0.272517861416
0.272215608841
0.27191380648
0.271612453935
0.27131155081
0.271011096706
0.270711091225
0.270411533968
0.270112424537
0.269813762531
0.269515547551
0.269217779195
0.268920457063
0.268623580753
0.268327149864
0.268031163993
0.267735622737
0.267440525693
0.267145872457
0.266851662626
0.266557895794
0.266264571557
0.265971689508
0.265679249243
0.265387250355
0.265095692437
0.264804575082
0.264513897882
0.264223660429
0.263933862315
0.263644503131
0.263355582467
0.263067099914
0.262779055061
0.262491447498
0.262204276813
0.261917542596
0.261631244434
0.261345381915
0.261059954627
0.260774962155
0.260490404087
0.260206280008
0.259922589505
0.259639332161
0.259356507563
0.259074115294
0.258792154939
0.25851062608
0.258229528302
0.257948861186
0.257668624316
0.257388817273
0.257109439639
0.256830490994
0.25655197092
0.256273878998
0.255996214806
0.255718977925
0.255442167934
0.255165784411
0.254889826936
0.254614295086
0.254339188439
0.254064506572
0.253790249063
0.253516415487
0.253243005421
0.252970018441
0.252697454123
0.252425312041
0.25215359177
0.251882292884
0.251611414958
0.251340957565
0.251070920279
0.250801302672
0.250532104318
0.250263324787
0.249994963653
0.249727020487
0.24945949486
0.249192386343
0.246544147578
0.243937145365
0.241370945372
0.238845110418
0.236359200742
0.233912774289
0.231505387015
0.229136593206
0.226805945802
0.224512996752
0.222257297363
0.22003839867
0.217855851812
0.215709208421
0.213598021015
0.211521843394
0.209480231051
0.207472741579
0.205498935084
0.203558374594
0.20165062648
0.199775260862
0.19793185202
0.196119978802
0.194339225023
0.192589179859
0.190869438236
0.189179601205
0.187519276313
0.185888077959
0.184285627739
0.182711554776
0.181165496043
0.17964709666
0.178156010184
0.176691898881
0.175254433975
0.173843295884
0.172458174441
0.171098769086
0.169764789045
0.168455953492
0.167171991682
0.165912643074
0.164677657424
0.163466794863
0.162279825954
0.161116531729
0.159976703704
0.158860143872
0.157766664682
0.156696088996
0.155648250022
0.154622991236
0.153620166283
0.152639638857
0.151681282568
0.150744980792
0.149830626503
0.148938122091
0.148067379166
0.147218318349
0.146390869045
0.145584969211
0.144800565107
0.144037611039
0.143296069089
0.142575908838
0.141877107081
0.141199647532
0.140543520524
0.1399087227
0.139295256704
0.138703130858
0.138132358846
0.137582959382
0.13705495589
0.136548376166
0.136063252052
0.1355996191
0.135157516239
0.134736985445
0.134338071406
0.133960821191
0.133605283924
0.133271510452
0.132959553025
0.132669464974
0.13240130039
0.132155113814
0.131930959925
0.131728893235
0.131548967787
0.131391236864
0.131255752694
0.131142566167
0.131051726558
0.130983281255
0.130937275489
0.130913752078
0.130912751175
0.130934310018
0.130978462695
0.131045239907
0.131134668752
0.131246772501
0.131381570389
0.13153907742
0.131719304163
0.131922256577
0.132147935824
0.132396338107
0.132667454501
0.132961270809
0.133277767409
0.133616919123
0.13397869509
0.134363058643
0.134769967205
0.135199372183
0.13565121888
0.13612544641
0.136621987624
0.137140769048
0.137681710826
0.138244726675
0.138829723846
0.139436603103
0.1400652587
0.140715578379
0.141387443367
0.142080728391
0.142795301701
0.143531025099
0.144287753984
0.1450653374
0.1458636181
0.14668243262
0.147521611355
0.148380978655
0.149260352927
0.150159546743
0.151078366965
0.152016614875
0.152974086316
0.153950571843
0.154945856881
0.1559597219
0.156991942587
0.158042290041
0.159110530963
0.160196427867
0.161299739291
0.162420220018
0.163557621311
0.164711691145
0.165882174455
0.167068813387
0.168271347556
0.169489514313
0.17072304901
0.171971685281
0.17323515532
0.174513190166
0.175805519993
0.177111874398
0.178431982702
0.179765574244
0.181112378679
0.182472126281
0.18384454824
0.185229376966
0.18662634639
0.188035192256
0.189455652427
0.190887467173
0.192330379465
0.193784135262
0.195248483794
0.196723177841
0.198207974005
0.199702632978
0.2012069198
0.202720604114
0.204243460408
0.205775268254
0.207315812535
0.208864883662
0.210422277784
0.211987796985
0.213561249475
0.21514244976
0.216731218816
0.218327384235
0.21993078037
0.221541248465
0.223158636773
0.224782800656
0.226413602681
0.2280509127
0.229694607911
0.231344572915
0.233000699757
0.234662887948
0.236331044487
0.238005083856
0.239684928012
0.241370506365
0.243061755738
0.244758620323
0.246461051621
0.248169008367
0.249882456452
0.251601368827
0.253325725401
0.255055512922
0.256790724859
0.258531361262
0.260277428625
0.262028939727
0.26378591348
0.265548374754
0.267316354206
0.269089888097
0.270869018101
0.27265379111
0.274444259039
0.276240478612
0.278042511156
0.279850422385
0.281664282181
0.283484164374
0.285310146511
0.287142309634
0.288980738047
0.290825519086
0.292676742882
0.294534502131
0.296398891858
0.298270009178
0.30014795307
0.30203282413
0.303924724348
0.305823756874
0.307730025779
0.309643635838
0.311564692293
0.313493300581
0.315429566243
0.317373594615
0.319325490514
0.321285358558
0.323253301671
0.325229421857
0.327213819656
0.329206600569
0.331207858037
0.333217681811
0.335236172119
0.337263411776
0.339299503245
0.341344576715
0.343398771235
0.345461831901
0.347533893424
0.349615001582
0.35170686728
0.353809345129
0.355917746389
0.358031643149
0.360156905855
0.362273913431
0.3645510437
0.366556351122
0.368686495134
0.371927437163
0.369273207762
0.369711906762
0.368336505027
0.367265010167
0.367472080578
0.365418549158
0.365549573416
0.365383526121
0.363979597034
0.362649727823
0.361557044422
0.36140480411
0.360540674752
0.35922545889
0.360131910822
0.358473012616
0.357542178757
0.356460360656
0.356537043259
0.355682241879
0.355053026608
0.353564531594
0.353761018354
0.353580721646
0.352678252349
0.35311724027
0.350835616574
0.350502008719
0.350330655213
0.349633851604
0.349518185915
0.349032812896
0.348664060819
0.348257240981
0.347286664799
0.346463159396
0.346787049301
0.345549014063
0.345562088258
0.344772567357
0.344263187931
0.343699879799
0.344019627331
0.34326371859
0.342835606854
0.342639569763
0.34235108102
0.341382373054
0.340909223355
0.341218686479
0.340444209105
0.340380162663
0.33973228265
0.339315672917
0.339164400015
0.338337826161
0.338443310189
0.33863689482
0.337290015432
0.337714940467
0.337570625051
0.336809567465
0.337041916491
0.336163137159
0.336612109989
0.336469426321
0.336450876675
0.336615782033
0.335972053593
0.336125349321
0.33654723422
0.336242846138
0.336182747848
0.335891618943
0.336015931086
0.336304862717
0.335116640136
0.335922087667
0.336036594205
0.335530323863
0.335477561546
0.33537181977
0.334657415319
0.334866730124
0.335160952528
0.334776942413
0.334624221251
0.334851634101
0.334047276852
0.333781329544
0.333509675822
0.333819160766
0.333390857917
0.333236217162
0.333035931998
0.332905308021
0.332883942266
0.332698771393
0.332808326163
0.332375210711
0.333302659378
0.331364752469
0.334539471946
0.329169094418
0.327932615142
0.325962004558
0.323985143186
0.322191254621
0.320268735862
0.318456603918
0.316628960462
0.314829248098
0.3130411
0.311266619812
0.309513028576
0.307774891374
0.306052632737
0.304346657895
0.302655782734
0.30098183054
0.299324260401
0.29768279924
0.296057345996
0.294447935535
0.2928547034
0.291277595275
0.289716579073
0.288171650409
0.286642793266
0.285129998931
0.283633282356
0.282152612146
0.280687986864
0.279239386845
0.277806803327
0.276390223521
0.274989632854
0.273605014286
0.272236350368
0.270883622468
0.269546809904
0.268225889666
0.266920836956
0.265631625107
0.264358224991
0.263100605326
0.261858732278
0.260632569531
0.259422078087
0.258227216258
0.257047939512
0.255884200409
0.25473594854
0.253603130409
0.252485689398
0.251383565684
0.25029669618
0.249225014477
0.248168450791
0.247126931919
0.246100381196
0.245088718458
0.24409186001
0.243109718602
0.242142203404
0.241189219996
0.240250670352
0.23932645284
0.238416462222
0.237520589657
0.236638722719
0.235770745408
0.234916538176
0.234075977957
0.233248938199
0.232435288901
0.231634896666
0.230847624741
0.230073333084
0.229311878417
0.228563114296
0.227826891185
0.227103056531
0.226391454846
0.225691927799
0.225004314304
0.22432845062
0.223664170455
0.223011305069
0.222369683392
0.221739132135
0.221119475914
0.220510537371
0.219912137309
0.219324094819
0.218746227418
0.21817835119
0.217620280928
0.217071830281
0.216532811898
0.216003037588
0.215482318467
0.214970465116
0.214467287737
0.213972596318
0.213486200784
0.21300791117
0.212537537774
0.212074891326
0.211619783147
0.211172025316
0.210731430832
0.210297813773
0.209870989462
0.209450774625
0.209036987548
0.208629448238
0.208227978574
0.20783240246
0.207442545979
0.207058237534
0.206679307995
0.206305590842
0.205936922294
0.205573141451
0.205214090417
0.204859614427
0.204509561963
0.204163784876
0.203822138488
0.203484481703
0.203150677105
0.202820591051
0.202494093759
0.202171059394
0.201851366142
0.201534896283
0.201221536254
0.200911176711
0.200603712579
0.200299043098
0.199997071866
0.199697706874
0.199400860528
0.199106449679
0.198814395629
0.19852462415
0.198237065481
0.197951654327
0.19766832985
0.197387035654
0.197107719768
0.196830334615
0.196554836984
0.196281187992
0.196009353042
0.195739301776
0.195471008024
0.195204449742
0.194939608957
0.1946764717
0.194415027929
0.194155271463
0.1938971999
0.193640814535
0.193386120274
0.193133125547
0.192881842215
0.192632285475
0.192384473762
0.19213842865
0.19189417475
0.191651739601
0.191411153571
0.191172449739
0.190935663794
0.190700833917
0.190468000673
0.190237206894
0.190008497566
0.189781919712
0.189557522278
0.189335356019
0.189115473376
0.188897928366
0.188682776461
0.188470074476
0.188259880451
0.188052253535
0.187847253875
0.187644942497
0.187445381198
0.187248632434
0.187054759206
0.186863824954
0.186675893448
0.186491028682
0.186309294769
0.18613075584
0.185955475939
0.185783518928
0.185614948388
0.185449827524
0.185288219072
0.185130185208
0.184975787463
0.184825086634
0.1846781427
0.184535014745
0.18439576088
0.184260438163
0.184129102531
0.184001808732
0.183878610253
0.18375955926
0.183644706541
0.183534101439
0.18342779181
0.183325823964
0.183228242617
0.183135090856
0.183046410087
0.182962240005
0.182882618558
