3.1456319031e-16
1.97715881969e-05
7.90872757658e-05
0.000177949831804
0.000316363872005
0.000494335859459
0.00071187410577
0.000968988772491
0.00126569187289
0.00160199727402
0.00197792069914
0.0023934797304
0.00284869381192
0.00334358425315
0.00387817423257
0.00445248880168
0.00506655488939
0.00572040130664
0.00641405875146
0.00714755981423
0.00792093898342
0.00873423265152
0.0095874791214
0.010480718613
0.0114139932702
0.0123873471684
0.013400826322
0.0144544786924
0.0155483541965
0.0166825047156
0.0178569841038
0.0190718481982
0.0203271548281
0.0216229638255
0.0229593370354
0.0243363383264
0.0257540336025
0.027212490814
0.0287117799701
0.0302519731506
0.0318331445189
0.033455370335
0.0351187289688
0.0368233009143
0.0385691688031
0.0403564174197
0.042185133716
0.0440554068268
0.0459673280856
0.0479209910407
0.0499164914715
0.051953927406
0.0540333991376
0.0561550092431
0.058318862601
0.0605250664095
0.0627737302064
0.0650649658875
0.0673988877274
0.0697756123988
0.0721952589939
0.074657949045
0.0771638065464
0.0797129579759
0.0823055323176
0.0849416610842
0.0876214783409
0.0903451207282
0.0931127274866
0.0959244404809
0.0987804042249
0.101680765907
0.104625675417
0.107615285368
0.110649751131
0.113729230853
0.11685388549
0.120023878833
0.123239377538
0.126500551151
0.129807572141
0.133160615927
0.136559860907
0.140005488491
0.14349768313
0.147036632343
0.150622526757
0.154255560129
0.157935929382
0.161663834639
0.165439479248
0.169263069824
0.173134816273
0.177054931828
0.181023633084
0.185041140028
0.18910767607
0.193223468083
0.197388746427
0.20160374499
0.205868701214
0.210183856132
0.214549454398
0.21896574432
0.223432977889
0.227951410814
0.232521302551
0.237142916329
0.241816519185
0.246542381988
0.251320779469
0.256151990245
0.261036296843
0.265973985729
0.270965347323
0.276010676023
0.281110270225
0.286264432335
0.291473468787
0.296737690052
0.30205741065
0.30743294915
0.312864628181
0.318352774424
0.323897718609
0.329499795509
0.335159343921
0.340876706653
0.346652230494
0.35248626619
0.358379168402
0.364331295666
0.370343010342
0.376414678552
0.382546670116
0.388739358474
0.394993120594
0.401308336882
0.407685391062
0.41412467006
0.420626563865
0.427191465372
0.433819770221
0.440511876608
0.447268185078
0.454089098308
0.460975020852
0.467926358881
0.47494351988
0.482026912336
0.489176945381
0.496394028416
0.503678570693
0.511030980872
0.518451666526
0.525941033619
0.533499485928
0.541127424431
0.54882524663
0.556593345831
0.564432110367
0.57234192275
0.580323158769
0.588376186508
0.596501365301
0.604699044594
0.612969562737
0.621313245674
0.629730405546
0.638221339193
0.646786326542
0.655425628892
0.664139487072
0.672928119481
0.681791719988
0.690730455703
0.699744464593
0.708833852959
0.717998692743
0.727239018686
0.736554825305
0.745946063707
0.755412638218
0.764954402838
0.774571157515
0.784262644225
0.794028542887
0.803868467085
0.813781959625
0.823768487923
0.833827439242
0.84395811578
0.854159729649
0.864431397742
0.874772136536
0.88518085685
0.8956563586
0.906197325599
0.916802320449
0.927469779571
0.938198008458
0.948985177199
0.959829316364
0.970728313318
0.981679909065
0.992681695696
1.00373111455
1.01482545516
1.0259618551
1.03713730079
1.04834862935
1.05959253161
1.07086555624
1.08216411514
1.09348448999
1.1048228401
1.11617521134
1.12753754622
1.13890569495
1.15027542737
1.16164244554
1.17300239685
1.18435088739
1.19568349538
1.20699578437
1.21828331605
1.22954166234
1.24076641679
1.25195320485
1.26309769329
1.27419559852
1.28524269403
1.29623481718
1.30716787558
1.31803785348
1.32884081881
1.33957293117
1.35023045179
1.36080975578
1.37130734761
1.38171988028
1.39204417876
1.40227726817
1.41241640675
1.42245912385
1.43240326238
1.4422470255
1.45198902652
1.46162834104
1.47116455991
1.48059784162
1.48992896245
1.49915936265
1.50829118716
1.51732731925
1.52627140606
1.53512787498
1.54390194043
1.55259960096
1.56122762704
1.56979354037
1.57830558577
1.5867726974
1.59520446086
1.60361107328
1.6120033034
1.62039245365
1.62879032623
1.63720919499
1.64566178484
1.65416126003
1.66272122256
1.67135572169
1.68007927522
1.68890690304
1.69785417299
1.70693725882
1.71617300963
1.72557902916
1.73517376265
1.74497658724
1.75500789955
1.76528919055
1.77584309211
1.7866933711
1.79786483357
1.80938308072
1.82127402653
1.83356303729
1.84627347696
1.85942432625
1.87302636951
1.88707619458
1.90154691905
1.91637418664
1.93143575731
1.94652347851
1.96130876805
1.97530899137
1.98787402639
1.99822657199
2.00558970744
2.00939377505
2.00947515536
2.00614033412
2.00004816289
1.99199469164
1.98272582293
1.97283939333
1.9627659833
1.95279171234
1.943093544
1.93377215536
1.9248775213
1.91642713257
1.90841833599
1.90083644244
1.89365994563
1.8868638258
1.88042160614
1.87430660571
1.86849267939
1.8629546333
1.85766843757
1.85261131507
1.84776175667
1.84309949543
1.83860546079
1.83426172553
1.83005145383
1.82595885524
1.82196914703
1.81806852613
1.81424415072
1.81048413081
1.80677752658
1.80311435309
1.79948558942
1.79588319043
1.79230009908
1.78873025731
1.78516861369
1.78161112603
1.77805475759
1.77449746568
1.77093818179
1.76737678288
1.7638140536
1.76025163981
1.75669199372
1.75313831165
1.7495944651
1.74606492623
1.74255468879
1.73906918531
1.73561420138
1.7321957874
1.72882016821
1.72549365022
1.72222252555
1.71901297222
1.71587094868
1.71280208086
1.70981153878
1.70690389974
1.70408299397
1.70135172829
1.69871188238
1.69616387195
1.69370647228
1.69133649574
1.68904841685
1.68683393975
1.68468150507
1.6825757374
1.68049684106
1.67841996222
1.67631454953
1.67414376496
1.67186402044
1.66942474331
1.66676849974
1.66383162384
1.66054549902
1.65683860591
1.65263937355
1.64787974638
1.64249921862
1.63644892403
1.62969525277
1.62222245095
1.61403377236
1.6051509827
1.59561230502
1.58546915827
1.57478220461
1.56361725514
1.55204150116
1.54012038623
1.52791526757
1.51548187356
1.50286946797
1.49012058248
1.47727116689
1.46435101865
1.45138437737
1.43839059734
1.42538483663
1.41237872227
1.3993809673
1.38639792727
1.37343409107
1.36049250669
1.34757514479
1.33468320499
1.32181737029
1.30897801504
1.29616537197
1.28337966319
1.27062119991
1.25789045519
1.24518811342
1.23251510042
1.21987259717
1.20726204017
1.1946851113
1.18214371934
1.16963997547
1.15717616464
1.14475471436
1.13237816236
1.12004912431
1.10777026245
1.09554425588
1.08337377318
1.07126144746
1.05920985433
1.0472214928
1.03529876903
1.02344398298
1.01165931779
0.999946831605
0.988308451859
0.976745971493
0.965261047132
0.953855198833
0.942529811231
0.931286135853
0.920125294394
0.909048282788
0.898055975877
0.887149132562
0.876328401273
0.865594325672
0.854947350476
0.844387827319
0.833916020586
0.82353211317
0.813236212091
0.803028353951
0.792908510203
0.782876592196
0.772932456004
0.763075907005
0.753306704231
0.743624564469
0.734029166121
0.72452015283
0.715097136874
0.705759702338
0.696507408064
0.687339790407
0.678256365784
0.669256633042
0.660340075647
0.651506163708
0.642754355842
0.634084100896
0.625494839527
0.616986005654
0.608557027792
0.600207330273
0.591936334358
0.583743459263
0.575628123082
0.567589743639
0.559627739252
0.551741529439
0.543930535539
0.536194181294
0.528531893358
0.520943101766
0.513427240343
0.505983747084
0.498612064481
0.491311639823
0.48408192545
0.476922378992
0.469832463566
0.46281164795
0.455859406738
0.448975220469
0.442158575736
0.435408965277
0.428725888051
0.422108849297
0.415557360581
0.409070939827
0.402649111343
0.396291405828
0.389997360376
0.38376651847
0.37759842997
0.371492651088
0.365448744364
0.359466278634
0.353544828991
0.347683976742
0.341883309365
0.33614242046
0.330460909691
0.324838382739
0.319274451238
0.313768732721
0.308320850553
0.302930433875
0.297597117533
0.29232054202
0.287100353405
0.28193620327
0.276827748643
0.27177465193
0.266776580846
0.261833208353
0.256944212587
0.252109276795
0.247328089266
0.242600343268
0.237925736976
0.233303973412
0.228734760378
0.224217810391
0.219752840621
0.215339572827
0.210977733292
0.206667052768
0.202407266408
0.198198113711
0.194039338462
0.189930688669
0.185871916514
0.181862778288
0.177903034341
0.173992449025
0.170130790639
0.166317831378
0.162553347281
0.158837118175
0.155168927633
0.151548562917
0.147975814932
0.144450478179
0.140972350708
0.137541234071
0.134156933278
0.130819256751
0.127528016283
0.124283026993
0.121084107288
0.117931078817
0.114823766434
0.111761998158
0.108745605136
0.105774421602
0.102848284844
0.0999670351637
0.0971305158443
0.0943385731146
0.0915910561149
0.0888878168641
0.0862287102268
0.0836135938818
0.0810423282912
0.0785147766691
0.0760308049528
0.0735902817728
0.0711930784252
0.068839068843
0.0665281295696
0.0642601397317
0.0620349810139
0.0598525376325
0.0577126963117
0.0556153462585
0.0535603791398
0.0515476890588
0.0495771725328
0.0476487284713
0.0457622581541
0.0439176652111
0.0421148556015
0.0403537375939
0.0386342217473
0.0369562208919
0.035319650111
0.0337244267228
0.0321704702633
0.0306577024696
0.0291860472626
0.0277554307318
0.0263657811195
0.0250170288052
0.0237091062918
0.0224419481906
0.0212154912076
0.0200296741303
0.0188844378148
0.0177797251724
0.0167154811584
0.0156916527597
0.0147081889833
0.0137650408456
0.0128621613615
0.0119995055339
0.0111770303444
0.0103946947429
0.00965245963901
0.00895028789276
0.00828814430632
0.00766599561567
0.00708381048277
0.00654155948805
0.00603921512316
0.00557675178415
0.00515414576483
0.00477137525054
0.00442842031224
0.00412526290079
0.00386188684165
0.00363827782983
0.00345442342507
0.00331031304742
0.00320593797297
0.00314129132999
0.00311636809523
0.00313116509052
0.00318568097969
0.00327991626562
0.00341387328769
0.00358755621935
0.00380097106603
0.00405412566318
0.00434702967468
0.00467969459134
0.00505213372968
0.00546436223098
0.00591639706042
0.0064082570065
0.00693996268069
0.00751153651715
0.00812300277278
0.00877438752732
0.0094657186837
0.0101970259685
0.0109683409328
0.0117796969524
0.0126311292296
0.0135226747935
0.0144543725015
0.0154262630409
0.0164383889294
0.0174907945178
0.0185835259905
0.0197166313678
0.0208901605072
0.0221041651054
0.0233586987001
0.0246538166714
0.0259895762443
0.0273660364896
0.0287832583265
0.0302413045237
0.0317402397013
0.0332801303325
0.0348610447448
0.0364830531214
0.0381462275027
0.039850641787
0.0415963717312
0.0433834949519
0.0452120909257
0.0470822409889
0.0489940283376
0.0509475380272
0.0529428569714
0.0549800739409
0.0570592795619
0.0591805663132
0.0613440285244
0.0635497623718
0.0657978658746
0.0680884388908
0.0704215831113
0.0727974020541
0.0752160010572
0.077677487271
0.0801819696496
0.0827295589406
0.0853203676746
0.0879545101533
0.0906321024355
0.0933532623232
0.0961181093452
0.0989267647397
0.101779351435
0.104675994028
0.107616818762
0.110601953504
0.113631527714
0.116705672418
0.119824520177
0.122988205053
0.126196862573
0.129450629689
0.132749644734
0.136094047382
0.139483978593
0.142919580566
0.14640099668
0.149928371435
0.153501850387
0.157121580082
0.16078770798
0.164500382378
0.168259752328
0.172065967546
0.175919178316
0.179819535394
0.183767189896
0.187762293186
0.191804996753
0.195895452082
0.200033810518
0.204220223119
0.208454840501
0.212737812676
0.217069288875
0.221449417365
0.225878345252
0.230356218278
0.234883180596
0.239459374542
0.24408494039
0.248760016089
0.253484736993
0.25825923557
0.263083641096
0.267958079333
0.272882672188
0.277857537358
0.282882787949
0.287958532079
0.29308487246
0.298261905959
0.303489723135
0.30876840775
0.314098036264
0.319478677298
0.324910391068
0.330393228808
0.335927232144
0.341512432459
0.347148850217
0.352836494264
0.358575361094
0.364365434091
0.370206682736
0.376099061781
0.382042510397
0.38803695129
0.394082289781
0.400178412865
0.406325188228
0.412522463251
0.418770063971
0.425067794026
0.431415433574
0.437812738186
0.444259437727
0.450755235216
0.457299805675
0.463892794972
0.470533818655
0.477222460797
0.483958272838
0.490740772453
0.497569442431
0.50444372959
0.511363043727
0.518326756617
0.52533420107
0.532384670049
0.539477415874
0.546611649513
0.553786539976
0.561001213816
0.56825475477
0.575546203525
0.582874557646
0.590238771655
0.597637757296
0.605070383974
0.612535479394
0.620031830392
0.627558183981
0.635113248597
0.642695695559
0.650304160733
0.657937246396
0.665593523291
0.673271532858
0.680969789623
0.68868678372
0.696420983526
0.704170838359
0.71193478123
0.719711231575
0.727498597947
0.735295280609
0.743099673969
0.750910168818
0.758725154305
0.76654301959
0.774362155141
0.782180953599
0.78999781019
0.797811122621
0.805619290454
0.813420713918
0.821213792158
0.828996920929
0.836768489754
0.844526878585
0.852270454015
0.859997565143
0.867706539152
0.875395676755
0.883063247618
0.890707485943
0.898326586368
0.905918700393
0.913481933532
0.921014343423
0.928513939111
0.935978681738
0.943406486869
0.950795228664
0.958142746094
0.965446851366
0.972705340697
0.979916007521
0.987076658164
0.994185129961
1.00123931172
1.00823716636
1.01517675546
1.02205626542
1.02887403474
1.0356285821
1.04231863443
1.04894315467
1.05550136827
1.0619927881
1.06841723681
1.07477486622
1.08106617311
1.08729201093
1.0934535969
1.09955251447
1.10559071061
1.11157048822
1.11749449342
1.12336569816
1.12918737819
1.13496308699
1.14069662589
1.14639201098
1.15205343728
1.15768524053
1.16329185721
1.16887778307
1.17444753042
1.18000558455
1.18555635927
1.19110415147
1.1966530948
1.20220711198
1.20776986546
1.21334470581
1.21893461733
1.22454216001
1.23016940698
1.2358178766
1.24148845805
1.2471813295
1.25289586779
1.25863054871
1.26438283724
1.27014906719
1.2759243105
1.28170223683
1.28747496524
1.29323291099
1.29896463215
1.30465668273
1.31029348169
1.31585720974
1.32132774917
1.32668268455
1.33189738479
1.3369451881
1.34179771055
1.34642529581
1.35079761579
1.35488442157
1.35865642809
1.36208629896
1.36514967873
1.36782620412
1.37010041578
1.37196249106
1.37340872885
1.37444173829
1.37507031252
1.37530900059
1.37517742096
1.37469938263
1.37390189218
1.37281412629
1.37146644048
1.36988946974
1.36811335847
1.36616713864
1.36407825988
1.36187226295
1.3595725802
1.35720044281
1.35477487283
1.35231273956
1.34982886163
1.34733613905
1.34484570267
1.3423670711
1.33990830793
1.33747617409
1.33507627183
1.33271317841
1.33039056826
1.32811132348
1.32587763263
1.3236910785
1.32155271557
1.31946313794
1.31742253862
1.31543076123
1.31348734475
1.3115915623
1.30974245471
1.30793885949
1.30617943584
1.30446268646
1.30278697634
1.30115054932
1.2995515427
1.29798800013
1.29645788341
1.29495908321
1.29348942912
1.29204669925
1.29062862952
1.28923292285
1.28785725844
1.28649930121
1.28515671155
1.28382715541
1.28250831488
1.28119789919
1.27989365624
1.27859338461
1.27729494599
1.27599627802
1.27469540746
1.27339046353
1.27207969141
1.27076146556
1.26943430299
1.26809687595
1.26674802421
1.26538676645
1.2640123107
1.26262406365
1.26122163854
1.25980486154
1.25837377644
1.25692864739
1.25546995974
1.25399841874
1.25251494605
1.25102067401
1.24951693767
1.24800526443
1.24648736144
1.24496510071
1.24344050189
1.24191571281
1.24039298774
1.2388746634
1.2373631326
1.23586081561
1.23437012893
1.23289345156
1.23143308835
1.22999123033
1.22856991167
1.22717096278
1.2257959593
1.22444616633
1.22312247744
1.22182534777
1.2205547208
1.219309948
1.21808970109
1.21689187629
1.21571349062
1.21455057027
1.21339803181
1.2122495574
1.21109746627
1.20993258571
1.20874412608
1.2075195663
1.20624455773
1.20490285683
1.20347629865
1.20194482522
1.20028658413
1.19847811259
1.19649462109
1.19431038721
1.19189926421
1.18923530028
1.18629345354
1.18305037518
1.17948522066
1.17558043848
1.17132247971
1.16670237164
1.16171610585
1.1563648058
1.15065465814
1.14459661445
1.13820589107
1.13150131128
1.12450454476
1.11723930171
1.10973053565
1.10200369957
1.09408408823
1.08599628685
1.07776373445
1.06940840048
1.06095056636
1.052408699
1.04379940124
1.03513742372
1.02643572352
1.01770555657
1.00895659262
1.00019704389
0.991433800125
0.982672564813
0.973917988583
0.965173797078
0.956442911563
0.947727561201
0.9390293865
0.930349533813
0.921688741017
0.913047414693
0.904425699226
0.895823538286
0.887240729194
0.878676970658
0.870131904365
0.861605150881
0.853096340289
0.844605137987
0.836131266018
0.827674520307
0.819234784149
0.810812038285
0.802406367883
0.794017966747
0.785647139032
0.777294298782
0.768959967553
0.760644770402
0.752349430496
0.744074762595
0.735821665633
0.727591114622
0.719384152076
0.711201879143
0.703045446608
0.694916045907
0.686814900306
0.678743256317
0.67070237548
0.66269352656
0.654717978233
0.646776992299
0.63887181745
0.631003683614
0.623173796884
0.61538333502
0.607633443521
0.599925232254
0.592259772598
0.584638095095
0.577061187572
0.569529993694
0.562045411922
0.55460829484
0.547219448816
0.539879633959
0.532589564348
0.52534990849
0.518161289987
0.511024288383
0.503939440154
0.496907239827
0.489928141209
0.483002558689
0.476130868614
0.469313410707
0.462550489524
0.455842375923
0.449189308553
0.442591495334
0.436049114924
0.429562318179
0.423131229581
0.416755948636
0.410436551245
0.40417309103
0.397965600625
0.391814092925
0.385718562284
0.379678985682
0.373695323827
0.367767522233
0.361895512232
0.356079211958
0.350318527272
0.344613352651
0.338963572036
0.333369059628
0.327829680654
0.32234529209
0.31691574334
0.311540876888
0.306220528909
0.300954529845
0.295742704952
0.290584874816
0.285480855835
0.280430460676
0.275433498705
0.270489776391
0.265599097683
0.26076126437
0.25597607641
0.251243332246
0.246562829099
0.241934363242
0.237357730257
0.232832725276
0.228359143201
0.223936778921
0.2195654275
0.215244884363
0.210974945463
0.206755407442
0.202586067773
0.1984667249
0.194397178362
0.190377228912
0.186406678624
0.182485330991
0.178612991023
0.174789465327
0.171014562188
0.167288091641
0.163609865539
0.159979697608
0.15639740351
0.152862800889
0.149375709416
0.145935950837
0.142543349002
0.139197729907
0.13589892172
0.13264675481
0.12944106177
0.126281677441
0.123168438927
0.120101185616
0.117079759188
0.114104003632
0.111173765256
0.10828889269
0.105449236899
0.102654651182
0.0999049911796
0.0972001148725
0.0945398825853
0.0919241569842
0.0893528030764
0.0868256882067
0.0843426820553
0.0819036566324
0.0795084862744
0.0771570476373
0.0748492196911
0.0725848837127
0.0703639232783
0.0681862242562
0.0660516747982
0.0639601653307
0.0619115885465
0.059905839395
0.0579428150729
0.0560224150144
0.0541445408815
0.0523090965538
0.0505159881182
0.0487651238588
0.0470564142464
0.0453897719281
0.0437651117165
0.0421823505795
0.0406414076297
0.0391422041137
0.0376846634016
0.0362687109767
0.0348942744249
0.033561283424
0.0322696697342
0.031019367187
0.0298103116755
0.0286424411441
0.0275156955788
0.026430016997
0.025385349438
0.0243816389532
0.0234188335964
0.022496883415
0.0216157404399
0.020775358677
0.0199756940975
0.0192167046298
0.0184983501499
0.0178205924731
0.0171833953454
0.0165867244352
0.0160305473247
0.0155148335018
0.0150395543522
0.0146046831511
0.0142101950554
0.0138560670963
0.0135422781709
0.0132688090353
0.0130356422966
0.0128427624058
0.0126901556498
0.012577810145
0.0125057158293
0.0124738644551
0.0124822495821
0.01253086657
0.0126197125717
0.0127487865255
0.0129180891486
0.0131276229293
0.01337739212
0.0136674027301
0.0139976625181
0.0143681809844
0.0147789693641
0.0152300406185
0.0157214094279
0.0162530921835
0.016825106979
0.0174374736024
0.0180902135274
0.0187833499046
0.019516907552
0.0202909129463
0.0211053942125
0.0219603811142
0.022855905043
0.0237919990075
0.0247686976221
0.0257860370953
0.026844055217
0.0279427913459
0.0290822863958
0.0302625828218
0.0314837246049
0.032745757237
0.0340487277044
0.0353926844702
0.0367776774571
0.0382037580276
0.0396709789644
0.0411793944492
0.0427290600409
0.0443200326514
0.045952370522
0.0476261331965
0.0493413814945
0.051098177482
0.0528965844413
0.0547366668384
0.0566184902898
0.0585421215257
0.0605076283534
0.0625150796163
0.064564545153
0.0666560957519
0.0687898031052
0.0709657397594
0.0731839790629
0.0754445951116
0.0777476626909
0.0800932572145
0.0824814546604
0.084912331503
0.0873859646417
0.0899024313257
0.0924618090748
0.0950641755958
0.0977096086948
0.100398186184
0.103129985787
0.10590508503
0.108723561143
0.111585490939
0.114490950698
0.11744001604
0.120432761797
0.123469261869
0.126549589084
0.12967381504
0.132842009952
0.136054242475
0.139310579535
0.142611086141
0.145955825191
0.149344857268
0.152778240429
0.156256029983
0.159778278254
0.16334503434
0.166956343859
0.170612248677
0.174312786635
0.178057991259
0.181847891449
0.185682511171
0.189561869125
0.193485978398
0.197454846111
0.201468473048
0.205526853266
0.209629973699
0.213777813737
0.217970344802
0.222207529897
0.226489323146
0.23081566932
0.235186503342
0.239601749784
0.244061322345
0.248565123315
0.253113043025
0.257704959288
0.262340736821
0.267020226659
0.271743265559
0.276509675394
0.281319262538
0.286171817244
0.29106711302
0.296004906002
0.300984934326
0.3060069175
0.31107055579
0.3161755296
0.321321498878
0.326508102531
0.331734957857
0.337001660004
0.342307781462
0.347652871576
0.353036456111
0.358458036852
0.363917091258
0.36941307217
0.374945407582
0.380513500479
0.38611672875
0.391754445185
0.397425977551
0.403130628774
0.408867677208
0.414636377017
0.420435958665
0.42626562952
0.432124574578
0.438011957306
0.443926920614
0.449868587941
0.455836064475
0.461828438488
0.467844782785
0.47388415627
0.479945605611
0.486028166997
0.492130867976
0.498252729358
0.504392767163
0.510549994597
0.516723424038
0.522912068995
0.529114946021
0.535331076556
0.541559488656
0.547799218585
0.554049312228
0.560308826305
0.566576829325
0.572852402275
0.579134638985
0.585422646146
0.591715542952
0.598012460326
0.604312539726
0.610614931475
0.61691879264
0.623223284412
0.629527569003
0.635830806061
0.6421321486
0.648430738477
0.654725701435
0.66101614175
0.667301136535
0.673579729738
0.679850925933
0.686113683952
0.692366910473
0.698609453648
0.704840096897
0.711057552988
0.717260458539
0.723447369089
0.729616754891
0.735766997591
0.741896387964
0.748003124867
0.754085315593
0.760140977784
0.766168043068
0.772164362559
0.778127714354
0.784055813126
0.789946321886
0.795796865948
0.801605049076
0.807368471775
0.813084751571
0.818751545144
0.824366572027
0.8299276396
0.835432668986
0.840879721431
0.846267024685
0.851592998863
0.856856281239
0.862055749408
0.867190542261
0.872260078241
0.877264070379
0.882202537686
0.887075812537
0.89188454378
0.896629695405
0.901312540694
0.905934651909
0.910497885653
0.915004364136
0.919456452674
0.923856733807
0.928207978461
0.932513114637
0.936775194102
0.940997357548
0.945182798685
0.949334727677
0.95345633429
0.957550751068
0.961621016781
0.965670040346
0.969700565331
0.973715135124
0.977716058774
0.981705377476
0.985684831646
0.989655828494
0.993619410011
0.997576221279
1.00152647905
1.00546994057
1.00940587271
1.01333302144
1.01724958204
1.02115317018
1.02504079453
1.0289088315
1.03275300291
1.0365683578
1.04034925942
1.04408937918
1.04778169892
1.05141852374
1.05499150701
1.05849168986
1.06190955699
1.06523511057
1.06845796358
1.07156745347
1.07455277609
1.07740313897
1.08010793188
1.0826569113
1.08504039418
1.08724945507
1.08927611994
1.09111354882
1.09275619987
1.09419996707
1.09544228513
1.09648219634
1.09732037598
1.09795911524
1.09840226247
1.09865512628
1.09872434534
1.09861773161
1.09834409432
1.09791305256
1.09733484402
1.09662013675
1.09577985
1.09482498862
1.09376649474
1.09261511857
1.09138130954
1.09007512765
1.08870617432
1.08728354135
1.08581577615
1.08431086136
1.08277620666
1.08121865078
1.07964447182
1.07805940395
1.076468659
1.07487695155
1.07328852635
1.07170718699
1.07013632514
1.06857894968
1.06703771523
1.06551494966
1.06401268038
1.06253265924
1.06107638583
1.05964512921
1.05823994805
1.05686170912
1.05551110433
1.05418866617
1.05289478183
1.05162970596
1.05039357218
1.04918640348
1.04800812152
1.04685855498
1.04573744704
1.04464446206
1.04357919148
1.04254115917
1.04152982617
1.04054459488
1.03958481288
1.03864977637
1.03773873324
1.03685088593
1.03598539406
1.03514137693
1.03431791583
1.03351405643
1.03272881099
1.03196116071
1.03121005808
1.03047442936
1.02975317717
1.0290451833
1.02834931161
1.02766441132
1.02698932036
1.02632286919
1.02566388475
1.02501119478
1.0243636325
1.02372004152
1.02307928108
1.02244023168
1.02180180091
1.02116292956
1.02052259804
1.01987983293
1.01923371373
1.01858337977
1.01792803708
1.01726696533
1.01659952471
1.01592516261
1.01524342015
1.01455393833
1.01385646384
1.01315085445
1.01243708373
1.01171524527
1.01098555606
1.01024835921
1.00950412573
1.0087534554
1.00799707667
1.00723584556
1.00647074342
1.00570287363
1.00493345707
1.00416382654
1.00339541979
1.00262977149
1.0018685038
1.0011133157
1.00036597094
0.999628284694
0.998902108603
0.998189314433
0.997491776017
0.996811349471
0.996149851499
0.995509035618
0.994890566081
0.994295989263
0.99372670221
0.993183918046
0.992668627857
0.992181558676
0.991723127151
0.991293388441
0.990891979914
0.990518059234
0.990170236452
0.989846499843
0.989544135352
0.989259639757
0.988988627948
0.988725735156
0.988464515538
0.988197339211
0.987915290762
0.987608073284
0.987263923288
0.986869543182
0.986410059464
0.985869016188
0.985228414354
0.984468808576
0.98356947218
0.98250864061
0.981263840245
0.979812305205
0.978131478468
0.97619958574
0.973996261716
0.971503199569
0.968704786989
0.96558868741
0.962146324376
0.95837323118
0.954269236931
0.949838473244
0.945089200968
0.940033471767
0.934686652567
0.929066850257
0.923194278574
0.917090608736
0.910778340959
0.904280226616
0.897618762077
0.89081576638
0.883892046955
0.876867151206
0.869759197117
0.862584773168
0.855358896443
0.848095017575
0.840805061783
0.833499496382
0.826187416478
0.818876642057
0.811573821022
0.804284534014
0.797013397913
0.789764165842
0.782539822207
0.775342671871
0.768174423009
0.761036263494
0.753928930891
0.74685277629
0.739807822305
0.732793815622
0.725810274489
0.71885653156
0.71193177247
0.705035070523
0.698165417799
0.691321753015
0.684502986384
0.677708021732
0.67093577607
0.664185196818
0.657455276841
0.650745067442
0.644053689445
0.637380342485
0.630724312616
0.624084978334
0.617461815124
0.610854398611
0.60426240643
0.597685618889
0.59112391853
0.58457728869
0.578045811146
0.571529662946
0.565029112534
0.558544515246
0.552076308295
0.54562500532
0.539191190604
0.53277551304
0.526378679932
0.520001450701
0.51364463059
0.507309064393
0.500995630317
0.494705233985
0.488438802653
0.482197279666
0.475981619196
0.469792781271
0.463631727132
0.457499414918
0.451396795692
0.445324809819
0.439284383676
0.433276426713
0.42730182884
0.421361458131
0.415456158845
0.409586749737
0.403754022639
0.39795874132
0.392201640566
0.386483425506
0.380804771132
0.375166322016
0.369568692194
0.364012465206
0.35849819428
0.353026402633
0.347597583883
0.342212202553
0.336870694662
0.331573468383
0.326320904755
0.32111335845
0.315951158573
0.3108346095
0.305763991726
0.300739562742
0.295761557913
0.290830191363
0.285945656858
0.281108128684
0.276317762518
0.271574696283
0.266879050993
0.262230931576
0.257630427685
0.253077614477
0.248572553384
0.244115292852
0.239705869055
0.235344306596
0.23103061917
0.226764810212
0.22254687352
0.218376793844
0.214254547464
0.210180102738
0.206153420622
0.202174455177
0.198243154047
0.194359458915
0.190523305942
0.18673462618
0.182993345973
0.179299387328
0.175652668278
0.172053103221
0.168500603244
0.164995076428
0.16153642814
0.15812456131
0.154759376694
0.151440773115
0.148168647704
0.144942896118
0.141763412752
0.138630090934
0.135542823113
0.132501501037
0.129506015916
0.126556258585
0.123652119644
0.120793489605
0.117980259017
0.115212318596
0.112489559336
0.109811872618
0.107179150319
0.104591284901
0.102048169507
0.0995496980421
0.0970957652562
0.0946862668165
0.0923210993781
0.0900001606497
0.087723349454
0.0854905657852
0.0833017108621
0.0811566871777
0.0790553985458
0.0769977501436
0.0749836485518
0.073013001792
0.0710857193607
0.0692017122617
0.0673608930349
0.065563175784
0.0638084762013
0.0620967115907
0.0604278008884
0.058801664683
0.057218225232
0.0556774064784
0.0541791340649
0.0527233353467
0.0513099394031
0.049938877048
0.0486100808387
0.0473234850837
0.0460790258499
0.0448766409681
0.0437162700376
0.0425978544305
0.0415213372944
0.0404866635542
0.039493779914
0.0385426348574
0.0376331786469
0.0367653633237
0.0359391427055
0.0351544723846
0.0344113097249
0.0337096138584
0.0330493456813
0.0324304678492
0.0318529447717
0.0313167426072
0.0308218292561
0.030368174354
0.0299557492646
0.0295845270716
0.0292544825703
0.0289655922585
0.0287178343275
0.0285111886514
0.0283456367769
0.0282211619123
0.0281377489154
0.0280953842816
0.0280940561306
0.0281337541936
0.0282144697984
0.0283361958551
0.0284989268406
0.0287026587825
0.0289473892418
0.029233117296
0.0295598435201
0.0299275699675
0.0303363001502
0.0307860390174
0.0312767929337
0.0318085696562
0.0323813783106
0.0329952293662
0.0336501346095
0.0343461071173
0.0350831612274
0.0358613125095
0.0366805777337
0.0375409748372
0.0384425228912
0.0393852420643
0.0403691535852
0.041394279704
0.0424606436508
0.0435682695928
0.0447171825897
0.0459074085467
0.0471389741651
0.048411906891
0.0497262348614
0.0510819868479
0.0524791921973
0.0539178807704
0.0553980828767
0.056919829207
0.0584831507623
0.06008807878
0.0617346446556
0.0634228798618
0.0651528158636
0.0669244840288
0.0687379155354
0.0705931412736
0.0724901917444
0.0744290969529
0.0764098862968
0.07843258845
0.0804972312406
0.0826038415242
0.0847524450505
0.0869430663247
0.0891757284627
0.0914504530393
0.0937672599309
0.0961261671502
0.0985271906747
0.100970344268
0.103455639291
0.105983084513
0.1085526859
0.111164446413
0.113818365786
0.116514440293
0.11925266252
0.122033021111
0.124855500518
0.127720080734
0.130626737017
0.13357543961
0.136566153441
0.139598837824
0.14267344614
0.145789925514
0.148948216482
0.152148252641
0.155389960299
0.158673258107
0.161998056685
0.165364258236
0.168771756157
0.17222043463
0.175710168218
0.179240821445
0.182812248369
0.186424292153
0.190076784629
0.193769545856
0.197502383679
0.20127509328
0.20508745674
0.208939242586
0.212830205358
0.216760085173
0.220728607294
0.224735481717
0.228780402762
0.232863048687
0.236983081316
0.241140145687
0.24533386973
0.249563863969
0.25382972126
0.258131016563
0.262467306755
0.266838130492
0.271243008112
0.275681441599
0.280152914608
0.284656892545
0.289192822722
0.293760134582
0.298358240003
0.302986533686
0.307644393618
0.312331181643
0.317046244107
0.321788912615
0.326558504871
0.331354325633
0.336175667754
0.341021813335
0.345892034967
0.350785597075
0.355701757355
0.360639768295
0.365598878778
0.370578335761
0.375577386016
0.380595277919
0.385631263287
0.39068459923
0.395754550016
0.400840388928
0.405941400088
0.411056880227
0.41618614039
0.421328507536
0.426483326019
0.431649958919
0.436827789199
0.442016220661
0.447214678671
0.452422610632
0.45763948617
0.462864797021
0.468098056578
0.473338799089
0.478586578484
0.4838409668
0.489101552207
0.494367936607
0.499639732802
0.504916561225
0.510198046236
0.515483811969
0.520773477755
0.526066653123
0.531362932392
0.536661888879
0.541963068747
0.54726598453
0.552570108369
0.557874865002
0.563179624571
0.568483695289
0.573786316058
0.579086649085
0.584383772614
0.589676673841
0.594964242133
0.600245262657
0.605518410552
0.610782245771
0.616035208734
0.621275616961
0.626501662821
0.631711412585
0.63690280693
0.642073663085
0.647221678755
0.652344438007
0.657439419231
0.66250400532
0.667535496141
0.67253112337
0.677488067692
0.682403478351
0.687274494927
0.692098271226
0.696872001019
0.701592945377
0.706258461205
0.710866030573
0.715413290331
0.719898061479
0.724318377695
0.728672512422
0.73295900389
0.737176677484
0.741324664877
0.745402419436
0.749409727459
0.753346714903
0.757213849387
0.761011937332
0.764742116271
0.76840584243
0.772004873846
0.775541249336
0.779017263774
0.78243544015
0.785798498966
0.789109325543
0.792370935813
0.795586441152
0.7987590128
0.801891846353
0.804988126745
0.808050994116
0.811083510838
0.814088629964
0.817069165246
0.82002776285
0.822966874813
0.825888734259
0.828795332354
0.83168839693
0.834569372734
0.83743940321
0.840299313755
0.843149596383
0.845990395761
0.848821496616
0.851642312545
0.854451876293
0.857248831639
0.860031427056
0.862797511396
0.865544531894
0.868269534832
0.870969169302
0.873639694497
0.87627699105
0.878876576923
0.881433628375
0.883943006518
0.886399289888
0.888796813426
0.89112971408
0.893391983132
0.895577525103
0.897680222892
0.8996940085
0.901612938407
0.903431272399
0.905143554299
0.906744692846
0.908230040746
0.909595469749
0.910837439623
0.91195305889
0.912940135397
0.913797215051
0.914523607435
0.915119397441
0.915585442616
0.915923356373
0.916135477806
0.91622482925
0.916195063179
0.916050400318
0.915795561028
0.915435692159
0.914976291499
0.914423131863
0.913782186676
0.913059558642
0.912261412831
0.91139391518
0.910463177147
0.909475206943
0.908435867525
0.907350841324
0.906225601471
0.905065389184
0.903875196844
0.902659756232
0.901423531365
0.900170715342
0.898905230648
0.897630732343
0.896350613642
0.895068013415
0.893785825169
0.892506707145
0.891233093212
0.889967204252
0.888711059818
0.887466489852
0.886235146314
0.885018514575
0.883817924477
0.882634560989
0.881469474386
0.880323589922
0.879197716968
0.878092557596
0.877008714613
0.875946699048
0.874906937094
0.873889776529
0.872895492635
0.871924293632
0.870976325649
0.870051677263
0.869150383628
0.868272430222
0.867417756226
0.86658625758
0.865777789723
0.864992170053
0.864229180119
0.863488567578
0.862770047939
0.8620733061
0.861397997724
0.860743750445
0.860110164953
0.859496815948
0.858903253008
0.858329001364
0.857773562626
0.85723641545
0.856717016182
0.856214799495
0.855729179024
0.855259548026
0.854805280078
0.854365729829
0.853940233827
0.853528111422
0.853128665785
0.852741185036
0.852364943505
0.851999203146
0.851643215103
0.851296221454
0.850957457141
0.850626152094
0.850301533554
0.849982828616
0.849669266984
0.849360083941
0.849054523552
0.84875184207
0.848451311566
0.848152223762
0.84785389405
0.847555665706
0.847256914244
0.846957051928
0.846655532385
0.846351855303
0.846045571189
0.845736286127
0.845423666532
0.845107443821
0.84478741899
0.844463467029
0.844135541142
0.843803676721
0.843467995024
0.843128706512
0.842786113801
0.842440614194
0.842092701725
0.841742968709
0.841392106737
0.841040907103
0.840690260608
0.840341156745
0.839994682217
0.839652018781
0.839314440385
0.838983309604
0.838660073321
0.838346257674
0.838043462207
0.837753353234
0.837477656358
0.837218148117
0.836976646707
0.83675500171
0.836555082763
0.836378767061
0.836227925581
0.836104407895
0.836010025393
0.835946532737
0.835915607298
0.835918826332
0.835957641574
0.836033350918
0.836147066791
0.836299680782
0.836491824071
0.83672382313
0.836995650163
0.837306867719
0.837656566932
0.83804329884
0.838464998344
0.838918900458
0.839401448715
0.839908195889
0.840433697598
0.840971399926
0.841513522942
0.842050942942
0.842573077459
0.843067778451
0.843521240762
0.843917934726
0.844240573575
0.844470128037
0.844585901667
0.844565680908
0.844385973016
0.844022342445
0.843449851601
0.842643604899
0.841579385851
0.840234366094
0.838587853971
0.836622040115
0.834322690331
0.831679733868
0.828687699012
0.825345958226
0.821658760817
0.817635050123
0.813288081784
0.808634876596
0.803695553603
0.798492594841
0.793050092696
0.787393024993
0.781546593449
0.775535650018
0.769384224505
0.763115157092
0.756749831692
0.750308000744
0.743807688842
0.737265161349
0.730694944176
0.724109881952
0.717521223386
0.710938724379
0.704370761309
0.697824448557
0.691305755875
0.684819622407
0.678370065231
0.671960281093
0.665592740585
0.659269274526
0.6529911526
0.646759154516
0.640573634148
0.634434577134
0.62834165251
0.622294258921
0.616291565958
0.610332551143
0.604416033034
0.598540700898
0.592705141336
0.586907862219
0.581147314239
0.575421910349
0.569730043316
0.564070101598
0.558440483698
0.552839611139
0.547265940191
0.541717972423
0.536194264177
0.530693435012
0.525214175189
0.519755252213
0.514315516492
0.508893906122
0.503489450843
0.498101275164
0.492728600712
0.487370747806
0.482027136291
0.476697285663
0.471380814515
0.466077439338
0.460786972716
0.455509320965
0.450244481251
0.444992538238
0.439753660319
0.434528095488
0.429316166891
0.424118268121
0.418934858309
0.413766457062
0.408613639301
0.403477030042
0.398357299171
0.393255156263
0.388171345466
0.383106640506
0.37806183983
0.373037761929
0.368035240848
0.363055121921
0.358098257733
0.353165504326
0.348257717668
0.343375750364
0.338520448647
0.333692649615
0.328893178734
0.324122847592
0.3193824519
0.314672769726
0.309994559964
0.305348561014
0.300735489672
0.296156040207
0.291610883629
0.287100667112
0.282626013583
0.27818752145
0.273785764459
0.26942129167
0.265094627545
0.260806272122
0.256556701281
0.252346367087
0.248175698191
0.244045100296
0.239954956666
0.235905628683
0.231897456427
0.227930759296
0.224005836642
0.220122968424
0.216282415872
0.212484422163
0.208729213094
0.205016997764
0.201347969241
0.197722305239
0.194140168772
0.190601708811
0.18710706092
0.183656347885
0.180249680326
0.176887157294
0.173568866854
0.170294886652
0.167065284457
0.163880118698
0.160739438975
0.157643286553
0.154591694839
0.151584689847
0.148622290636
0.145704509736
0.142831353556
0.140002822778
0.13721891273
0.134479613745
0.131784911507
0.129134787376
0.126529218705
0.123968179138
0.121451638896
0.118979565049
0.116551921778
0.114168670618
0.111829770695
0.109535178952
0.107284850358
0.10507873811
0.102916793828
0.100798967734
0.0987252088263
0.0966954650397
0.0947096834042
0.0927678101896
0.0908697910442
0.0890155711265
0.0872050952283
0.0854383078926
0.0837151535229
0.082035576488
0.0803995212196
0.0788069323046
0.0772577545717
0.075751933173
0.0742894136601
0.0728701420559
0.0714940649213
0.070161129418
0.0688712833665
0.0676244753005
0.0664206545176
0.0652597711254
0.0641417760852
0.0630666212512
0.0620342594073
0.0610446443005
0.0600977306706
0.0591934742779
0.0583318319278
0.0575127614921
0.0567362219286
0.0560021732973
0.0553105767746
0.0546613946652
0.0540545904108
0.0534901285975
0.0529679749606
0.0524880963869
0.0520504609151
0.051655037734
0.0513017971787
0.0509907107244
0.0507217509787
0.050494891671
0.0503101076406
0.0501673748224
0.0500666702304
0.0500079719396
0.0499912590654
0.0500165117408
0.0500837110919
0.0501928392111
0.0503438791278
0.0505368147771
0.0507716309663
0.0510483133392
0.0513668483373
0.0517272231596
0.052129425719
0.0525734445967
0.0530592689937
0.0535868886798
0.0541562939394
0.0547674755148
0.0554204245465
0.0561151325102
0.0568515911508
0.0576297924129
0.0584497283683
0.0593113911397
0.0602147728205
0.0611598653917
0.0621466606341
0.0631751500364
0.0642453247001
0.0653571752391
0.0665106916752
0.067705863329
0.0689426787062
0.0702211253786
0.07154118986
0.0729028574777
0.074306112237
0.0757509366819
0.0772373117483
0.0787652166126
0.0803346285338
0.0819455226885
0.0835978720006
0.0852916469641
0.0870268154583
0.0888033425568
0.0906211903297
0.0924803176375
0.0943806799184
0.0963222289678
0.0983049127105
0.100328674965
0.102393455198
0.104499188277
0.106645804206
0.108833227864
0.111061378724
0.113330170573
0.115639511221
0.117989302205
0.120379438476
0.122809808096
0.12528029191
0.127790763221
0.130341087463
0.132931121854
0.135560715059
0.138229706837
0.140937927694
0.143685198523
0.146471330251
0.149296123477
0.152159368118
0.155060843051
0.158000315756
0.160977541973
0.16399226535
0.167044217116
0.17013311575
0.173258666668
0.176420561925
0.17961847993
0.182852085186
0.186121028044
0.189424944492
0.192763455965
0.19613616919
0.199542676065
0.202982553576
0.20645536376
0.209960653708
0.213497955623
0.217066786932
0.22066665045
0.224297034617
0.227957413786
0.231647248595
0.235365986402
0.239113061799
0.242887897213
0.246689903575
0.250518481089
0.25437302008
0.258252901929
0.262157500106
0.266086181281
0.270038306531
0.274013232638
0.278010313457
0.282028901383
0.286068348884
0.290128010104
0.29420724254
0.298305408763
0.302421878195
0.306556028915
0.310707249495
0.314874940841
0.319058518033
0.323257412145
0.327471072029
0.331698966041
0.335940583698
0.340195437238
0.344463063074
0.348743023103
0.35303490587
0.35733832755
0.361652932735
0.365978395006
0.370314417255
0.374660731767
0.379017100008
0.383383312129
0.387759186159
0.392144566861
0.396539324266
0.400943351839
0.405356564298
0.409778895049
0.41421029326
0.418650720544
0.423100147265
0.427558548463
0.432025899393
0.436502170696
0.440987323198
0.445481302344
0.449984032293
0.454495409673
0.459015297019
0.463543515914
0.468079839862
0.472623986909
0.477175612056
0.481734299498
0.486299554721
0.490870796531
0.495447349045
0.500028433728
0.50461316154
0.509200525285
0.513789392251
0.51837849725
0.522966436179
0.527551660237
0.532132470938
0.536707016082
0.541273286857
0.545829116254
0.550372178985
0.5548999931
0.559409923507
0.563899187592
0.568364863122
0.572803898616
0.577213126313
0.581589277877
0.5859290029
0.590228890217
0.594485492011
0.598695350569
0.602855027522
0.60696113526
0.611010370174
0.614999547252
0.618925635484
0.622785793453
0.62657740443
0.630298110224
0.633945843044
0.637518854605
0.641015741746
0.644435467899
0.647777379808
0.651041219028
0.654227127849
0.657335649451
0.660367722233
0.663324668446
0.666208177365
0.669020283427
0.671763339836
0.674439988266
0.677053125342
0.679605866627
0.682101508866
0.684543491206
0.686935356093
0.689280710476
0.691583187891
0.693846411909
0.69607396134
0.698269337498
0.70043593377
0.702577007603
0.704695654992
0.706794787474
0.708877111579
0.710945110635
0.713001028829
0.715046857357
0.717084322533
0.719114875679
0.721139684667
0.723159626966
0.725175284072
0.727186937238
0.72919456442
0.731197838415
0.733196126167
0.735188489276
0.737173685773
0.739150173228
0.741116113335
0.743069378111
0.745007557875
0.746927971211
0.748827677102
0.750703489456
0.752551994215
0.754369569241
0.756152407133
0.757896541095
0.759597873913
0.761252210045
0.762855290716
0.764402831856
0.765890564577
0.767314277789
0.768669862449
0.769953356812
0.771160991956
0.772289236773
0.773334841528
0.774294879098
0.775166782936
0.775948380885
0.776637924008
0.777234109711
0.777736098578
0.778143524492
0.778456497816
0.778675601587
0.778801880909
0.778836825877
0.778782348587
0.778640754906
0.778414711802
0.778107211117
0.777721530713
0.777261193938
0.776729928291
0.776131624184
0.77547029454
0.774750035925
0.773974991772
0.773149318159
0.772277152473
0.771362585192
0.770409634911
0.76942222665
0.768404173396
0.767359160785
0.766290734745
0.765202291927
0.764097072677
0.762978156326
0.761848458536
0.760710730468
0.759567559509
0.758421371355
0.757274433204
0.756128857876
0.754986608669
0.753849504793
0.752719227224
0.751597324858
0.750485220853
0.749384219056
0.748295510442
0.747220179487
0.746159210436
0.745113493396
0.744083830242
0.743070940294
0.742075465751
0.741097976863
0.740138976835
0.739198906458
0.738278148467
0.737377031618
0.736495834509
0.735634789125
0.734794084136
0.733973867944
0.733174251497
0.732395310871
0.731637089641
0.730899601042
0.730182829937
0.729486734603
0.728811248343
0.728156280931
0.727521719916
0.726907431772
0.726313262923
0.72573904065
0.725184573872
0.724649653839
0.724134054723
0.72363753412
0.723159833487
0.722700678496
0.722259779343
0.721836830994
0.721431513392
0.72104349163
0.720672416097
0.720317922606
0.719979632505
0.719657152799
0.719350076266
0.719057981598
0.718780433559
0.718516983182
0.718267168003
0.718030512346
0.717806527676
0.717594713008
0.71739455541
0.717205530578
0.717027103522
0.716858729349
0.716699854164
0.716549916097
0.716408346454
0.716274571017
0.716148011481
0.716028087046
0.715914216173
0.715805818488
0.715702316866
0.715603139666
0.715507723147
0.715415514038
0.715325972274
0.715238573889
0.715152814059
0.715068210282
0.714984305686
0.71490067246
0.714816915372
0.714732675381
0.714647633298
0.71456151349
0.714474087606
0.71438517828
0.714294662801
0.714202476722
0.71410861736
0.714013147186
0.713916197048
0.713817969214
0.713718740201
0.713618863363
0.713518771204
0.713418977402
0.713320078516
0.71322275535
0.71312777396
0.71303598629
0.712948330411
0.712865830372
0.712789595628
0.712720820058
0.712660780552
0.712610835179
0.712572420905
0.712547050885
0.712536311303
0.712541857752
0.712565411155
0.712608753199
0.712673721263
0.712762202813
0.712876129216
0.713017468945
0.713188220082
0.713390402072
0.713626046606
0.713897187547
0.714205849725
0.714554036469
0.714943715662
0.715376804085
0.715855149798
0.716380512227
0.71695453961
0.717578743371
0.71825446897
0.718982862664
0.719764833609
0.720601010597
0.721491692714
0.722436793107
0.723435775005
0.724487579111
0.725590541486
0.726742301079
0.727939696195
0.729178649394
0.730454040681
0.731759569356
0.733087605659
0.734429034391
0.735773094053
0.737107216828
0.738416876924
0.739685457375
0.740894148324
0.742021892861
0.74304539935
0.74393924134
0.744676066975
0.745226938404
0.745561817253
0.745650203945
0.745461926281
0.744968056516
0.744141917674
0.742960121391
0.74140356456
0.73945830407
0.737116230988
0.734375478993
0.731240525734
0.727721976631
0.723836053349
0.719603837981
0.715050344354
0.710203497152
0.705093097668
0.69974984409
0.694204457512
0.688486946051
0.68262602157
0.67664866862
0.670579854328
0.664442361142
0.658256721113
0.652041229874
0.64581201991
0.639583175158
0.633366871981
0.62717353459
0.621011995781
0.614889656345
0.608812638503
0.602785930361
0.596813519647
0.590898515874
0.585043260799
0.579249427451
0.573518108342
0.567849893617
0.56224494002
0.55670303157
0.551223632818
0.545805935532
0.540448899595
0.535151288845
0.529911702489
0.524728602701
0.5196003389
0.514525169189
0.509501279332
0.504526799634
0.499599820026
0.494718403603
0.489880598842
0.485084450695
0.480328010702
0.475609346265
0.470926549179
0.466277743528
0.461661092987
0.457074807611
0.452517150127
0.447986441776
0.443481067712
0.438999481972
0.434540212025
0.430101862884
0.425683120804
0.421282756522
0.416899628065
0.412532683094
0.408180960784
0.403843593239
0.399519806422
0.395208920618
0.390910350418
0.386623604229
0.382348283337
0.378084080513
0.373830778196
0.369588246269
0.365356439451
0.361135394344
0.356925226148
0.352726125099
0.348538352643
0.344362237411
0.340198171002
0.336046603639
0.331908039719
0.327783033297
0.323672183554
0.319576130259
0.315495549277
0.311431148147
0.307383661751
0.303353848113
0.299342484331
0.295350362679
0.291378286879
0.287427068574
0.283497523989
0.279590470813
0.275706725282
0.271847099489
0.268012398902
0.264203420104
0.260420948734
0.256665757648
0.25293860527
0.249240234141
0.245571369655
0.241932718966
0.238324970067
0.234748791025
0.231204829364
0.227693711582
0.224216042801
0.220772406528
0.217363364529
0.213989456797
0.21065120161
0.207349095671
0.204083614313
0.200855211775
0.197664321531
0.194511356663
0.191396710287
0.188320756
0.185283848372
0.182286323455
0.17932849931
0.176410676558
0.173533138935
0.170696153858
0.167899972999
0.165144832852
0.162430955312
0.159758548237
0.157127806017
0.154538910128
0.151992029685
0.149487321973
0.147024932982
0.14460499792
0.142227641718
0.139892979518
0.137601117151
0.135352151598
0.133146171439
0.130983257284
0.128863482194
0.126786912081
0.124753606099
0.122763617017
0.120816991579
0.118913770845
0.117053990529
0.115237681308
0.11346486913
0.111735575503
0.110049817768
0.108407609368
0.106808960096
0.105253876335
0.103742361285
0.102274415182
0.100850035497
0.099469217136
0.0981319526211
0.0968382322637
0.0955880443288
0.0943813751894
0.0932182094709
0.0920985301878
0.0910223188706
0.0899895556851
0.089000219543
0.0880542882052
0.087151738377
0.086292545796
0.0854766853128
0.0847041309647
0.0839748560427
0.0832888331515
0.0826460342634
0.0820464307655
0.0814899935012
0.0809766928048
0.0805064985314
0.0800793800799
0.0796953064103
0.0793542460564
0.0790561671316
0.0788010373304
0.0785888239231
0.0784194937466
0.0782930131887
0.0782093481675
0.0781684641057
0.0781703258989
0.0782148978795
0.0783021437746
0.0784320266587
0.0786045089012
0.0788195521087
0.0790771170613
0.0793771636438
0.0797196507715
0.0801045363101
0.0805317769902
0.0810013283159
0.0815131444677
0.0820671781998
0.0826633807305
0.0833017016282
0.0839820886895
0.0847044878121
0.0854688428614
0.0862750955305
0.0871231851933
0.0880130487518
0.0889446204761
0.0899178318383
0.0909326113386
0.0919888843257
0.0930865728093
0.0942255952661
0.0954058664387
0.0966272971273
0.0978897939744
0.0991932592429
0.100537590586
0.101922680813
0.103348417643
0.104814683457
0.106321355043
0.107868303332
0.109455393126
0.11108248283
0.112749424166
0.114456061889
0.1162022335
0.117987768949
0.119812490335
0.121676211611
0.123578738276
0.125519867075
0.127499385688
0.129517072433
0.131572695959
0.133666014944
0.135796777806
0.137964722408
0.140169575777
0.142411053829
0.144688861109
0.147002690536
0.149352223173
0.151737128005
0.154157061742
0.15661166864
0.159100580354
0.161623415808
0.164179781105
0.166769269465
0.169391461203
0.172045923741
0.174732211675
0.177449866873
0.180198418639
0.182977383918
0.185786267566
0.188624562674
0.191491750967
0.194387303252
0.197310679956
0.200261331721
0.203238700082
0.206242218224
0.20927131181
0.212325399899
0.215403895942
0.218506208855
0.221631744187
0.224779905351
0.22795009495
0.231141716168
0.234354174242
0.237586877998
0.240839241452
0.244110685468
0.247400639468
0.250708543176
0.25403384841
0.257376020876
0.260734541991
0.264108910692
0.267498645236
0.270903284972
0.274322392065
0.277755553168
0.281202381011
0.284662515906
0.288135627142
0.291621414252
0.295119608147
0.298629972081
0.302152302455
0.305686429417
0.309232217267
0.312789564639
0.316358404449
0.319938703593
0.323530462399
0.327133713793
0.330748522202
0.334374982165
0.338013216649
0.341663375067
0.345325630995
0.349000179579
0.352687234633
0.356387025426
0.360099793154
0.363825787104
0.367565260507
0.371318466075
0.375085651239
0.378867053076
0.382662892932
0.386473370755
0.390298659123
0.39413889699
0.397994183145
0.401864569397
0.405750053487
0.409650571747
0.413565991515
0.417496103325
0.421440612878
0.425399132851
0.429371174534
0.433356139375
0.437353310444
0.441361843894
0.44538076048
0.449408937215
0.453445099254
0.457487812119
0.461535474394
0.465586311024
0.469638367394
0.473689504355
0.477737394414
0.481779519299
0.485813169135
0.489835443486
0.493843254519
0.497833332558
0.501802234285
0.505746353837
0.509661937031
0.513545098903
0.517391844708
0.521198094464
0.524959711045
0.528672531736
0.532332403061
0.535935218579
0.539476959229
0.542953735651
0.546361831836
0.549697749303
0.552958250916
0.556140403406
0.559241617578
0.562259685211
0.565192811665
0.568039643313
0.570799288983
0.573471334794
0.576055851911
0.57855339697
0.580965005138
0.583292175967
0.585536852452
0.587701393841
0.589788542957
0.591801388861
0.593743325831
0.595618009627
0.597429312035
0.599181274664
0.600878062885
0.602523920718
0.604123127378
0.60567995605
0.607198635358
0.60868331386
0.610138027783
0.611566672119
0.612972975088
0.61436047591
0.615732505763
0.617092171734
0.618442343571
0.619785642984
0.621124435249
0.62246082287
0.623796641059
0.625133454796
0.626472557262
0.627814969467
0.629161440887
0.630512451006
0.631868211626
0.633228669881
0.634593511902
0.635962167108
0.637333813116
0.638707381307
0.640081563093
0.641454816941
0.642825376258
0.644191258216
0.645550273637
0.646900038048
0.648237984026
0.649561374939
0.650867320191
0.652152792057
0.653414644171
0.654649631704
0.655854433242
0.657025674314
0.658159952487
0.65925386389
0.660304030981
0.661307131296
0.66225992688
0.663159294046
0.664002253043
0.664785997202
0.665507921072
0.666165647064
0.666757050098
0.667280279796
0.66773377975
0.6681163035
0.668426926854
0.668665056333
0.668830433546
0.668923135442
0.668943570461
0.668892470715
0.668770880413
0.668580140835
0.668321872237
0.66799795311
0.667610497272
0.667161829291
0.66665445875
0.666091053838
0.665474414761
0.664807447403
0.664093137639
0.663334526645
0.662534687498
0.661696703304
0.660823647027
0.659918563151
0.658984451241
0.658024251435
0.657040831854
0.656036977892
0.655015383293
0.653978642938
0.652929247222
0.651869577896
0.650801905235
0.649728386424
0.648651064992
0.647571871195
0.646492623204
0.645415028985
0.64434068876
0.643271097946
0.642207650479
0.641151642436
0.640104275881
0.639066662873
0.638039829568
0.637024720371
0.636022202093
0.635033068069
0.634058042224
0.633097783038
0.632152887403
0.631223894357
0.630311288675
0.629415504307
0.628536927662
0.627675900736
0.626832724063
0.626007659516
0.625200932938
0.624412736609
0.62364323156
0.62289254973
0.622160795974
0.621448049924
0.620754367707
0.620079783538
0.619424311174
0.618787945249
0.618170662489
0.617572422821
0.616993170368
0.616432834349
0.615891329879
0.615368558686
0.614864409739
0.614378759795
0.613911473878
0.613462405685
0.613031397923
0.6126182826
0.612222881246
0.611845005092
0.611484455203
0.611141022566
0.610814488144
0.610504622899
0.610211187781
0.609933933704
0.609672601491
0.609426921816
0.60919661513
0.608981391585
0.608780950956
0.608594982574
0.608423165263
0.608265167297
0.608120646379
0.607989249642
0.607870613694
0.607764364685
0.607670118436
0.60758748061
0.607516046939
0.607455403521
0.607405127184
0.607364785924
0.607333939429
0.607312139694
0.607298931726
0.607293854357
0.607296441156
0.607306221459
0.607322721517
0.607345465761
0.607373978194
0.607407783915
0.607446410766
0.607489391118
0.607536263784
0.607586576065
0.607639885927
0.607695764298
0.607753797494
0.607813589751
0.607874765872
0.60793697397
0.60799988829
0.608063212125
0.608126680772
0.608190064553
0.608253171858
0.6083158522
0.60837799927
0.608439553965
0.608500507375
0.608560903694
0.608620843062
0.60868048429
0.608740047462
0.608799816387
0.608860140897
0.608921438951
0.608984198544
0.609048979408
0.609116414475
0.609187211112
0.609262152103
0.609342096377
0.609427979481
0.609520813784
0.609621688421
0.609731768975
0.609852296895
0.609984588659
0.610130034689
0.610290098011
0.610466312675
0.610660281944
0.610873676242
0.611108230872
0.611365743502
0.611648071413
0.611957128502
0.612294882028
0.612663349074
0.613064592702
0.613500717771
0.613973866351
0.614486212691
0.615039957655
0.61563732254
0.616280542151
0.61697185702
0.617713504577
0.618507709101
0.619356670217
0.620262549658
0.621227455976
0.622253426833
0.623342408421
0.624496231508
0.625716583498
0.627004975843
0.628362705976
0.629790812891
0.63129002531
0.632860701285
0.634502757945
0.636215589949
0.637997975138
0.639847965785
0.641762763854
0.643738578769
0.645770466467
0.647852148971
0.649975814501
0.652131899362
0.654308854552
0.656492902471
0.658667792271
0.660814566516
0.662911356729
0.664933231108
0.666852123644
0.668636879403
0.670253454548
0.671665310283
0.672834035131
0.673720218094
0.674284574744
0.674489299307
0.674299580636
0.673685183441
0.67262196574
0.67109318747
0.669090470373
0.666614298683
0.66367400043
0.660287211651
0.656478887735
0.652279975251
0.64772588526
0.642854912693
0.637706729071
0.632321044674
0.626736499733
0.620989809224
0.615115157516
0.609143819211
0.603103971183
0.597020656568
0.590915862279
0.584808675641
0.578715491342
0.572650245819
0.566624661878
0.560648491212
0.554729746509
0.548874917972
0.543089171454
0.537376527064
0.531740018297
0.526181832494
0.520703433874
0.515305670674
0.50998886796
0.504752907728
0.499597297797
0.494521230919
0.489523635392
0.484603218342
0.479758502683
0.47498785869
0.470289530955
0.465661661423
0.461102309104
0.456609466983
0.452181076555
0.447815040387
0.443509233008
0.439261510432
0.435069718524
0.43093170043
0.426845303233
0.422808383977
0.418818815183
0.414874489949
0.410973326732
0.40711327385
0.40329231379
0.399508467331
0.395759797536
0.392044413618
0.388360474696
0.38470619345
0.38107983967
0.37747974369
0.373904299701
0.370351968924
0.366821282626
0.363310844962
0.35981933561
0.356345512196
0.352888212466
0.349446356196
0.346018946815
0.342605072719
0.339203908269
0.335814714441
0.33243683914
0.329069717149
0.325712869721
0.322365903813
0.319028510961
0.315700465808
0.312381624296
0.309071921526
0.30577136933
0.302480053547
0.299198131041
0.295925826494
0.292663428987
0.289411288403
0.286169811698
0.282939459037
0.279720739865
0.276514208914
0.273320462185
0.270140132941
0.266973887721
0.263822422418
0.260686458431
0.25756673892
0.254464025169
0.251379093101
0.248312729923
0.245265730944
0.242238896557
0.239233029396
0.236248931675
0.233287402721
0.230349236675
0.227435220393
0.224546131525
0.221682736774
0.218845790333
0.216036032485
0.213254188377
0.210500966946
0.207777059989
0.205083141387
0.202419866449
0.199787871388
0.197187772912
0.194620167924
0.192085633316
0.189584725864
0.187117982192
0.184685918828
0.182289032316
0.179927799391
0.177602677216
0.175314103652
0.173062497589
0.170848259294
0.168671770805
0.166533396342
0.164433482742
0.162372359915
0.160350341308
0.158367724382
0.156424791097
0.1545218084
0.152659028711
0.150836690416
0.14905501835
0.147314224278
0.14561450737
0.143956054668
0.142339041543
0.140763632143
0.139229979829
0.137738227598
0.1362885085
0.134880946031
0.133515654521
0.132192739506
0.130912298085
0.129674419261
0.128479184271
0.1273266669
0.12621693378
0.125150044673
0.124126052741
0.123145004803
0.122206941576
0.121311897898
0.120459902947
0.119650980433
0.118885148785
0.118162421325
0.117482806423
0.116846307641
0.116252923866
0.115702649428
0.115195474206
0.114731383721
0.114310359218
0.113932377735
0.113597412159
0.113305431273
0.113056399788
0.112850278366
0.112687023633
0.112566588174
0.112488920528
0.112453965162
0.112461662438
0.112511948573
0.112604755582
0.112740011215
0.112917638883
0.113137557575
0.11339968176
0.113703921286
0.114050181267
0.114438361956
0.114868358615
0.115340061374
0.115853355078
0.11640811913
0.11700422732
0.117641547652
0.118319942158
0.119039266705
0.119799370799
0.120600097375
0.121441282588
0.122322755589
0.123244338307
0.124205845214
0.125207083093
0.126247850803
0.127327939034
0.128447130067
0.129605197532
0.130801906158
0.132037011536
0.133310259874
0.134621387763
0.135970121937
0.137356179051
0.138779265461
0.140239077012
0.141735298839
0.143267605181
0.144835659212
0.146439112882
0.148077606789
0.149750770063
0.151458220277
0.153199563391
0.154974393714
0.156782293911
0.158622835037
0.160495576614
0.162400066744
0.164335842276
0.166302429011
0.168299341962
0.170326085669
0.172382154567
0.174467033417
0.1765801978
0.178721114673
0.180889242991
0.183084034408
0.185304934038
0.187551381296
0.189822810811
0.192118653418
0.194438337215
0.196781288708
0.199146934019
0.201534700171
0.203944016446
0.206374315804
0.208825036368
0.211295622969
0.213785528742
0.216294216773
0.218821161783
0.221365851842
0.223927790115
0.226506496614
0.229101509958
0.231712389124
0.234338715184
0.236980093002
0.2396361529
0.242306552255
0.244990977039
0.247689143261
0.250400798326
0.253125722278
0.255863728914
0.258614666771
0.261378419958
0.264154908828
0.266944090475
0.269745959056
0.272560545905
0.275387919464
0.278228184988
0.281081484041
0.283947993771
0.286827925951
0.289721525798
0.292629070547
0.295550867799
0.298487253622
0.301438590422
0.30440526457
0.307387683795
0.310386274334
0.313401477851
0.316433748117
0.319483547457
0.32255134296
0.325637602453
0.328742790242
0.331867362615
0.335011763107
0.338176417516
0.341361728686
0.344568071029
0.347795784797
0.351045170096
0.354316480626
0.35760991716
0.360925620732
0.364263665557
0.367624051654
0.371006697185
0.37441143051
0.377837981954
0.381285975309
0.384754919078
0.388244197478
0.39175306125
0.395280618308
