9.25185853854e-17
2.88230266107e-05
0.000115293293578
0.000259414359496
0.000461192145978
0.000720634923546
0.00103775329183
0.00141256015396
0.00184507068517
0.00233530229532
0.00288327458548
0.00348900929814
0.00415253026112
0.00487386332485
0.0056530362929
0.00649007884544
0.00738502245546
0.00833790029753
0.00934874714855
0.0104175992805
0.0115444943448
0.0127294712472
0.0139725700144
0.0152738316501
0.0166332979814
0.0180510114944
0.0195270151587
0.0210613522406
0.0226540661033
0.0243051999951
0.0260147968237
0.0277828989169
0.0296095477675
0.0314947837639
0.0334386459037
0.0354411714905
0.0375023958123
0.0396223518022
0.0418010696786
0.0440385765647
0.0463348960876
0.0486900479536
0.0511040475006
0.0535769052262
0.0561086262899
0.0586992099883
0.0613486492029
0.0640569298194
0.066824030116
0.0696499201217
0.0725345609414
0.0754779040486
0.0784798905431
0.0815404503741
0.0846595015262
0.0878369491689
0.0910726847682
0.0943665851587
0.0977185115781
0.10112830866
0.104595803391
0.10812080402
0.11170309894
0.115342455516
0.119038618892
0.122791310742
0.126600228002
0.130465041562
0.134385394919
0.138360902821
0.142391149868
0.146475689103
0.15061404059
0.154805689975
0.159050087053
0.163346644336
0.167694735636
0.172093694676
0.176542813726
0.181041342297
0.185588485886
0.190183404796
0.194825213053
0.199512977411
0.2042457165
0.209022400101
0.21384194859
0.218703232557
0.22360507264
0.228546239566
0.233525454458
0.238541389394
0.243592668268
0.248677867955
0.253795519812
0.258944111522
0.264122089311
0.269327860537
0.274559796674
0.279816236682
0.285095490792
0.290395844666
0.295715563965
0.301052899279
0.306406091417
0.311773377029
0.317152994525
0.322543190258
0.327942224913
0.333348380078
0.338759964918
0.344175322902
0.349592838528
0.355010943969
0.360428125586
0.365842930243
0.371253971355
0.376659934624
0.38205958341
0.387451763684
0.392835408549
0.398209542285
0.403573283926
0.408925850365
0.414266558992
0.419594829921
0.424910187815
0.4302122634
0.435500794706
0.440775628145
0.446036719483
0.451284134833
0.456518051745
0.461738760527
0.466946665866
0.472142288901
0.4773262698
0.482499370981
0.487662481034
0.492816619443
0.497962942169
0.503102748158
0.508237486822
0.513368766532
0.518498364159
0.523628235685
0.528760527902
0.53389759123
0.539041993671
0.54419653593
0.549364267767
0.554548505624
0.559752851647
0.564981214222
0.570237830202
0.575527289068
0.58085455931
0.586225017414
0.591644479928
0.59711923919
0.602656103429
0.608262442132
0.613946237733
0.619716144926
0.625581559175
0.631552696354
0.637640685857
0.643857680063
0.650216983724
0.656733207686
0.663422452492
0.670302528843
0.67739322382
0.68471662429
0.692297512348
0.700163852262
0.708347394817
0.716884433832
0.725816762283
0.735192893655
0.745069640718
0.755514183689
0.766606820224
0.77844468413
0.791146870907
0.804861657692
0.81977693064
0.836135686696
0.854259872654
0.874588544648
0.897741959179
0.924635703891
0.956699134801
0.996332361963
1.04796642717
1.12066182802
1.2277075138
1.2419161631
1.13108025704
1.05349718392
0.998729087276
0.956798977003
0.922865313885
0.894341825595
0.869705130539
0.847987560262
0.828537862598
0.810897501755
0.794731792793
0.779789188976
0.765875996586
0.752840013341
0.740559567864
0.728935956501
0.717888088931
0.707348611625
0.697261045184
0.687577632847
0.678257697757
0.669266370634
0.660573591481
0.65215331694
0.643982884052
0.636042494397
0.628314791956
0.620784514678
0.613438204613
0.606263964972
0.599251255151
0.592390716706
0.585674024749
0.579093760402
0.572643300793
0.566316723783
0.560108725125
0.554014546187
0.548029910697
0.542150969235
0.536374250394
0.530696617744
0.525115231809
0.519627516444
0.514231129052
0.508923934169
0.503703980023
0.498569477694
0.4935187826
0.488550378008
0.483662860362
0.478854926212
0.474125360553
0.469473026438
0.464896855696
0.460395840647
0.455969026699
0.451615505721
0.447334410113
0.443124907488
0.438986195903
0.434917499565
0.430918064973
0.426987157433
0.423124057909
0.419328060176
0.415598468223
0.411934593901
0.408335754766
0.404801272107
0.401330469134
0.397922669309
0.394577194796
0.391293365034
0.3880704954
0.384907895965
0.381804870331
0.37876071454
0.375774716049
0.372846152769
0.369974292158
0.367158390375
0.364397691478
0.36169142668
0.359038813656
0.356439055892
0.353891342102
0.351394845678
0.348948724217
0.346552119086
0.344204155065
0.34190394004
0.339650564774
0.337443102749
0.335280610079
0.333162125514
0.331086670523
0.329053249472
0.327060849902
0.325108442899
0.323194983586
0.321319411715
0.319480652377
0.317677616838
0.315909203496
0.314174298967
0.312471779293
0.310800511299
0.309159354063
0.30754716053
0.305962779254
0.304405056265
0.302872837063
0.30136496873
0.299880302149
0.298417694335
0.296976010847
0.295554128288
0.294150936872
0.29276534304
0.291396272116
0.290042670973
0.288703510708
0.287377789286
0.286064534144
0.284762804733
0.283471694963
0.282190335543
0.280917896188
0.279653587666
0.278396663666
0.277146422472
0.275902208413
0.274663413076
0.273429476274
0.272199886736
0.270974182528
0.269751951183
0.268532829537
0.267316503269
0.266102706146
0.264891218967
0.26368186823
0.262474524499
0.26126910052
0.260065549068
0.258863860559
0.257664060435
0.256466206346
0.255270385159
0.254076709793
0.252885315931
0.251696358617
0.250510008765
0.249326449608
0.248145873116
0.246968476393
0.245794458097
0.244624014891
0.243457337952
0.242294609562
0.241135999807
0.239981663385
0.238831736562
0.237686334283
0.236545547458
0.23540944043
0.234278048651
0.233151376577
0.232029395775
0.230912043288
0.229799220236
0.228690790676
0.227586580736
0.226486378016
0.225389931273
0.224296950392
0.223207106655
0.2221200333
0.221035326383
0.219952545945
0.218871217477
0.217790833688
0.21671085658
0.215630719809
0.214549831347
0.213467576414
0.212383320695
0.211296413808
0.21020619302
0.209111987184
0.208013120892
0.206908918796
0.205798710097
0.204681833152
0.203557640179
0.202425502023
0.201284812942
0.200134995384
0.198975504704
0.19780583379
0.196625517553
0.195434137234
0.1942313245
0.193016765274
0.191790203279
0.190551443238
0.189300353727
0.188036869621
0.186760994138
0.185472800439
0.184172432779
0.182860107202
0.181536111771
0.180200806335
0.178854621842
0.177498059206
0.176131687754
0.174756143263
0.173372125618
0.171980396133
0.170581774539
0.169177135705
0.167767406115
0.166353560134
0.164936616116
0.163517632383
0.16209770312
0.160677954219
0.159259539109
0.15784363461
0.156431436836
0.155024157184
0.153623018427
0.152229250942
0.150844089084
0.149468767738
0.148104519042
0.146752569314
0.145414136177
0.14409042589
0.142782630892
0.141491927562
0.140219474178
0.138966409096
0.137733849128
0.13652288811
0.135334595666
0.134170016157
0.133030167791
0.131916041904
0.130828602393
0.129768785291
0.128737498469
0.127735621467
0.126764005438
0.12582347318
0.124914819279
0.124038810321
0.123196185179
0.122387655374
0.121613905478
0.120875593581
0.120173351791
0.119507786768
0.118879480295
0.118288989865
0.117736849287
0.117223569308
0.116749638242
0.116315522604
0.11592166774
0.115568498465
0.115256419689
0.114985817031
0.114757057436
0.114570489768
0.114426445393
0.11432523875
0.114267167902
0.114252515069
0.114281547147
0.1143545162
0.11447165994
0.114633202183
0.114839353283
0.115090310549
0.115386258636
0.115727369921
0.116113804851
0.116545712277
0.117023229758
0.117546483857
0.118115590403
0.118730654743
0.119391771966
0.120099027117
0.120852495379
0.121652242248
0.122498323684
0.123390786241
0.124329667185
0.125314994592
0.126346787427
0.12742505561
0.128549800064
0.129721012747
0.13093867667
0.1322027659
0.133513245548
0.134870071742
0.136273191594
0.13772254314
0.139218055285
0.140759647724
0.142347230855
0.143980705683
0.145659963716
0.147384886843
0.149155347217
0.150971207117
0.15283231881
0.154738524407
0.156689655707
0.158685534044
0.160725970123
0.162810763861
0.164939704215
0.167112569018
0.169329124812
0.171589126677
0.173892318072
0.176238430666
0.178627184187
0.181058286262
0.183531432279
0.18604630524
0.18860257564
0.191199901342
0.193837927473
0.19651628633
0.199234597298
0.20199246679
0.204789488197
0.207625241861
0.210499295067
0.213411202053
0.216360504046
0.219346729321
0.222369393278
0.225427998555
0.228522035152
0.2316509806
0.234814300138
0.238011446933
0.241241862314
0.244504976047
0.247800206626
0.251126961593
0.25448463789
0.257872622226
0.261290291476
0.264737013094
0.268212145552
0.271715038794
0.275245034704
0.278801467588
0.282383664664
0.285990946559
0.289622627806
0.293278017344
0.296956419006
0.300657132004
0.304379451398
0.308122668542
0.311886071517
0.31566894553
0.319470573286
0.323290235323
0.327127210314
0.330980775321
0.334850206011
0.338734776821
0.342633761079
0.346546431073
0.35047205807
0.354409912288
0.358359262821
0.362319377512
0.366289522793
0.370268963479
0.374256962528
0.378252780784
0.382255676686
0.386264905969
0.390279721369
0.394299372319
0.39832310467
0.402350160435
0.406379777566
0.410411189781
0.414443626445
0.418476312519
0.422508468581
0.426539310932
0.430568051794
0.434593899591
0.438616059336
0.4426337331
0.446646120576
0.450652419722
0.454651827463
0.458643540445
0.462626755819
0.466600672001
0.470564489409
0.474517411097
0.478458643265
0.482387395558
0.486302881115
0.490204316268
0.494090919822
0.497961911815
0.501816511663
0.505653935564
0.509473393062
0.513274082627
0.517055186123
0.520815862015
0.524555237173
0.528272397123
0.531966374567
0.535636136045
0.539280566556
0.542898452008
0.546488459336
0.550049114182
0.553578776015
0.557075610631
0.560537559989
0.563962309423
0.567347252304
0.570689452349
0.57398560387
0.577231990398
0.580424442282
0.583558294064
0.586628342669
0.589628807697
0.592553295429
0.595394768425
0.598145522985
0.600797176993
0.603340670986
0.605766285493
0.60806367775
0.610221940859
0.612229688152
0.614075164924
0.615746388873
0.617231319299
0.618518053624
0.619595047937
0.620451356264
0.621076881287
0.621462627333
0.621600945056
0.621485756396
0.621112748393
0.620479525341
0.619585710614
0.618432992142
0.617025108757
0.61536777818
0.61346857082
0.61133673663
0.608982994556
0.606419295596
0.603658570957
0.600714476462
0.597601143222
0.59433294297
0.590924274482
0.587389375515
0.583742162736
0.579996100403
0.576164097174
0.572258429312
0.56829068787
0.564271746928
0.560211749839
0.556120110377
0.552005525886
0.547875999742
0.543738870746
0.5396008474
0.535468045334
0.531346026457
0.527239838701
0.523154055451
0.519092814001
0.515059852525
0.511058545235
0.507091935487
0.503162766723
0.499273511189
0.495426396451
0.491623429742
0.487866420236
0.484156999343
0.480496639149
0.476886669105
0.473328291119
0.469822593146
0.466370561413
0.4629730914
0.459630997665
0.456345022649
0.45311584452
0.449944084181
0.446830311495
0.443775050823
0.440778785927
0.437841964318
0.434965001084
0.432148282265
0.429392167823
0.426696994226
0.424063076713
0.421490711246
0.418980176199
0.416531733792
0.414145631312
0.411822102124
0.409561366501
0.40736363228
0.405229095371
0.403157940111
0.401150339493
0.399206455264
0.397326437906
0.3955104265
0.393758548484
0.392070919302
0.390447641952
0.388888806424
0.387394489039
0.38596475168
0.384599640917
0.383299187023
0.382063402871
0.380892282719
0.379785800863
0.378743910165
0.377766540444
0.376853596711
0.376004957261
0.37522047159
0.374499958147
0.373843201884
0.373249951624
0.372719917202
0.372252766387
0.371848121566
0.371505556168
0.371224590816
0.3710046892
0.370845253644
0.37074562035
0.370705054323
0.370722743934
0.370797795134
0.370929225291
0.371115956649
0.371356809399
0.371650494369
0.371995605321
0.372390610884
0.372833846123
0.373323503792
0.373857625282
0.374434091348
0.375050612654
0.375704720242
0.376393756012
0.377114863361
0.377864978121
0.378640819975
0.379438884578
0.380255436609
0.38108650404
0.381927873929
0.382775090072
0.383623452894
0.384468021956
0.385303621506
0.386124849482
0.386926090382
0.387701532391
0.388445189123
0.389150926263
0.389812493316
0.390423560566
0.390977761183
0.391468738304
0.39189019668
0.392235958315
0.392500021321
0.392676620975
0.392760291825
0.39274592948
0.392628850629
0.392404849746
0.392070250928
0.39162195339
0.391057469233
0.390374952354
0.389573217574
0.38865174942
0.387610700299
0.386450878197
0.385173724352
0.383781281706
0.382276155182
0.380661465102
0.378940795153
0.37711813645
0.375197829204
0.373184503495
0.371083020501
0.368898415407
0.366635843037
0.364300527038
0.361897713244
0.359432627668
0.356910439356
0.354336228189
0.351714957577
0.34905145186
0.346350378158
0.343616232325
0.340853328631
0.338065792779
0.335257557834
0.332432362655
0.32959375246
0.326745081141
0.323889514995
0.32103003757
0.318169455357
0.315310404084
0.312455355408
0.309606623837
0.306766373732
0.303936626268
0.301119266266
0.298316048811
0.295528605612
0.292758451053
0.290006987912
0.287275512731
0.284565220834
0.281877210987
0.279212489714
0.276571975271
0.273956501314
0.271366820244
0.268803606292
0.266267458331
0.263758902452
0.261278394328
0.258826321382
0.256403004792
0.254008701336
0.251643605124
0.249307849216
0.247001507155
0.244724594441
0.242477069947
0.240258837318
0.238069746347
0.235909594361
0.233778127628
0.231675042792
0.229599988369
0.227552566289
0.225532333533
0.223538803839
0.221571449515
0.219629703365
0.217712960721
0.215820581606
0.213951893034
0.21210619144
0.210282745254
0.208480797627
0.206699569293
0.204938261579
0.203196059564
0.201472135366
0.19976565157
0.198075764768
0.196401629223
0.19474240062
0.193097239906
0.191465317193
0.189845815711
0.188237935776
0.186640898765
0.185053951067
0.183476367975
0.181907457507
0.180346564115
0.178793072257
0.17724640981
0.175706051286
0.174171520822
0.172642394939
0.171118305014
0.169598939468
0.168084045645
0.166573431349
0.165066966055
0.163564581753
0.162066273445
0.160572099271
0.159082180277
0.157596699836
0.156115902706
0.154640093769
0.15316963644
0.151704950781
0.150246511333
0.148794844693
0.147350526863
0.14591418039
0.144486471338
0.143068106112
0.141659828163
0.140262414606
0.138876672784
0.137503436795
0.136143564012
0.134797931632
0.133467433259
0.132152975556
0.13085547498
0.129575854615
0.128315041129
0.127073961849
0.125853541984
0.124654701992
0.123478355104
0.122325405003
0.121196743673
0.120093249403
0.119015784957
0.117965195908
0.116942309123
0.115947931414
0.114982848322
0.114047823061
0.113143595586
0.112270881801
0.111430372885
0.110622734734
0.109848607511
0.109108605304
0.108403315863
0.107733300436
0.107099093675
0.106501203618
0.105940111728
0.105416272998
0.104930116102
0.104482043591
0.104072432132
0.103701632777
0.103369971263
0.103077748339
0.102825240109
0.102612698394
0.10244035111
0.102308402648
0.102217034269
0.1021664045
0.102156649532
0.102187883616
0.102260199464
0.102373668638
0.102528341943
0.102724249808
0.102961402664
0.103239791313
0.103559387294
0.103920143233
0.104321993194
0.104764853014
0.105248620637
0.105773176435
0.106338383522
0.106944088063
0.107590119579
0.108276291233
0.109002400131
0.109768227596
0.110573539455
0.111418086314
0.112301603829
0.113223812982
0.114184420349
0.11518311837
0.116219585621
0.117293487084
0.118404474418
0.119552186239
0.120736248396
0.121956274253
0.123211864977
0.124502609829
0.125828086462
0.127187861222
0.128581489459
0.13000851584
0.131468474673
0.132960890232
0.134485277094
0.136041140479
0.137627976596
0.139245272997
0.140892508934
0.142569155723
0.144274677111
0.146008529642
0.147770163038
0.149559020565
0.151374539416
0.15321615108
0.15508328172
0.156975352541
0.158891780161
0.16083197697
0.162795351488
0.164781308717
0.166789250476
0.16881857574
0.170868680956
0.172938960356
0.175028806256
0.177137609341
0.179264758937
0.181409643276
0.183571649742
0.185750165101
0.187944575734
0.190154267837
0.192378627634
0.194617041559
0.196868896449
0.199133579721
0.201410479549
0.203698985041
0.205998486418
0.208308375198
0.210628044392
0.212956888705
0.215294304761
0.217639691344
0.219992449664
0.222351983648
0.224717700266
0.227089009897
0.229465326722
0.231846069173
0.234230660425
0.236618528934
0.239009109034
0.241401841582
0.243796174667
0.246191564374
0.248587475602
0.250983382952
0.25337877166
0.255773138594
0.258165993306
0.260556859127
0.262945274321
0.265330793267
0.267712987693
0.270091447928
0.272465784183
0.274835627851
0.277200632808
0.279560476721
0.281914862338
0.284263518767
0.286606202721
0.288942699727
0.291272825287
0.293596425982
0.29591338051
0.298223600648
0.300527032134
0.302823655459
0.305113486553
0.307396577385
0.309673016436
0.311942929075
0.314206477809
0.316463862421
0.318715319987
0.320961124769
0.323201587996
0.325437057513
0.327667917331
0.329894587041
0.332117521126
0.334337208164
0.33655416991
0.338768960287
0.340982164261
0.343194396619
0.345406300642
0.347618546682
0.349831830626
0.352046872264
0.354264413545
0.356485216715
0.358710062339
0.360939747192
0.363175082004
0.365416889061
0.367665999627
0.369923251187
0.372189484479
0.374465540306
0.37675225608
0.379050462103
0.381360977524
0.383684605956
0.386022130719
0.388374309656
0.390741869498
0.393125499723
0.39552584587
0.397943502253
0.400379004031
0.402832818581
0.405305336117
0.407796859512
0.410307593256
0.412837631517
0.415386945248
0.417955368301
0.420542582514
0.423148101762
0.425771254939
0.428411167913
0.43106674447
0.433736646317
0.436419272255
0.439112736662
0.441814847498
0.444523084082
0.447234574995
0.449946076529
0.452653952182
0.455354153841
0.458042205356
0.460713189355
0.463361738246
0.465982030448
0.468567793003
0.471112311735
0.473608450194
0.476048678542
0.478425113469
0.480729570013
0.482953625915
0.485088698728
0.487126135446
0.489057313844
0.490873754052
0.492567238224
0.494129935456
0.495554528457
0.496834337977
0.49796344059
0.498936775338
0.499750234842
0.500400736905
0.500886273321
0.501205933543
0.501359901962
0.501349428765
0.501176775584
0.500845138242
0.500358549897
0.499721768613
0.498940153815
0.498019536293
0.496966086303
0.495786183988
0.494486295836
0.493072860273
0.49155218479
0.48993035632
0.488213165895
0.486406048066
0.484514034998
0.482541724804
0.480493263308
0.478372338235
0.476182184646
0.473925600353
0.471604970015
0.469222296582
0.466779238795
0.464277153479
0.461717141404
0.45910009554
0.456426750591
0.453697732753
0.450913608687
0.448074932793
0.445182291921
0.442236346765
0.439237869262
0.436187775439
0.433087153273
0.42993728523
0.426739665316
0.423496010577
0.420208267132
0.416878610941
0.413509443629
0.410103383783
0.406663254223
0.403192065807
0.399692998378
0.396169379474
0.392624661415
0.389062397398
0.385486217129
0.381899802552
0.378306864105
0.37471111793
0.371116264336
0.367525967799
0.363943838685
0.360373416821
0.356818156989
0.353281416375
0.349766443939
0.346276371646
0.342814207483
0.339382830142
0.335984985247
0.332623282981
0.329300196987
0.326018064382
0.322779086754
0.319585332007
0.316438736915
0.313341110275
0.310294136539
0.30729937983
0.304358288246
0.301472198372
0.298642339925
0.295869840474
0.293155730177
0.290500946492
0.287906338814
0.285372673024
0.282900635894
0.280490839367
0.27814382465
0.275860066149
0.273639975206
0.271483903647
0.269392147142
0.267364948354
0.265402499904
0.263504947135
0.261672390688
0.259904888882
0.258202459925
0.256565083932
0.25499270478
0.253485231797
0.252042541285
0.250664477892
0.24935085584
0.248101460004
0.24691604686
0.245794345303
0.244736057344
0.243740858681
0.242808399165
0.241938303159
0.24113016979
0.240383573113
0.239698062173
0.239073160992
0.238508368466
0.238003158193
0.237556978223
0.237169250744
0.23683937171
0.236566710405
0.236350608963
0.236190381835
0.236085315221
0.236034666459
0.236037663396
0.236093503716
0.236201354275
0.236360350397
0.236569595192
0.236828158853
0.237135077976
0.237489354895
0.237889957032
0.238335816292
0.238825828487
0.239358852815
0.239933711394
0.240549188855
0.24120403202
0.24189694965
0.242626612288
0.243391652198
0.244190663407
0.245022201861
0.245884785692
0.246776895614
0.24769697544
0.24864343273
0.249614639569
0.250608933478
0.251624618454
0.252659966134
0.25371321709
0.254782582232
0.255866244323
0.256962359595
0.258069059453
0.259184452245
0.260306625108
0.261433645847
0.26256356485
0.263694417016
0.264824223686
0.265950994546
0.267072729515
0.268187420577
0.269293053571
0.27038760992
0.271469068299
0.272535406249
0.273584601742
0.274614634701
0.275623488515
0.276609151551
0.277569618709
0.278502893055
0.279406987566
0.280279927055
0.281119750306
0.281924512492
0.28269228793
0.283421173221
0.284109290853
0.284754793298
0.285355867668
0.285910740951
0.286417685877
0.286875027413
0.287281149895
0.287634504773
0.287933618944
0.288177103613
0.2883636636
0.288492107
0.288561355088
0.288570452315
0.288518576259
0.288405047357
0.28822933824
0.287991082506
0.287690082724
0.287326317511
0.28689994751
0.286411320113
0.285860972789
0.285249634932
0.284578228115
0.283847864728
0.283059844968
0.282215652195
0.281316946714
0.280365558054
0.27936347585
0.27831283947
0.277215926544
0.276075140555
0.274892997687
0.273672113116
0.27241518694
0.271124989925
0.26980434927
0.268456134532
0.267083243901
0.265688590931
0.264275091871
0.262845653696
0.261403162905
0.259950475167
0.258490405851
0.257025721469
0.255559132037
0.254093284369
0.252630756259
0.251174051554
0.249725596066
0.248287734273
0.246862726791
0.245452748526
0.244059887482
0.242686144155
0.241333431464
0.240003575153
0.238698314625
0.237419304148
0.236168114384
0.234946234199
0.23375507271
0.232595961527
0.231470157155
0.230378843529
0.229323134638
0.228304077231
0.227322653562
0.226379784168
0.22547633065
0.224613098455
0.223790839626
0.223010255529
0.222271999535
0.221576679648
0.220924861077
0.220317068751
0.219753789754
0.219235475702
0.218762545039
0.218335385258
0.217954355047
0.217619786357
0.217331986387
0.217091239496
0.216897809035
0.216751939095
0.216653856178
0.216603770795
0.216601878973
0.216648363693
0.216743396244
0.216887137491
0.217079739071
0.217321344502
0.217612090201
0.217952106425
0.218341518118
0.218780445664
0.21926900555
0.219807310922
0.22039547204
0.221033596624
0.221721790082
0.222460155613
0.223248794179
0.224087804342
0.224977281944
0.225917319632
0.226908006206
0.227949425782
0.229041656755
0.230184770545
0.231378830108
0.232623888191
0.233919985311
0.23526714744
0.236665383359
0.238114681664
0.23961500739
0.24116629822
0.242768460246
0.244421363242
0.246124835415
0.247878657583
0.249682556746
0.251536198988
0.253439181684
0.255391024938
0.257391162215
0.25943893012
0.261533557261
0.26367415217
0.265859690223
0.268088999537
0.270360745829
0.272673416211
0.275025301948
0.277414480215
0.279838794913
0.282295836655
0.284782922073
0.287297072656
0.289834993383
0.292393051518
0.294967255988
0.297553237889
0.300146232758
0.30274106538
0.305332137989
0.307913422873
0.310478460484
0.313020364243
0.315531833311
0.318005174594
0.32043233525
0.32280494682
0.325114381945
0.327351824327
0.329508352175
0.331575034906
0.333543042225
0.335403764033
0.337148938888
0.338770787976
0.340262150911
0.341616619066
0.342828661815
0.34389374089
0.344808408233
0.345570383152
0.346178605356
0.346633261446
0.346935783603
0.347088820534
0.347096181997
0.346962759411
0.346694426041
0.346297920987
0.345780721614
0.345150909217
0.344417032541
0.343587973388
0.342672817984
0.341680737067
0.34062087695
0.339502263038
0.33833371664
0.337123785273
0.335880686182
0.334612262385
0.333325950289
0.332028757727
0.33072725115
0.329427550706
0.328135331953
0.326855832997
0.325593865984
0.324353831941
0.323139738112
0.321955217036
0.320803546726
0.319687671437
0.318610222586
0.317573539474
0.316579689559
0.315630488069
0.314727516806
0.31387214205
0.313065531491
0.312308670162
0.311602375359
0.310947310564
0.310343998392
0.309792832598
0.30929408918
0.308847936639
0.308454445428
0.308113596661
0.307825290108
0.307589351559
0.30740553957
0.307273551671
0.307193030053
0.307163566796
0.307184708662
0.3072559615
0.307376794285
0.307546642834
0.307764913214
0.308030984874
0.308344213516
0.308703933735
0.309109461436
0.309560096042
0.310055122514
0.310593813182
0.311175429409
0.311799223083
0.312464437946
0.313170310767
0.313916072358
0.314700948439
0.31552416034
0.316384925552
0.317282458125
0.318215968895
0.319184665558
0.320187752575
0.321224430898
0.322293897536
0.32339534493
0.324527960155
0.325690923928
0.326883409434
0.32810458096
0.32935359233
0.330629585156
0.33193168689
0.333259008686
0.33461064308
0.335985661479
0.337383111489
0.338802014061
0.3402413605
0.341700109329
0.343177183032
0.344671464701
0.346181794603
0.347706966707
0.34924572519
0.350796760967
0.35235870828
0.353930141395
0.355509571455
0.357095443538
0.358686133993
0.360279948093
0.361875118098
0.363469801781
0.3650620815
0.366649963888
0.368231380239
0.369804187676
0.371366171164
0.372915046456
0.374448464032
0.3759640141
0.377459232707
0.378931609002
0.380378593681
0.381797608617
0.383186057674
0.384541338656
0.385860856352
0.387142036573
0.388382341086
0.389579283294
0.390730444496
0.391833490536
0.392886188619
0.393886424058
0.394832216697
0.395721736743
0.396553319744
0.397325480441
0.398036925243
0.398686563087
0.399273514471
0.399797118493
0.400256937729
0.400652760882
0.400984603137
0.401252704215
0.401457524181
0.401599737097
0.401680222643
0.401700055894
0.401660495455
0.401562970177
0.401409064714
0.40120050418
0.40093913817
0.400626924401
0.400265912228
0.399858226278
0.399406050397
0.398911612118
0.398377167809
0.39780498864
0.397197347469
0.396556506745
0.395884707472
0.39518415926
0.39445703149
0.393705445566
0.392931468227
0.392137105889
0.391324299943
0.390494922969
0.389650775778
0.388793585219
0.387925002668
0.387046603135
0.3861598849
0.385266269608
0.384367102767
0.383463654561
0.382557120936
0.381648624891
0.380739217929
0.379829881615
0.378921529216
0.378015007362
0.377111097725
0.376210518671
0.375313926874
0.374421918866
0.373535032527
0.372653748481
0.37177849142
0.370909631326
0.370047484615
0.369192315188
0.368344335402
0.367503706966
0.366670541766
0.365844902636
0.365026804079
0.36421621295
0.363413049114
0.362617186094
0.361828451722
0.361046628797
0.360271455775
0.359502627499
0.358739795978
0.357982571239
0.357230522243
0.3564831779
0.355740028179
0.355000525321
0.35426408517
0.35353008863
0.352797883245
0.352066784914
0.351336079742
0.350605026029
0.349872856392
0.34913878003
0.348401985111
0.347661641295
0.346916902365
0.346166908984
0.345410791534
0.344647673058
0.343876672267
0.343096906609
0.342307495383
0.341507562872
0.340696241487
0.339872674899
0.339036021136
0.338185455626
0.33732017418
0.336439395865
0.335542365784
0.334628357721
0.333696676642
0.332746661038
0.331777685096
0.330789160685
0.329780539148
0.328751312892
0.327701016779
0.326629229298
0.325535573539
0.324419717947
0.323281376892
0.322120311019
0.320936327431
0.319729279681
0.318499067594
0.317245636946
0.315968978983
0.314669129826
0.313346169752
0.312000222376
0.310631453745
0.309240071362
0.307826323137
0.306390496303
0.304932916277
0.303453945503
0.301953982265
0.300433459487
0.298892843521
0.297332632935
0.29575335729
0.29415557592
0.29253987671
0.290906874874
0.289257211728
0.287591553465
0.285910589915
0.284215033304
0.282505616998
0.28078309423
0.279048236821
0.277301833865
0.275544690409
0.2737776261
0.272001473812
0.27021707825
0.268425294526
0.26662698672
0.264823026408
0.263014291182
0.261201663149
0.259386027415
0.257568270567
0.25574927914
0.253929938093
0.252111129287
0.250293729971
0.248478611288
0.246666636797
0.244858661024
0.243055528044
0.241258070099
0.239467106257
0.237683441119
0.235907863571
0.234141145598
0.232384041146
0.230637285048
0.228901592019
0.227177655708
0.225466147817
0.223767717296
0.222082989598
0.22041256601
0.218757023052
0.217116911942
0.215492758136
0.213885060934
0.212294293149
0.210720900845
0.209165303145
0.207627892087
0.206109032558
0.204609062269
0.203128291801
0.201667004698
0.20022545761
0.19880388049
0.19740247684
0.196021423995
0.194660873455
0.193320951255
0.192001758378
0.190703371193
0.189425841944
0.188169199253
0.186933448663
0.185718573208
0.184524534008
0.183351270884
0.182198703003
0.181066729538
0.179955230346
0.17886406667
0.177793081849
0.176742102047
0.175710936992
0.174699380728
0.173707212379
0.172734196913
0.171780085923
0.17084461841
0.169927521568
0.169028511575
0.168147294387
0.167283566531
0.166437015896
0.165607322528
0.164794159417
0.163997193282
0.163216085356
0.162450492155
0.161700066252
0.160964457033
0.160243311456
0.159536274789
0.158842991345
0.158163105205
0.15749626093
0.156842104261
0.156200282803
0.155570446703
0.154952249307
0.154345347812
0.153749403895
0.153164084336
0.15258906162
0.152024014532
0.151468628728
0.150922597302
0.150385621334
0.14985741042
0.149337683195
0.148826167838
0.148322602563
0.147826736098
0.147338328149
0.146857149851
0.146382984205
0.145915626501
0.145454884728
0.145000579973
0.144552546799
0.144110633614
0.143674703027
0.143244632184
0.142820313093
0.142401652927
0.14198857432
0.141581015636
0.141178931222
0.14078229165
0.140391083923
0.140005311676
0.139624995346
0.139250172319
0.138880897053
0.13851724118
0.138159293577
0.137807160406
0.137460965133
0.137120848515
0.136786968548
0.1364595004
0.136138636293
0.135824585367
0.135517573502
0.135217843114
0.134925652907
0.134641277602
0.134365007623
0.134097148759
0.133838021784
0.133587962054
0.133347319064
0.133116455982
0.132895749149
0.132685587555
0.132486372287
0.132298515953
0.132122442084
0.131958584513
0.131807386737
0.131669301265
0.131544788946
0.131434318286
0.131338364761
0.131257410113
0.131191941647
0.131142451522
0.131109436043
0.131093394953
0.131094830725
0.131114247867
0.131152152228
0.131209050318
0.131285448631
0.131381852997
0.131498767926
0.131636695992
0.131796137216
0.131977588476
0.132181542937
0.132408489502
0.132658912278
0.132933290076
0.133232095924
0.133555796613
0.133904852257
0.134279715886
0.134680833062
0.135108641517
0.13556357082
0.136046042067
0.136556467594
0.137095250722
0.137662785519
0.13825945659
0.138885638891
0.139541697565
0.140227987806
0.140944854741
0.141692633334
0.14247164832
0.143282214149
0.144124634963
0.144999204584
0.145906206528
0.146845914036
0.147818590126
0.148824487661
0.14986384944
0.150936908302
0.152043887249
0.153184999586
0.154360449079
0.155570430126
0.156815127945
0.158094718778
0.15940937011
0.160759240897
0.162144481817
0.163565235526
0.165021636935
0.166513813488
0.168041885468
0.169605966298
0.171206162869
0.172842575868
0.174515300116
0.176224424929
0.177970034471
0.179752208127
0.181571020882
0.183426543704
0.185318843943
0.187247985722
0.18921403035
0.191217036729
0.19325706177
0.19533416081
0.197448388036
0.199599796905
0.201788440575
0.204014372325
0.206277645984
0.208578316355
0.210916439636
0.213292073843
0.215705279223
0.218156118673
0.220644658138
0.223170967021
0.225735118574
0.228337190288
0.230977264271
0.233655427619
0.236371772782
0.239126397912
0.241919407205
0.244750911233
0.24762102726
0.250529879548
0.253477599646
0.256464326669
0.259490207555
0.262555397308
0.265660059219
0.268804365064
0.271988495282
0.275212639115
0.27847699472
0.281781769243
0.28512717884
0.288513448647
0.291940812685
0.29540951368
0.298919802798
0.302471939255
0.306066189801
0.309702828033
0.313382133516
0.31710439067
0.320869887372
0.324678913225
0.328531757429
0.332428706177
0.336370039481
0.340356027339
0.344386925107
0.348462967938
0.352584364124
0.356751287154
0.360963866252
0.365222175149
0.369526218791
0.373875917643
0.378271089191
0.382711426218
0.387196471333
0.391725587197
0.396297921822
0.400912368231
0.40556751772
0.410261605912
0.414992450716
0.419757381319
0.424553157333
0.429375877279
0.434220875769
0.439082608968
0.443954528315
0.448828943112
0.453696873349
0.458547895325
0.463369984051
0.468149358325
0.472870336627
0.477515214665
0.482064178327
0.486495268776
0.490784419083
0.494905583623
0.498830981625
0.502531474137
0.505977088184
0.509137692605
0.511983816688
0.514487585997
0.516623731311
0.518370609098
0.519711158799
0.52063371698
0.521132613495
0.521208491168
0.52086831626
0.520125078379
0.518997210093
0.517507782962
0.515683553894
0.513553941823
0.511150010256
0.508503518601
0.505646087964
0.502608508555
0.499420198896
0.496108813338
0.492699984746
0.489217183442
0.485681671057
0.482112528021
0.478526735076
0.474939291826
0.471363358307
0.467810408498
0.464290387381
0.460811865496
0.457382186792
0.454007607135
0.450693421945
0.447444082307
0.444263299486
0.441154138209
0.438119099317
0.435160192561
0.432279000393
0.429476733596
0.42675427961
0.424112244362
0.421550988325
0.419070657511
0.416671209998
0.41435243856
0.412113989881
0.409955380783
0.407876011876
0.405875178931
0.403952082296
0.40210583461
0.400335467018
0.398639934111
0.397018117752
0.395468829926
0.393990814779
0.392582749925
0.391243247167
0.389970852699
0.388764046889
0.387621243727
0.386540790007
0.385520964321
0.384559975938
0.383655963632
0.382806994533
0.382011063065
0.381266090054
0.380569922059
0.379920331019
0.379315014277
0.378751595065
0.378227623522
0.377740578333
0.377287869049
0.376866839184
0.376474770146
0.376108886078
0.375766359668
0.37544431898
0.375139855352
0.374850032375
0.37457189599
0.374302485663
0.374038846644
0.373778043225
0.373517172949
0.373253381645
0.372983879173
0.372705955711
0.372416998412
0.372114508208
0.37179611655
0.37145960183
0.371102905226
0.370724145719
0.370321634009
0.369893885086
0.369439629215
0.36895782112
0.368447647188
0.367908530529
0.367340133804
0.36674235974
0.36611534932
0.365459477676
0.364775347766
0.36406378194
0.36332581157
0.362562664924
0.361775753509
0.360966657124
0.360137107873
0.35928897341
0.358424239661
0.35754499329
0.356653404139
0.355751707873
0.354842189021
0.353927164599
0.35300896846
0.352089936498
0.351172392794
0.350258636787
0.349350931514
0.348451492927
0.347562480317
0.346685987805
0.345824036895
0.344978570024
0.344151445074
0.343344430786
0.342559203001
0.341797341672
0.341060328572
0.340349545636
0.339666273855
0.339011692677
0.33838687984
0.337792811571
0.337230363125
0.336700309578
0.336203326863
0.335739992985
0.335310789389
0.334916102455
0.334556225081
0.334231358345
0.333941613226
0.333687012358
0.333467491826
0.333282902981
0.333133014282
0.333017513155
0.332936007881
0.332888029502
0.332873033768
0.332890403127
0.332939448758
0.333019412671
0.333129469881
0.333268730668
0.333436242933
0.333630994671
0.333851916563
0.334097884714
0.334367723528
0.334660208758
0.334974070706
0.335307997618
0.33566063924
0.336030610572
0.3364164958
0.336816852397
0.337230215414
0.337655101917
0.338090015579
0.338533451401
0.338983900539
0.339439855214
0.339899813671
0.340362285166
0.340825794925
0.341288889057
0.341750139362
0.342208148009
0.342661552017
0.343109027523
0.343549293763
0.343981116751
0.344403312598
0.344814750438
0.345214354935
0.345601108333
0.345974052031
0.346332287671
0.346674977711
0.347001345506
0.347310674878
0.347602309198
0.347875649992
0.348130155106
0.348365336446
0.348580757344
0.348776029593
0.348950810183
0.349104797807
0.349237729184
0.349349375252
0.349439537292
0.349508043035
0.349554742814
0.349579505807
0.349582216425
0.349562770894
0.349521074074
0.349457036541
0.349370571983
0.349261594928
0.349130018819
0.34897575446
0.348798708842
0.348598784338
0.348375878282
0.34812988291
0.347860685652
0.347568169748
0.347252215181
0.346912699876
0.34654950114
0.346162497323
0.345751569627
0.345316604061
0.34485749347
0.344374139621
0.343866455278
0.343334366259
0.342777813403
0.342196754438
0.341591165699
0.34096104368
0.340306406384
0.339627294459
0.338923772099
0.338195927699
0.337443874263
0.336667749554
0.335867716008
0.335043960399
0.334196693281
0.333326148233
0.332432580905
0.33151626791
0.330577505582
0.329616608631
0.328633908716
0.327629752988
0.326604502613
0.325558531319
0.324492223998
0.323405975378
0.322300188816
0.321175275204
0.320031652043
0.318869742675
0.317689975708
0.316492784625
0.315278607607
0.314047887552
0.312801072303
0.311538615071
0.310260975057
0.308968618246
0.307662018372
0.306341658031
0.305008029921
0.303661638189
0.302302999863
0.300932646336
0.299551124888
0.298159000212
0.296756855918
0.295345295991
0.293924946181
0.292496455293
0.291060496363
0.289617767695
0.288168993751
0.286714925856
0.285256342734
0.283794050847
0.282328884527
0.280861705916
0.279393404691
0.277924897595
0.276457127755
0.274991063826
0.273527698933
0.272068049458
0.270613153658
0.269164070143
0.267721876226
0.266287666165
0.264862549307
0.263447648165
0.262044096432
0.260653036961
0.259275619726
0.257912999777
0.256566335211
0.255236785171
0.253925507892
0.252633658801
0.251362388683
0.250112841938
0.248886154913
0.247683454341
0.246505855882
0.245354462765
0.244230364559
0.243134636042
0.242068336202
0.24103250735
0.24002817435
0.239056343973
0.23811800436
0.237214124602
0.236345654429
0.235513524007
0.234718643834
0.233961904744
0.233244177992
0.232566315443
0.231929149834
0.231333495124
0.23078014692
0.230269882967
0.229803463709
0.229381632917
0.229005118362
0.228674632551
0.22839087351
0.228154525606
0.227966260419
0.22782673764
0.227736606017
0.227696504315
0.227707062316
0.227768901832
0.227882637746
0.228048879064
0.228268229983
0.228541290967
0.228868659834
0.22925093284
0.229688705763
0.230182574987
0.230733138571
0.231340997303
0.232006755737
0.232731023203
0.233514414779
0.234357552229
0.235261064887
0.236225590479
0.237251775876
0.238340277764
0.239491763205
0.240706910093
0.241986407463
0.24333095564
0.244741266206
0.246218061745
0.247762075338
0.249374049763
0.251054736357
0.252804893487
0.25462528456
0.256516675518
0.258479831715
0.260515514105
0.26262447461
0.26480745056
0.267065158059
0.269398284109
0.271807477304
0.274293336882
0.276856399895
0.279497126198
0.282215880961
0.285012914329
0.287888337825
0.290842097049
0.293873940151
0.296983381536
0.300169660166
0.303431691823
0.306768014621
0.310176727055
0.313655417875
0.31720108711
0.320810057679
0.324477877174
0.328199209717
0.331967718157
0.335775937494
0.339615141201
0.343475203162
0.347344459315
0.351209574729
0.355055423869
0.358864994012
0.362619324218
0.366297494579
0.369876682434
0.373332303306
0.376638253982
0.379767272724
0.382691426424
0.385382726302
0.387813862313
0.389959032647
0.391794829723
0.393301130293
0.394461927176
0.395266036447
0.395707618438
0.395786464206
0.395508019874
0.394883146416
0.393927638084
0.392661544466
0.391108356024
0.389294119087
0.387246544034
0.38499416127
0.382565566286
0.379988780182
0.377290737851
0.37449690413
0.371631009366
0.368714890156
0.365768418106
0.362809498778
0.359854123878
0.356916461537
0.354008971858
0.351142537296
0.348326599754
0.34556929828
0.342877603033
0.340257442532
0.337713822364
0.335250934329
0.332872255643
0.330580638249
0.328378388587
0.326267338372
0.324248907021
0.322324156439
0.320493838879
0.318758438568
0.317118207758
0.315573197824
0.314123285961
0.312768198006
0.311507527823
0.310340753677
0.309267251944
0.308286308489
0.307397127968
0.30659884133
0.305890511702
0.305271138854
0.304739662414
0.304294963952
0.303935868077
0.303661142632
0.303469498103
0.303359586296
0.303329998388
0.303379262385
0.303505840078
0.303708123524
0.303984431138
0.304333003421
0.304751998405
0.305239486846
0.305793447253
0.306411760794
0.307092206166
0.307832454504
0.308630064414
0.309482477229
0.310387012592
0.311340864493
0.312341097878
0.31338464598
0.314468308513
0.315588750914
0.316742504768
0.317925969627
0.319135416389
0.320366992403
0.321616728506
0.322880548126
0.324154278603
0.325433664866
0.326714385522
0.327992071426
0.329262326715
0.330520752235
0.331762971245
0.332984657177
0.334181563177
0.335349553073
0.336484633324
0.337582985447
0.338640998358
0.339655299998
0.3406227876
0.341540655936
0.342406422872
0.343217951645
0.343973469262
0.344671580575
0.345311277624
0.345891944015
0.346413354181
0.34687566755
0.347279417748
0.347625497123
0.347915136969
0.34814988395
0.348331573293
0.348462299383
0.348544384413
0.348580345773
0.348572862836
0.348524743754
0.34843889286
0.348318279166
0.348165906429
0.347984785117
0.347777906592
0.347548219697
0.347298609909
0.347031881099
0.346750739943
0.346457782921
0.34615548584
0.345846195752
0.345532125137
0.345215348188
0.344897799024
0.344581271652
0.344267421509
0.343957768392
0.343653700612
0.343356480204
0.343067249037
0.342787035675
0.342516762854
0.342257255447
0.342009248798
0.341773397324
0.341550283278
0.341340425594
0.34114428872
0.34096229138
0.340794815183
0.340642213033
0.340504817267
0.340382947493
0.340276918071
0.340187045197
0.340113653566
0.340057082578
0.340017692074
0.339995867558
0.339992024931
0.340006614686
0.340040125596
0.340093087864
0.340166075768
0.340259709793
0.340374658267
0.340511638526
0.340671417621
0.340854812598
0.341062690378
0.341295967268
0.341555608128
0.341842625251
0.342158076958
0.342503065982
0.342878737646
0.343286277895
0.343726911204
0.344201898403
0.344712534453
0.345260146209
0.345846090192
0.346471750402
0.347138536208
0.347847880325
0.348601236904
0.349400079765
0.350245900771
0.35114020838
0.352084526359
0.353080392709
0.354129358764
0.355232988511
0.356392858111
0.357610555632
0.358887680997
0.360225846144
0.361626675401
0.363091806068
0.364622889214
0.366221590673
0.367889592244
0.369628593082
0.371440311281
0.373326485635
0.375288877575
0.377329273265
0.379449485844
0.381651357817
0.383936763544
0.386307611846
0.388765848667
0.391313459782
0.393952473503
0.396684963335
0.399513050523
0.402438906408
0.405464754509
0.408592872195
0.411825591818
0.415165301102
0.418614442579
0.422175511755
0.42585105367
0.42964365738
0.433555947806
0.437590574236
0.441750194592
0.44603745436
0.450454958799
0.455005236685
0.459690693459
0.464513551059
0.469475771107
0.474578957301
0.479824231876
0.485212079834
0.490742153268
0.49641302648
0.502221890876
0.508164176741
0.514233087311
0.520419029349
0.526708924332
0.533085386389
0.539525758809
0.546001012406
0.552474529232
0.558900827388
0.565224330398
0.571378349126
0.577284522582
0.582853044146
0.587984056213
0.592570587878
0.596503286354
0.599676913014
0.601998144975
0.603393729797
0.603817657927
0.603255948205
0.601728006087
0.599284246705
0.596000522557
0.591970543052
0.587297712501
0.582087637179
0.576442116891
0.570454946731
0.564209462348
0.557777528407
0.551219583682
0.544585371121
0.537915047885
0.531240451962
0.524586377166
0.517971768147
0.511410790129
0.504913756632
0.498487915811
0.49213810568
0.485867292931
0.479677011407
0.473567715784
0.467539064664
0.461590145507
0.455719652023
0.449926022933
0.444207549481
0.438562457773
0.432988970912
0.427485354943
0.422049951926
0.416681202763
0.411377661962
0.406138006066
0.400961037176
0.395845682704
0.390790992284
0.385796132594
0.380860380687
0.37598311631
0.371163813607
0.366402032509
0.361697410043
0.357049651756
0.352458523395
0.347923842935
0.343445473053
0.339023314072
0.334657297431
0.330347379678
0.326093536992
0.321895760236
0.317754050515
0.313668415218
0.309638864529
0.305665408373
0.301748053756
0.297886802497
0.294081649291
0.290332580088
0.286639570766
0.283002586048
0.279421578655
0.275896488664
0.272427243046
0.26901375536
0.26565592559
0.262353640098
0.259106771685
0.255915179735
0.252778710434
0.249697197054
0.246670460284
0.243698308607
0.240780538698
0.23791693586
0.23510727447
0.232351318437
0.229648821675
0.226999528564
0.224403174427
0.221859485993
0.219368181854
0.216928972921
0.214541562859
0.212205648524
0.209920920372
0.207687062872
0.205503754893
0.203370670081
0.201287477225
0.199253840604
0.197269420327
0.195333872653
0.193446850303
0.191608002756
0.189816976536
0.188073415486
0.18637696103
0.184727252426
0.18312392701
0.181566620431
0.180054966875
0.178588599282
0.17716714956
0.175790248785
0.174457527403
0.173168615419
0.171923142587
0.170720738592
0.16956103323
0.168443656585
0.1673682392
0.166334412249
0.165341807706
0.164390058507
0.163478798724
0.162607663721
0.161776290318
0.160984316959
0.160231383867
0.159517133209
0.158841209254
0.158203258539
0.157602930023
0.157039875251
0.156513748514
0.156024207007
0.155570910985
0.155153523929
0.154771712694
0.154425147669
0.154113502931
0.153836456395
0.153593689965
0.153384889679
0.153209745853
0.15306795322
0.152959211063
0.152883223345
0.152839698832
0.152828351208
0.152848899185
0.152901066605
0.152984582528
0.153099181312
0.153244602689
0.153420591815
0.153626899321
0.15386328134
0.154129499522
0.154425321036
0.154750518547
0.15510487018
0.155488159463
0.15590017525
0.156340711615
0.156809567733
0.157306547728
0.157831460498
0.158384119513
0.158964342581
0.159571951595
0.160206772232
0.160868633638
0.161557368068
0.162272810494
0.163014798186
0.163783170244
0.164577767107
0.165398430012
0.166245000424
0.167117319424
0.168015227056
0.168938561639
0.169887159035
0.170860851881
0.171859468781
0.172882833455
0.17393076386
0.175003071262
0.176099559281
0.177220022894
0.178364247416
0.17953200744
0.180723065754
0.181937172236
0.183174062722
0.184433457864
0.185715061968
0.187018561833
0.188343625581
0.189689901497
0.191057016882
0.192444576922
0.193852163589
0.195279334579
0.196725622301
0.198190532926
0.199673545501
0.201174111159
0.202691652418
0.204225562599
0.205775205369
0.207339914426
0.20891899335
0.210511715625
0.212117324863
0.213735035228
0.215364032101
0.217003472982
0.21865248866
0.220310184655
0.221975642952
0.223647924048
0.225326069297
0.227009103594
0.228696038373
0.230385874946
0.232077608163
0.233770230393
0.235462735822
0.237154125039
0.238843409909
0.240529618679
0.242211801317
0.243889035022
0.245560429877
0.247225134585
0.248882342251
0.250531296135
0.25217129533
0.253801700287
0.25542193813
0.257031507692
0.258629984201
0.260217023542
0.261792366052
0.263355839756
0.264907363018
0.266446946528
0.267974694598
0.269490805725
0.270995572383
0.272489380037
0.273972705358
0.275446113632
0.276910255385
0.278365862213
0.279813741869
0.281254772604
0.282689896824
0.284120114091
0.285546473507
0.286970065546
0.288392013361
0.289813463638
0.291235577028
0.292659518218
0.294086445683
0.295517501156
0.29695379887
0.298396414593
0.299846374505
0.301304643934
0.302772115983
0.304249600074
0.305737810434
0.307237354543
0.30874872156
0.31027227078
0.311808220121
0.313356634707
0.314917415572
0.316490288563
0.318074793496
0.319670273666
0.321275865812
0.322890490662
0.324512844222
0.326141389971
0.32777435218
0.329409710579
0.331045196643
0.332678291782
0.33430622774
0.335925989558
0.337534321423
0.339127735781
0.340702526037
0.342254783188
0.343780416667
0.345275179637
0.346734698888
0.348154509409
0.349530093559
0.350856924643
0.352130514545
0.353346464862
0.354500520862
0.35558862735
0.35660698542
0.35755210889
0.35842087912
0.359210596862
0.359919029759
0.36054445417
0.361085690105
0.361542128228
0.36191374808
0.362201126994
0.362405439412
0.362528446671
0.362572477605
0.362540400619
0.36243558813
0.362261874483
0.3620235086
0.361725102707
0.36137157851
0.360968112172
0.360520079341
0.360033001391
0.359512493853
0.358964217876
0.358393835346
0.357806968154
0.357209161889
0.356605854125
0.35600234729
0.355403786038
0.354815138907
0.354241184013
0.353686498457
0.353155451094
0.352652198312
0.352180682445
0.35174463245
0.351347566531
0.350992796353
0.350683432578
0.350422391427
0.350212402038
0.350056014408
0.34995560772
0.349913398901
0.349931451273
0.350011683177
0.350155876473
0.350365684843
0.350642641825
0.350988168525
0.351403580973
0.351890097089
0.352448843223
0.35308086027
0.353787109325
0.354568476873
0.355425779519
0.356359768213
0.357371131997
0.358460501241
0.359628450362
0.3608755
0.36220211865
0.363608723701
0.36509568187
0.366663308983
0.368311869063
0.370041572663
0.371852574396
0.373744969568
0.375718789848
0.377773997855
0.379910480563
0.382128041379
0.384426390752
0.386805135147
0.389263764173
0.391801635675
0.394417958541
0.397111772953
0.399881927817
0.402727055048
0.405645540379
0.408635490365
0.41169469522
0.41482058714
0.4180101938
0.421260086719
0.424566324317
0.427924389541
0.431329122154
0.434774645973
0.43825429168
0.441760516224
0.445284820336
0.448817666344
0.452348399231
0.455865174761
0.459354899552
0.46280318899
0.466194349996
0.469511396586
0.472736106849
0.475849130187
0.478830153178
0.481658130986
0.484311588683
0.486768992964
0.489009189633
0.491011896044
0.492758231036
0.494231258357
0.495416514318
0.496302487235
0.496881016116
0.497147579499
0.497101452256
0.496745717962
0.496087135877
0.495135873134
0.493905122881
0.492410636572
0.490670202642
0.48870310422
0.486529585848
0.484170354168
0.481646131124
0.478977271582
0.476183450914
0.473283422823
0.470294843593
0.467234156156
0.464116525801
0.460955818694
0.457764614508
0.454554245107
0.451334852101
0.448115457194
0.444904040296
0.441707621419
0.438532343256
0.435383552187
0.432265876069
0.429183297728
0.42613922349
0.423136546409
0.420177704098
0.417264731231
0.414399306935
0.411582797328
0.408816293552
0.406100645641
0.40343649259
0.400824288972
0.398264328459
0.395756764543
0.393301628786
0.390898846845
0.388548252554
0.386249600257
0.384002575635
0.381806805174
0.379661864468
0.377567285488
0.375522562944
0.373527159872
0.371580512525
0.369682034675
0.367831121394
0.366027152391
0.36426949495
0.362557506545
0.360890537156
0.359267931339
0.357689030074
0.35615317244
0.354659697116
0.35320794376
0.351797254254
0.350426973865
0.349096452309
0.347805044739
0.346552112674
0.345337024873
0.34415915815
0.343017898157
0.341912640118
0.340842789542
0.339807762887
0.33880698821
0.337839905779
0.336905968665
0.336004643301
0.335135410026
0.334297763595
0.333491213668
0.332715285271
0.331969519238
0.33125347262
0.330566719068
0.329908849198
0.32927947092
0.32867820974
0.328104709042
0.327558630337
0.327039653481
0.326547476877
0.326081817635
0.325642411719
0.32522901406
0.324841398643
0.324479358573
0.324142706115
0.323831272712
0.323544908982
0.323283484693
0.323046888717
0.322835028975
0.322647832359
0.322485244641
0.322347230368
0.322233772755
0.322144873555
0.322080552933
0.322040849333
0.322025819334
0.322035537509
0.322070096288
0.322129605812
0.322214193797
0.322324005399
0.322459203084
0.322619966509
0.322806492405
0.323018994469
0.323257703276
0.323522866186
0.323814747276
0.324133627278
0.324479803531
0.324853589949
0.325255317001
0.325685331703
0.326143997634
0.326631694957
0.327148820465
0.327695787633
0.328273026696
0.32888098474
0.329520125806
0.33019093102
0.330893898728
0.331629544663
0.332398402121
0.333201022157
0.334037973803
0.334909844305
0.335817239379
0.336760783494
0.337741120167
0.338758912297
0.339814842506
0.340909613524
0.342043948587
0.343218591877
0.344434308981
0.345691887395
0.346992137056
0.348335890916
0.349724005556
0.351157361844
0.352636865638
0.354163448549
0.355738068743
0.357361711816
0.359035391728
0.360760151799
0.362537065789
0.364367239051
0.36625180977
0.368191950297
0.370188868582
0.372243809717
0.374358057592
0.376532936683
0.378769813976
0.381070101041
0.383435256266
0.385866787271
0.388366253514
0.390935269109
0.393575505862
0.396288696577
0.399076638613
0.401941197764
0.404884312446
0.407907998265
0.411014352967
0.414205561838
0.41748390358
0.420851756726
0.424311606638
0.427866053165
0.431517819026
0.435269758987
0.439124869948
0.443086302001
0.447157370615
0.45134157003
0.455642588033
0.460064322249
0.464610898134
0.469286688844
0.474096337208
0.479044780008
0.484137274832
0.489379429738
0.494777235999
0.500337104192
0.506065903866
0.511971006983
0.518060335234
0.524342411198
0.530826413049
0.537522232151
0.544440532299
0.55159280847
0.558991441577
0.566649743726
0.574581985381
0.582803391255
0.591330084844
0.600178951104
0.609367371161
0.618912759389
0.62883179792
0.639139210988
0.649845843857
0.660955699052
0.672461427126
0.684337569427
0.696530633093
0.708944945477
0.721423454969
0.733723800185
0.745493065875
0.756250786355
0.765398451132
0.772279160462
0.776299621854
0.777087811181
0.774613235257
0.769196343497
0.761400847366
0.751876234894
0.741227765268
0.72994794922
0.718401267731
0.706838712022
0.6954226577
0.684251347945
0.673378882008
0.662830085774
0.652611006355
0.642716082817
0.633132941228
0.623845548424
0.614836253906
0.606087087254
0.597580560677
0.589300144418
0.581230527064
0.573357735446
0.565669163932
0.558153546298
0.550800892368
0.543602404218
0.536550381831
0.529638124756
0.522859834109
0.516210517707
0.5096859001
0.503282338542
0.49699674547
0.490826517671
0.484769472147
0.478823788466
0.472987957317
0.467260734909
0.461641102799
0.456128232731
0.450721456062
0.445420237327
0.440224151566
0.435132864982
0.430146118598
0.425263714546
0.420485504673
0.415811381196
0.411241269117
0.406775120176
0.402412908141
0.39815462522
0.394000279459
0.389949892963
0.386003500819
0.382161150611
0.378422902429
0.374788829295
0.371259017938
0.367833569848
0.364512602579
0.36129625124
0.358184670157
0.355178034672
0.352276543052
0.349480418511
0.346789911301
0.344205300903
0.341726898273
0.339355048175
0.337090131572
0.334932568103
0.332882818627
0.330941387854
0.329108827071
0.327385736957
0.325772770516
0.324270636121
0.322880100697
0.321601993041
0.320437207305
0.319386706644
0.318451527063
0.31763278145
0.316931663848
0.316349453941
0.315887521814
0.315547332964
0.315330453603
0.315238556263
0.315273425703
0.315436965144
0.31573120283
0.316158298916
0.316720552675
0.317420410002
0.318260471202
0.319243498979
0.320372426582
0.321650365983
0.323080615946
0.324666669768
0.326412222433
0.328321176791
0.330397648259
0.332645967402
0.33507067949
0.337676539898
0.340468503812
0.343451708239
0.346631443696
0.350013112116
0.353602166424
0.357404025865
0.361423959261
0.365666926054
0.370137361859
0.374838891329
0.379773946182
0.384943260074
0.390345204735
0.395974923459
0.401823209615
0.4078750708
0.414107917219
0.42048932176
0.426974329434
0.433502360782
0.439993878737
0.446347193647
0.452436079189
0.458109237991
0.463192988547
0.467498626721
0.470835428915
0.473028941874
0.473942136528
0.473494929318
0.471676752377
0.468548261442
0.464231623498
0.458892473452
0.452718698324
0.445900969669
0.438618095518
0.431028086664
0.423264260398
0.415434995625
0.407625705694
0.399901883288
0.392312443301
0.384892912275
0.377668244818
0.370655193258
0.363864238167
0.357301126298
0.350968076297
0.344864712845
0.338988783886
0.333336707298
0.327903984917
0.322685514227
0.317675821499
0.312869234922
0.308260012013
0.3038424323
0.299610863684
0.295559808924
0.291683937132
0.287978104031
0.284437363815
0.281056974789
0.277832400431
0.274759307124
0.271833559521
0.269051214253
0.266408512519
0.263901871976
0.261527878226
0.25928327612
0.257164961061
0.255169970406
0.253295475068
0.251538771359
0.249897273133
0.248368504228
0.246950091246
0.245639756648
0.244435312183
0.243334652633
0.242335749868
0.241436647208
0.240635454063
0.239930340859
0.239319534226
0.238801312436
0.23837400109
0.238035969033
0.237785624496
0.237621411454
0.237541806197
0.2375453141
0.237630466603
0.237795818388
0.23803994475
0.238361439178
0.238758911126
0.239230983998
0.239776293341
0.240393485245
0.241081214981
0.241838145859
0.242662948332
0.24355429935
0.244510881978
0.245531385292
0.246614504557
0.247758941715
0.24896340618
0.25022661597
0.251547299168
0.252924195751
0.25435605977
0.255841661916
0.257379792461
0.258969264594
0.260608918143
0.2622976237
0.264034287129
0.265817854465
0.267647317186
0.269521717851
0.27144015608
0.273401794851
0.275405867102
0.277451682588
0.279538634962
0.281666209053
0.283833988276
0.286041662143
0.288289033815
0.290576027653
0.292902696696
0.295269230037
0.297675960017
0.300123369205
0.302612097096
0.305142946486
0.307716889483
0.31033507309
0.312998824348
0.31570965498
0.318469265507
0.321279548815
0.324142593117
0.32706068429
0.330036307544
0.333072148358
0.336171092629
0.339336225937
0.34257083181
0.34587838883
0.349262566366
0.352727218659
0.35627637689
0.359914238752
0.363645154902
0.367473611506
0.371404207833
0.375441627592
0.37959060234
0.383855864834
0.388242089625
0.392753817504
0.397395359513
0.402170675144
0.407083218043
0.412135740888
0.41733004925
0.422666692001
0.428144573443
0.433760469801
0.439508430506
0.445379043313
0.45135854285
0.457427746313
0.463560810266
0.469723822418
0.475873276472
0.481954531774
0.487900436302
0.493630390931
0.499050243648
0.504053495513
0.508524323491
0.512342807142
0.51539241986
0.517569298606
0.518792139735
0.519011017599
0.518213284056
0.516425170881
0.51370870233
0.510154667928
0.505873250707
0.500984168998
0.495607888213
0.489858838643
0.483840927985
0.477645157209
0.471348894522
0.465016298056
0.45869943089
0.452439715419
0.446269483264
0.44021346962
0.434290170034
0.428513024417
0.42289142217
0.417431538612
0.412137020853
0.407009543961
0.402049258101
0.397255145524
0.392625303991
0.388157170634
0.383847697979
0.379693491672
0.375690917704
0.371836185392
0.368125411139
0.364554666974
0.361120017079
0.357817544825
0.354643372353
0.351593674276
0.34866468679
0.345852713196
0.34315412662
0.340565370584
0.338082957912
0.335703468382
0.33342354544
0.331239892224
0.329149267111
0.327148478933
0.325234382014
0.323403871114
0.321653876377
0.319981358367
0.318383303223
0.316856718024
0.315398626379
0.314006064302
0.312676076414
0.311405712492
0.310192024419
0.309032063568
0.30792287864
0.306861514007
0.305845008591
0.304870395304
0.303934701084
0.303034947568
0.30216815241
0.301331331288
0.300521500603
0.2997356809
0.298970901011
0.298224202923
0.297492647364
0.296773320095
0.296063338876
0.295359861064
0.294660091807
0.293961292753
0.293260791214
0.292555989685
0.291844375624
0.291123531384
0.290391144166
0.289645015878
0.288883072748
0.288103374571
0.287304123435
0.286483671796
0.285640529774
0.284773371541
0.283881040692
0.282962554502
0.282017106998
0.281044070775
0.280042997521
0.279013617242
0.277955836182
0.276869733476
0.275755556583
0.274613715562
0.273444776294
0.272249452738
0.271028598349
0.269783196777
0.268514351985
0.267223277912
0.265911287835
0.264579783538
0.263230244444
0.26186421681
0.260483303101
0.259089151653
0.2576834467
0.256267898852
0.254844236074
0.253414195235
0.251979514244
0.250541924819
0.249103145883
0.247664877617
0.246228796138
0.244796548816
0.243369750194
0.241949978498
0.240538772698
0.239137630096
0.23774800441
0.236371304303
0.235008892333
0.233662084287
0.23233214885
0.231020307584
0.229727735181
0.22845555995
0.227204864509
0.225976686659
0.224772020397
0.223591817053
0.222436986532
0.221308398618
0.22020688434
0.219133237377
0.218088215475
0.217072541872
0.216086906718
0.215131968472
0.214208355262
0.213316666213
0.21245747272
0.21163131967
0.210838726593
0.210080188751
0.209356178151
0.208667144477
0.208013515944
0.207395700061
0.206814084306
0.206269036709
0.20576090634
0.20529002369
0.204856700963
0.204461232252
0.204103893617
0.203784943043
0.203504620295
0.203263146646
0.203060724495
0.202897536857
0.202773746724
0.202689496301
0.202644906102
0.202640073913
0.202675073606
0.202749953808
0.202864736419
0.203019414972
0.203213952833
0.203448281232
0.203722297127
0.204035860895
0.204388793842
0.204780875533
0.205211840944
0.205681377427
0.206189121487
0.206734655391
0.207317503581
0.207937128934
0.208592928843
0.209284231159
0.210010289992
0.210770281393
0.211563298959
0.212388349362
0.213244347869
0.214130113875
0.215044366508
0.215985720376
0.216952681503
0.217943643554
0.218956884429
0.21999056332
0.221042718354
0.222111264934
0.223193994906
0.224288576699
0.225392556584
0.226503361194
0.227618301476
0.228734578218
0.229849289303
0.230959438833
0.232061948245
0.233153669526
0.234231400592
0.235291902883
0.236331921157
0.237348205445
0.238337535035
0.239296744333
0.240222750364
0.241112581588
0.241963407698
0.242772569934
0.24353761146
0.244256307252
0.244926692949
