-3.70074341542e-17
1.97895655233e-05
7.91591932167e-05
0.000178111676622
0.000316651672213
0.000494785700246
0.000712522145963
0.000969871261126
0.0012668451659
0.00160345785109
0.00197972518068
0.00239566489481
0.00285129661297
0.00334664183768
0.00388172395838
0.0044565682558
0.00507120190662
0.00572565398844
0.0064199554852
0.00715413929292
0.00792824022575
0.00874229502245
0.00959634235321
0.0104904228269
0.0114245789983
0.0123988553768
0.0134132984336
0.0144679566114
0.015562880333
0.0166981220106
0.0178737360561
0.019089778891
0.0203463089569
0.0216433867271
0.0229810747175
0.0243594374986
0.0257785417078
0.027238456062
0.0287392513709
0.0302810005503
0.0318637786361
0.0334876627988
0.0351527323583
0.036859068799
0.0386067557859
0.0403958791806
0.042226527058
0.0440987897234
0.0460127597302
0.047968531898
0.0499662033313
0.0520058734384
0.0540876439512
0.0562116189455
0.0583779048611
0.0605866105238
0.0628378471663
0.0651317284511
0.0674683704933
0.0698478918835
0.0722704137126
0.0747360595956
0.0772449556974
0.0797972307581
0.0823930161198
0.0850324457534
0.0877156562862
0.0904427870305
0.0932139800123
0.0960293800013
0.0988891345408
0.101793393979
0.104742311501
0.107736043159
0.110774747912
0.11385858765
0.116987727237
0.120162334542
0.123382580478
0.126648639038
0.12996068733
0.133318905621
0.136723477373
0.140174589286
0.143672431336
0.147217196819
0.150809082395
0.154448288134
0.158135017553
0.161869477673
0.165651879056
0.169482435862
0.173361365891
0.177288890636
0.181265235334
0.185290629021
0.18936530458
0.193489498798
0.197663452425
0.201887410226
0.206161621041
0.210486337845
0.214861817808
0.219288322357
0.223766117239
0.228295472584
0.232876662976
0.237509967512
0.242195669877
0.246934058414
0.25172542619
0.256570071075
0.261468295813
0.266420408099
0.271426720655
0.276487551314
0.281603223092
0.286774064281
0.292000408523
0.297282594901
0.302620968028
0.308015878131
0.313467681145
0.318976738805
0.324543418741
0.330168094574
0.335851146013
0.341592958956
0.347393925594
0.353254444509
0.359174920787
0.36515576612
0.371197398919
0.377300244423
0.383464734815
0.389691309338
0.395980414408
0.40233250374
0.408748038463
0.415227487251
0.421771326439
0.428380040162
0.435054120472
0.441794067479
0.448600389481
0.455473603095
0.4624142334
0.469422814071
0.476499887521
0.483646005042
0.490861726948
0.498147622718
0.505504271144
0.512932260477
0.520432188574
0.528004663044
0.535650301404
0.543369731218
0.551163590258
0.559032526644
0.566977198996
0.574998276584
0.583096439472
0.591272378665
0.599526796253
0.607860405551
0.616273931237
0.624768109486
0.633343688104
0.642001426649
0.650742096552
0.659566481234
0.668475376207
0.677469589175
0.686549940118
0.695717261376
0.704972397708
0.714316206347
0.723749557035
0.733273332047
0.742888426186
0.752595746769
0.762396213582
0.772290758815
0.782280326962
0.792365874702
0.802548370731
0.812828795569
0.82320814132
0.83368741139
0.844267620153
0.854949792561
0.865734963704
0.876624178294
0.887618490083
0.898718961207
0.909926661443
0.92124266737
0.932668061437
0.944203930916
0.955851366745
0.967611462231
0.979485311625
0.991474008536
1.00357864419
1.01580030551
1.02814007299
1.0405990184
1.05317820221
1.06587867086
1.07870145367
1.09164755955
1.10471797342
1.11791365224
1.13123552082
1.14468446714
1.15826133743
1.17196693075
1.18580199323
1.19976721182
1.21386320758
1.2280905286
1.24244964231
1.25694092736
1.27156466502
1.28632103007
1.30121008113
1.31623175065
1.3313858343
1.34667198008
1.36208967689
1.37763824299
1.39331681401
1.409124331
1.42505952833
1.44112092172
1.45730679654
1.47361519653
1.49004391312
1.50659047561
1.5232521424
1.54002589357
1.55690842497
1.57389614419
1.59098516863
1.60817132587
1.6254501566
1.64281692033
1.66026660398
1.67779393343
1.69539338813
1.71305921869
1.73078546733
1.74856599109
1.76639448745
1.78426452233
1.80216955991
1.82010299428
1.83805818257
1.85602847955
1.87400727374
1.89198802523
1.90996430565
1.92792984095
1.94587855777
1.96380463446
1.98170255764
1.99956718566
2.01739381949
2.03517828192
2.0529170051
2.07060712614
2.08824658941
2.10583425377
2.12337000215
2.14085484966
2.15829104679
2.1756821728
2.19303321553
2.21035063317
2.2276423951
2.2449179991
2.26218846429
2.27946629995
2.29676545229
2.31410123231
2.33149022925
2.34895021514
2.36650004597
2.38415956611
2.40194952106
2.41989148436
2.43800780224
2.45632155858
2.47485656052
2.49363734139
2.51268917354
2.53203807606
2.55171079112
2.57173468555
2.59213750536
2.61294686513
2.6341892806
2.65588843066
2.67806214432
2.70071729889
2.72384134955
2.74738853741
2.77125800756
2.79526049527
2.81907116372
2.84217175065
2.86380074854
2.88295891679
2.89854181637
2.90963428059
2.91585843625
2.91753426451
2.91551612737
2.91084348497
2.90444662652
2.89701462532
2.8889901076
2.88061935021
2.87201079535
2.86318358667
2.85410317911
2.84470647001
2.83491965586
2.82467122535
2.81390147346
2.8025691334
2.7906552978
2.7781646731
2.76512437924
2.75158074262
2.73759475798
2.723236967
2.7085824507
2.6937064389
2.67868081655
2.66357160459
2.64843733128
2.63332813484
2.61828540478
2.60334177464
2.58852131684
2.57383981919
2.55930506672
2.54491707736
2.53066827796
2.51654362252
2.50252068241
2.4885697555
2.47465406301
2.46073011576
2.44674834569
2.43265409961
2.41838907567
2.40389324757
2.38910726068
2.37397519897
2.35844752799
2.34248393465
2.3260557388
2.30914756279
2.29175802743
2.27389938053
2.2555961263
2.23688286817
2.21780167216
2.19839928198
2.17872448051
2.15882581284
2.13874979222
2.11853962413
2.09823441701
2.07786880898
2.05747292077
2.0370725446
2.01668948793
1.99634200532
1.97604526684
1.95581182644
1.93565206515
1.91557459405
1.89558660909
1.87569419483
1.85590257799
1.83621633378
1.81663954947
1.79717595028
1.77782899312
1.7586019332
1.73949786874
1.72051976817
1.70167048399
1.68295275666
1.66436921163
1.6459223519
1.62761454803
1.60944802729
1.59142486289
1.57354696436
1.55581606939
1.53823373773
1.52080134696
1.50352009055
1.48639097779
1.46941483558
1.45259231195
1.43592388092
1.41940984864
1.40305036045
1.38684540874
1.37079484134
1.35489837029
1.33915558083
1.32356594044
1.30812880788
1.29284344205
1.27770901063
1.26272459846
1.24788921553
1.23320180468
1.21866124884
1.20426637788
1.19001597504
1.17590878301
1.16194350946
1.14811883231
1.13443340453
1.1208858586
1.10747481059
1.09419886392
1.08105661278
1.06804664529
1.0551675463
1.0424179
1.02979629226
1.0173013127
1.0049315566
0.992685626632
0.980562134293
0.968559701317
0.956676960836
0.944912558442
0.933265153099
0.921733417956
0.910316041033
0.899011725827
0.887819191809
0.876737174859
0.865764427612
0.854899719743
0.844141838197
0.833489587348
0.822941789131
0.812497283107
0.802154926506
0.791913594223
0.781772178787
0.771729590301
0.761784756353
0.751936621912
0.742184149195
0.732526317524
0.722962123161
0.713490579139
0.704110715066
0.69482157694
0.685622226933
0.676511743187
0.66748921959
0.658553765557
0.649704505798
0.640940580093
0.632261143056
0.623665363902
0.615152426212
0.606721527698
0.598371879965
0.590102708282
0.581913251344
0.57380276104
0.565770502226
0.557815752494
0.549937801944
0.542135952965
0.53440952001
0.52675782938
0.519180219008
0.511676038245
0.504244647653
0.4968854188
0.489597734054
0.482380986385
0.475234579172
0.468157926006
0.461150450504
0.454211586124
0.447340775979
0.440537472662
0.433801138069
0.427131243227
0.420527268127
0.413988701557
0.40751504094
0.401105792178
0.394760469494
0.38847859528
0.382259699949
0.376103321789
0.370009006821
0.363976308655
0.35800478836
0.352094014322
0.346243562122
0.340453014398
0.334721960729
0.329049997503
0.323436727804
0.317881761291
0.312384714085
0.306945208654
0.301562873705
0.296237344075
0.290968260627
0.285755270145
0.280598025238
0.275496184234
0.270449411091
0.265457375298
0.260519751786
0.255636220834
0.250806467985
0.246030183958
0.241307064563
0.236636810619
0.232019127874
0.227453726926
0.222940323146
0.2184786366
0.214068391979
0.209709318527
0.205401149964
0.201143624425
0.19693648439
0.192779476614
0.188672352068
0.184614865872
0.180606777235
0.176647849395
0.172737849559
0.168876548845
0.165063722225
0.161299148473
0.157582610108
0.153913893339
0.15029278802
0.146719087594
0.143192589043
0.139713092846
0.136280402923
0.132894326597
0.129554674543
0.126261260745
0.123013902456
0.119812420151
0.11665663749
0.113546381274
0.110481481406
0.107461770857
0.10448708562
0.101557264681
0.0986721499783
0.0958315863682
0.093035421591
0.090283506237
0.0875756937134
0.0849118402124
0.0822918046793
0.0797154487823
0.077182636882
0.0746932360021
0.0722471158011
0.0698441485437
0.067484209074
0.0651671747885
0.06289292561
0.0606613439623
0.0584723147453
0.0563257253105
0.0542214654378
0.052159427312
0.0501395055004
0.0481615969308
0.0462256008702
0.0443314189037
0.0424789549142
0.0406681150629
0.0388988077693
0.037170943693
0.0354844357148
0.0338391989195
0.0322351505778
0.0306722101301
0.0291502991694
0.0276693414259
0.0262292627511
0.0248299911028
0.0234714565304
0.022153591161
0.020876329185
0.0196396068433
0.0184433624141
0.0172875362001
0.016172070517
0.015096909681
0.0140619999978
0.0130672897516
0.0121127291947
0.0111982705366
0.0103238679351
0.00948947748593
0.00869505721427
0.00794056706564
0.00722596889765
0.00655122647187
0.00591630544622
0.00532117336752
0.00476579966456
0.00425015564134
0.00377421447082
0.00333795118884
0.00294134268847
0.00258436771464
0.00226700685915
0.0019892425559
0.00175105907653
0.00155244252635
0.00139338084055
0.00127386378075
0.00119388293187
0.00115343169928
0.00115250530624
0.0011911007917
0.00126921700835
0.00138685462097
0.00154401610509
0.00174070574596
0.00197692963779
0.00225269568328
0.00256801359342
0.00292289488768
0.00331735289431
0.00375140275112
0.00422506140637
0.00473834762009
0.00529128196558
0.00588388683121
0.00651618642254
0.00718820676469
0.00789997570499
0.00865152291586
0.00944287989808
0.0102740799842
0.0111451583424
0.0120561519802
0.0130070997492
0.0139980423493
0.0150290223336
0.0161000841136
0.0172112739644
0.0183626400305
0.0195542323315
0.0207861027684
0.0220583051301
0.0233708950996
0.0247239302616
0.0261174701092
0.0275515760518
0.0290263114221
0.0305417414849
0.0320979334448
0.0336949564547
0.0353328816247
0.0370117820309
0.0387317327249
0.0404928107428
0.0422950951153
0.0441386668773
0.0460236090785
0.0479500067935
0.0499179471322
0.0519275192515
0.0539788143653
0.0560719257569
0.0582069487894
0.0603839809187
0.0626031217041
0.0648644728218
0.067168138076
0.0695142234125
0.0719028369306
0.0743340888967
0.0768080917568
0.07932496015
0.0818848109223
0.0844877631393
0.0871339381008
0.089823459354
0.0925564527079
0.095333046247
0.0981533703458
0.101017557683
0.103925743256
0.106878064394
0.109874660775
0.112915674438
0.116001249799
0.119131533665
0.122306675247
0.125526826178
0.128792140523
0.132102774798
0.135458887981
0.138860641525
0.142308199376
0.145801727985
0.149341396321
0.152927375881
0.156559840713
0.160238967416
0.163964935163
0.167737925706
0.171558123391
0.17542571517
0.179340890606
0.183303841891
0.187314763847
0.191373853943
0.195481312295
0.199637341679
0.203842147535
0.208095937972
0.212398923773
0.216751318397
0.221153337983
0.22560520135
0.230107129995
0.234659348094
0.239262082496
0.243915562717
0.248620020935
0.253375691981
0.258182813328
0.263041625076
0.267952369938
0.272915293223
0.277930642814
0.282998669145
0.288119625175
0.293293766359
0.298521350617
0.303802638291
0.309137892113
0.314527377159
0.319971360795
0.325470112633
0.331023904467
0.336633010213
0.342297705843
0.348018269306
0.353794980457
0.359628120962
0.365517974214
0.371464825228
0.377468960538
0.383530668078
0.389650237066
0.395827957867
0.402064121854
0.408359021259
0.414712949012
0.421126198569
0.427599063732
0.434131838453
0.440724816629
0.447378291883
0.45409255733
0.460867905329
0.467704627224
0.474603013064
0.481563351309
0.488585928518
0.495671029021
0.502818934572
0.510029923979
0.51730427272
0.524642252529
0.532044130971
0.539510170988
0.547040630417
0.554635761494
0.562295810327
0.570021016341
0.577811611703
0.585667820709
0.593589859156
0.601577933674
0.609632241034
0.617752967423
0.625940287693
0.634194364575
0.642515347862
0.650903373564
0.659358563027
0.667881022028
0.67647083983
0.685128088216
0.693852820486
0.702645070434
0.711504851288
0.720432154632
0.729426949304
0.738489180268
0.747618767472
0.756815604691
0.766079558352
0.775410466357
0.784808136899
0.79427234728
0.803802842736
0.813399335272
0.823061502518
0.832788986607
0.842581393088
0.852438289881
0.862359206275
0.872343631989
0.882391016293
0.89250076721
0.902672250794
0.912904790513
0.923197666723
0.933550116257
0.943961332143
0.954430463433
0.964956615185
0.975538848578
0.986176181174
0.996867587336
1.0076119988
1.01840830539
1.02925535593
1.04015195923
1.0510968853
1.06208886668
1.07312659984
1.08420874683
1.09533393689
1.10650076828
1.1177078101
1.12895360423
1.14023666728
1.15155549261
1.16290855233
1.17429429928
1.18571116912
1.19715758226
1.20863194587
1.22013265588
1.23165809897
1.24320665457
1.25477669698
1.26636659753
1.27797472694
1.28959945787
1.30123916777
1.31289224205
1.32455707783
1.33623208805
1.34791570645
1.35960639313
1.37130264111
1.38300298375
1.3947060033
1.40641034056
1.41811470573
1.42981789055
1.44151878163
1.45321637511
1.46490979244
1.4765982974
1.48828131404
1.49995844556
1.51162949379
1.52329447926
1.5349536614
1.54660755879
1.55825696911
1.56990298847
1.58154703006
1.59319084166
1.6048365219
1.61648653525
1.62814372536
1.63981132699
1.65149297648
1.66319272076
1.67491502537
1.68666478154
1.69844731286
1.71026838204
1.72213419816
1.73405142527
1.74602719292
1.75806910954
1.77018527953
1.78238432507
1.79467541385
1.80706829391
1.81957333694
1.83220159186
1.84496485027
1.85787572612
1.870947752
1.8841954953
1.89763469765
1.91128244241
1.92515735548
1.93927984663
1.95367239961
1.96835992225
1.98337016993
1.99873426023
2.01448730069
2.03066915854
2.04732540839
2.0645085043
2.0822792335
2.10070852209
2.11987967169
2.13989110459
2.16085965629
2.18292432569
2.20625002865
2.23102995923
2.25748276141
2.28583463572
2.31626115803
2.34872607509
2.38257422758
2.41564616574
2.44303789025
2.45769759897
2.45607430344
2.44238497305
2.42361923679
2.40434864309
2.38650370518
2.37062456596
2.35668853769
2.34448198327
2.33374579527
2.32422702431
2.31569405516
2.30793835798
2.30077188208
2.29402363726
2.28753683105
2.28116705585
2.27478165
2.26826016425
2.26149572684
2.2543969784
2.24689015048
2.23892081683
2.23045488043
2.2214784853
2.21199673478
2.20203131545
2.19161730847
2.18079957552
2.16962911928
2.15815975407
2.14644531062
2.13453748071
2.12248430524
2.11032923929
2.09811068998
2.08586191248
2.07361115596
2.06138196831
2.04919358837
2.03706137356
2.02499722738
2.01301000466
2.00110588195
1.98928868774
1.97756019137
1.9659203531
1.9543675388
1.94289870437
1.9315095547
1.92019468242
1.90894769133
1.89776130899
1.88662749277
1.87553753301
1.86448215641
1.85345163238
1.84243588442
1.8314246077
1.82040739359
1.80937386096
1.79831379314
1.78721727879
1.77607485406
1.76487764281
1.75361749088
1.74228709055
1.73088009077
1.71939118921
1.70781620278
1.69615211368
1.68439708939
1.67255047601
1.66061276545
1.64858553828
1.636471385
1.62427380934
1.61199711776
1.59964629968
1.58722690287
1.57474490828
1.56220660825
1.54961849121
1.5369871356
1.52431911477
1.51162091417
1.49889886133
1.48615906872
1.473407389
1.46064938193
1.44789029196
1.43513503527
1.42238819497
1.40965402333
1.39693644966
1.38423909274
1.37156527668
1.35891804934
1.34630020235
1.33371429205
1.32116266076
1.30864745782
1.29617066001
1.28373409109
1.27133944007
1.25898827824
1.24668207463
1.23442221009
1.22220998967
1.21004665366
1.19793338701
1.18587132743
1.17386157219
1.16190518359
1.15000319348
1.1381566066
1.12636640319
1.11463354067
1.10295895479
1.09134356007
1.07978824989
1.06829389608
1.05686134835
1.04549143333
1.03418495361
1.02294268657
1.01176538326
1.00065376716
0.989608533114
0.978630346236
0.96771984093
0.956877620039
0.946104254098
0.935400280737
0.924766204204
0.914202495046
0.903709589921
0.893287891547
0.882937768786
0.872659556849
0.862453557624
0.852320040105
0.842259240926
0.83227136498
0.822356586124
0.81251504795
0.802746864615
0.793052121729
0.783430877281
0.773883162602
0.764408983353
0.755008320538
0.745681131521
0.73642735106
0.727246892335
0.718139647977
0.709105491089
0.700144276251
0.691255840513
0.682440004373
0.673696572726
0.665025335798
0.65642607005
0.647898539058
0.639442494368
0.631057676315
0.622743814826
0.614500630178
0.606327833739
0.598225128678
0.590192210636
0.582228768382
0.574334484428
0.566509035622
0.558752093717
0.551063325902
0.543442395316
0.535888961532
0.528402681019
0.52098320758
0.51363019276
0.50634328624
0.499122136208
0.491966389703
0.484875692948
0.477849691654
0.470888031318
0.463990357491
0.457156316036
0.45038555337
0.443677716691
0.437032454185
0.430449415228
0.423928250566
0.417468612491
0.411070154997
0.404732533932
0.398455407132
0.392238434555
0.386081278394
0.379983603186
0.37394507592
0.367965366119
0.362044145936
0.356181090222
0.350375876604
0.344628185546
0.338937700411
0.333304107509
0.327727096148
0.322206358676
0.316741590519
0.311332490211
0.305978759429
0.300680103014
0.295436228993
0.290246848598
0.285111676281
0.280030429725
0.275002829853
0.270028600835
0.265107470093
0.2602391683
0.255423429382
0.250659990514
0.245948592115
0.241288977845
0.236680894596
0.23212409248
0.227618324824
0.223163348152
0.218758922179
0.214404809791
0.210100777035
0.205846593099
0.2016420303
0.19748686406
0.193380872896
0.189323838396
0.185315545202
0.181355780989
0.177444336446
0.173581005255
0.169765584071
0.1659978725
0.16227767308
0.158604791254
0.154979035355
0.151400216579
0.147868148967
0.144382649379
0.140943537475
0.137550635692
0.134203769222
0.130902765987
0.127647456624
0.124437674456
0.121273255472
0.118154038308
0.115079864222
0.112050577074
0.109066023305
0.106126051914
0.103230514439
0.100379264934
0.0975721599521
0.0948090585189
0.0920898221179
0.0894143146674
0.0867824025019
0.0841939543516
0.0816488413236
0.0791469368828
0.0766881168324
0.074272259296
0.0718992446987
0.069568955749
0.0672812774213
0.0650360969377
0.0628333037512
0.0606727895282
0.0585544481319
0.0564781756058
0.0544438701571
0.0524514321413
0.0505007640456
0.0485917704744
0.0467243581334
0.0448984358149
0.0431139143833
0.0413707067606
0.0396687279123
0.0380078948337
0.036388126536
0.0348093440336
0.0332714703305
0.0317744304079
0.0303181512116
0.0289025616398
0.0275275925311
0.0261931766529
0.0248992486899
0.0236457452328
0.0224326047677
0.0212597676652
0.02012717617
0.0190347743906
0.01798250829
0.016970325675
0.0159981761879
0.0150660112963
0.014173784285
0.0133214502468
0.012508966074
0.0117362904505
0.0110033838436
0.0103102084961
0.00965672841897
0.00904290938387
0.0084687189161
0.00793412628767
0.00743910251065
0.00698362033067
0.0065676542207
0.00619118037495
0.00585417670304
0.00555662282437
0.00529850006265
0.00507979144061
0.00490048167501
0.0047605571717
0.00466000602094
0.00459881799292
0.00457698453337
0.00459449875948
0.00465135545584
0.00474755107067
0.00488308371215
0.00505795314494
0.00527216078684
0.00552570970559
0.00581860461587
0.00615085187638
0.00652245948711
0.00693343708676
0.00738379595017
0.00787354898608
0.00840271073482
0.00897129736622
0.00957932667762
0.010226818092
0.0109137926561
0.0116402730388
0.0124062835295
0.0132118500367
0.0140570000863
0.0149417628205
0.0158661689963
0.0168302509844
0.0178340427679
0.0188775799411
0.0199608997086
0.021084040884
0.0222470438889
0.023449950752
0.0246928051075
0.0259756521949
0.0272985388571
0.0286615135396
0.0300646262897
0.0315079287546
0.0329914741807
0.0345153174121
0.0360795148892
0.0376841246469
0.0393292063135
0.0410148211086
0.0427410318411
0.0445079029077
0.0463155002899
0.0481638915523
0.0500531458396
0.0519833338737
0.0539545279511
0.0559668019389
0.0580202312718
0.0601148929476
0.0622508655234
0.0644282291109
0.0666470653712
0.0689074575096
0.0712094902697
0.0735532499273
0.0759388242837
0.078366302658
0.0808357758798
0.0833473362806
0.0859010776851
0.0884970954009
0.091135486209
0.0938163483523
0.0965397815237
0.099305886854
0.102114766898
0.10496652562
0.10786126838
0.110799101914
0.113780134322
0.116804475044
0.119872234843
0.122983525787
0.126138461221
0.129337155748
0.132579725204
0.135866286628
0.13919695824
0.142571859406
0.145991110612
0.149454833427
0.15296315047
0.156516185374
0.160114062745
0.163756908124
0.167444847943
0.171178009478
0.174956520804
0.178780510742
0.182650108808
0.186565445158
0.190526650525
0.194533856162
0.198587193778
0.202686795464
0.206832793628
0.211025320916
0.215264510137
0.219550494176
0.223883405913
0.228263378128
0.232690543409
0.23716503405
0.24168698195
0.246256518503
0.250873774485
0.255538879934
0.260251964026
0.265013154945
0.269822579751
0.274680364234
0.279586632768
0.284541508159
0.289545111484
0.294597561921
0.299698976583
0.304849470326
0.310049155571
0.315298142104
0.320596536872
0.325944443773
0.331341963438
0.336789193003
0.342286225874
0.34783315148
0.353430055025
0.359077017225
0.364774114036
0.370521416378
0.376318989846
0.38216689441
0.388065184116
0.394013906764
0.400013103588
0.406062808923
0.412163049861
0.418313845905
0.424515208607
0.430767141205
0.437069638245
0.443422685201
0.449826258088
0.456280323063
0.462784836029
0.469339742225
0.475944975814
0.482600459474
0.489306103975
0.496061807762
0.502867456536
0.509722922831
0.5166280656
0.523582729794
0.530586745957
0.53763992982
0.5447420819
0.551892987116
0.559092414412
0.566340116391
0.57363582897
0.580979271045
0.588370144183
0.595808132331
0.603292901545
0.610824099755
0.618401356551
0.626024282999
0.633692471495
0.641405495647
0.649162910198
0.656964250991
0.664809034963
0.672696760192
0.680626905983
0.688598932997
0.696612283427
0.704666381217
0.712760632329
0.720894425052
0.729067130359
0.737278102302
0.745526678451
0.753812180374
0.762133914145
0.770491170896
0.778883227386
0.787309346606
0.795768778393
0.804260760069
0.81278451708
0.821339263647
0.829924203406
0.838538530051
0.847181427946
0.855852072736
0.864549631917
0.873273265384
0.882022125942
0.89079535978
0.8995921069
0.908411501514
0.91725267239
0.926114743171
0.934996832646
0.943898055009
0.952817520083
0.961754333552
0.970707597178
0.979676409062
0.988659863923
0.997657053453
1.00666706675
1.01568899087
1.02472191149
1.03376491379
1.04281708349
1.05187750815
1.06094527872
1.07001949141
1.07909924989
1.08818366785
1.09727187195
1.10636300525
1.11545623101
1.12455073702
1.13364574041
1.1427404929
1.1518342866
1.16092646029
1.17001640614
1.17910357689
1.18818749349
1.19726775308
1.20634403729
1.2154161209
1.22448388058
1.23354730393
1.24260649848
1.25166170076
1.26071328529
1.2697617734
1.27880784185
1.28785233118
1.29689625376
1.30594080136
1.31498735247
1.32403747901
1.33309295281
1.34215575152
1.35122806429
1.36031229703
1.36941107755
1.37852726053
1.38766393253
1.39682441713
1.4060122805
1.41523133739
1.42448565801
1.43377957583
1.44311769677
1.45250490991
1.46194640017
1.47144766333
1.48101452372
1.49065315517
1.50037010563
1.51017232613
1.52006720471
1.53006260617
1.54016691851
1.55038910721
1.56073877854
1.57122625358
1.58186265479
1.59266000737
1.60363135832
1.61479091665
1.62615421905
1.63773832668
1.64956205977
1.66164627923
1.67401422636
1.686691936
1.69970874234
1.71309790374
1.7268973814
1.74115081978
1.75590879438
1.77123041926
1.78718544543
1.80385704048
1.82134553029
1.83977352734
1.85929310135
1.88009603233
1.90242884228
1.92661545427
1.9530924054
1.98246534055
2.01560229118
2.05378922493
2.09897043721
2.15391597929
2.22030965718
2.27983531653
2.26872674231
2.21254786951
2.16225933473
2.12330428115
2.09289809692
2.06857844896
2.04868770776
2.03211917616
2.01811019701
2.00611482014
1.99572733077
1.98663532229
1.97858998901
1.97138674478
1.96485226688
1.95883571051
1.95320276168
1.94783172395
1.94261113736
1.93743859582
1.93222051076
1.92687259479
1.92132083089
1.91550267163
1.90936819917
1.90288098784
1.89601845698
1.88877158225
1.88114393598
1.87315013054
1.86481382134
1.85616547274
1.84724009561
1.83807513666
1.8287086486
1.81917781338
1.80951783802
1.79976120258
1.78993721442
1.78007181056
1.7701875484
1.76030372924
1.75043660831
1.74059965373
1.73080382671
1.72105786317
1.71136854361
1.70174094322
1.69217865801
1.68268400551
1.67325820024
1.66390150539
1.65461336281
1.64539250371
1.63623704257
1.62714455673
1.61811215395
1.60913653016
1.60021401929
1.59134063694
1.58251211938
1.5737239593
1.56497143941
1.55624966485
1.54755359526
1.53887807715
1.53021787711
1.52156771608
1.51292230506
1.50427638215
1.49562475094
1.48696231992
1.47828414271
1.46958545835
1.46086173144
1.45210869108
1.44332236812
1.43449912995
1.42563571186
1.41672924452
1.40777727671
1.39877779279
1.38972922445
1.38063045656
1.37148082676
1.36228011902
1.35302855129
1.34372675764
1.33437576537
1.32497696771
1.31553209293
1.30604317054
1.29651249541
1.28694259078
1.27733617071
1.26769610293
1.25802537264
1.24832704786
1.23860424685
1.22886010799
1.21909776231
1.20932030902
1.19953079399
1.18973219129
1.17992738774
1.17011917032
1.16031021635
1.15050308614
1.14070021813
1.13090392599
1.12111639769
1.11133969625
1.10157576179
1.09182641488
1.08209336085
1.07237819487
1.06268240764
1.05300739155
1.04335444714
1.03372478966
1.02411955579
1.01453981022
1.00498655216
0.995460721614
0.985963205436
0.976494843028
0.96705643174
0.957648731893
0.948272471409
0.938928350055
0.929617043287
0.920339205691
0.911095474043
0.901886469982
0.892712802325
0.883575069024
0.874473858811
0.865409752519
0.85638332413
0.847395141557
0.838445767193
0.829535758238
0.820665666848
0.811836040107
0.80304741986
0.794300342423
0.785595338188
0.776932931147
0.768313638348
0.75973796931
0.751206425393
0.742719499158
0.734277673714
0.725881422075
0.71753120652
0.709227477991
0.700970675499
0.692761225585
0.684599541808
0.676486024283
0.668421059258
0.660405018749
0.652438260219
0.644521126307
0.636653944608
0.628837027506
0.621070672049
0.613355159876
0.605690757189
0.598077714766
0.590516268016
0.583006637075
0.575549026934
0.568143627605
0.560790614314
0.553490147725
0.546242374187
0.539047426009
0.53190542175
0.52481646653
0.517780652357
0.510798058467
0.503868751674
0.496992786733
0.490170206707
0.483401043343
0.476685317448
0.47002303927
0.463414208882
0.456858816564
0.450356843181
0.443908260562
0.437513031878
0.431171112008
0.42488244791
0.418646978974
0.412464637382
0.406335348453
0.400259030982
0.39423559757
0.388264954954
0.382347004316
0.376481641595
0.370668757785
0.364908239223
0.359199967874
0.353543821601
0.34793967443
0.342387396805
0.336886855834
0.331437915528
0.32604043703
0.320694278834
0.315399297002
0.310155345364
0.304962275719
0.299819938019
0.294728180555
0.28968685013
0.284695792224
0.279754851154
0.274863870229
0.270022691894
0.265231157871
0.260489109295
0.255796386836
0.251152830825
0.246558281373
0.242012578473
0.237515562116
0.233067072383
0.228666949546
0.224315034158
0.220011167137
0.215755189853
0.2115469442
0.207386272675
0.203273018448
0.199207025425
0.195188138313
0.191216202682
0.187291065018
0.183412572777
0.179580574438
0.175794919546
0.172055458761
0.168362043899
0.164714527969
0.161112765215
0.157556611146
0.154045922575
0.150580557644
0.147160375855
0.1437852381
0.14045500668
0.137169545335
0.133928719262
0.130732395137
0.12758044113
0.124472726931
0.121409123756
0.11838950437
0.115413743096
0.112481715829
0.109593300048
0.106748374825
0.103946820836
0.101188520369
0.0984733573312
0.0958012172555
0.0931719873079
0.090585556292
0.0880418146535
0.0855406544841
0.0830819695252
0.0806656551701
0.0782916084666
0.0759597281181
0.0736699144853
0.0714220695863
0.0692160970973
0.0670519023518
0.0649293923405
0.0628484757102
0.0608090627624
0.0588110654517
0.0568543973838
0.0549389738133
0.0530647116416
0.0512315294136
0.0494393473149
0.0476880871688
0.0459776724331
0.044308028196
0.0426790811727
0.0410907597017
0.0395429937404
0.0380357148613
0.0365688562473
0.0351423526877
0.0337561405735
0.0324101578929
0.0311043442264
0.0298386407423
0.0286129901917
0.0274273369037
0.0262816267802
0.0251758072914
0.02410982747
0.0230836379067
0.0220971907449
0.0211504396751
0.0202433399303
0.0193758482805
0.0185479230272
0.0177595239984
0.0170106125432
0.0163011515263
0.015631105323
0.0150004398133
0.0144091223771
0.0138571218884
0.0133444087098
0.0128709546876
0.0124367331455
0.0120417188799
0.0116858881542
0.0113692186928
0.0110916896762
0.0108532817352
0.0106539769451
0.0104937588204
0.0103726123089
0.0102905237863
0.01024748105
0.0102434733138
0.0102784912019
0.0103525267429
0.0104655733639
0.0106176258849
0.0108086805121
0.0110387348322
0.0113077878059
0.0116158397621
0.0119628923908
0.012348948737
0.0127740131943
0.0132380914976
0.0137411907167
0.014283319249
0.0148644868128
0.0154847044396
0.0161439844668
0.01684234053
0.0175797875555
0.0183563417517
0.0191720206017
0.0200268428541
0.0209208285148
0.0218539988378
0.0228263763163
0.023837984673
0.0248888488506
0.0259789950017
0.027108450478
0.0282772438202
0.0294854047467
0.0307329641421
0.0320199540451
0.033346407637
0.0347123592281
0.0361178442454
0.0375628992182
0.0390475617644
0.040571870576
0.0421358654035
0.0437395870404
0.0453830773065
0.0470663790314
0.0487895360364
0.0505525931164
0.0523555960205
0.0541985914328
0.0560816269512
0.0580047510662
0.0599680131389
0.0619714633773
0.0640151528129
0.0660991332753
0.0682234573662
0.0703881784324
0.0725933505378
0.074839028434
0.07712526753
0.0794521238602
0.0818196540522
0.084227915292
0.0866769652885
0.089166862237
0.0916976647802
0.0942694319686
0.0968822232187
0.0995360982703
0.102231117141
0.10496734008
0.10774482752
0.110563640026
0.113423838245
0.116325482848
0.119268634478
0.122253353688
0.125279700885
0.128347736261
0.131457519732
0.134609110867
0.137802568824
0.14103795227
0.144315319307
0.147634727398
0.150996233283
0.154399892893
0.157845761268
0.161333892463
0.164864339456
0.168437154055
0.172052386791
0.175710086824
0.17941030183
0.183153077895
0.186938459399
0.190766488901
0.194637207018
0.1985506523
0.202506861099
0.206505867444
0.210547702897
0.21463239642
0.218759974222
0.222930459622
0.227143872888
0.231400231085
0.235699547912
0.240041833542
0.24442709445
0.248855333241
0.253326548475
0.257840734486
0.262397881198
0.266997973939
0.271640993244
0.276326914668
0.281055708583
0.285827339975
0.290641768245
0.295498946996
0.30039882383
0.305341340129
0.310326430845
0.315354024285
0.320424041894
0.325536398034
0.330690999773
0.33588774666
0.341126530512
0.346407235195
0.351729736412
0.35709390149
0.36249958917
0.367946649398
0.37343492313
0.378964242131
0.384534428785
0.390145295909
0.395796646582
0.401488273971
0.407219961175
0.412991481075
0.418802596197
0.424653058588
0.4305426097
0.436470980294
0.442437890356
0.448443049028
0.45448615456
0.460566894273
0.466684944548
0.472839970827
0.479031627641
0.48525955865
0.491523396718
0.497822763989
0.50415727201
0.510526521853
0.516930104275
0.52336759989
0.529838579375
0.536342603682
0.542879224286
0.549447983438
0.556048414457
0.562680042014
0.569342382461
0.576034944148
0.582757227773
0.589508726733
0.596288927484
0.603097309911
0.609933347697
0.616796508695
0.623686255297
0.630602044794
0.637543329736
0.644509558267
0.651500174456
0.658514618603
0.665552327524
0.672612734816
0.679695271083
0.686799364147
0.693924439215
0.701069919015
0.708235223902
0.715419771918
0.722622978824
0.72984425809
0.737083020861
0.744338675872
0.751610629354
0.758898284901
0.76620104332
0.77351830247
0.780849457087
0.788193898611
0.795551015032
0.802920190738
0.81030080641
0.817692238955
0.825093861489
0.832505043407
0.839925150518
0.847353545301
0.854789587265
0.862232633451
0.86968203908
0.877137158372
0.884597345548
0.892061956031
0.899530347859
0.907001883338
0.914475930923
0.921951867363
0.929429080101
0.936906969948
0.94438495403
0.951862469007
0.959338974568
0.9668139572
0.97428693421
0.981757458003
0.989225120592
0.99668955833
1.00415045682
1.01160755604
1.01906065551
1.02650961971
1.03395438346
1.04139495739
1.0488314334
1.05626399014
1.06369289835
1.07111852617
1.07854134431
1.085961931
1.09338097686
1.10079928949
1.10821779789
1.11563755663
1.1230597498
1.13048569477
1.13791684573
1.14535479702
1.1528012864
1.16025819813
1.16772756602
1.17521157657
1.18271257203
1.19023305382
1.19777568598
1.2053432992
1.21293889507
1.22056565111
1.22822692637
1.23592626796
1.24366741852
1.25145432491
1.25929114822
1.26718227535
1.27513233243
1.28314620015
1.29122903156
1.29938627242
1.30762368458
1.31594737285
1.32436381573
1.33287990067
1.34150296458
1.35024084021
1.3591019096
1.36809516557
1.37723028266
1.38651769941
1.3959687137
1.40559559406
1.41541170985
1.42543168438
1.43567157583
1.44614909235
1.45688384919
1.46789767826
1.47921500347
1.49086329928
1.50287365594
1.51528148255
1.52812739039
1.54145831538
1.55532896166
1.56980368343
1.58495897529
1.60088682349
1.61769930175
1.6355350109
1.65456832683
1.67502306652
1.69719337101
1.7214769163
1.74843035047
1.77886755507
1.81404765973
1.85607309308
1.90885972958
1.9810575862
2.09856895852
2.31606429161
2.10082156096
1.99685180524
1.93590088967
1.89370420096
1.8619886434
1.83696573778
1.81658503739
1.79960972208
1.78523401302
1.77290128386
1.76220847358
1.75285187442
1.74459448168
1.73724535543
1.73064605796
1.72466146938
1.71917344116
1.71407637769
1.70927419353
1.70467830262
1.70020641688
1.69578199926
1.69133424769
1.68679849396
1.68211689431
1.67723927536
1.6721239878
1.66673862096
1.6610604471
1.65507649871
1.64878323086
1.64218577544
1.63529684608
1.62813539125
1.62072511355
1.61309297383
1.60526778273
1.59727895646
1.58915548284
1.58092511575
1.57261379263
1.56424525389
1.55584083362
1.54741938757
1.53899732509
1.53058871479
1.52220543874
1.51385737466
1.50555259049
1.49729754017
1.48909725256
1.48095550869
1.47287500416
1.46485749558
1.45690393071
1.44901456265
1.44118904936
1.43342653943
1.42572574563
1.4180850077
1.41050234559
1.40297550457
1.39550199343
1.38807911683
1.3807040028
1.37337362636
1.36608483
1.35883434175
1.35161879143
1.34443472566
1.3372786221
1.33014690321
1.32303595002
1.31594211604
1.30886174156
1.3017911685
1.29472675594
1.28766489626
1.28060203193
1.27353467302
1.26645941503
1.25937295724
1.25227212103
1.24515386831
1.23801531942
1.23085377061
1.2236667105
1.2164518354
1.20920706318
1.20193054537
1.19462067727
1.1872761059
1.17989573554
1.17247873083
1.1650245172
1.15753277889
1.15000345421
1.14243672859
1.13483302509
1.12719299299
1.11951749438
1.11180758915
1.10406451868
1.09628968847
1.08848465
1.0806510822
1.07279077281
1.06490559979
1.05699751314
1.04906851743
1.04112065495
1.03315598999
1.02517659411
1.01718453267
1.00918185255
1.00117057125
0.993152667198
0.985130071499
0.977104660822
0.969078251591
0.961052595327
0.95302937508
0.94501020289
0.936996618177
0.928990086992
0.920992002022
0.91300368328
0.905026379385
0.897061269353
0.889109464828
0.881172012663
0.873249897806
0.865344046403
0.857455329076
0.849584564325
0.841732521988
0.83389992674
0.826087461568
0.818295771216
0.810525465548
0.802777122812
0.795051292792
0.787348499819
0.779669245629
0.772014012067
0.764383263607
0.756777449713
0.749197007005
0.741642361248
0.734113929163
0.726612120055
0.719137337259
0.711689979428
0.704270441635
0.696879116336
0.689516394161
0.682182664574
0.674878316393
0.667603738177
0.660359318502
0.653145446127
0.645962510057
0.638810899519
0.631691003857
0.624603212354
0.617547913992
0.610525497161
0.603536349315
0.596580856596
0.589659403427
0.582772372078
0.575920142217
0.569103090452
0.562321589864
0.555576009543
0.548866714125
0.542194063338
0.535558411568
0.528960107424
0.522399493339
0.515876905178
0.509392671875
0.502947115094
0.496540548911
0.490173279529
0.483845605011
0.477557815048
0.471310190748
0.465103004461
0.458936519617
0.452810990607
0.446726662671
0.440683771832
0.434682544834
0.428723199118
0.422805942808
0.416930974732
0.411098484448
0.4053086523
0.399561649485
0.393857638138
0.388196771434
0.382579193701
0.377005040547
0.371474438999
0.365987507654
0.360544356832
0.355145088749
0.349789797689
0.344478570183
0.339211485198
0.333988614325
0.328810021977
0.323675765586
0.318585895799
0.313540456689
0.308539485948
0.303583015099
0.298671069694
0.293803669519
0.288980828798
0.284202556392
0.279468855998
0.274779726344
0.270135161389
0.26553515051
0.260979678693
0.256468726719
0.252002271346
0.247580285486
0.243202738388
0.238869595798
0.234580820138
0.230336370664
0.226136203626
0.221980272429
0.217868527777
0.21380091783
0.209777388339
0.205797882794
0.201862342553
0.197970706978
0.194122913562
0.190318898052
0.186558594568
0.182841935722
0.179168852729
0.175539275513
0.171953132819
0.168410352305
0.164910860649
0.161454583635
0.158041446251
0.154671372776
0.151344286858
0.148060111605
0.144818769657
0.141620183263
0.138464274355
0.135350964617
0.132280175552
0.129251828546
0.126265844934
0.123322146051
0.1204206533
0.117561288195
0.114743972425
0.111968627897
0.109235176784
0.106543541576
0.103893645122
0.101285410668
0.0987187619052
0.0961936230027
0.0937099186468
0.0912675740761
0.0888665151147
0.0865066682048
0.0841879604371
0.0819103195801
0.0796736741077
0.0774779532262
0.0753230868988
0.0732090058701
0.0711356416887
0.0691029267285
0.0671107942096
0.0651591782177
0.063248013722
0.0613772365933
0.0595467836197
0.0577565925227
0.0560066019717
0.0542967515972
0.0526269820048
0.0509972347863
0.0494074525316
0.0478575788395
0.046347558327
0.0448773366392
0.0434468604575
0.0420560775075
0.0407049365664
0.03939338747
0.0381213811182
0.036888869481
0.0356958056037
0.0345421436108
0.0334278387104
0.0323528471978
0.0313171264582
0.0303206349696
0.0293633323043
0.0284451791313
0.0275661372172
0.0267261694269
0.0259252397239
0.0251633131708
0.0244403559285
0.0237563352554
0.0231112195066
0.0225049781318
0.021937581674
0.0214090017668
0.020919211132
0.0204681835765
0.0200558939892
0.0196823183369
0.0193474336607
0.0190512180715
0.0187936507451
0.0185747119172
0.0183943828784
0.0182526459676
0.0181494845668
0.0180848830939
0.0180588269962
0.0180713027435
0.0181222978197
0.0182118007158
0.0183398009211
0.0185062889144
0.0187112561553
0.0189546950747
0.0192365990645
0.0195569624678
0.0199157805679
0.0203130495773
0.0207487666262
0.0212229297499
0.0217355378773
0.0222865908171
0.0228760892444
0.0235040346873
0.0241704295119
0.0248752769072
0.0256185808702
0.0264003461889
0.0272205784264
0.028079283903
0.0289764696784
0.0299121435336
0.030886313951
0.031898990095
0.0329501817912
0.0340398995052
0.0351681543205
0.0363349579159
0.0375403225414
0.0387842609944
0.0400667865942
0.0413879131558
0.0427476549631
0.0441460267408
0.0455830436257
0.0470587211371
0.0485730751452
0.0501261218402
0.0517178776985
0.0533483594495
0.0550175840395
0.0567255685962
0.0584723303909
0.0602578867993
0.0620822552621
0.0639454532434
0.0658474981879
0.067788407477
0.0697681983833
0.0717868880234
0.07384449331
0.0759410309014
0.0780765171504
0.0802509680508
0.0824643991827
0.0847168256563
0.0870082620532
0.0893387223668
0.0917082199402
0.0941167674031
0.0965643766054
0.0990510585505
0.101576823326
0.104141680031
0.106745636704
0.109388700247
0.112070876349
0.114792169404
0.117552582429
0.120352116984
0.123190773081
0.126068549098
0.128985441688
0.131941445686
0.134936554012
0.137970757575
0.141044045177
0.144156403401
0.147307816516
0.150498266368
0.153727732267
0.156996190883
0.160303616124
0.163649979029
0.167035247646
0.170459386913
0.173922358537
0.177424120872
0.180964628789
0.184543833556
0.188161682703
0.191818119897
0.195513084808
0.199246512977
0.203018335681
0.206828479804
0.210676867692
0.21456341703
0.218488040693
0.222450646621
0.226451137678
0.230489411516
0.234565360446
0.238678871298
0.242829825294
0.247018097918
0.251243558784
0.255506071518
0.259805493628
0.26414167639
0.26851446473
0.272923697117
0.277369205452
0.28185081497
0.286368344146
0.290921604601
0.295510401025
0.300134531099
0.304793785427
0.309487947479
0.314216793541
0.318980092672
0.323777606674
0.328609090073
0.333474290106
0.338372946727
0.343304792615
0.348269553205
0.353266946724
0.358296684243
0.363358469738
0.368452000176
0.373576965599
0.378733049231
0.383919927603
0.389137270679
0.394384742008
0.399661998882
0.404968692513
0.410304468214
0.415668965604
0.421061818816
0.426482656717
0.431931103145
0.437406777144
0.442909293217
0.448438261583
0.453993288433
0.459573976204
0.465179923841
0.470810727066
0.476465978653
0.482145268687
0.487848184827
0.493574312563
0.499323235457
0.505094535383
0.510887792747
0.516702586691
0.522538495289
0.528395095715
0.53427196439
0.540168677115
0.54608480917
0.552019935391
0.557973630217
0.563945467715
0.569935021566
0.575941865029
0.581965570868
0.588005711257
0.594061857645
0.6001335806
0.606220449625
0.61232203294
0.618437897254
0.624567607503
0.630710726581
0.636866815049
0.643035430844
0.649216128976
0.65540846123
0.661611975878
0.667826217401
0.674050726236
0.68028503855
0.686528686054
0.692781195863
0.699042090406
0.705310887411
0.711587099954
0.717870236599
0.724159801628
0.730455295379
0.736756214693
0.74306205349
0.749372303476
0.75568645499
0.762003998007
0.768324423292
0.774647223726
0.780971895802
0.78729794129
0.793624869093
0.799952197273
0.806279455264
0.812606186272
0.818931949837
0.825256324585
0.831578911135
0.837899335168
0.844217250644
0.850532343152
0.856844333381
0.863152980692
0.869458086784
0.875759499425
0.882057116221
0.888350888428
0.894640824756
0.900926995159
0.907209534591
0.913488646695
0.919764607415
0.926037768509
0.932308560945
0.938577498168
0.944845179222
0.951112291721
0.957379614661
0.963648021079
0.969918480544
0.976192061514
0.982469933536
0.988753369337
0.995043746802
1.00134255088
1.00765137546
1.01397192517
1.02030601729
1.02665558367
1.03302267283
1.03940945211
1.04581821024
1.05225135999
1.05871144139
1.06520112518
1.07172321694
1.07828066173
1.08487654938
1.09151412065
1.09819677422
1.10492807467
1.11171176163
1.11855176016
1.12545219255
1.13241739178
1.13945191667
1.14656056915
1.15374841374
1.16102079968
1.16838338588
1.1758421693
1.18340351708
1.191074203
1.19886144899
1.20677297248
1.21481704037
1.22300253102
1.23133900536
1.23983678896
1.24850706698
1.25736199458
1.26641482574
1.27568006443
1.28517364281
1.29491313252
1.30491799672
1.31520989257
1.32581303683
1.33675465095
1.34806550735
1.35978060537
1.37194001583
1.38458994634
1.39778410008
1.41158542915
1.42606842639
1.44132216305
1.45745437713
1.47459706763
1.4929142884
1.5126132159
1.5339601795
1.55730431967
1.5831129907
1.6120246326
1.64492362035
1.683020057
1.72777761283
1.77972398559
1.83140839258
1.85103771795
1.82066944315
1.77543916073
1.73520741206
1.7022500968
1.67529806699
1.65295895663
1.6341700049
1.61816150734
1.6043732112
1.59238906065
1.58189261361
1.57263725242
1.56442611912
1.55709836071
1.55051950976
1.54457462804
1.53916334142
1.5341962066
1.52959204747
1.52527602474
1.52117828381
1.51723307724
1.51337828976
1.5095553094
1.50570919356
1.5017890746
1.49774874033
1.49354731326
1.48914994267
1.48452842006
1.47966163311
1.47453578922
1.46914436409
1.46348776219
1.45757270813
1.45141141626
1.44502060574
1.43842043746
1.43163344743
1.42468354103
1.41759509645
1.41039220773
1.40309808072
1.395734581
1.38832192234
1.38087847787
1.37342069279
1.36596307722
1.358518259
1.35109707872
1.34370871207
1.33636080783
1.3290596321
1.32181021234
1.31461647635
1.30748138305
1.30040704341
1.29339483038
1.28644547772
1.27955916787
1.27273560942
1.26597410487
1.2592736096
1.25263278272
1.24605003085
1.23952354564
1.23305133564
1.22663125356
1.22026101931
1.21393823956
1.20766042447
1.20142500184
1.19522932939
1.1890707054
1.1829463781
1.17685355419
1.17078940665
1.16475108219
1.15873570843
1.15274040108
1.14676227125
1.14079843295
1.1348460109
1.12890214877
1.12296401778
1.11702882575
1.11109382661
1.10515633024
1.09921371265
1.09326342647
1.08730301154
1.08133010558
1.07534245476
1.0693379241
1.06331450744
1.057270337
1.05120369215
1.04511300753
1.03899688006
1.03285407502
1.02668353084
1.02048436265
1.01425586448
1.00799751004
1.0017089521
0.995390020386
0.989040718126
0.982661217243
0.976251852261
0.969813113042
0.963345636474
0.956850197222
0.950327697697
0.943779157396
0.937205701752
0.930608550664
0.923989006858
0.917348444206
0.910688296168
0.904010044458
0.897315208065
0.890605332714
0.883881980867
0.877146722317
0.870401125444
0.863646749168
0.856885135625
0.850117803577
0.843346242578
0.836571907855
0.829796215927
0.823020540904
0.816246211462
0.809474508442
0.802706663047
0.795943855583
0.789187214716
0.782437817191
0.775696687966
0.768964800734
0.762243078767
0.755532396066
0.748833578752
0.74214740669
0.735474615277
0.728815897392
0.722171905458
0.715543253594
0.708930519836
0.702334248388
0.695754951902
0.689193113753
0.682649190296
0.676123613087
0.669616791068
0.663129112675
0.656660947897
0.650212650242
0.643784558627
0.637376999171
0.630990286897
0.62462472733
0.618280617994
0.611958249809
0.60565790837
0.59937987514
0.593124428516
0.58689184481
0.58068239912
0.574496366097
0.568334020626
0.562195638405
0.556081496436
0.549991873433
0.543927050146
0.537887309606
0.531872937302
0.525884221281
0.519921452199
0.513984923295
0.508074930332
0.502191771467
0.496335747098
0.490507159659
0.484706313379
0.478933514024
0.473189068596
0.467473285025
0.461786471832
0.456128937786
0.450500991548
0.444902941305
0.439335094406
0.43379775699
0.428291233622
0.42281582693
0.417371837249
0.411959562275
0.406579296721
0.401231332001
0.395915955908
0.390633452322
0.385384100925
0.380168176929
0.374985950835
0.369837688189
0.364723649375
0.359644089411
0.35459925777
0.349589398218
0.344614748668
0.339675541052
0.33477200121
0.329904348795
0.325072797198
0.320277553479
0.315518818326
0.310796786018
0.306111644409
0.301463574919
0.296852752541
0.292279345863
0.287743517092
0.283245422102
0.278785210477
0.274363025574
0.26997900459
0.265633278636
0.261325972826
0.257057206359
0.252827092618
0.248635739271
0.244483248378
0.240369716497
0.236295234802
0.2322598892
0.228263760446
0.224306924274
0.220389451512
0.216511408217
0.212672855795
0.208873851133
0.205114446727
0.201394690812
0.197714627488
0.194074296851
0.19047373512
0.186912974764
0.183392044632
0.179910970072
0.176469773059
0.173068472319
0.169707083444
0.166385619016
0.163104088725
0.159862499479
0.156660855522
0.153499158543
0.150377407788
0.147295600162
0.144253730338
0.141251790858
0.138289772231
0.135367663035
0.132485450007
0.12964311814
0.126840650772
0.124078029676
0.121355235142
0.118672246064
0.116029040022
0.113425593355
0.110861881246
0.10833787779
0.105853556068
0.103408888218
0.101003845502
0.0986383983706
0.0963125165288
0.0940261689954
0.0917793241634
0.0895719498571
0.0874040133879
0.0852754816075
0.0831863209599
0.081136497531
0.0791259770969
0.0771547251699
0.0752227070434
0.0733298878343
0.0714762325249
0.069661706002
0.0678862730952
0.0661498986134
0.06445254738
0.062794184266
0.0611747742229
0.0595942823128
0.0580526737381
0.0565499138699
0.055085968274
0.0536608027374
0.0522743832918
0.0509266762372
0.0496176481638
0.0483472659724
0.0471154968946
0.045922308511
0.0447676687689
0.0436515459986
0.0425739089289
0.0415347267019
0.0405339688857
0.0395716054876
0.0386476069654
0.0377619442377
0.0369145886944
0.0361055122046
0.0353346871255
0.0346020863086
0.0339076831067
0.0332514513789
0.0326333654953
0.0320534003407
0.0315115313177
0.031007734349
0.0305419858784
0.0301142628719
0.0297245428171
0.0293728037226
0.0290590241164
0.0287831830431
0.028545260061
0.0283452352379
0.0281830891469
0.0280588028605
0.0279723579447
0.0279237364516
0.0279129209126
0.027939894329
0.0280046401635
0.0281071423298
0.0282473851821
0.0284253535038
0.0286410324948
0.0288944077588
0.0291854652892
0.0295141914547
0.0298805729839
0.0302845969488
0.0307262507477
0.0312055220877
0.0317223989655
0.032276869648
0.0328689226516
0.0334985467211
0.0341657308071
0.0348704640432
0.0356127357214
0.0363925352673
0.0372098522141
0.0380646761753
0.038956996817
0.0398868038289
0.0408540868938
0.0418588356568
0.0429010396935
0.0439806884758
0.0450977713384
0.046252277443
0.0474441957414
0.0486735149382
0.0499402234513
0.051244309372
0.0525857604236
0.0539645639183
0.055380706714
0.0568341751682
0.0583249550923
0.059853031703
0.0614183895736
0.0630210125833
0.064660883865
0.0663379857523
0.0680522997245
0.0698038063506
0.0715924852316
0.0734183149412
0.0752812729657
0.0771813356415
0.0791184780919
0.081092674162
0.0831038963524
0.0851521157509
0.0872373019632
0.089359423042
0.0915184454147
0.0937143338089
0.0959470511777
0.0982165586227
0.100522815316
0.102865778419
0.105245403004
0.10766164197
0.11011444596
0.112603763276
0.115129539792
0.117691718867
0.12029024126
0.122925045034
0.125596065473
0.128303234986
0.131046483017
0.133825735952
0.136640917028
0.139491946235
0.142378740226
0.145301212223
0.14825927192
0.151252825394
0.154281775003
0.157346019304
0.160445452951
0.163579966609
0.166749446858
0.169953776111
0.17319283252
0.17646648989
0.179774617601
0.183117080517
0.186493738915
0.189904448401
0.193349059843
0.196827419296
0.200339367937
0.203884742003
0.207463372734
0.211075086316
0.214719703835
0.218397041235
0.222106909276
0.225849113508
0.229623454242
0.233429726533
0.23726772017
0.241137219669
0.245038004279
0.248969847994
0.252932519571
0.25692578256
0.260949395343
0.265003111176
0.269086678251
0.273199839756
0.277342333953
0.281513894259
0.285714249345
0.289943123239
0.294200235437
0.298485301029
0.302798030834
0.30713813154
0.311505305854
0.315899252671
0.320319667232
0.324766241311
0.329238663394
0.333736618873
0.338259790242
0.342807857305
0.347380497378
0.351977385506
0.356598194675
0.361242596028
0.365910259088
0.370600851966
0.375314041583
0.380049493881
0.384806874026
0.389585846618
0.394386075878
0.399207225838
0.404048960517
0.408910944084
0.413792841012
0.41869431621
0.423615035148
0.42855466396
0.433512869524
0.438489319535
0.443483682541
0.448495627966
0.453524826113
0.458570948132
0.463633665974
0.468712652312
0.473807580444
0.478918124165
0.484043957614
0.489184755101
0.494340190904
0.499509939046
0.504693673049
0.509891065664
0.515101788591
0.52032551217
0.52556190507
0.530810633956
0.53607136315
0.541343754295
0.546627466004
0.551922153521
0.557227468386
0.562543058112
0.567868565878
0.573203630246
0.578547884899
0.583900958421
0.589262474115
0.594632049855
0.600009298009
0.605393825403
0.610785233364
0.616183117822
0.621587069502
0.626996674194
0.632411513117
0.637831163379
0.643255198546
0.64868318931
0.654114704285
0.659549310908
0.664986576476
0.670426069303
0.675867360005
0.681310022923
0.686753637671
0.692197790821
0.697642077717
0.703086104419
0.708529489772
0.713971867591
0.71941288897
0.724852224692
0.730289567738
0.735724635889
0.741157174407
0.746586958778
0.752013797515
0.757437535002
0.762858054357
0.768275280317
0.773689182112
0.77909977632
0.784507129693
0.789911361928
0.795312648377
0.800711222681
0.80610737931
0.811501476004
0.816893936109
0.822285250783
0.827675981088
0.833066759951
0.838458293997
0.84385136525
0.849246832722
0.854645633872
0.860048785973
0.865457387368
0.870872618667
0.876295743867
0.881728111438
0.887171155401
0.8926263964
0.89809544283
0.903579992022
0.909081831537
0.914602840606
0.920144991732
0.925710352529
0.931301087806
0.936919461971
0.94256784178
0.948248699496
0.953964616509
0.959718287471
0.965512525011
0.971350265103
0.977234573142
0.983168650835
0.989155843963
0.995199651145
1.00130373368
1.00747192661
1.01370825116
1.02001692861
1.02640239599
1.03286932353
1.03942263433
1.04606752639
1.05280949744
1.05965437275
1.06660833659
1.07367796771
1.08087027944
1.08819276524
1.09565345046
1.1032609514
1.11102454285
1.11895423567
1.12706086617
1.13535619947
1.14385304955
1.15256541935
1.16150866485
1.17069968838
1.18015716735
1.18990182644
1.19995676337
1.21034784094
1.22110416199
1.23225864817
1.24384875026
1.25591732548
1.2685137285
1.28169517703
1.29552847116
1.31009216807
1.32547933924
1.34180105806
1.35919076338
1.3778095626
1.39785222813
1.41955270731
1.44318532804
1.46905056514
1.4974140022
1.52831238648
1.56100849418
1.5926955867
1.61666489635
1.62397934071
1.61267551745
1.5904778485
1.56545936696
1.54159734541
1.52014581534
1.50124357716
1.48466891328
1.47012002469
1.45730752898
1.44597946579
1.43592342011
1.42696171975
1.41894526703
1.41174781279
1.40526113972
1.39939116464
1.39405483493
1.38917767524
1.3846918588
1.38053470476
1.37664752835
1.37297479132
1.36946351645
1.36606293982
1.362724381
1.35940131215
1.35604960435
1.35262792316
1.34909823645
1.34542638849
1.34158268582
1.33754243599
1.33328638093
1.32880097411
1.32407846414
1.31911676635
1.3139191248
1.30849358765
1.30285233494
1.29701090882
1.29098739968
1.28480163883
1.27847444073
1.2720269268
1.26547995104
1.25885363649
1.25216702218
1.2454378132
1.23868222217
1.23191488759
1.22514885443
1.21839560265
1.21166511075
1.20496594342
1.19830535418
1.19168939578
1.18512303304
1.17861025384
1.17215417566
1.16575714572
1.15942083358
1.15314631582
1.14693415246
1.14078445547
1.13469694966
1.12867102639
1.1227057908
1.11680010293
1.11095261355
1.10516179511
1.09942596836
1.09374332531
1.08811194877
1.08252982909
1.07699487839
1.07150494271
1.06605781232
1.06065123055
1.0552829014
1.04995049607
1.0446516588
1.03938401197
1.0341451609
1.0289326982
1.02374420805
1.01857727041
1.01342946524
1.00829837685
1.00318159845
0.998076736918
0.992981417873
0.987893291031
0.982810035884
0.977729367695
0.972649043791
0.967566870128
0.962480708095
0.957388481503
0.952288183694
0.947177884713
0.942055738455
0.936919989706
0.931768980988
0.926601159124
0.921415081416
0.916209421356
0.91098297378
0.90573465937
0.90046352845
0.895168763987
0.889849683753
0.884505741614
0.879136527888
0.873741768796
0.868321324967
0.862875189045
0.857403482404
0.851906451022
0.846384460574
0.840837990801
0.835267629234
0.829674064364
0.824058078331
0.818420539242
0.812762393194
0.807084656118
0.801388405513
0.795674772174
0.789944931991
0.784200097894
0.778441512025
0.772670438179
0.766888154594
0.761095947108
0.755295102741
0.749486903723
0.743672621986
0.737853514138
0.73203081692
0.72620574316
0.720379478194
0.714553176772
0.708727960409
0.702904915185
0.697085089955
0.691269494962
0.68545910081
0.679654837795
0.673857595545
0.668068222955
0.66228752839
0.656516280125
0.650755207
0.64500499927
0.639266309614
0.633539754294
0.627825914435
0.622125337411
0.616438538316
0.610766001497
0.605108182148
0.599465507936
0.593838380652
0.588227177872
0.582632254621
0.577053945027
0.571492563954
0.56594840861
0.560421760121
0.554912885059
0.549422036936
0.543949457632
0.538495378778
0.533060023078
0.527643605565
0.522246334799
0.516868413992
0.511510042072
0.506171414674
0.500852725065
0.495554164995
0.490275925486
0.485018197546
0.479781172821
0.474565044173
0.469370006203
0.464196255701
0.45904399204
0.453913417512
0.448804737599
0.443718161197
0.438653900782
0.433612172533
0.428593196399
0.423597196131
0.418624399262
0.413675037061
0.40874934444
0.403847559836
0.398969925057
0.394116685106
0.389288087981
0.384484384446
0.379705827796
0.37495267359
0.370225179387
0.365523604458
0.360848209495
0.356199256314
0.351577007551
0.346981726352
0.342413676075
0.337873119978
0.333360320916
0.328875541047
0.324419041534
0.319991082263
0.315591921557
0.311221815914
0.306881019739
0.302569785099
0.298288361482
0.294036995565
0.289815931006
0.285625408233
0.281465664255
0.277336932485
0.273239442572
0.269173420249
0.265139087193
0.261136660893
0.257166354543
0.253228376929
0.249322932348
0.245450220519
0.241610436522
0.237803770737
0.234030408801
0.230290531569
0.226584315091
0.222911930589
0.219273544459
0.215669318262
0.21209940874
0.208563967828
0.20506314268
0.2015970757
0.198165904576
0.194769762327
0.191408777346
0.188083073459
0.184792769977
0.181537981763
0.178318819296
0.175135388741
0.171987792022
0.168876126897
0.165800487035
0.162760962102
0.159757637834
0.156790596131
0.153859915134
0.150965669316
0.14810792957
0.145286763293
0.142502234476
0.139754403796
0.1370433287
0.134369063496
0.131731659441
0.129131164829
0.12656762508
0.124041082823
0.121551577986
0.119099147877
0.116683827272
0.114305648496
0.111964641505
0.109660833966
0.107394251336
0.105164916943
0.10297285206
0.100818075976
0.098700606079
0.0966204579189
0.0945776452829
0.0925721802623
0.0906040733202
0.088673333357
0.0867799677739
0.0849239825356
0.0831053822303
0.0813241701288
0.0795803482415
0.0778739173741
0.0762048771812
0.0745732262187
0.0729789619939
0.0714220810147
0.0699025788367
0.0684204501086
0.0669756886166
0.0655682873263
0.0641982384236
0.0628655333542
0.0615701628608
0.0603121170194
0.0590913852743
0.0579079564703
0.0567618188851
0.055652960259
0.0545813678237
0.0535470283294
0.0525499280709
0.0515900529114
0.0506673883062
0.0497819193239
0.0489336306667
0.0481225066894
0.047348531417
0.0466116885609
0.045911961534
0.0452493334643
0.0446237872072
0.0440353053569
0.0434838702562
0.042969464005
0.0424920684679
0.0420516652803
0.0416482358535
0.0412817613783
0.040952222828
0.0406596009591
0.0404038763122
0.0401850292108
0.0400030397588
0.039857887838
0.0397495531027
0.039678014975
0.0396432526372
0.0396452450244
0.0396839708152
0.0397594084216
0.0398715359774
0.0400203313258
0.0402057720055
0.0404278352363
0.0406864979025
0.0409817365361
0.0413135272985
0.0416818459608
0.0420866678832
0.0425279679932
0.0430057207625
0.0435199001833
0.0440704797421
0.0446574323938
0.0452807305339
0.0459403459693
0.0466362498883
0.0473684128294
0.0481368046488
0.0489413944863
0.0497821507308
0.050659040984
0.0515720320228
0.052521089761
0.0535061792095
0.054527264435
0.0555843085183
0.0566772735101
0.0578061203871
0.0589708090056
0.0601712980547
0.061407545008
0.0626795060741
0.0639871361461
0.0653303887497
0.0667092159904
0.0681235684994
0.0695733953783
0.0710586441431
0.0725792606666
0.0741351891205
0.0757263719155
0.0773527496412
0.0790142610049
0.0807108427694
0.0824424296899
0.0842089544501
0.086010347598
0.0878465374801
0.089717450176
0.0916230094315
0.0935631365921
0.0955377505351
0.0975467676025
0.0995901015326
0.101667663392
0.103779361508
0.105925101399
0.108104785709
0.110318314137
0.112565583374
0.114846487033
0.117160915581
0.119508756281
0.121889893123
0.124304206759
0.126751574449
0.129231869992
0.131744963675
0.134290722212
0.136869008692
0.139479682525
0.142122599396
0.144797611212
0.147504566064
0.150243308185
0.153013677909
0.155815511642
0.15864864183
0.161512896933
0.164408101403
0.167334075671
0.170290636131
0.173277595134
0.17629476099
0.179341937966
0.182418926303
0.185525522226
0.188661517969
0.191826701804
0.195020858074
0.198243767238
0.201495205919
0.204774946957
0.208082759478
0.211418408961
0.214781657317
0.218172262975
0.221589980974
0.225034563066
0.22850575782
0.232003310743
0.235526964396
0.23907645853
0.242651530218
0.246251913999
0.249877342029
0.253527544236
0.257202248479
0.260901180718
0.26462406518
0.268370624537
0.272140580086
0.275933651925
0.279749559142
0.283588019998
0.28744875211
0.29133147264
0.295235898479
0.299161746427
0.303108733374
0.307076576475
0.311064993319
0.315073702095
0.319102421749
0.323150872132
0.327218774138
0.331305849837
0.335411822587
0.339536417142
