-1.59428026336e-14
7.59239370733e-05
0.000303709932155
0.000683400546534
0.00121506674861
0.00189880796324
0.00273475214097
0.00372305584707
0.0048639043707
0.00615751185404
0.00760412144175
0.00920400545086
0.0109574655611
0.0128648330264
0.0149264689064
0.017142764321
0.019514140724
0.0220410502009
0.0247239757869
0.0275634318085
0.0305599642467
0.0337141511244
0.0370266029161
0.0404979629818
0.0441289080253
0.047920148576
0.0518724294966
0.0559865305152
0.0602632667833
0.0647034894598
0.069308086321
0.0740779823972
0.0790141406367
0.0841175625958
0.0893892891577
0.0948304012772
0.100442020754
0.106225311035
0.112181478039
0.118311771015
0.124617483423
0.131099953843
0.137760566911
0.144600754272
0.15162199557
0.158825819444
0.166213804559
0.17378758064
0.181548829534
0.189499286273
0.197640740149
0.205975035789
0.214504074229
0.223229813976
0.232154272045
0.241279524983
0.250607709837
0.260141025081
0.26988173147
0.279832152814
0.289994676644
0.300371754748
0.310965903551
0.321779704313
0.332815803093
0.344076910449
0.355565800825
0.367285311553
0.379238341427
0.39142784875
0.403856848781
0.416528410474
0.429445652391
0.442611737661
0.456029867818
0.469703275348
0.48363521474
0.497828951799
0.512287750957
0.527014860273
0.54201349377
0.557286810722
0.572837891415
0.588669708914
0.604785096234
0.62118670831
0.63787697806
0.6548580658
0.672131801182
0.689699616831
0.707562472785
0.725720770883
0.74417425831
0.762921919597
0.78196185663
0.801291156533
0.820905747798
0.840800245709
0.860967789057
0.881399871332
0.902086171104
0.923014388145
0.944170093949
0.965536607642
0.987094910599
1.00882361518
1.03069900435
1.05269515913
1.074784189
1.09693657608
1.1191216362
1.141308089
1.16346471463
1.18556105793
1.20756812369
1.22945899102
1.25120926466
1.27279727854
1.29420397397
1.31541239289
1.33640675383
1.35717111302
1.37768765276
1.39793468141
1.4178844736
1.43750112602
1.45673865341
1.47553959998
1.49383448488
1.5115424198
1.52857320555
1.54483109913
1.56022021807
1.57465121988
1.58804851514
1.60035695903
1.61154685724
1.62161632303
1.63059052507
1.63851802809
1.64546502659
1.65150861239
1.65673022364
1.6612101599
1.66502365527
1.66823861918
1.67091487043
1.67310453025
1.67485318738
1.67620146965
1.67718671916
1.67784454706
1.67821012401
1.67831913473
1.67820838489
1.67791609338
1.67748193308
1.67694689824
1.67635307993
1.67574342464
1.67516153946
1.67465159265
1.67425834459
1.67402733232
1.67400522302
1.67424034774
1.67478342782
1.67568851163
1.67701414997
1.67882485496
1.68119291126
1.68420064289
1.687943289
1.69253271492
1.69810229447
1.70481346618
1.71286472488
1.72250421535
1.73404773069
1.74790488931
1.76461759727
1.7849159986
1.80979403509
1.84057834992
1.87879408373
1.92456064688
1.9649963859
1.95918364502
1.91040283847
1.85073967213
1.79456571268
1.74455713873
1.7001993811
1.66045696966
1.62438619278
1.59122791482
1.56038554325
1.53138685881
1.5038515279
1.47746722983
1.45197314403
1.42714900737
1.40280820168
1.37879364769
1.35497552058
1.33124997482
1.30753821235
1.28378538294
1.2599589821
1.23604660257
1.21205307445
1.1879971676
1.1639081092
1.13982218276
1.11577963663
1.09182205901
1.06799029748
1.04432292994
1.0208552419
0.997618633827
0.97464036994
0.95194358072
0.929547441349
0.907467461523
0.88571583666
0.864301823723
0.843232116151
0.822511201351
0.80214169094
0.782124618814
0.762459705444
0.743145589019
0.724180025362
0.705560059275
0.687282170299
0.669342395901
0.651736435009
0.634459734555
0.617507561496
0.60087506244
0.584557312771
0.568549356936
0.552846241258
0.53744304052
0.522334879315
0.507516949035
0.492984521243
0.478732958013
0.464757719796
0.451054371207
0.437618585123
0.42444614538
0.411532948339
0.398875003513
0.386468433446
0.374309472995
0.362394468118
0.35071987429
0.339282254623
0.32807827776
0.317104715597
0.306358440894
0.295836424796
0.285535734314
0.275453529777
0.26558706229
0.255933671201
0.246490781601
0.237255901871
0.228226621269
0.21940060758
0.210775604824
0.20234943103
0.194119976078
0.186085199607
0.178243128995
0.170591857411
0.16312954193
0.155854401725
0.148764716321
0.141858823919
0.135135119781
0.12859205469
0.122228133456
0.116041913497
0.110032003468
0.104197061957
0.0985357962273
0.0930469610189
0.0877293573986
0.0825818316614
0.0776032742806
0.072792618903
0.0681488413906
0.063670958905
0.0593580290341
0.0552091489596
0.0512234546627
0.047400120169
0.0437383568291
0.0402374126347
0.0368965715689
0.0337151529899
0.0306925110457
0.0278280341212
0.0251211443138
0.0225712969387
0.0201779800627
0.0179407140646
0.0158590512221
0.013932575325
0.0121609013124
0.010543674935
0.00908057244016
0.00777130028038
0.0066155948436
0.00561322220537
0.00476397790184
0.00406768672328
0.00352420252751
0.00313340807251
0.00289521486794
0.00280956304484
0.00287642124307
0.00309578651588
0.00346768425113
0.00399216810864
0.00466931997295
0.00549924992113
0.00648209620478
0.00761802524583
0.00890723164529
0.0103499382043
0.0119463959565
0.0136968842117
0.0156017106082
0.0176612111754
0.0198757504025
0.0222457213152
0.0247715455566
0.0274536734726
0.0302925841987
0.0332887857486
0.0364428150998
0.0397552382765
0.0432266504262
0.0468576758876
0.0506489682466
0.0546012103772
0.0587151144636
0.0629914219997
0.0674309037601
0.0720343597392
0.0768026190509
0.0817365397838
0.0868370088034
0.0921049414943
0.0975412814331
0.103146999981
0.108923095785
0.11487059418
0.120990546467
0.12728402906
0.133752142489
0.140396010221
0.1472167773
0.154215608767
0.161393687834
0.168752213787
0.17629239959
0.184015469135
0.191922654112
0.200015190455
0.208294314304
0.216761257428
0.225417242064
0.234263475086
0.243301141439
0.25253139676
0.2619553591
0.271574099646
0.28138863235
0.291399902355
0.301608773101
0.312016011998
0.322622274537
0.333428086715
0.344433825649
0.355639698262
0.36704571792
0.378651678932
0.390457128832
0.402461338421
0.41466326954
0.427061540687
0.439654390579
0.452439639938
0.465414651847
0.47857629122
0.49192088406
0.505444177447
0.519141301388
0.533006733978
0.547034271575
0.561217006022
0.575547311231
0.590016841728
0.604616545945
0.619336697176
0.634166945066
0.649096390262
0.664113684385
0.679207156701
0.694364967737
0.709575288672
0.724826503525
0.740107429155
0.755407545886
0.770717229408
0.786027972604
0.801332584337
0.816625351252
0.831902148288
0.847160484129
0.862399469047
0.877619694447
0.892823015694
0.908012232136
0.923190660401
0.938361598781
0.953527681695
0.968690123983
0.983847855433
0.998996547152
1.0141275342
1.02922664471
1.04427295647
1.05923751922
1.07408210792
1.08875810871
1.10320568636
1.11735343454
1.13111875827
1.14440926405
1.15712541095
1.16916457693
1.18042649888
1.19081975688
1.2002686442
1.20871948868
1.21614539015
1.22254849848
1.22795938066
1.23243360028
1.23604617511
1.23888491566
1.24104369778
1.24261652303
1.24369288566
1.2443546214
1.24467414842
1.24471385543
1.24452633536
1.2441551744
1.24363605379
1.24299798044
1.24226451884
1.24145494311
1.2405852633
1.23966910521
1.23871843987
1.23774416955
1.23675658356
1.23576570057
1.2347815154
1.23381416861
1.2328740559
1.23197189344
1.2311187532
1.23032608058
1.22960570484
1.2289698509
1.22843115952
1.22800272151
1.22769813031
1.22753155663
1.22751784811
1.22767265678
1.22801259716
1.22855543832
1.22932033364
1.23032809368
1.23160150866
1.23316572965
1.23504872033
1.23728179529
1.23990026611
1.24294422382
1.24645949639
1.25049883348
1.25512339038
1.26040461039
1.26642664453
1.2732895053
1.28111323591
1.2900435032
1.30025921095
1.31198301017
1.32549598363
1.34115829529
1.3594380088
1.38094948971
1.40649596504
1.43707657428
1.47365591487
1.51567716458
1.55213534673
1.55717396728
1.5262580905
1.47784543335
1.42769721838
1.38143436467
1.33997733033
1.3028794307
1.26944401032
1.23902803898
1.21110134806
1.18523990017
1.16110540801
1.13842563286
1.11697848904
1.09657995037
1.0770750435
1.05833119301
1.04023332521
1.02268028744
1.00558226007
0.988858925115
0.972438215651
0.956255509766
0.94025315804
0.924380249673
0.908592532873
0.892852413528
0.877128964794
0.861397890716
0.845641399937
0.829847960825
0.814011925733
0.798133028178
0.782215770686
0.76626873151
0.750303824548
0.734335548382
0.718380257986
0.702455487252
0.686579343342
0.670769986129
0.655045198648
0.639422048212
0.623916633019
0.608543905805
0.593317564151
0.578249996384
0.563352272124
0.548634167369
0.53410421508
0.519769773591
0.505637106492
0.491711468874
0.477997196005
0.464497791452
0.451216012523
0.438153951543
0.425313112031
0.412694479244
0.400298584871
0.388125565881
0.376175217675
0.364447041844
0.352940288827
0.341653995889
0.330587020769
0.319738071417
0.309105732177
0.29868848678
0.288484738493
0.278492827715
0.268711047318
0.259137655985
0.249770889779
0.240608972152
0.231650122583
0.222892564003
0.21433452917
0.20597426611
0.197810042752
0.189840150851
0.182062909293
0.174476666861
0.167079804535
0.159870737384
0.152847916097
0.146009828218
0.139354999115
0.132881992712
0.126589412031
0.120475899571
0.114540137528
0.108780847907
0.103196792518
0.0977867728918
0.092549630118
0.0874842446221
0.082589535892
0.0778644621628
0.0733080200686
0.068919244268
0.0646972070492
0.0606410179208
0.0567498231923
0.0530228055483
0.0494591836198
0.0460582115558
0.0428191785976
0.0397414086573
0.0368242599031
0.0340671243527
0.031469427475
0.029030627803
0.0267502165565
0.0246277172772
0.022662685475
0.0208547082866
0.0192034041467
0.0177084224714
0.0163694433535
0.0151861772699
0.0141583648015
0.0132857763634
0.012568211946
0.0120055008673
0.0115975015336
0.0113441012095
0.0112452157959
0.0113007896142
0.011510795197
0.011875233083
0.012394131615
0.0130675467397
0.0138955618077
0.0148782873715
0.0160158609797
0.0173084469655
0.0187562362269
0.0203594459956
0.0221183195924
0.0240331261651
0.0261041604062
0.0283317422458
0.0307162165157
0.0332579525804
0.0359573439293
0.0388148077239
0.0418307842953
0.0450057365833
0.0483401495107
0.0518345292831
0.0554894026067
0.0593053158119
0.0632828338725
0.0674225393077
0.071725030954
0.0761909225901
0.0808208414001
0.0856154262557
0.090575325798
0.0957011962964
0.100993699261
0.106453498783
0.112081258569
0.117877638654
0.123843291729
0.129978859088
0.136284966108
0.142762217263
0.149411190594
0.156232431597
0.163226446488
0.170393694765
0.177734581033
0.185249446021
0.192938556729
0.200802095646
0.20884014898
0.21705269384
0.225439584307
0.234000536368
0.242735111649
0.251642699954
0.260722500581
0.269973502452
0.279394463119
0.288983886714
0.298740001022
0.308660733861
0.318743689053
0.328986122353
0.339384917798
0.349936565048
0.360637138423
0.371482278471
0.382467177051
0.39358656706
0.404834718064
0.416205439255
0.427692091219
0.439287608087
0.450984531635
0.462775058822
0.474651104079
0.486604377377
0.498626478662
0.510709008702
0.522843695663
0.535022535921
0.547237946678
0.559482926992
0.571751222849
0.584037491045
0.59633745593
0.608648052582
0.620967549817
0.6332956466
0.645633535914
0.65798393095
0.670351049516
0.68274055365
0.695159442563
0.707615897904
0.720119080902
0.732678881033
0.745305615342
0.75800967639
0.770801124984
0.783689221319
0.796681885152
0.809785072123
0.823002049812
0.836332553904
0.849771802822
0.863309349611
0.87692775461
0.890601074515
0.904293186576
0.917956005989
0.931527715223
0.944931209831
0.958073074803
0.970843526065
0.983117851946
0.994759913676
1.0056281364
1.01558407085
1.02450301258
1.03228542772
1.03886729377
1.04422724608
1.04838886543
1.05141751281
1.05341244515
1.0544960012
1.05480204584
1.05446556728
1.05361460368
1.05236489149
1.05081703357
1.04905566415
1.04715000187
1.04515524217
1.04311436263
1.04106004647
1.03901654004
1.03700134334
1.03502668866
1.03310079773
1.03122892724
1.02941422283
1.0276584054
1.0259623137
1.02432632604
1.02275068122
1.0212357169
1.01978204067
1.01839064739
1.01706299417
1.01580104286
1.01460727838
1.01348471004
1.0124368618
1.01146775651
1.01058189834
1.00978425673
1.00908025479
1.00847576421
1.00797710869
1.00759107717
1.00732494818
1.00718652622
1.00718419127
1.00732696231
1.00762457589
1.00808758114
1.00872745281
1.00955672419
1.01058914282
1.01183985215
1.01332560372
1.01506500543
1.01707881351
1.01939027768
1.02202555236
1.02501419053
1.02838974233
1.03219048808
1.03646034541
1.04125000509
1.0466183707
1.05263440764
1.05937955188
1.06695089675
1.07546548095
1.08506616771
1.09592987636
1.10827938393
1.12240070867
1.13866952403
1.15759276662
1.17987698614
1.20654622677
1.23915682917
1.28021099919
1.33396794663
1.40756532789
1.49908339766
1.48590619371
1.39313944519
1.31259097307
1.24902574672
1.19750909189
1.15433958083
1.11715602204
1.08443373805
1.05515048041
1.02859370189
1.00424892747
0.981732988349
0.960752592838
0.941077697961
0.922523838631
0.90494006434
0.888200497874
0.872198302498
0.85684129488
0.842048712249
0.827748809941
0.813877071536
0.800374882175
0.787188560285
0.774268672143
0.761569572739
0.749049128373
0.736668583687
0.724392539898
0.712189013079
0.700029542491
0.68788931998
0.675747313064
0.663586357005
0.651393195085
0.639158451574
0.626876528066
0.614545420564
0.602166461232
0.589743994527
0.577285001859
0.564798691792
0.55229607382
0.539789533237
0.527292422666
0.514818683022
0.502382503298
0.489998025172
0.477679095217
0.465439064742
0.453290635147
0.441245745076
0.429315494684
0.417510101829
0.405838884902
0.394310267206
0.382931798185
0.371710187326
0.360651347139
0.349760442163
0.339041941526
0.32849967308
0.318136877561
0.307956261618
0.297960048871
0.288150028411
0.278527600373
0.269093818371
0.259849428712
0.250794906406
0.241930488056
0.233256201739
0.224771894071
0.216477254608
0.208371837789
0.200455082612
0.192726330227
0.185184839643
0.177829801702
0.170660351506
0.16367557944
0.156874540931
0.150256265072
0.14381976224
0.137564030801
0.131488063009
0.125590850184
0.119871387249
0.114328676698
0.108961732057
0.103769580894
0.0987512674362
0.0939058548307
0.0892324270955
0.0847300907952
0.0803979764735
0.0762352398712
0.072241062955
0.0684146547809
0.0647552522095
0.0612621204943
0.0579345537557
0.0547718753559
0.0517734381874
0.0489386248843
0.0462668479671
0.0437575499285
0.0414102032676
0.0392243104793
0.0371994040027
0.0353350461354
0.0336308289149
0.0320863739733
0.0307013323647
0.0294753843709
0.0284082392838
0.0274996351683
0.0267493386037
0.026157144407
0.0257228753353
0.0254463817674
0.0253275413649
0.0253662587102
0.0255624649189
0.0259161172272
0.0264271985486
0.0270957169986
0.0279217053837
0.02890522065
0.0300463432882
0.0313451766883
0.0328018464395
0.0344164995687
0.0361893037106
0.0381204462016
0.0402101330889
0.0424585880459
0.0448660511826
0.0474327777413
0.0501590366626
0.0530451090115
0.0560912862451
0.0592978683082
0.0626651615384
0.0661934763607
0.0698831247513
0.0737344174482
0.0777476608828
0.081923153807
0.0862611835876
0.0907620221353
0.0954259214387
0.100253108666
0.105243780797
0.110398098753
0.115716180974
0.121198096411
0.126843856884
0.13265340877
0.138626623967
0.144763290112
0.15106309999
0.15752564012
0.164150378488
0.170936651391
0.177883649412
0.184990402509
0.192255764263
0.199678395324
0.20725674615
0.21498903914
0.22287325034
0.230907090916
0.239087988681
0.247413070006
0.25587914254
0.264482679227
0.273219804235
0.282086281479
0.291077506527
0.300188502796
0.309413923016
0.31874805702
0.328184846993
0.337717911302
0.347340578031
0.357045929261
0.366826856981
0.376676131282
0.386586481204
0.396550688167
0.406561691455
0.416612704655
0.426697341345
0.436809747681
0.446944738941
0.457097936496
0.467265901287
0.477446259568
0.487637816634
0.497840654381
0.508056208939
0.518287325235
0.52853828611
0.538814814535
0.54912404841
0.559474488342
0.569875919563
0.580339309704
0.590876684389
0.601500982527
0.61222589268
0.623065670957
0.634034939498
0.645148462707
0.656420895997
0.667866498717
0.679498799238
0.691330195546
0.703371469199
0.715631183856
0.728114931901
0.740824384013
0.753756087633
0.766899952509
0.780237357832
0.793738821174
0.807361193377
0.821044399454
0.834707852688
0.848246849977
0.86152952907
0.87439532657
0.886656255739
0.898102561882
0.908514129422
0.917678081307
0.925411181059
0.931583292823
0.936136338605
0.939093262221
0.940554078331
0.940680195183
0.939671737011
0.937743834593
0.935106669948
0.931951657916
0.928443906381
0.924719747402
0.92088769395
0.917031324001
0.913212979948
0.909477573143
0.905856102604
0.902368713949
0.899027255422
0.895837357625
0.892800094686
0.889913293534
0.887172555419
0.884572046225
0.882105102994
0.879764695278
0.87754377215
0.875435519231
0.873433544919
0.871532010871
0.869725718652
0.868010162016
0.866381552423
0.864836823969
0.863373622799
0.861990285224
0.860685808038
0.859459814016
0.858312515064
0.857244675122
0.856257574554
0.855352977474
0.854533103195
0.853800602763
0.853158541321
0.852610386948
0.85216000641
0.851811668248
0.851570053497
0.851440274337
0.851427900965
0.85153899701
0.85178016388
0.852158594539
0.852682137347
0.853359370803
0.854199690266
0.855213408061
0.85641186875
0.85780758189
0.85941437521
0.861247571961
0.863324197246
0.865663219468
0.868285834775
0.871215804695
0.87447986014
0.878108189067
0.882135030502
0.88659940521
0.891546023675
0.897026426738
0.903100435234
0.909838015408
0.917321712025
0.92564986907
0.934940962841
0.945339537696
0.957024502753
0.970220994371
0.98521777678
1.00239351745
1.02225778572
1.04551740874
1.07318815904
1.10678971271
1.14869014755
1.20264472525
1.27370614262
1.35581016397
1.35794361029
1.26105181721
1.17933035463
1.11662859637
1.06640071798
1.0245587144
0.988660851456
0.95717567253
0.929091024368
0.903706870974
0.880520211414
0.859157817524
0.839335051791
0.820829605604
0.803464149512
0.787094513386
0.771601415064
0.756884534811
0.742858182546
0.729448073219
0.716588891006
0.704222427497
0.692296146842
0.680762075683
0.669575945984
0.658696539555
0.648085197291
0.637705465879
0.627522861265
0.61750473229
0.607620210283
0.597840231395
0.588137618462
0.578487208614
0.568866011903
0.559253385388
0.549631206632
0.539984030757
0.530299216228
0.520567006582
0.510780558224
0.500935908084
0.491031879044
0.48106992523
0.471053923087
0.460989917387
0.450885833529
0.440751168725
0.430596674781
0.420434044387
0.410275611318
0.400134072899
0.390022240848
0.379952824381
0.369938247343
0.359990499377
0.350121019728
0.340340611207
0.330659381203
0.321086706225
0.311631216373
0.302300796214
0.293102598754
0.284043069539
0.275127978243
0.266362455504
0.257751033124
0.249297686089
0.241005875185
0.232878589258
0.224918386378
0.217127433405
0.209507543569
0.20206021185
0.194786648016
0.187687807272
0.180764418538
0.174017010411
0.167445934889
0.161051388991
0.154833434378
0.148792015115
0.142926973716
0.137238065591
0.131724972038
0.126387311904
0.121224652022
0.116236516548
0.111422395301
0.106781751191
0.102314026828
0.0980186504049
0.093895040903
0.0899426127109
0.0861607797025
0.0825489588346
0.0791065733119
0.0758330553632
0.0727278486703
0.0697904104824
0.0670202134505
0.0644167472074
0.0619795197203
0.0597080584372
0.0576019112464
0.0556606472673
0.0538838574857
0.0522711552483
0.050822176626
0.0495365806567
0.048414049474
0.0474542883289
0.0466570255098
0.0460220121636
0.0455490220211
0.0452378510272
0.0450883168771
0.0451002584564
0.0452735351837
0.0456080262523
0.0461036297675
0.0467602617725
0.0475778551582
0.0485563584487
0.0496957344531
0.0509959587747
0.0524570181653
0.0540789087131
0.0558616338492
0.057805202158
0.0599096249743
0.0621749137488
0.064601077162
0.0671881179647
0.0699360295216
0.0728447920333
0.0759143684095
0.0791446997657
0.0825357005125
0.0860872530067
0.0897992017318
0.0936713469737
0.0977034379579
0.101895165414
0.106246153533
0.110755951288
0.115424023086
0.120249738724
0.125232362633
0.130371042393
0.135664796521
0.141112501527
0.146712878283
0.152464477733
0.158365666016
0.164414609097
0.170609257041
0.17694732809
0.183426292769
0.190043358281
0.196795453527
0.203679215133
0.210690974969
0.217826749684
0.225082232889
0.232452790684
0.239933461308
0.247518959742
0.255203688173
0.262981753227
0.270846990898
0.278793000047
0.28681318528
0.294900809842
0.303049058987
0.311251114002
0.319500236719
0.327789863985
0.336113711055
0.344465882461
0.352840988373
0.361234264032
0.369641689422
0.378060106046
0.386487327499
0.394922240498
0.403364893218
0.411816568112
0.42027983692
0.428758596244
0.437258082842
0.44578486862
0.454346836128
0.462953136132
0.471614129445
0.480341315706
0.489147252022
0.498045464474
0.507050355258
0.516177107847
0.525441591913
0.534860268848
0.544450097668
0.554228439665
0.564212958515
0.574421510425
0.584872016222
0.595582303846
0.606569905124
0.617851784684
0.629443970689
0.641361046236
0.653615445634
0.666216480663
0.679168997218
0.692471532285
0.706113806302
0.720073351457
0.734311054944
0.748765413542
0.763345401495
0.777922129723
0.79232003863
0.806309341075
0.819602834073
0.831861704602
0.842715587322
0.851800198769
0.85880988468
0.863553328646
0.865993701695
0.866256697067
0.864602728753
0.86137512998
0.856943754445
0.851659788787
0.845828345498
0.839697475345
0.833458563071
0.82725287273
0.821180389193
0.81530868033
0.809680699648
0.804321180792
0.799241653314
0.794444267694
0.789924658487
0.785674060696
0.78168086048
0.777931724036
0.774412414924
0.77110838255
0.768005183011
0.765088777134
0.762345738408
0.759763394564
0.757329920044
0.755034391907
0.752866818311
0.750818146311
0.748880253973
0.747045930585
0.745308847877
0.743663524566
0.742105286082
0.740630221053
0.739235135863
0.737917508448
0.736675442335
0.735507621813
0.734413269027
0.733392103658
0.732444305794
0.731570482466
0.730771638278
0.730049150454
0.729404748557
0.728840499087
0.728358795096
0.727962350932
0.72765420216
0.727437710747
0.727316575516
0.727294847958
0.727376953442
0.727567717943
0.727872400438
0.728296731189
0.728846956207
0.729529888327
0.730352965408
0.731324316393
0.732452836105
0.733748269951
0.735221309972
0.736883704063
0.738748380659
0.740829591726
0.743143077649
0.745706258485
0.748538457213
0.751661162064
0.755098336894
0.758876791002
0.763026622951
0.767581757128
0.772580597287
0.778066828643
0.784090409948
0.790708810162
0.797988562192
0.806007230072
0.814855917768
0.824642488806
0.835495715646
0.847570628572
0.861055357977
0.876179675731
0.893224993506
0.912534061299
0.934513985173
0.959612453333
0.988206615197
1.02022864006
1.05407151099
1.08406886703
1.09816671546
1.08540810333
1.0510692556
1.00949459625
0.969050965124
0.932098156297
0.898855286188
0.868945879983
0.841893122558
0.817260875848
0.794683364155
0.77386206336
0.754554700993
0.736563969257
0.719727955373
0.703912526831
0.689005410103
0.674911614703
0.661549891004
0.648849973019
0.636750416299
0.625196888834
0.614140809349
0.603538254678
0.593349078086
0.583536195433
0.574065007141
0.564902932285
0.556019037287
0.547383746353
0.538968624198
0.530746224003
0.522689995199
0.514774246534
0.506974160199
0.499265852498
0.491626475851
0.484034355819
0.476469155554
0.468912058691
0.461345960498
0.453755656158
0.446128014695
0.438452127332
0.43071942009
0.422923722242
0.415061284681
0.407130745187
0.399133040725
0.391071270014
0.382950512362
0.374777610914
0.366560929972
0.358310096644
0.350035737006
0.341749216181
0.333462390438
0.325187377804
0.316936351953
0.308721362355
0.300554182087
0.292446183357
0.284408239643
0.276450652577
0.268583101136
0.260814610393
0.253153536983
0.245607568472
0.238183733963
0.230888423529
0.223727414301
0.216705901336
0.209828531696
0.203099440401
0.196522287203
0.190100293327
0.183836277534
0.177732691002
0.171791650702
0.166014970995
0.160404193333
0.154960613975
0.1496853097
0.144579161549
0.139642876638
0.134877008135
0.130281973478
0.12585807095
0.121605494708
0.117524348376
0.113614657307
0.109876379627
0.106309416142
0.10291361922
0.099688800721
0.0966347390638
0.0937511855075
0.091037869707
0.0884945046138
0.0861207907754
0.0839164200852
0.08188107903
0.0800144514744
0.0783162210204
0.0767860729733
0.0754236959418
0.0742287830968
0.0732010331093
0.0723401507838
0.071645847402
0.0711178407875
0.0707558550986
0.070559620356
0.0705288717064
0.0706633484233
0.070962792643
0.0714269478295
0.0720555569636
0.0728483604448
0.0738050936973
0.0749254844639
0.076209249774
0.0776560925683
0.0792656979597
0.0810377291096
0.082971822697
0.0850675839564
0.0873245812572
0.0897423402002
0.0923203372029
0.0950579925471
0.0979546628622
0.10100963302
0.104222107418
0.107591200634
0.111115927432
0.114795192127
0.118627777293
0.122612331844
0.126747358499
0.131031200696
0.135462029003
0.14003782713
0.144756377654
0.149615247625
0.154611774232
0.159743050795
0.165005913349
0.170396928196
0.175912380809
0.181548266593
0.187300284014
0.193163830724
0.199134003341
0.205205601611
0.211373137717
0.217630851518
0.223972732518
0.230392549311
0.236883887189
0.243440194489
0.250054838076
0.256721168138
0.263432592224
0.270182658089
0.276965144562
0.283774159283
0.290604241689
0.297450469299
0.304308564967
0.311175002487
0.318047107788
0.324923152869
0.331802439749
0.338685371925
0.345573511245
0.352469618631
0.359377677695
0.366302901052
0.373251719787
0.38023175731
0.387251789428
0.394321693009
0.401452386009
0.408655761903
0.415944621617
0.42333260605
0.430834132047
0.438464334406
0.446239016109
0.454174608491
0.462288142558
0.470597232062
0.479120068322
0.487875426014
0.496882678279
0.506161818333
0.515733483235
0.525618973367
0.535840258126
0.546419953966
0.557381254508
0.568747783042
0.580543323841
0.592791368296
0.605514381757
0.618732653046
0.632462524926
0.646713713629
0.661485301904
0.676759831238
0.692494740158
0.708610256655
0.724972913295
0.741374464546
0.757507792456
0.772945279481
0.787131582553
0.799409840478
0.809100813319
0.815636491657
0.818710465461
0.81837327991
0.815016084494
0.809252325499
0.801764679606
0.793183811694
0.784025211709
0.774675007533
0.765403559263
0.75638922065
0.747742268897
0.739524912018
0.731766534458
0.724474716475
0.717642946701
0.711255909644
0.705293058809
0.699731003912
0.694545088558
0.689710420011
0.685202530295
0.68099779048
0.677073660538
0.673408830312
0.669983288936
0.666778347703
0.663776633059
0.660962060773
0.658319798503
0.655836221474
0.65349886423
0.651296370317
0.64921844104
0.647255783928
0.645400061324
0.643643839316
0.641980537178
0.640404377459
0.638910336874
0.637494098159
0.636152003097
0.634881006953
0.633678634542
0.632542938222
0.631472458048
0.630466184369
0.629523523097
0.62864426388
0.627828551365
0.627076859738
0.626389970648
0.625768954638
0.625215156153
0.624730182155
0.624315894379
0.623974405217
0.623708077219
0.623519526182
0.623411627785
0.623387527759
0.623450655542
0.623604741439
0.623853837271
0.624202340581
0.624655022454
0.625217059091
0.625894067313
0.626692144245
0.627617911519
0.628678564416
0.629881926502
0.63123651045
0.632751585878
0.634437255273
0.636304539272
0.638365472855
0.64063321436
0.643122169603
0.645848133892
0.648828455273
0.652082223063
0.655630486522
0.659496509493
0.663706067967
0.668287798794
0.67327360916
0.678699157791
0.684604419935
0.69103434841
0.698039641253
0.705677620711
0.714013214137
0.723119996829
0.733081194067
0.743990413533
0.755951628481
0.769077433707
0.783483606064
0.799276037991
0.816522276051
0.83519272314
0.855044694274
0.875409549694
0.894856767786
0.910843185188
0.919837071223
0.918677333994
0.906739915797
0.886500160533
0.861681170256
0.835303865998
0.809154550773
0.784099501494
0.760478617029
0.738366029691
0.717713208758
0.69842145464
0.68037693781
0.663466838452
0.647586176764
0.632640147247
0.6185443475
0.605224081672
0.592613315161
0.580653555759
0.569292785874
0.558484495866
0.548186832307
0.538361858184
0.528974915123
0.519994075602
0.511389673349
0.503133901394
0.495200468855
0.487564309253
0.480201334698
0.473088231755
0.466202295971
0.459521303088
0.453023415744
0.44668712503
0.440491226569
0.434414830835
0.428437407193
0.42253886061
0.416699639195
0.410900869666
0.405124516613
0.399353560069
0.393572184571
0.38776597172
0.381922087361
0.376029454074
0.370078899787
0.364063274087
0.357977525177
0.351818732368
0.345586091368
0.339280852191
0.332906212103
0.326467168358
0.319970337403
0.313423748579
0.30683662106
0.300219132851
0.293582190169
0.286937204573
0.280295883958
0.273670042064
0.267071429696
0.260511589455
0.254001734527
0.247552651067
0.241174622911
0.234877376771
0.228670045713
0.222561148542
0.216558582676
0.210669628151
0.204900960596
0.199258671159
0.193748291654
0.188374823394
0.183142768435
0.178056162165
0.17311860637
0.168333302111
0.16370308186
0.159230440518
0.154917565018
0.150766362334
0.146778485756
0.142955359388
0.139298200843
0.135808042158
0.132485748965
0.129332038
0.126347492998
0.123532579079
0.120887655697
0.118412988245
0.116108758396
0.113975073266
0.112011973473
0.110219440176
0.108597401134
0.107145735882
0.105864280054
0.104752828905
0.103811140086
0.103038935702
0.102435903686
0.102001698513
0.101735941275
0.10163821915
0.101708084242
0.101945051837
0.102348598056
0.102918156911
0.103653116762
0.104552816169
0.105616539134
0.106843509715
0.108232886017
0.109783753531
0.111495117835
0.113365896624
0.115394911097
0.11758087667
0.119922393052
0.122417933687
0.125065834596
0.127864282662
0.130811303428
0.133904748476
0.137142282514
0.140521370292
0.144039263529
0.147692988063
0.151479331467
0.155394831446
0.159435765355
0.163598141261
0.167877691005
0.172269865779
0.176769834819
0.181372487813
0.186072441704
0.190864052573
0.195741433303
0.200698477699
0.205728891689
0.210826232152
0.2159839538
0.221195464329
0.226454187894
0.231753636652
0.237087489843
0.242449679518
0.247834481719
0.253236611515
0.258651320003
0.264074491121
0.269502735866
0.274933481454
0.280365052927
0.285796744874
0.291228881151
0.296662860931
0.302101189861
0.307547495692
0.313006528382
0.318484145301
0.323987282751
0.329523915598
0.33510300722
0.340734452337
0.346429015488
0.352198268019
0.358054526397
0.364010794573
0.370080712889
