-0.0
7.59239479534e-05
0.00030370997561
0.000683400644214
0.00121506692207
0.00189880823391
0.00273475253008
0.00372305637566
0.00486390505953
0.00615751272356
0.00760412251208
0.00920400674169
0.0109574670917
0.0128648348154
0.0149264709721
0.0171427666808
0.0195141433947
0.0220410531986
0.0247239791267
0.0275634355045
0.0305599683121
0.0337141555712
0.037026607755
0.0404979682222
0.0441289136749
0.047920154641
0.0518724359814
0.0559865374221
0.0602632741125
0.0647034972092
0.0693080944857
0.0740779909698
0.0790141496063
0.0841175719487
0.089389298876
0.0948304113393
0.100442031134
0.106225321702
0.112181488956
0.118311782141
0.124617494711
0.131099965238
0.137760578349
0.144600765685
0.151622006878
0.158825830559
0.166213815381
0.173787591058
0.181548839425
0.189499295499
0.197640748558
0.205975043212
0.214504080479
0.223229818845
0.232154275304
0.241279526379
0.25060770909
0.260141021882
0.269881725479
0.279832143655
0.289994663902
0.300371737964
0.310965882222
0.321779677881
0.332815770943
0.344076871902
0.35556575513
0.367285257882
0.379238278862
0.391427776275
0.403856765272
0.416528314683
0.429445542933
0.442611612997
0.456029726235
0.469703114937
0.48363503337
0.497828747087
0.512287520232
0.527014600536
0.54201320165
0.557286482414
0.572837522618
0.588669294751
0.604784631158
0.621186185997
0.637876391272
0.654857406226
0.672131059249
0.689698781469
0.707561531144
0.725719707996
0.744173056675
0.76292055867
0.78196031221
0.80128940001
0.820903745233
0.840797956717
0.86096516544
0.881396855428
0.902082693779
0.923010366377
0.944165427922
0.965531177282
0.987088571476
1.00881619369
1.03069029214
1.05268490665
1.07477209826
1.09692229253
1.11910473988
1.14128808495
1.16344102287
1.1855330032
1.20753492512
1.22941975226
1.25116296475
1.27274276409
1.29413995318
1.31533743239
1.33631927924
1.35706941498
1.37756990036
1.3977989457
1.41772876444
1.43732344557
1.45653706963
1.47531234186
1.49358005861
1.51125974057
1.52826173359
1.54449096144
1.55985229187
1.57425715157
1.58763065402
1.5999181979
1.61109039186
1.62114536221
1.63010799672
1.63802632747
1.64496584181
1.65100284314
1.65621799011
1.66069088519
1.66449619795
1.66770143282
1.67036617039
1.67254245274
1.67427593051
1.67560741012
1.67657450106
1.67721314181
1.67755886219
1.67764771229
1.67751684714
1.67720480109
1.67675151532
1.67619819639
1.67558708697
1.67496122294
1.67436423957
1.67384027447
1.67343400157
1.67319081847
1.6731572017
1.67338124084
1.673913363
1.67480726506
1.67612108099
1.67791882813
1.68027219988
1.68326280577
1.68698500889
1.69154958172
1.69708850794
1.70376141939
1.71176440714
1.72134233541
1.73280639461
1.74655954723
1.76313374774
1.78324369695
1.80785832257
1.8382615119
1.87589869309
1.92072252864
1.96022128742
1.95498927607
1.90756796182
1.84913312128
1.79373517236
1.74417530906
1.70007266917
1.66047558327
1.62448779532
1.59137650589
1.56055982813
1.5315738862
1.50404317249
1.4776582164
1.45215992101
1.42732909882
1.40297983479
1.3789555413
1.3551267678
1.33138997902
1.30766665061
1.28390218064
1.26006428888
1.23614076478
1.21213660258
1.18807069998
1.16397237421
1.13987796242
1.11582773377
1.09186326982
1.06802538995
1.04435262841
1.020880217
0.99763949707
0.974657671923
0.95195781206
0.929559035455
0.907476798556
0.885723248121
0.864307597292
0.843236500492
0.822514410701
0.802143909384
0.782126004171
0.762460392766
0.743145693692
0.72417964583
0.705559279428
0.687281061536
0.669341018927
0.651734841372
0.634457967977
0.61750565901
0.600873055363
0.584555227545
0.568547215836
0.552844063007
0.537440840809
0.52233267125
0.507514743518
0.492982327294
0.478730783055
0.464755569889
0.45105225125
0.437616499031
0.424444096234
0.411530938508
0.398873034766
0.386466507049
0.374307589783
0.36239262857
0.350718078584
0.339280502688
0.328076569315
0.317103050193
0.306356817939
0.295834843588
0.285534194059
0.27545202961
0.265585601291
0.255932248407
0.246489396023
0.2372545525
0.228225307084
0.219399327556
0.210774357938
0.202348216266
0.194118792429
0.186084046081
0.178242004617
0.170590761222
0.163128472994
0.155853359124
0.148763699161
0.141857831326
0.135134150908
0.128591108708
0.122227209563
0.11604101091
0.110031121429
0.104196199729
0.098534953095
0.0930461362875
0.0877285503934
0.0825810417275
0.0776025007816
0.0727918612207
0.068148098924
0.0636702310697
0.0593573152614
0.0552084486956
0.0512227673677
0.0473994453167
0.0437376939054
0.0402367611374
0.0368959310067
0.0337145228813
0.0306918909187
0.0278274235122
0.0251205427667
0.0225707040044
0.0201773952983
0.0179401370321
0.0158584814884
0.0139320124602
0.0121603448898
0.0105431245299
0.00908002762903
0.00777076064017
0.00661505995088
0.00561269163547
0.00476345122802
0.0040671635159
0.00352368235312
0.00313289049296
0.00289469943951
0.00280904931729
0.00287590875867
0.00309527480845
0.00346717284506
0.00399165651783
0.00466880769975
0.00549873645524
0.00648158102214
0.00761750780741
0.0089067113959
0.0103494145713
0.0119458683486
0.0136963520173
0.0156011731944
0.0176606678862
0.0198752005574
0.0222451642077
0.0247709804522
0.0274530996075
0.0302920007778
0.0332881919435
0.0364422100469
0.0397546210753
0.0432260201367
0.0468570315285
0.0506483087925
0.0546005347567
0.0587144215567
0.062990710635
0.0674301727123
0.0720336077265
0.0768018447318
0.0817357417544
0.0868361855941
0.0921040915672
0.0975404031781
0.103146091713
0.108922155741
0.114869620515
0.120989537249
0.127282982271
0.133751056018
0.140394881861
0.147215604748
0.154214389615
0.161392419571
0.168750893795
0.176291025141
0.184014037387
0.191921162112
0.200013635135
0.208292692479
0.2167595658
0.22541547722
0.234261633502
0.243299219483
0.252529390697
0.261953265099
0.271571913788
0.281386350637
0.291397520725
0.301606287441
0.312013418165
0.322619568375
0.333425264082
0.344430882446
0.35563663046
0.367042521594
0.3786483503
0.390453664296
0.402457734602
0.414659523325
0.427057649266
0.439650351482
0.452435451062
0.465410311478
0.478571798025
0.491916237069
0.50543937599
0.519136344994
0.533001622208
0.547029003782
0.561211581013
0.575541726806
0.590011094072
0.604610628835
0.619330600975
0.634160655454
0.649089886675
0.664106938107
0.679200128572
0.694357605425
0.709567523483
0.724818246693
0.7400985676
0.755397937401
0.770706697262
0.786016299535
0.801319505937
0.816610548712
0.831885240496
0.847141019081
0.862376914535
0.877593427985
0.892792313607
0.907976257786
0.92314845152
0.938312053953
0.953469546139
0.968621974956
0.983768087815
0.998903360154
1.0140189206
1.0291003847
1.04412661882
1.05906847358
1.07388755263
1.08853511938
1.10295129053
1.11706471678
1.130792998
1.14404410368
1.15671904571
1.16871594959
1.1799354742
1.19028724529
1.19969664399
1.2081110245
1.21550434215
1.22187933811
1.22726684981
1.23172238214
1.23532060475
1.23814876484
1.24030004931
1.24186773082
1.24294060368
1.24359987959
1.24391745435
1.24395530462
1.24376571858
1.24339207484
1.24286993057
1.24222823747
1.24149055948
1.24067621173
1.23980127536
1.23887946747
1.23792286233
1.23694247049
1.23594868911
1.23495163989
1.2339614126
1.23298823219
1.23204256659
1.23113519099
1.23027722269
1.22948013864
1.22875578602
1.22811639445
1.22757459663
1.227143463
1.2268365548
1.22666799894
1.22665258784
1.22680590678
1.22714449168
1.22768602039
1.22844954155
1.22945574581
1.23072728644
1.23228915775
1.23416914337
1.23639835001
1.23901184757
1.24204944385
1.24555663164
1.24958575983
1.25419749872
1.25946269707
1.26546476672
1.27230278679
1.28009560217
1.28898731325
1.29915473589
1.3108176794
1.32425327156
1.33981604233
1.3579658425
1.37930483067
1.40461796972
1.43487791817
1.47101467403
1.51238350021
1.5482508071
1.55373058721
1.52374666742
1.4763692092
1.42695707191
1.38113227775
1.33991801494
1.30294969576
1.26958085532
1.23919676353
1.21128282417
1.18542356148
1.16128543819
1.13859888131
1.11714331532
1.0967355731
1.07722116821
1.0584677973
1.04036053446
1.0227983037
1.00569132244
0.988959289312
0.972530144974
0.956339272872
0.940329030492
0.924448517273
0.908653495418
0.892906388052
0.87717628769
0.861438918359
0.845676507697
0.829877540518
0.814036381727
0.798152772501
0.78223121752
0.766280291493
0.750311899265
0.734340525366
0.718382506455
0.702455354728
0.686577153206
0.670766036089
0.655039760046
0.639415366054
0.623908926613
0.608535369854
0.593308370183
0.5782402944
0.563342192375
0.54862382217
0.53409370061
0.519759171632
0.505626486066
0.491700887775
0.477986702197
0.464487424344
0.451205804114
0.438143927442
0.425303292361
0.412684879445
0.400289216396
0.388116436803
0.376166333226
0.364438404866
0.352931900176
0.341645854771
0.330579125037
0.319730417821
0.309098316574
0.298681304324
0.288477783785
0.278486094934
0.268704530332
0.259131348444
0.249764785193
0.240603063956
0.231644404187
0.222887028842
0.214329170736
0.205969077982
0.19780501862
0.189835284532
0.182058194749
0.174472098206
0.167075376047
0.159866443503
0.152843751435
0.146005787558
0.139351077409
0.132878185081
0.126585713765
0.120472306122
0.114536644509
0.108777451085
0.103193487813
0.0977835563706
0.0925464979874
0.0874811932252
0.0825865617026
0.0778615617797
0.0733051902106
0.068916481768
0.0646945088492
0.0606383810664
0.0567472448276
0.0530202829105
0.0494567140344
0.0460557924314
0.0428168074212
0.0397390829895
0.0368219773735
0.0340648826551
0.0314672243632
0.0290284610862
0.0267480840954
0.0246256169794
0.0226606152912
0.0208526662064
0.0192013881949
0.0177064307037
0.016367473853
0.0151842281433
0.0141564341752
0.0132838623799
0.0125663127603
0.0120036146433
0.0115956264403
0.0113422354177
0.0112433574741
0.0112989369256
0.0115089462956
0.01187338611
0.0123922846952
0.0130656979779
0.0138937092849
0.0148764291413
0.0160139950644
0.0173065713526
0.018754348865
0.0203575447907
0.0221164024037
0.0240311908013
0.0261022046212
0.0283297637347
0.0307142129108
0.0332559214469
0.035955282761
0.0388127139389
0.0418286552318
0.0450035694954
0.0483379415636
0.0518322775494
0.0554871040618
0.0593029673298
0.0632804322216
0.0674200811471
0.0717225128296
0.0761883409308
0.0808181925146
0.0856127063297
0.0905725308915
0.0956983223418
0.100990742062
0.106450454011
0.11207812177
0.117874405242
0.123839956996
0.129975418199
0.136281414114
0.142758549107
0.149407401115
0.15622851555
0.163222398551
0.170389509561
0.177730253152
0.185244970043
0.192933927255
0.200797307333
0.208835196582
0.217047572252
0.225434288624
0.233995061939
0.242729454153
0.251636855473
0.260716465687
0.269967274306
0.279388039572
0.288977266426
0.298733183586
0.308653719934
0.318736480499
0.32897872239
0.339377331145
0.349928798074
0.360629199289
0.371474177264
0.382458925893
0.393578180187
0.404826211872
0.41619683228
0.427683404055
0.439278863207
0.450975753107
0.462766271883
0.474642334559
0.486595650934
0.498617819808
0.51070043959
0.522835234619
0.535014195691
0.547229732378
0.559474833743
0.571743233095
0.58402957154
0.5963295544
0.608640094062
0.620959432661
0.63328723816
0.645624667876
0.657974394306
0.670340589132
0.682728862369
0.695146154768
0.707600582437
0.720101233213
0.732657914417
0.745280851113
0.757980332832
0.770766304943
0.783647898336
0.796632888122
0.809727068605
0.822933528321
0.836251805846
0.849676905223
0.863198150425
0.876797863348
0.890449862054
0.904117799449
0.917753401981
0.931294728466
0.944664654266
0.957769894009
0.970500993889
0.982733820904
0.994333096088
1.00515838742
1.0150726263
1.02395262385
1.03170033945
1.03825303256
1.04359023019
1.04773589321
1.05075522289
1.05274684608
1.05383214079
1.05414384532
1.05381580402
1.05297500203
1.05173627612
1.05019950668
1.04844878005
1.04655292361
1.04456687366
1.04253345525
1.04048528225
1.03844659461
1.03643493238
1.03446260123
1.03253791928
1.03066625463
1.02885087327
1.02709362064
1.02539546068
1.0237568946
1.02217827985
1.02066006669
1.01920296811
1.01780807628
1.01647693681
1.01521159096
1.01401459373
1.01288901511
1.01183843054
1.01086690529
1.00997897724
1.00917964114
1.00847433744
1.0078689476
1.00736979791
1.00698367307
1.0067178409
1.00658008905
1.00657877467
1.0067228881
1.00702213156
1.00748701417
1.00812896477
1.00896046479
1.00999520349
1.01124825924
1.01273631095
1.01447788553
1.01649364864
1.01880674845
1.02144322484
1.02443250075
1.02780797751
1.03160776344
1.0358755753
1.0406618663
1.04602525527
1.05203436124
1.05877019197
1.06632930213
1.07482803983
1.08440836449
1.09524598537
1.10756201791
1.12164013281
1.13785257608
1.15670108403
1.17888394239
1.20541128691
1.23781424558
1.27854442427
1.33174376073
1.40423967689
1.49384614501
1.48123112154
1.39103297544
1.31184994401
1.24886127443
1.19758245559
1.15450799953
1.11735826892
1.08464308112
1.05535520887
1.02878886396
1.00443269173
0.981904976561
0.960913089201
0.941227264658
0.922663126962
0.905069722956
0.888321130336
0.872310450263
0.856945433437
0.842145253999
0.827838110406
0.813959437109
0.800450578429
0.78725782033
0.77433170474
0.761626569992
0.749100272865
0.736714054953
0.724432520109
0.712223691834
0.700059120601
0.687914012162
0.675767349494
0.663601983715
0.651404673255
0.639166055812
0.626880543841
0.614546140975
0.602164183344
0.589739015506
0.577277615124
0.564789183383
0.552284719143
0.539776594301
0.527278145878
0.51480329757
0.502366220102
0.48998103637
0.477661574123
0.465421166196
0.453272496189
0.441227485856
0.429297219547
0.417491900512
0.405820833776
0.394292430539
0.382914229374
0.371692930091
0.360634436641
0.349743906052
0.339025800903
0.328483943373
0.318121569316
0.307941381205
0.297945599118
0.288136009156
0.278514008956
0.26908065006
0.259836677076
0.250782563639
0.241918545251
0.233244649132
0.224760721242
0.216466450654
0.208361391474
0.200444982489
0.192716564744
0.185175397226
0.17782067083
0.170651520769
0.163667037584
0.1568662769
0.150248268034
0.143812021614
0.13755653627
0.131480804535
0.125583818014
0.119864571923
0.114322069046
0.108955323201
0.103763362244
0.0987452306873
0.0938999919548
0.0892267303359
0.0847245526585
0.0803925897209
0.0762299975096
0.072235958228
0.0684096811584
0.0647504033786
0.0612573903491
0.0579299363871
0.0547673650422
0.0517690293842
0.0489343122145
0.0462626262115
0.0437534140163
0.0414061482669
0.0392203315879
0.0371954965392
0.0353312055301
0.0336270507013
0.0320826537794
0.0306976659049
0.0294717674375
0.0284046677392
0.0274961049367
0.026745845664
0.0261536847848
0.0257194450954
0.0254429770066
0.0253241582049
0.0253628932902
0.0255591133892
0.0259127757417
0.0264238632585
0.0270923840458
0.027918370894
0.0289018807273
0.0300429940078
0.0313418140909
0.0327984665256
0.0344130982926
0.036185876975
0.0381169898522
0.0402066429095
0.0424550597535
0.0448624804233
0.0474291600858
0.0501553676032
0.0530413839586
0.0560875005251
0.0592940171617
0.0626612401193
0.066189479736
0.0698790479026
0.0737302552736
0.0777434082008
0.0819188053618
0.086256734056
0.0907574661364
0.0954212535449
0.100248323417
0.105238872719
0.110393062378
0.115711010862
0.121192787184
0.126838403255
0.132647805583
0.138620866247
0.14475737311
0.151057019245
0.157519391528
0.164143958375
0.170930056602
0.177876877404
0.184983451461
0.192248633192
0.199671084223
0.207249256125
0.214981372577
0.222865411068
0.230899084399
0.239079822213
0.24740475292
0.255870686427
0.26447409816
0.273211115001
0.282077503802
0.291068663289
0.300179620241
0.30940503093
0.318739188878
0.328176040056
0.337709206652
0.347332020533
0.357037567429
0.366818742729
0.376668319551
0.386579029437
0.396543655615
0.40655513831
0.416606690983
0.426691925821
0.436804986119
0.446940682612
0.457094630254
0.467263381504
0.477444551893
0.487636933595
0.497840592844
0.508056947446
0.518288821221
0.528540473008
0.538817598758
0.549127306185
0.559478062356
0.569879615372
0.580342891809
0.590879871898
0.601503444271
0.612227241641
0.623065457848
0.634032645296
0.645143489949
0.656412558602
0.667854010122
0.679481258612
0.691306571902
0.703340583284
0.715591687836
0.728065287092
0.740762837324
0.75368064798
0.766808369447
0.780127106031
0.793607096353
0.807204927914
0.820860309069
0.834492528906
0.847996915474
0.861241872497
0.874067426889
0.886286589653
0.897691058842
0.908062598997
0.917190498959
0.924893703869
0.93104391357
0.935584184704
0.938537673602
0.94000368623
0.940142214733
0.939151588401
0.937245086224
0.934631215931
0.931500020046
0.928015569516
0.924313470533
0.920501769533
0.916663778902
0.912861722702
0.909140496927
0.905531154137
0.902053937426
0.898720818831
0.895537567042
0.89250540059
0.889622291992
0.886883986066
0.884284788303
0.881818170279
0.87947723038
0.877255040486
0.875144902823
0.8731405361
0.871236205931
0.869426811439
0.867707937488
0.866075880169
0.864527651699
0.863060969832
0.861674235989
0.860366505629
0.859137453828
0.857987338549
0.856916963694
0.85592764368
0.855021170979
0.854199787796
0.853466162853
0.852823374018
0.852274897399
0.851824603373
0.851476759928
0.851236043629
0.851107558518
0.851096863206
0.851210006497
0.851453571932
0.851834731732
0.852361310801
0.853041861596
0.85388575097
0.854903260362
0.856105701143
0.857505547408
0.859116589167
0.860954109659
0.863035091614
0.865378458556
0.868005359053
0.870939504042
0.874207570425
0.87783968815
0.881870033478
0.886337558621
0.891286898351
0.896769508822
0.902845114754
0.909583571573
0.917067294057
0.925394470923
0.934683389416
0.945078359041
0.956757990975
0.969947035089
0.984933742094
1.00209607885
1.02194262956
1.04517878576
1.07281813383
1.10637683606
1.14821701753
1.20208437384
1.27303055237
1.35519868187
1.35826809499
1.26154838318
1.17998366421
1.11720189125
1.06687421409
1.02495267106
0.988994934437
0.957464377509
0.929344624198
0.903932695302
0.880723583396
0.859342677958
0.839504370347
0.820985655037
0.803608692061
0.787228930158
0.771726797709
0.757001751796
0.742967927978
0.729550903482
0.716685252766
0.704312679498
0.692380577202
0.6808409159
0.669649382509
0.658764723562
0.648148253094
0.637763498319
0.62757596228
0.617552986816
0.607663701569
0.597879045745
0.588171849408
0.578516960476
0.568891402673
0.559274548886
0.549648293885
0.53999721055
0.530308674847
0.520572946759
0.51078319736
0.500935475857
0.491028614532
0.481064073702
0.471045732637
0.460979635556
0.450873704082
0.440737428693
0.430581551869
0.420417754821
0.410258358148
0.400116044772
0.390003611236
0.379933751215
0.369918873007
0.359970951011
0.350101409771
0.340321038133
0.330639930385
0.32106745089
0.311612218603
0.302282107956
0.293084262823
0.284025120584
0.275110443664
0.266345356313
0.257734384743
0.249281499076
0.240990155904
0.23286334047
0.224903607782
0.217113122108
0.209493694512
0.202046818175
0.194773701389
0.187675298168
0.180752336484
0.174005344195
0.167434672745
0.161040518752
0.154822943605
0.148781891214
0.142917204026
0.137228637466
0.13171587291
0.126378529335
0.121216173746
0.116228330509
0.111414489677
0.106774114413
0.102306647599
0.0980115177038
0.0938881439965
0.0899359411538
0.0861543233385
0.0825427077936
0.0791005180062
0.0758271864818
0.0727221571715
0.0697848875862
0.0670148506292
0.0644115361761
0.0619744524271
0.0597031270522
0.0575971081516
0.055655965045
0.0538792889081
0.0522666932664
0.0508178143586
0.0495323113796
0.0484098666094
0.0474501854349
0.0466529962704
0.0460180503785
0.0455451215962
0.0452340059652
0.0450845212687
0.0450965064716
0.0452698210636
0.045604344302
0.0460999743483
0.0467566272958
0.0475742360795
0.0485527492622
0.0496921296874
0.0509923529889
0.0524534059465
0.0540752846746
0.0558579926298
0.0578015384228
0.0599059334166
0.062171189094
0.0645973141729
0.0671843114487
0.0699321743404
0.0728408831148
0.0759104007629
0.0791406684989
0.0825316008534
0.0860830803285
0.0897949515819
0.0936670151077
0.097699020379
0.101890658417
0.106241553758
0.110751255777
0.115419229347
0.120244844808
0.125227367218
0.130365944876
0.135659597121
0.141107201404
0.146707479664
0.152458984053
0.158360082071
0.164408941215
0.170603513262
0.176941518365
0.183420429168
0.190037455219
0.196789527997
0.203673286955
0.210685067039
0.217820888235
0.225076447745
0.23244711551
0.239927933847
0.247513622031
0.255198586732
0.2629769392
0.270842520143
0.278788933167
0.286809587562
0.294897751112
0.303046613351
0.311249359467
0.319499254685
0.327789738586
0.336114528357
0.344467729509
0.352843952081
0.36123842994
0.369647140312
0.378066920451
0.386495578114
0.39493199252
0.403376202641
0.411829480005
0.420294383698
0.428774795966
0.437275937534
0.44580436263
0.45436793451
0.462975783027
0.471638246439
0.48036680011
0.489173975031
0.498073269108
0.507079054022
0.516206479998
0.525471380213
0.53489017568
0.544479780347
0.554257504773
0.564240955047
0.574447921518
0.584896249181
0.595603678163
0.60658763815
0.61786497456
0.629451576191
0.641361863168
0.653608079605
0.666199316327
0.679140164636
0.692428872105
0.706054837099
0.719995245399
0.734210632141
0.748639171591
0.763189604706
0.777732991333
0.792094035363
0.806043695029
0.819296169185
0.831514819306
0.842332178661
0.851387260372
0.858377471055
0.863113535741
0.865559054067
0.865838450096
0.864209630309
0.86101291331
0.856615288627
0.851365621067
0.845567365894
0.839467527019
0.8332569217
0.827076584702
0.821026490198
0.815174324801
0.809563229111
0.80421815307
0.799150848144
0.794363679173
0.789852480968
0.785608672141
0.781620805599
0.77787569845
0.774359250932
0.771057036694
0.767954725389
0.765038382312
0.762294677725
0.759711029591
0.757275696983
0.754977836714
0.752807532366
0.750755802481
0.748814592929
0.746976757273
0.745236028064
0.743586981394
0.742024996602
0.740546212704
0.739147482891
0.737826328272
0.736580891861
0.735409893723
0.73431258805
0.733288722862
0.732338502909
0.731462556272
0.730661905074
0.729937940626
0.729292403269
0.728727367105
0.728245229758
0.72784870727
0.727540834191
0.727324968922
0.727204804352
0.727184383832
0.727268122568
0.727460834522
0.727767764989
0.728194629054
0.728747656243
0.72943364177
0.730260004938
0.731234855376
0.732367068035
0.733666368097
0.73514342723
0.736809973035
0.738678913963
0.740764482563
0.743082400651
0.745650070868
0.748486800294
0.751614063185
0.755055811853
0.758838847089
0.762993262768
0.76755298341
0.772556419059
0.778047269186
0.784075517263
0.790698670973
0.797983321015
0.806007115736
0.814861281051
0.824653857067
0.835513874002
0.847596743607
0.861091171471
0.876227817251
0.89328950152
0.912621283483
0.934634193985
0.959782856076
0.988457123747
1.020612827
1.05468439453
1.08505500727
1.09963790262
1.08723052448
1.05260748909
1.01054720409
0.969806623095
0.932671346912
0.899310809637
0.869321716387
0.842212587302
0.817538930589
0.794929993773
0.774084160282
0.754757162017
0.736750359525
0.71990092479
0.704074079645
0.689157084396
0.675054604965
0.66168513375
0.648978207826
0.636872230158
0.625312748935
0.614251087738
0.603643247103
0.593449018661
0.58363126824
0.574155355607
0.564988666908
0.556100242158
0.547460484799
0.539040943767
0.530814160979
0.522753578761
0.514833502633
0.507029115192
0.499316536561
0.491672926133
0.484076619319
0.476507291644
0.468946141237
0.461376079501
0.453781918853
0.446150546065
0.438471070001
0.430734933598
0.422935981728
0.415070479033
0.407137074738
0.399136714615
0.391072503327
0.382949523169
0.374774617356
0.366556147471
0.358303735363
0.350027999618
0.34174029599
0.333452469884
0.325176627358
0.316924929378
0.308709412306
0.300541836022
0.292433559697
0.284395444147
0.276437778887
0.268570231437
0.260801816167
0.253140879808
0.245595100843
0.238171500118
0.230876460253
0.2237157517
0.216694563572
0.209817537671
0.203088804393
0.196512019447
0.190090400547
0.183826763418
0.177723556638
0.171782894957
0.166006590858
0.160396184217
0.154952969979
0.149678023847
0.144572225982
0.139636282802
0.134870746925
0.130276035373
0.125852446123
0.121600173125
0.117519319873
0.113609911665
0.109871906626
0.106305205608
0.102909661067
0.0996850849817
0.0966312559175
0.0937479252994
0.0910348229648
0.0884916620598
0.0861181433356
0.0839139588952
0.0818787954388
0.0800123370463
0.0783142675356
0.0767842724268
0.0754220405417
0.0742272652623
0.0731996454672
0.0723388861663
0.0716446988432
0.0711168015211
0.0707549185552
0.0705587801616
0.070528121681
0.0706626825815
0.0709622051942
0.0714264331808
0.072055109723
0.0728479754274
0.0738047659318
0.0749252092026
0.0762090225044
0.0776559090278
0.0792655541527
0.0810376213284
0.0829717475464
0.0850675383813
0.087324562576
0.089742346142
0.0923203659503
0.0950580427851
0.0979547338331
0.101009724586
0.104222220129
0.107591335807
0.111116087237
0.114795379684
0.118627996778
0.122612588602
0.126747659179
0.131031553385
0.135462443384
0.14003831464
0.14475695167
0.149615923645
0.154612570087
0.159743986853
0.165007012747
0.170398217064
0.175913888514
0.181550025976
0.187302331629
0.193166207071
0.199136753087
0.205208773791
0.21137678591
0.217635033985
0.223977512299
0.230397994261
0.236890069955
0.2434471924
0.25006273295
0.256730045997
0.263442542891
0.270193774682
0.276977522869
0.283787897021
0.290619437652
0.297467222404
0.304326973204
0.311195161799
0.318069110896
0.324947088066
0.331828389687
0.338713412425
0.345603710151
0.352502034729
0.359412359722
0.366339886797
0.373291035296
0.380273416196
0.387295792271
0.394368026823
0.40150102377
0.408706662082
0.415997727697
0.423387845971
0.430891417524
0.438523560078
0.44630005843
0.454237324314
0.462352367307
0.47066277741
0.479186719253
0.487942937147
0.496950769278
0.506230168211
0.515801723313
0.52568667858
0.535906936304
0.546485032625
0.557444064595
0.56880753893
0.580599098778
0.592842064373
0.60555869345
0.618769023466
0.632489094416
0.646728261477
0.661485184373
0.676741923848
0.692455400693
0.708545339783
0.724877889663
0.741244725623
0.757339246346
0.772735331065
0.786880483106
0.799122124628
0.808786161543
0.815309180613
0.818387066236
0.818069378263
0.814743537108
0.809018111726
0.801571299177
0.793030491402
0.783909208624
0.774592638773
0.765350879565
0.756362408414
0.747737813615
0.739539682032
0.731797779615
0.724520039321
0.71770026139
0.711323398704
0.705369132684
0.699814265286
0.694634302001
0.689804486712
0.685300467366
0.681098714196
0.677176772905
0.673513408389
0.670088676426
0.666883948386
0.663881905705
0.661066515232
0.658422992725
0.655937759223
0.653598393331
0.651393581276
0.649313065903
0.647347595285
0.64548887137
0.643729498895
0.642062934763
0.640483438029
0.638986020659
0.637566399235
0.636220947837
0.634946652316
0.633741066224
0.632602268676
0.631528824388
0.630519746182
0.629574460183
0.628692773935
0.627874847647
0.627121168714
0.62643252966
0.625810009606
0.625254959316
0.624768989885
0.624353965074
0.62401199728
0.623745447142
0.623556926736
0.623449306335
0.623425724691
0.623489602834
0.623644661353
0.623894941198
0.624244828015
0.624699080122
0.62526286023
0.625941771101
0.626741895388
0.627669839996
0.628732785396
0.629938540421
0.631295603268
0.632813229513
0.634501508228
0.636371447456
0.638435070626
0.640705525794
0.643197210029
0.645925911716
0.64890897415
0.65216548447
0.655716492833
0.659585267667
0.66379759402
0.668382123288
0.67337078402
0.678799264899
0.684707582137
0.691140743822
0.698149522162
0.705791338956
0.714131255741
0.723243030036
0.733210137073
0.744126531566
0.756096675163
0.769233859982
0.783654872768
0.799467086602
0.816740233996
0.835447928132
0.855352046413
0.875789814117
0.895336195378
0.911447077038
0.92057106226
0.919500496523
0.907564356037
0.887249893182
0.862328887845
0.835853385914
0.809622427908
0.784503217199
0.76083260028
0.738681275362
0.717997890888
0.698681635186
0.680617143973
0.663690488294
0.647795882533
0.632837929744
0.618731788036
0.605402430671
0.592783570621
0.580816520608
0.5694491104
0.558634709479
0.548331367595
0.53850106934
0.52910909222
0.520123455782
0.511514449704
0.503254230103
0.495316475016
0.48767609172
0.480308970193
0.473191778422
0.466301796537
0.459616787744
0.453114904836
0.446774631626
0.440574758949
0.434494394938
0.428513009028
0.422610508631
0.416767346616
0.410964656685
0.4051844125
0.399409605055
0.393624431481
0.387814487289
0.381966953166
0.376070767042
0.370116772237
0.364097833298
0.35800891249
0.351847101853
0.345611608107
0.339303690257
0.332926552318
0.326485195929
0.319986239525
0.313437712101
0.306848830296
0.300229767597
0.29359142397
0.286945203285
0.280302804601
0.273676031972
0.267076625958
0.260516118605
0.254005712468
0.247556183192
0.241177804382
0.234880292926
0.228672772568
0.22256375336
0.216561124577
0.210672158745
0.204903524616
0.199261307086
0.193751032322
0.188377696564
0.183145797337
0.178059366005
0.173122000799
0.168336899649
0.163706892288
0.159234471233
0.154921821353
0.15077084784
0.146783202461
0.142960308025
0.139303381048
0.135813452651
0.13249138771
0.129337902339
0.126353579776
0.123538884752
0.120894176422
0.118419719967
0.116115696915
0.113982214304
0.112019312731
0.110226973378
0.108605124075
0.107153644466
0.105872370329
0.104761097093
0.103819582618
0.103047549244
0.102444685164
0.102010645141
0.101745050584
0.101647489012
0.101717512899
0.101954637934
0.102358340668
0.102928055579
0.103663171532
0.104563027631
0.105626908465
0.106854038731
0.108243577223
0.109794610184
0.111506144006
0.113377097272
0.115406292146
0.117592445094
0.119934156971
0.122429902469
0.125078018966
0.127876694825
0.130823957197
0.133917659412
0.137155468073
0.140534849985
0.144053059088
0.147707123613
0.151493833711
0.15540972985
0.159451092336
0.163613932382
0.167893985157
0.172286705369
0.176787265936
0.181390560385
0.18609120963
0.19088357383
0.195761770013
0.200719696154
0.205751062327
0.210849429475
0.216008256219
0.221220953945
0.226480950193
0.231781760125
0.237117065512
0.242480800392
0.247867242159
0.25327110653
0.258687644489
0.264112739046
0.269542999423
0.274975850209
0.280409612968
0.285843577989
0.291278064066
0.296714464611
0.3021552789
0.307604127806
0.313065754017
0.318546007347
0.324051816378
0.329591148197
0.335172958441
0.340807134209
0.346504432603
0.352276417747
0.35813539913
0.364094373946
0.370166975966
