1.0
0.990037430627
0.960595573857
0.912987342544
0.849320204691
0.772379981528
0.685477630481
0.592267817511
0.49654969741
0.402061331565
0.312279521868
0.230236506952
0.158363972124
0.0983732251814
0.0511782795944
0.0168660869441
0.00528458301083
0.0167369443506
0.0195867574692
0.0164162400996
0.010120040185
0.00371360132331
0.000135267385237
0.00205382835226
0.0116928839063
0.0306824137998
0.059946351947
0.0996328569857
0.149091477972
0.206898674725
0.270930327192
0.338477121167
0.406396188222
0.471290251713
0.529703911628
0.578325683046
0.614184045393
0.634826083412
0.63846828735
0.624110672256
0.591607482384
0.541690244505
0.475941678865
0.396721809473
0.307050372242
0.210452140587
0.110773927125
0.0119836533874
0.0820370878566
0.167695180681
0.241871357039
0.302078276697
0.3465823829
0.374482697226
0.385742207926
0.3811702467
0.362357080437
0.33156470282
0.291580336034
0.245541298765
0.19674153897
0.148431173423
0.103620760521
0.0649017361366
0.0342934818815
0.013125926946
0.0019644998493
0.000581766201859
0.00797735698482
0.0224449675989
0.0416824550614
0.0629385391342
0.0831874693215
0.0993213781466
0.108348997295
0.107589027835
0.094846751298
0.0685634279465
0.0279295964925
0.0270445248901
0.0955058541869
0.175784060669
0.265464733164
0.361506095769
0.460392735932
0.558317657141
0.651382317389
0.735803260979
0.808113556326
0.865347539168
0.905198312598
0.926139017524
0.927500969003
0.909504235025
0.873238970808
0.820598655237
0.75416914239
0.677079980126
0.592826612255
0.505073745726
0.417451233072
0.333354231403
0.25575912888
0.187065793699
0.128975153768
0.0824090472622
0.0474768153446
0.0234903818189
0.0090267387108
0.0020339957234
2.53845098918e-05
2.7072899047e-06
0.000872730812661
0.00553619481912
0.0166268875097
0.0363346795844
0.0662550232929
0.107273872187
0.159494913383
0.222213538366
0.293939253841
0.372465408999
0.454982353899
0.538227605708
0.618664432829
0.692678597249
0.756781919822
0.807810914376
0.843108998866
0.860681720463
0.859315972716
0.838656247694
0.799233434717
0.742444407007
0.6704834702
0.586229518076
0.493095290611
0.394847309722
0.295406752677
0.198642614497
0.108168945625
0.0271577045388
0.0418221486443
0.0969302192779
0.137137860767
0.162264386718
0.172964449673
0.170667552071
0.157473425314
0.136009564131
0.109259387861
0.0803711912577
0.0524591469984
0.0284080666205
0.0106933904897
0.00122697451302
0.00123772420314
0.0111940835841
0.0307729360277
0.0588767587784
0.0936980503921
0.132827284526
0.173398095142
0.212261215255
0.246177000753
0.272015270761
0.286950750638
0.288642638925
0.27538772203
0.246237977964
0.201075655143
0.140641265783
0.0665126534352
0.0189638767712
0.112786602725
0.211449284299
0.311121402432
0.407847521741
0.497754447954
0.577254394019
0.643232592686
0.693208685622
0.725462728218
0.73911868758
0.734180760861
0.711520560038
0.672816039949
0.620445824988
0.557345155182
0.486831876044
0.412412610859
0.337580379871
0.265615402968
0.199400613929
0.141262537314
0.0928466848092
0.0550346031724
0.0279072685001
0.0107568129939
0.00214574797757
1.00745680917e-05
