-0.0
2.38981555704e-05
9.5593753229e-05
0.000215090187664
0.000382393122838
0.000597510501236
0.000860452556832
0.00117123183182
0.00152986319717
0.00193636387696
0.00239075347674
0.00289305401573
0.00344328996321
0.00404148827898
0.00468767845807
0.00538189257982
0.00612416536145
0.0069145342162
0.00775303931623
0.00863972366044
0.00957463314733
0.0105578166531
0.0115893261154
0.0126692166221
0.0137975465069
0.0149743774501
0.0161997745864
0.0174738066188
0.01879654594
0.0201680687602
0.0215884552433
0.0230577896505
0.0245761604919
0.0261436606875
0.0277603877361
0.029426443895
0.0311419363685
0.0329069775072
0.0347216850184
0.0365861821877
0.0385005981128
0.0404650679497
0.0424797331725
0.0445447418472
0.0466602489196
0.04882641652
0.0510434142823
0.0533114196824
0.055630618393
0.0580012046584
0.060423381689
0.0628973620776
0.0654233682374
0.068001632864
0.0706323994226
0.0733159226615
0.076052469153
0.0788423178649
0.0816857607623
0.084583103443
0.0875346658078
0.0905407827681
0.0936018049928
0.0967180996969
0.0998900514745
0.103118063179
0.106402556854
0.109743974716
0.113142780194
0.116599459031
0.12011452045
0.123688498382
0.12732195278
0.131015470997
0.134769669255
0.138585194204
0.142462724572
0.146402972922
0.150406687513
0.154474654284
0.158607698959
0.162806689294
0.167072537466
0.171406202618
0.17580869358
0.180281071763
0.184824454263
0.189440017172
0.194128999121
0.198892705077
0.203732510416
0.208649865287
0.213646299306
0.2187234266
0.223882951237
0.229126673084
0.234456494117
0.239874425244
0.245382593693
0.250983251
0.256678781683
0.262471712667
0.268364723528
0.274360657665
0.280462534492
0.286673562764
0.29299715518
0.299436944399
0.305996800661
0.312680851193
0.319493501638
0.326439459767
0.333523761784
0.340751801562
0.348129363246
0.35566265768
0.363358363242
0.371223671742
0.379266340171
0.387494749246
0.395917969855
0.404545838742
0.413389045044
0.422459229631
0.431769099603
0.441332560857
0.451164872269
0.461282825907
0.471704958742
0.482451802717
0.493546181826
0.50501356713
0.516882503731
0.529185127643
0.541957795799
0.555241859399
0.569084620069
0.583540520542
0.598672637678
0.614554566248
0.631272807114
0.64892980089
0.667647768803
0.687573509041
0.708884173768
0.731793614332
0.756557572764
0.783472277716
0.812850557375
0.844930376004
0.87959193279
0.915581541704
0.948819039198
0.970894935849
0.973800582198
0.959846229239
0.938377073434
0.916109956296
0.895714299705
0.877796577954
0.862206489723
0.848568048513
0.836463872456
0.825492582327
0.8152841787
0.805504082049
0.795856465777
0.786089734476
0.776003548281
0.765455159489
0.754362442659
0.742701748418
0.730500246835
0.71782405933
0.704764503376
0.691424871329
0.67790951135
0.664316027434
0.650730581728
0.637225768946
0.623860342401
0.610680102972
0.597719401884
0.58500287223
0.572547148262
0.560362440003
0.548453904019
0.536822796267
0.525467418002
0.51438387764
0.503566695613
0.493009278914
0.482704289598
0.472643928218
0.46282014971
0.453224826119
0.443849867732
0.434687311857
0.425729386583
0.416968555247
0.408397546146
0.400009370992
0.391797334855
0.383755039727
0.375876383345
0.368155554557
0.360587026194
0.353165546224
0.345886127746
0.338744038272
0.331734788622
0.324854121694
0.318098001273
0.311462601036
0.304944293834
0.298539641323
0.292245383993
0.286058431614
0.279975854121
0.273994872937
0.268112852737
0.262327293634
0.256635823791
0.251036192433
0.245526263244
0.240104008135
0.234767501366
0.229514914002
0.224344508679
0.219254634681
0.21424372329
0.209310283406
0.204452897416
0.199670217302
0.194960960969
0.19032390878
0.185757900295
0.181261831181
0.17683465031
0.17247535701
0.168182998475
0.163956667311
0.159795499229
0.155698670855
0.151665397667
0.147694932035
0.143786561382
0.139939606429
0.136153419543
0.132427383173
0.128760908366
0.125153433366
0.121604422281
0.118113363826
0.11467977013
0.111303175602
0.107983135862
0.104719226721
0.101511043221
0.0983581987156
0.095260324004
0.0922170665089
0.089228089494
0.0862930713225
0.0834117047531
0.0805836962719
0.0778087654576
0.075086644379
0.0724170770232
0.0697998187513
0.067234635783
0.064721304706
0.0622596120103
0.0598493536456
0.0574903346014
0.0551823685075
0.0529252772548
0.0507188906347
0.0485630459974
0.0464575879262
0.044402367929
0.0423972441449
0.0404420810656
0.0385367492711
0.0366811251783
0.0348750908027
0.033118533532
0.0314113459118
0.0297534254415
0.028144674381
0.0265849995681
0.0250743122444
0.0236125278909
0.0221995660725
0.0208353502903
0.0195198078423
0.0182528696914
0.0170344703412
0.0158645477182
0.0147430430609
0.0136699008156
0.012645068538
0.0116684968009
0.0107401391077
0.00985995181108
0.00902789403728
0.00824392761527
0.00750801701102
0.00682012926638
0.0061802339427
0.00558830306889
0.00504431109378
0.00454823484283
0.00410005347887
0.00369974846695
0.00334730354308
0.00304270468694
0.0027859400983
0.00257700017725
0.00241587750815
0.00230256684722
0.00223706511379
0.00221937138514
0.00224948689503
0.00232741503573
0.00245316136377
0.00262673360926
0.00284814168886
0.00311739772253
0.00343451605389
0.00379951327445
0.00421240825172
0.00467322216112
0.00518197852205
0.00573870323792
0.00634342464047
0.00699617353839
0.00769698327032
0.0084458897625
0.0092429315911
0.0100881500494
0.0109815892201
0.0119232960529
0.0129133204471
0.0139517153407
0.0150385368043
0.0161738441422
0.0173576999988
0.0185901704729
0.0198713252373
0.0212012376677
0.022579984977
0.0240076483593
0.0254843131416
0.0270100689436
0.0285850098475
0.0302092345772
0.031882846687
0.0336059547617
0.035378672627
0.0372011195718
0.0390734205832
0.0409957065936
0.042968114742
0.0449907886491
0.0470638787076
0.0491875423886
0.0513619445641
0.0535872578473
0.0558636629519
0.05819134907
0.0605705142716
0.0630013659252
0.0654841211419
0.0680190072435
0.0706062622564
0.0732461354326
0.0759388878001
0.0786847927426
0.0814841366128
0.0843372193789
0.0872443553079
0.0902058736873
0.0932221195875
0.0962934546679
0.0994202580285
0.102602927111
0.105841878654
0.109137549698
0.112490398657
0.115900906447
0.119369577687
0.12289694197
0.126483555207
0.130130001059
0.133836892459
0.137604873216
0.141434619737
0.145326842847
0.149282289726
0.153301745981
0.157386037841
0.161536034507
0.165752650661
0.170036849137
0.174389643783
0.178812102525
0.183305350644
0.187870574288
0.192509024244
0.197222019993
0.202010954059
0.206877296703
0.211822600977
0.216848508178
0.221956753747
0.22714917364
0.232427711247
0.237794424888
0.243251495968
0.248801237846
0.254446105516
0.260188706168
0.266031810759
0.271978366683
0.278031511697
0.284194589248
0.29047116537
0.296865047378
0.30338030456
0.310021291178
0.316792672065
0.323699451204
0.330747003729
0.337941111832
0.34528800522
0.352794406792
0.360467584421
0.368315409834
0.376346425816
0.38456992321
0.392996029489
0.401635811063
0.410501391992
0.419606092359
0.428964590371
0.438593113225
0.448509663099
0.458734286251
0.469289395448
0.48020015876
0.491494971603
0.503206033993
0.515370061819
0.528029170263
0.541231980188
0.555035015725
0.569504485281
0.584718570975
0.600770395911
0.617771896758
0.635858899001
0.655197758383
0.675993935053
0.698502616321
0.723040411725
0.749993394607
0.779804624506
0.812885176286
0.849266024456
0.887416313717
0.920362414622
0.933536346416
0.923275969365
0.899326873803
0.872089384295
0.846452996793
0.823771379
0.804059683903
0.786954008245
0.772035337557
0.758922472776
0.74728985158
0.736863197217
0.72741021808
0.718731674309
0.710654210266
0.703025104669
0.695708728933
0.68858442209
0.681545481454
0.674498967282
0.667366014786
0.660082345636
0.652598687195
0.644880852108
0.636909306461
0.628678153208
0.620193561989
0.61147176608
0.602536805241
0.593418211866
0.584148820151
0.574762834896
0.56529424246
0.55577559393
0.546237148357
0.536706335502
0.527207482641
0.517761745898
0.508387189979
0.499098967728
0.489909560206
0.480829047207
0.471865386452
0.463024686539
0.454311464154
0.445728880099
0.437278951595
0.428962740295
0.42078051675
0.412731902841
0.404815994111
0.397031464093
0.389376652734
0.381849640949
0.374448313142
0.3671704094
0.360013568852
0.352975365501
0.346053337694
0.339245012204
0.332547923779
0.325959630883
0.319477728247
0.313099856758
0.306823711117
0.300647045654
0.294567678609
0.288583495144
0.282692449313
0.276892565171
0.271181937191
0.265558730102
0.26002117828
0.254567584765
0.249196319995
0.243905820309
0.238694586285
0.233561180943
0.228504227864
0.22352240924
0.218614463899
0.213779185302
0.209015419549
0.204322063399
0.19969806231
0.195142408518
0.190654139152
0.186232334399
0.181876115717
0.177584644096
0.17335711838
0.169192773642
0.165090879612
0.161050739167
0.157071686872
0.15315308758
0.149294335087
0.145494850834
0.141754082674
0.138071503676
0.134446610991
0.130878924757
0.127367987055
0.123913360913
0.120514629346
0.117171394446
0.113883276507
0.110649913192
0.107470958737
0.104346083188
0.10127497168
0.098257323739
0.0952928526254
0.0923812847017
0.0895223588322
0.0867158258099
0.08396144781
0.0812589978701
0.0786082593934
0.0760090256768
0.0734610994606
0.0709642924998
0.0685184251562
0.0661233260099
0.0637788314894
0.06148478552
0.0592410391888
0.0570474504264
0.0549038837042
0.0528102097463
0.050766305256
0.0487720526552
0.0468273398381
0.0449320599358
0.0430861110936
0.0412893962595
0.0395418229832
0.0378433032256
0.0361937531786
0.034593093093
0.0330412471173
0.031538143143
0.0300837126599
0.0286778906185
0.0273206152992
0.0260118281904
0.024751473872
0.0235394999061
0.0223758567338
0.0212604975786
0.0201933783549
0.0191744575826
0.0182036963067
0.0172810580226
0.0164065086058
0.0155800162464
0.0148015513892
0.0140710866768
0.0133885968981
0.0127540589408
0.0121674517476
0.0116287562768
0.0111379554666
0.0106950342029
0.0102999792913
0.00995277943247
0.00965342520077
0.00940190902703
0.00919822518418
0.00904236977662
0.0089343407329
0.00887413780177
0.0088617625516
0.00889721837324
0.00898051048614
0.00911164594799
0.00929063366772
0.00951748442197
0.00979221087517
0.010114827603
0.0104853511198
0.0109037999093
0.0113701944595
0.0118845573014
0.0124469130512
0.013057288458
0.0137157124538
0.0144222162097
0.0151768331956
0.0159795992452
0.0168305526251
0.0177297341103
0.0186771870634
0.0196729575209
0.0207170942843
0.0218096490169
0.0229506763484
0.0241402339843
0.0253783828232
0.0266651870812
0.0280007144235
0.0293850361041
0.0308182271139
0.0323003663373
0.0338315367178
0.0354118254338
0.0370413240837
0.0387201288819
0.0404483408662
0.0422260661167
0.0440534159864
0.0459305073462
0.0478574628417
0.0498344111661
0.0518614873471
0.05393883305
0.0560665968978
0.058244934809
0.0604740103535
0.0627539951291
0.0650850691579
0.0674674213054
0.0699012497218
0.0723867623088
0.0749241772117
0.0775137233381
0.0801556409072
0.0828501820276
0.0855976113087
0.0883982065061
0.0912522592024
0.0941600755273
0.0971219769178
0.100138300922
0.103209402046
0.106335652656
0.109517443922
0.112755186826
0.116049313223
0.119400276964
0.122808555087
0.126274649081
0.129799086215
0.133382420961
0.137025236493
0.140728146278
0.144491795772
0.148316864214
0.152204066535
0.156154155389
0.160167923311
0.16424620502
0.168389879867
0.172599874447
0.176877165386
0.181222782319
0.185637811068
0.190123397048
0.194680748903
0.199311142413
0.204015924682
0.208796518625
0.213654427804
0.218591241626
0.223608640934
0.228708404053
0.2338924133
0.239162662032
0.244521262271
0.249970452968
0.255512608968
0.261150250754
0.26688605505
0.272722866373
0.278663709634
0.284711803918
0.290870577554
0.297143684635
0.303535023147
0.310048754901
0.316689327457
0.323461498305
0.330370361542
0.33742137735
0.34462040461
0.351973737016
0.359488143092
0.367170910567
0.375029895583
0.383073577252
0.391311118078
0.399752430785
0.408408251986
0.417290223074
0.426410978429
0.435784240699
0.445424922194
0.455349230414
0.465574773998
0.476120662652
0.487007590427
0.498257884944
0.509895494763
0.52194587054
0.53443566969
0.54739217326
0.560842238915
0.574810511489
0.589316451173
0.604369487324
0.619961218518
0.636052999393
0.65255640514
0.6693026062
0.685974986002
0.701989937529
0.716613746977
0.72895193155
0.738202816521
0.74382047356
0.745679402114
0.744103089299
0.739741236861
0.73337312749
0.725736190519
0.717430764078
0.708895737324
0.700425582765
0.692202246179
0.684326818051
0.676845175056
0.669766745927
0.663077485808
0.656748550978
0.650741990383
0.645014453518
0.639519621746
0.634209844652
0.629037301818
0.623954898421
0.6189170254
0.613880260048
0.608804042931
0.603651337475
0.598389256766
0.592989627475
0.587429453106
0.581691238159
0.575763140959
0.569638934824
0.563317773001
0.556803769888
0.55010542691
0.543234943458
0.536207460195
0.529040283097
0.521752132401
0.514362452469
0.506890808183
0.499356382596
0.491777580577
0.484171735125
0.476554907261
0.468941766901
0.461345540636
0.453778012318
0.446249563375
0.438769241408
0.431344847454
0.423983034186
0.416689409059
0.409468637915
0.402324545848
0.395260213152
0.388278064981
0.381379953964
0.374567235477
0.367840835584
0.361201311893
0.354648907712
0.34818359997
0.341805141415
0.335513097623
0.329306879314
0.323185770485
0.317148952809
0.311195526737
0.305324529686
0.299534951657
0.293825748618
0.288195853915
0.282644187974
0.277169666505
0.27177120741
0.266447736565
0.261198192625
0.256021530986
0.250916727011
0.245882778637
0.240918708432
0.236023565188
0.231196425121
0.22643639272
0.221742601316
0.217114213393
0.212550420697
0.208050444165
0.203613533705
0.199238967856
0.194926053341
0.190674124538
0.186482542886
0.182350696232
0.17827799814
0.174263887162
0.170307826093
0.166409301206
0.162567821478
0.158782917812
0.155054142263
0.151381067259
0.147763284846
0.144200405928
0.14069205953
0.13723789207
0.133837566652
0.130490762376
0.127197173662
0.123956509599
0.120768493313
0.117632861349
0.114549363082
0.111517760147
0.108537825879
0.105609344791
0.102732112054
0.0999059330125
0.0971306227073
0.0944060054244
0.0917319142602
0.0891081907055
0.0865346842468
0.0840112519852
0.0815377582724
0.079114074362
0.0767400780775
0.0744156534952
0.0721406906418
0.0699150852061
0.0677387382646
0.0656115560201
0.0635334495534
0.0615043345867
0.0595241312589
0.0575927639123
0.0557101608902
0.0538762543445
0.0520909800537
0.0503542772501
0.0486660884563
0.0470263593304
0.0454350385197
0.0438920775222
0.0423974305562
0.0409510544364
0.0395529084584
0.0382029542882
0.0369011558599
0.0356474792781
0.0344418927272
0.0332843663857
0.0321748723462
0.0311133845409
0.0300998786712
0.0291343321429
0.0282167240054
0.0273470348959
0.0265252469874
0.0257513439404
0.0250253108597
0.0243471342538
0.0237168019986
0.0231343033046
0.0225996286874
0.0221127699416
0.0216737201181
0.0212824735048
0.0209390256096
0.0206433731477
0.020395514031
0.0201954473611
0.0200431734248
0.019938693693
0.0198820108225
0.0198731286607
0.019912052253
0.0199987878542
0.0201333429416
0.0203157262321
0.0205459477028
0.0208240186133
0.0211499515331
0.0215237603713
0.02194546041
0.0224150683411
0.0229326023077
0.023498081948
0.0241115284443
0.0247729645756
0.0254824147744
0.0262399051887
0.0270454637478
0.0278991202336
0.0288009063567
0.0297508558382
0.0307490044967
0.0317953903417
0.0328900536725
0.0340330371844
0.0352243860812
0.0364641481948
0.0377523741127
0.0390891173132
0.040474434309
0.0419083847995
0.0433910318322
0.0449224419743
0.0465026854939
0.0481318365524
0.0498099734079
0.0515371786306
0.0533135393312
0.0551391474016
0.0570140997703
0.0589384986721
0.0609124519333
0.0629360732733
0.0650094826225
0.0671328064597
0.0693061781667
0.0715297384045
0.0738036355093
0.0761280259111
0.078503074576
0.0809289554725
0.0834058520639
0.0859339578282
0.0885134768062
0.0911446241808
0.0938276268868
0.0965627242564
0.0993501686981
0.102190226414
0.105083178158
0.108029320032
0.111028964331
0.11408244043
0.117190095722
0.12035229661
0.123569429551
0.126841902158
0.130170144364
0.133554609653
0.136995776356
0.140494149023
0.144050259874
0.147664670324
0.151337972603
0.155070791468
0.158863786012
0.162717651571
0.166633121757
0.170610970595
0.174652014797
0.178757116163
0.182927184135
0.187163178491
0.19146611222
0.19583705456
0.200277134228
0.204787542852
0.209369538614
0.214024450129
0.218753680567
0.223558712038
0.228441110263
0.233402529541
0.238444718049
0.243569523479
0.248778899047
0.254074909894
0.259459739909
0.264935698983
0.270505230743
0.27617092077
0.281935505326
0.28780188062
0.293773112604
0.299852447328
0.306043321823
0.312349375507
0.318774462055
0.325322661662
0.331998293579
0.338805928743
0.345750402252
0.352836825325
0.360070596263
0.367457409718
0.375003263366
0.382714460705
0.390597608295
0.398659605141
0.406907621108
0.415349060213
0.423991503147
0.432842621452
0.441910053123
0.451201225847
0.460723109279
0.470481871303
0.480482404527
0.490727677667
0.501217851026
0.511949074773
0.522911861433
0.534088886128
0.545452006449
0.55695810783
0.568539995136
0.580065450807
0.591412047245
0.602402424219
0.612806976977
0.622391655184
0.630926157932
0.638197044037
0.644033273253
0.648328974124
0.651057155126
0.652271744232
0.652097605482
0.650711327107
0.648317879024
0.645128396842
0.641342733304
0.637138195483
0.63266407499
0.62804060436
0.623360750851
0.618693486905
0.614087567837
0.609575224195
0.605175464624
0.600896875342
0.596739912948
0.592698742928
0.588762697932
0.584917432786
0.58114584675
0.577428833288
0.573745906452
0.57007574225
0.566396663611
0.562687088784
0.558925955333
0.555093125069
0.551169769529
0.547138730841
0.542984849343
0.538695247161
0.534259556316
0.529670080797
0.524921884327
0.520012799003
0.514943354243
0.509716629997
0.504338042534
0.498815074786
0.493156965828
0.487374375488
0.481479040113
0.475483434453
0.469400452532
0.463243117716
0.457024329164
0.450756648821
0.444452130311
0.438122188717
0.431777508355
0.425427984411
0.419082693547
0.412749888404
0.406437011007
0.400150720535
0.393896931436
0.387680858496
0.381507066078
0.375379519338
0.369301635712
0.363276335402
0.357306089978
0.351392968468
0.345538680548
0.339744616635
0.334011884808
0.328341344567
0.322733637533
0.317189215233
0.311708364121
0.306291228042
0.300937828321
0.295648081671
0.290421816117
0.285258785115
0.280158680027
0.275121141141
0.270145767342
0.265232124618
0.260379753488
0.255588175488
0.250856898805
0.246185423167
0.241573244052
0.237019856316
0.232524757285
0.228087449383
0.223707442357
0.219384255124
0.215117417311
0.210906470509
0.206750969277
0.202650481929
0.198604591139
0.194612894373
0.190675004176
0.186790548343
0.182959169969
0.179180527419
0.17545429421
0.171780158827
0.168157824483
0.16458700883
0.161067443631
0.157598874398
0.154181060005
0.150813772278
0.147496795575
0.144229926349
0.141012972704
0.137845753952
0.134728100162
0.131659851715
0.128640858858
0.125670981272
0.122750087633
0.119878055195
0.117054769372
0.114280123336
0.111554017626
0.108876359762
0.10624706388
0.103666050371
0.10113324554
0.0986485812714
0.0962119947127
0.0938234279647
0.0914828277901
0.0891901453316
0.0869453358431
0.0847483584333
0.0825991758208
0.0804977541014
0.0784440625263
0.0764380732917
0.0744797613389
0.0725691041653
0.0707060816447
0.0688906758583
0.0671228709344
0.0654026528973
0.063730009525
0.0621049302151
0.0605274058591
0.0589974287238
0.0575149923404
0.0560800914006
0.0546927216595
0.0533528798445
0.0520605635709
0.0508157712628
0.04961850208
0.04846875585
0.0473665330049
0.0463118345236
0.0453046618778
0.0443450169835
0.0434329021553
0.0425683200661
0.0417512737094
0.0409817663659
0.0402598015734
0.0395853831004
0.0389585149219
0.0383792011994
0.0378474462634
0.0373632545985
0.0369266308319
0.0365375797242
0.0361961061628
0.0359022151582
0.0356559118427
0.0354572014717
0.0353060894273
0.0352025812249
0.0351466825215
0.0351383991277
0.0351777370211
0.0352647023632
0.0353993015185
0.035581541076
0.035811427875
0.0360889690314
0.0364141719698
0.0367870444561
0.0372075946352
0.0376758310714
0.0381917627924
0.0387553993368
0.0393667508062
0.0400258279208
0.0407326420793
0.0414872054244
0.0422895309113
0.0431396323833
0.0440375246514
0.0449832235799
0.0459767461786
0.0470181107003
0.048107336746
0.0492444453766
0.0504294592325
0.0516624026603
0.052943301849
0.0542721849744
0.0556490823525
0.0570740266034
0.0585470528253
0.0600681987794
0.0616375050863
0.0632550154349
0.0649207768037
0.0666348396955
0.0683972583874
0.070208091194
0.0720674007482
0.073975254297
0.0759317240153
0.0779368873387
0.0799908273141
0.0820936329713
0.0842453997157
0.086446229743
0.0886962324769
0.0909955250317
0.0933442327003
0.0957424894682
0.0981904385564
0.100688232993
0.103236036217
0.105834022711
0.108482378668
0.111181302699
0.113931006569
0.116731715976
0.119583671369
0.122487128806
0.12544236086
0.128449657566
0.131509327416
0.134621698408
0.137787119141
0.141005959964
0.14427861419
0.147605499356
0.150987058556
0.154423761829
0.157916107616
0.161464624291
0.165069871758
0.168732443129
0.172452966472
0.17623210665
0.180070567241
0.183969092539
0.187928469663
0.19194953074
0.196033155201
0.200180272171
0.204391862962
0.208668963678
0.213012667916
0.217424129589
0.22190456585
0.226455260129
0.231077565279
0.235772906816
0.240542786271
0.245388784616
0.250312565775
0.255315880187
0.260400568402
0.265568564688
0.270821900591
0.276162708403
0.281593224484
0.287115792329
0.292732865286
0.298447008782
0.304260901892
0.310177338011
0.316199224376
0.322329580079
0.328571532133
0.334928309049
0.341403231237
0.347999697358
0.354721165554
0.361571128174
0.36855307831
0.375670465946
0.382926641053
0.390324780169
0.397867792209
0.405558198054
0.413397977104
0.421388372131
0.429529641413
0.437820743833
0.446258937672
0.45483926469
0.463553868671
0.472391022391
0.481333424706
0.490354403287
0.499413303635
0.508471145596
0.517475595617
0.52634274854
0.534972617549
0.543268531087
0.551134079539
0.558468932995
0.565173086309
0.571154106769
0.576334757868
0.58065841691
0.584092958411
0.586632917926
0.588299460076
0.589138059835
0.589214259426
0.588608181829
0.587408606021
0.585707342351
0.583594446818
0.581154562892
0.578464450156
0.575591592322
0.572593683778
0.569518763615
0.566405779241
0.563285398157
0.560180930655
0.557109268344
0.554081778566
0.551105121625
0.548181976704
0.545311674891
0.542490745302
0.539713384464
0.536971860863
0.534256866818
0.531557829201
0.52886318926
0.526160660315
0.523437470364
0.520680594899
0.517876983427
0.515013781436
0.512078547876
0.50905946666
0.505945549358
0.50272682517
0.499394513526
0.495941174315
0.492360830836
0.488649061078
0.484803053882
0.480821627786
0.476705211897
0.472455789705
0.468076808419
0.463573057812
0.458950523803
0.454216222866
0.449378023865
0.444444464002
0.439424565289
0.434327657334
0.429163211309
0.423940688943
0.418669409214
0.413358434416
0.408016476276
0.40265182205
0.397272279796
0.39188514147
0.386497162018
0.381114552281
0.37574298341
0.37038760042
0.365053042708
0.359743469539
0.35446258883
0.349213687837
0.343999664644
0.338823059612
0.333686086154
0.328590660379
0.323538429319
0.318530797515
0.313568951884
0.308653884791
0.303786415371
0.2989672091
0.294196795718
0.28947558555
0.284803884344
0.280181906704
0.275609788226
0.271087596426
0.266615340559
0.262192980426
0.257820434236
0.253497585629
0.249224289919
0.245000379626
0.240825669382
0.236699960243
0.232623043489
0.228594703944
0.22461472287
0.220682880482
0.216798958108
0.212962740046
0.209174015141
0.205432578109
0.201738230642
0.198090782312
0.194490051297
0.190935864952
0.187428060239
0.18396648403
0.18055099331
0.177181455271
0.173857747339
0.170579757115
0.167347382256
0.164160530309
0.161019118488
0.157923073424
0.154872330871
0.151866835393
0.148906540027
0.145991405932
0.143121402019
0.140296504578
0.137516696897
0.13478196888
0.13209231666
0.129447742221
0.126848253016
0.124293861599
0.121784585256
0.11932044565
0.116901468472
0.114527683104
0.112199122292
0.10991582183
0.107677820256
0.105485158562
0.103337879912
0.101236029374
0.0991796536708
0.0971688009311
0.0952035204632
0.0932838625355
0.0914098781709
0.0895816189518
0.0877991368373
0.0860624839906
0.0843717126178
0.0827268748169
0.0811280224363
0.0795752069439
0.0780684793044
0.0766078898659
0.0751934882554
0.0738253232815
0.0725034428457
0.0712278938601
0.0699987221729
0.0688159725001
0.0676796883634
0.0665899120342
0.065546684483
0.0645500453343
0.0636000328262
0.0626966837748
0.0618400335434
0.061030116015
0.0602669635695
0.0595506070645
0.0588810758191
0.0582583976016
0.05768259862
0.0571537035156
0.0566717353592
0.0562367156504
0.0558486643194
0.0555075997309
0.0552135386909
0.054966496456
0.0547664867444
0.0546135217498
0.0545076121575
0.0544487671626
0.054436994491
0.0544723004221
0.0545546898149
0.0546841661356
0.054860731489
0.0550843866517
0.0553551311087
0.0556729630928
0.0560378796277
0.056449876574
0.0569089486789
0.0574150896305
0.0579682921148
0.0585685478788
0.0592158477968
0.0599101819427
0.060651539667
0.06143990968
0.0622752801407
0.0631576387521
0.0640869728641
0.0650632695825
0.0660865158873
0.0671566987578
0.0682738053077
0.0694378229288
0.070648739445
0.0719065432768
0.0732112236165
0.0745627706158
0.0759611755851
0.0774064312065
0.0788985317603
0.0804374733659
0.0820232542383
0.0836558749605
0.0853353387726
0.0870616518788
0.0888348237731
0.0906548675834
0.0925218004374
0.094435643848
0.0963964241219
0.0984041727909
0.100458927067
0.10256073032
0.10470963259
0.10690569111
0.109148970875
0.111439545225
0.113777496469
0.116162916527
0.11859590762
0.121076582974
0.123605067576
0.126181498948
0.128806027969
0.131478819724
0.134200054399
0.136969928205
0.139788654346
0.142656464029
0.145573607504
0.148540355158
0.151556998641
0.154623852039
0.157741253083
0.160909564412
0.164129174868
0.167400500838
0.170723987641
0.174100110955
0.177529378288
0.181012330486
0.184549543288
0.188141628916
0.191789237697
0.19549305973
0.199253826575
0.203072312974
0.206949338591
0.210885769769
0.214882521299
0.218940558185
0.223060897396
0.227244609601
0.231492820856
0.235806714229
0.240187531348
0.244636573827
0.249155204551
0.253744848759
0.258406994897
0.263143195159
0.267955065653
0.272844286093
0.277812598918
0.282861807705
0.287993774698
0.293210417297
0.298513703236
0.303905644195
0.30938828749
0.314963705439
0.320633981888
0.326401195304
0.332267397672
0.338234588321
0.344304681536
0.350479466633
0.356760558787
0.363149338532
0.369646877258
0.376253845237
0.382970397483
0.38979603075
0.396729401457
0.403768087877
0.410908268942
0.418144279522
0.425468023318
0.432868432249
0.440331706549
0.447842223825
0.45538100966
0.462923004237
0.470430877062
0.477812658154
0.485040482324
0.492051981215
0.498790646034
0.505207935056
0.511241132435
0.516831486942
0.521927745959
0.526486431499
0.530473265104
0.533864824527
0.536649752914
0.538829271453
0.540416924509
0.541437594726
0.54192590598
0.541924191867
0.541480239583
0.540645017194
0.539470560419
0.538008145037
0.536306815931
0.534412293805
0.532366241713
0.5302058478
0.527963667327
0.525667663683
0.523341391601
0.521004273442
0.518671928701
0.516356526338
0.514067138133
0.511810078444
0.509589221537
0.507406291989
0.505261126825
0.503151910216
0.501075382968
0.499027029886
0.497001248467
0.49499150254
0.492990464319
0.490990148124
0.488982038619
0.486957216002
0.48490648005
0.48282047437
0.480689811602
0.478505199725
0.476257568983
0.473938198363
0.47153884
0.469051839437
0.46647024927
0.463787933506
0.460999659858
0.458101177321
0.455089276616
0.451961831535
0.448717819795
0.445357322671
0.441881503469
0.438292565594
0.434593691725
0.430788966212
0.426883283292
0.422882244097
0.418792045615
0.414619364915
0.410371241924
0.406054963994
0.401677955352
0.397247674169
0.392771519494
0.388256749524
0.383710411837
0.379139285366
0.374549833394
0.369948166713
0.365340016366
0.360730715631
0.356125190955
0.351527961306
0.346943144981
0.342374472556
0.337825304481
0.333298651884
0.328797199289
0.324323328245
0.319879141067
0.315466484153
0.311086970481
0.30674200105
0.302432785125
0.298160359202
0.293925604677
0.289729264223
0.285571956914
0.281454192144
0.277376382395
0.273338854916
0.269341862383
0.265385592611
0.261470177369
0.257595700368
0.253762204494
0.249969698326
0.246218161999
0.242507552475
0.238837808256
0.235208853587
0.231620602197
0.228072960612
0.224565831077
0.221099114117
0.217672710778
0.214286524565
0.210940463106
0.207634439577
0.204368373895
0.201142193707
0.197955835204
0.19480924375
0.191702374381
0.188635192156
0.185607672386
0.182619800764
0.17967157339
0.176762996715
0.173894087406
0.171064872154
0.168275387409
0.165525679086
0.162815802211
0.160145820542
0.157515806157
0.154925839022
0.152376006536
0.149866403064
0.147397129462
0.144968292594
0.142580004848
0.140232383649
0.137925550983
0.135659632917
0.133434759132
0.131251062468
0.129108678473
0.12700774497
0.124948401637
0.122930789596
0.120955051025
0.119021328784
0.117129766049
0.115280505974
0.113473691362
0.111709464356
0.109987966145
0.108309336686
0.106673714446
0.105081236155
0.103532036576
0.102026248295
0.100564001516
0.0991454238807
0.0977706402961
0.0964397727753
0.0951529402936
0.0939102586551
0.0927118403716
0.0915577945518
0.0904482268023
0.0893832391372
0.0883629298984
0.0873873936836
0.086456721284
0.0855709996287
0.0847303117378
0.0839347366812
0.0831843495452
0.0824792214044
0.0818194193001
0.0812050062234
0.0806360411041
0.0801125788039
0.0796346701149
0.0792023617612
0.0788156964061
0.0784747126618
0.0781794451037
0.0779299242883
0.0777261767742
0.0775682251471
0.0774560880476
0.0773897802029
0.0773693124622
0.0773946918346
0.0774659215318
0.0775830010133
0.0777459260369
0.0779546887113
0.0782092775552
0.0785096775586
0.0788558702507
0.0792478337713
0.0796855429489
0.0801689693837
0.0806980815364
0.0812728448247
0.0818932217255
0.0825591718853
0.0832706522382
0.0840276171325
0.0848300184662
0.0856778058326
0.086570926675
0.0875093264538
0.0884929488239
0.0895217358249
0.0905956280841
0.0917145650332
0.0928784851396
0.0940873261523
0.0953410253647
0.0966395198931
0.0979827469739
0.0993706442784
0.100803150247
0.102280204443
0.10380174793
0.105367723665
0.106978076921
0.108632755729
0.110331711343
0.112074898733
0.113862277102
0.115693810429
0.117569468039
0.119489225201
0.121453063754
0.12346097276
0.125512949188
0.127608998631
0.12974913604
0.131933386504
0.134161786052
0.136434382481
0.138751236225
0.141112421244
0.143518025952
0.145968154163
0.148462926078
0.151002479293
0.153586969836
0.156216573231
0.158891485589
0.161611924721
0.164378131275
0.167190369894
0.170048930395
0.172954128962
0.175906309357
0.17890584414
0.181953135904
0.185048618508
0.188192758316
0.191386055437
0.19462904495
0.197922298121
0.2012664236
0.204662068592
0.208109919989
0.211610705463
0.215165194499
0.21877419936
0.222438575973
0.226159224704
0.229937091023
0.23377316602
0.237668486741
0.241624136333
0.245641243934
0.249720984279
0.253864576961
0.258073285298
0.262348414704
0.266691310511
0.271103355109
0.275585964295
0.280140582687
0.284768678011
0.289471734074
0.294251242156
0.299108690528
0.304045551741
0.30906326723
0.314163228723
0.319346755791
0.324615068722
0.329969255742
0.335410233274
0.340938697667
0.346555066321
0.352259405683
0.358051343157
0.363929960047
0.369893664355
0.375940047647
0.382065740761
0.388266291899
0.394536066927
0.400868086363
0.407253639419
0.413681540135
0.420136768892
0.42659813423
0.433037712207
0.439425694422
0.445725230517
0.45189120998
0.457882938236
0.463671516141
0.46920295043
0.474420800649
0.479295988548
0.483799654479
0.487902351534
0.491579515482
0.494812618028
0.497589952932
0.499907100748
0.501767029008
0.50317984794
0.504162258713
0.504736740052
0.504930536321
0.504774525759
0.504302051978
0.503547794173
0.502546735843
0.501333272784
0.499940482336
0.498399559611
0.496739413701
0.494986408112
0.493164224525
0.491293826919
0.489393503349
0.487478964511
0.485563480951
0.483658043918
0.481771537973
0.47991091639
0.47808137288
0.476286505325
0.474528468879
0.472808117125
0.471125130983
0.46947813576
0.46786480728
0.466281968306
0.464725676733
0.463191307065
0.461673626756
0.460166868933
0.458664802929
0.457160803944
0.455647922954
0.454118957842
0.452566526435
0.450983141949
0.449361291011
0.447693514173
0.445972488528
0.444191111714
0.442342586338
0.440420503571
0.438418924424
0.436332457088
0.434156328567
0.431886448837
0.429519465808
0.427052809529
0.42448472428
0.421814287557
0.41904141529
0.416166853122
0.413192153978
0.410119642662
0.40695236857
0.403694048012
0.400348997793
0.39692206187
0.393418532835
0.389844069866
0.386204614695
0.382506307038
0.378755401058
0.374958184604
0.371120903246
0.367249691426
0.363350513321
0.359429115987
0.355490996468
0.351541382051
0.347585219151
0.343627163911
0.339671569367
0.335722469625
0.331783566337
0.327858222942
0.323949468899
0.320060012668
0.31619226058
0.312348338789
0.308530116192
0.304739227053
0.300977092604
0.297244941331
0.293543827816
0.289874650169
0.286238166086
0.282635007633
0.279065694832
0.275530648145
0.272030199933
0.268564604961
0.265134050038
0.261738662833
0.258378519943
0.255053654271
0.251764061744
0.248509707445
0.245290531181
0.242106452542
0.238957375475
0.235843192422
0.232763788039
0.229719042533
0.22670883465
0.223733044326
0.220791555034
0.217884255849
0.215011043244
0.212171822647
0.209366509763
0.2065950317
0.203857327884
0.201153350804
0.198483066594
0.195846455454
0.193243511939
0.190674245117
0.188138678611
0.185636850533
0.183168813327
0.180734633521
0.178334391403
0.175968180631
0.17363610778
0.171338291834
0.16907486364
0.166845965312
0.164651749618
0.162492379321
0.160368026519
0.158278871957
0.15622510433
0.154206919585
0.152224520215
0.150278114557
0.148367916096
0.146494142777
0.144657016323
0.142856761575
0.141093605836
0.139367778246
0.137679509164
0.136029029574
0.134416570516
0.132842362535
0.131306635156
0.129809616375
0.128351532189
0.126932606131
0.125553058845
0.124213107676
0.122912966286
0.121652844294
0.120432946938
0.119253474762
0.11811462332
0.117016582903
0.115959538292
0.114943668526
0.113969146685
0.113036139703
0.112144808187
0.11129530626
0.110487781419
0.109722374408
0.108999219104
0.108318442419
0.107680164218
0.107084497243
0.106531547055
0.106021411988
0.105554183107
0.105129944187
0.104748771691
0.104410734768
0.104115895254
0.103864307685
0.103656019314
0.103491070147
0.103369492975
0.103291313423
0.103256550006
0.10326521419
0.103317310465
0.103412836424
0.103551782855
0.103734133834
0.103959866839
0.104228952858
0.104541356525
0.104897036248
0.105295944365
0.105738027295
0.106223225715
0.106751474739
0.107322704117
0.107936838441
0.10859379737
0.109293495873
0.110035844476
0.110820749539
0.111648113541
0.112517835387
0.113429810735
0.114383932335
0.1153800904
0.116418172986
0.117498066406
0.118619655653
0.119782824862
0.120987457779
0.122233438272
0.12352065085
0.124848981224
0.12621831688
0.12762854769
0.129079566544
0.130571270011
0.132103559022
0.133676339595
0.135289523567
0.136943029374
0.13863678284
0.140370718005
0.142144777973
0.143958915787
0.145813095328
0.147707292238
0.149641494865
0.15161570523
0.15362994001
0.155684231545
0.157778628856
0.159913198678
0.16208802651
0.164303217668
0.16655889835
0.168855216704
0.171192343897
0.173570475187
0.175989830985
0.178450657917
0.180953229863
0.183497848995
0.186084846786
0.188714584996
0.191387456637
0.194103886895
0.196864334022
0.199669290173
0.202519282205
0.205414872403
0.208356659151
0.211345277521
0.21438139978
0.217465735794
0.220599033331
0.223782078235
0.227015694457
0.230300743929
0.233638126253
0.237028778182
0.240473672862
0.243973818797
0.247530258506
0.251144066807
0.254816348687
0.258548236686
0.262340887717
0.266195479225
0.270113204591
0.274095267631
0.278142876061
0.282257233727
0.286439531396
0.290690935845
0.295012576952
0.299405532409
0.303870809644
0.308409324442
0.313021875683
0.31770911557
0.322471514666
0.327309321104
0.332222513494
0.337210747272
0.342273294501
0.34740897692
0.352616090493
0.357892315923
0.363234603648
0.368639016423
0.374100511836
0.379612655175
0.385167277996
0.390754153278
0.396360809791
0.401972491303
0.40757199302
0.413138629932
0.418648057743
0.424069512683
0.429365355402
0.434509097356
0.439455837033
0.444177225653
0.448619067358
0.45275892864
0.456577852095
0.460059354358
0.463188416294
0.46595335042
0.468346979941
0.470367020848
0.47201612155
0.473301700125
0.474235628368
0.474833773488
0.475115416715
0.475102585343
0.474819343235
0.474291083387
0.473543858801
0.472603778248
0.471496483792
0.470246718455
0.468877985354
0.467412294327
0.46586998831
0.464269639414
0.462628003577
0.460960022511
0.459278862268
0.457595978758
0.455921201864
0.454262831163
0.452627737627
0.451021466937
0.449448341156
0.447911556461
0.446413275419
0.444954712937
0.443536215515
0.442157333822
0.440816888897
0.4395130325
0.43824330227
0.437004672456
0.435793601052
0.434606074165
0.433437648489
0.432283492693
0.431138428528
0.429996972382
0.428853377945
0.42770168055
0.426535743657
0.425349307818
0.424136042317
0.422889599525
0.421603671853
0.420272050995
0.418888688977
0.417447760367
0.415943724806
0.414371388891
0.412725966311
0.41100313503
0.40919909029
0.407310592149
0.40533500637
0.403270337521
0.401115253317
0.39886909943
0.396531904217
0.394104373117
0.391587872716
0.388984404851
0.386296571397
0.383527530763
0.380680947462
0.377760936452
0.374772004051
0.371718987015
0.368606990774
0.365441327126
0.362227451462
0.358970900083
0.355677228912
0.352351955155
0.34900050236
0.345628146959
0.342239962171
0.338840756271
0.335435010918
0.33202684257
0.328620029575
0.325218138394
0.321824682469
0.318443129957
0.315076735335
0.31172839518
0.308400618845
0.30509556214
0.301815074077
0.298560739004
0.295333911253
0.292135743364
0.288967209453
0.285829124998
0.282722163959
0.279646873857
0.276603689229
0.27359294377
0.270614881359
0.267669666127
0.264757391695
0.261878089653
0.259031737373
0.256218265209
0.253437563135
0.25068948687
0.247973863528
0.24529049682
0.242639171854
0.240019659543
0.237431720663
0.234875109568
0.232349577591
0.229854876148
0.227390759563
0.224956987624
0.222553327889
0.22017955776
0.217835466321
0.215520855974
0.213235543859
0.210979363094
0.208752163825
0.206553814098
0.204384200578
0.2022432291
0.200130825082
0.198046933791
0.195991520487
0.193964570432
0.191966088798
0.189996100458
0.188054649682
0.18614179974
0.184257632422
0.18240224748
0.180575762005
0.178778309734
0.177010040312
0.175271118497
0.173561723327
0.171882047254
0.170232295246
0.168612683865
0.167023440332
0.165464801576
0.163937013277
0.162440328907
0.160975008776
0.159541319076
0.158139530947
0.156769919548
0.155432763145
0.154128342225
0.152856938628
0.1516188347
0.150414312484
0.149243652922
0.148107135104
0.147005035536
0.145937627447
0.14490518012
0.143907958265
0.14294622142
0.142020223386
0.141130211696
0.140276427115
0.139459103179
0.138678465758
0.137934732656
0.137228113243
0.136558808117
0.135927008792
0.135332897423
0.134776646555
0.1342584189
0.133778367142
0.133336633772
0.132933350943
0.132568640358
0.13224261317
0.131955369925
0.131707000508
0.131497584129
0.131327189323
0.131195873973
0.131103685357
0.131050660218
0.131036824851
0.131062195217
0.131126777075
0.131230566136
0.131373548241
0.131555699556
0.131776986795
0.132037367461
0.132336790109
0.132675194637
0.133052512594
0.133468667514
0.133923575275
0.134417144483
0.134949276879
0.135519867769
0.13612880649
0.136775976885
0.137461257824
0.138184523737
0.138945645184
0.139744489446
0.140580921145
0.141454802899
0.142365995995
0.143314361094
0.14429975897
0.145322051262
0.14638110127
0.147476774767
0.148608940836
0.149777472743
0.150982248821
0.152223153386
0.153500077672
0.154812920787
0.156161590687
0.157546005167
0.158966092868
0.160421794299
0.161913062862
0.163439865897
0.165002185722
0.166600020681
0.168233386196
0.169902315804
0.171606862201
0.173347098271
0.1751231181
0.176935037978
0.178782997383
0.180667159934
0.182587714325
0.184544875227
0.186538884151
0.18857001028
0.190638551251
0.192744833902
0.194889214955
0.197072081656
0.199293852351
0.201554977002
0.20385593763
0.206197248689
0.208579457363
0.211003143771
0.213468921089
0.21597743557
0.218529366455
0.221125425772
0.223766358007
0.226452939637
0.229185978509
0.231966313051
0.234794811297
0.237672369702
0.240599911723
0.243578386135
0.246608765052
0.249692041605
0.25282922724
0.25602134857
0.259269443726
0.26257455813
0.265937739594
0.269360032661
0.272842472047
0.276386075072
0.279991832899
0.283660700423
0.287393584578
0.291191330874
0.295054707859
0.298984389282
0.302980933608
0.307044760581
0.311176124447
0.315375083332
0.319641464117
0.323974821772
0.328374391608
0.332839032239
0.337367156522
0.34195664774
0.346604759698
0.351308003254
0.356062028721
0.360861520418
0.365700115858
0.370570338503
0.375463507492
0.380369587729
0.385276907377
0.390164976646
0.395020089683
0.399812579884
0.40453250516
0.409159625154
0.413662623289
0.41801944732
0.422186173749
0.426113883358
0.429789481826
0.433181617732
0.436281797856
0.439081065524
0.441572890783
0.443752539791
0.445618051519
0.447170826651
0.448415620109
0.449360424482
0.450016263166
0.450396874038
0.450518302087
0.450398435509
0.450056520407
0.449512683544
0.448787485027
0.44790151551
0.446875046431
0.445727737026
0.444478398284
0.443144811384
0.441743596298
0.440290125054
0.438798473505
0.437281405253
0.435750381552
0.43421559142
0.432685996775
0.431169388111
0.429672446894
0.428200811581
0.426759144792
0.425351199732
0.423979884484
0.422647323183
0.421354913472
0.420103379905
0.418892823194
0.417722765377
0.416592191138
0.415499585579
0.414442968868
0.413419928186
0.412427647489
0.41146293558
0.410522253007
0.409601738328
0.408697234222
0.407804313965
0.406918308704
0.406034335976
0.405147329829
0.404252072866
0.403343230455
0.402415387272
0.401463086246
0.400480869875
0.39946332378
0.398405122239
0.397301075333
0.396146177215
0.394935654901
0.393665016892
0.392330100839
0.390927119402
0.389452703409
0.387903941423
0.386278414795
0.384574227377
0.382790029099
0.380925032724
0.378979023234
0.376952359413
0.374845967357
0.372661325735
0.370400442714
0.368065824549
0.365660436082
0.363187653986
0.360651214791
0.358055161132
0.355403790381
0.352701608319
0.349953286597
0.347163619003
0.34433747224
0.341479732906
0.33859525884
0.335688844443
0.332765205848
0.329828987224
0.326884780873
0.323937125127
0.320990422019
0.318048766354
0.315115688119
0.312193438164
0.309282764524
0.306385665248
0.30350610963
0.300648456405
0.29781530449
0.29500853189
0.292229630588
0.289479830644
0.286760157996
0.284071466822
0.281414461139
0.278789711218
0.276197667141
0.273638670535
0.271112965033
0.268620705753
0.26616196798
0.263736755165
0.261345006338
0.258986602998
0.256661375528
0.254369109183
0.252109549687
0.249882408466
0.247687367558
0.245524084202
0.243392195149
0.241291320697
0.239221068478
0.237181037007
0.235170819001
0.233190004488
0.23123818371
0.229314949834
0.227419901463
0.22555264498
0.223712796706
0.22189998489
0.220113851532
0.218354054041
0.21662026674
0.214912182208
0.213229512474
0.211571990061
0.209939368882
0.208331424996
0.20674795722
0.205188787612
0.203653761812
0.202142749261
0.200655643298
0.199192361127
0.197752843679
0.196337055361
0.194944983695
0.19357663887
0.192232053187
0.190911280424
0.189614395123
0.1883414918
0.18709268408
0.185868103784
0.184667899953
0.183492237826
0.182341297777
0.181215274218
0.180114374477
0.179038817647
0.177988833427
0.176964660949
0.175966547604
0.174994747868
0.174049522136
0.173131135568
0.172239856949
0.171375957571
0.170539710145
0.169731387729
0.168951262701
0.168199605759
0.167476684954
0.166782764778
0.166118105275
0.165482961209
0.164877581268
0.164302207323
0.163757073727
0.163242406662
0.162758423542
0.162305332457
0.161883331673
0.161492609174
0.161133342265
0.16080569721
0.160509828936
0.16024588077
0.160013984241
0.159814258914
0.159646812289
0.159511739732
0.159409124469
0.159339037613
0.159301538247
0.159296673547
0.159324478959
0.159384978408
0.159478184567
0.159604099157
0.159762713296
0.159954007896
0.160177954094
0.160434513729
0.160723639861
0.161045277333
0.161399363366
0.161785828198
0.162204595767
0.162655584417
0.163138707658
0.163653874947
0.164200992513
0.16477996421
0.165390692404
0.166033078885
0.166707025819
0.167412436709
0.168149217396
0.168917277075
0.169716529329
0.170546893183
0.171408294175
0.172300665432
0.17322394876
0.174178095738
0.175163068814
0.1761788424
0.177225403963
0.178302755105
0.179410912638
0.180549909636
0.181719796469
0.182920641822
0.184152533674
0.185415580257
0.186709910979
0.188035677302
0.189393053589
0.190782237894
0.19220345272
0.193656945704
0.195142990268
0.196661886198
0.198213960166
0.199799566191
0.201419086034
0.203072929515
0.204761534772
0.206485368435
0.208244925731
0.210040730502
0.211873335149
0.213743320486
0.215651295508
0.217597897066
0.219583789447
0.221609663854
0.223676237778
0.22578425426
0.22793448103
0.230127709521
0.232364753738
0.23464644898
0.236973650393
0.23934723134
0.24176808157
0.244237105153
0.246755218171
0.249323346117
0.251942420972
0.25461337792
0.257337151653
0.260114672197
0.262946860215
0.265834621703
0.268778841989
0.271780378958
0.274840055383
0.277958650239
0.28113688888
0.284375431894
0.287674862477
0.291035672084
0.294458244084
0.297942835049
0.301489553164
0.305098332989
0.30876890537
0.312500760375
0.316293099244
0.320144767613
0.324054159991
0.328019120496
0.332037008278
0.336104970873
0.340219846026
0.344377760992
0.348573943388
0.352802646986
0.357057054827
0.361329153622
0.365609619374
0.369887808549
0.374152076232
0.378390279461
0.382589493042
0.386735119726
0.390810790775
0.394797293539
0.398665028993
0.402374157672
0.405904678111
0.409230203183
0.412327264512
0.415178265473
0.417768520177
0.420091630037
0.422150683402
0.423944919644
0.425474083605
0.426740431431
0.427748512752
0.428505139977
0.429019332308
0.429302132586
0.429366327452
0.429226115694
0.428896758753
0.428394236825
0.427734926243
0.426935307785
0.426011711088
0.424980097082
0.423855878302
0.422653775441
0.421387707635
0.420070713316
0.418714898092
0.417331405956
0.415930410104
0.414521119774
0.413111799795
0.411709799786
0.410321590385
0.408952804196
0.407608279543
0.406292105491
0.405007666864
0.403757688334
0.402544276876
0.401368962092
0.400232734112
0.399136078909
0.39807901099
0.397061103524
0.396081516047
0.39513901993
0.394232021871
0.393358585666
0.392516452576
0.3917030606
0.390915562994
0.390150846352
0.389405548602
0.388676077237
0.387958628084
0.387249204933
0.386543640285
0.385837617464
0.385126694317
0.38440632865
0.383671905521
0.382918766453
0.382142240542
0.381337677394
0.38050048172
0.379626149376
0.378710304511
0.377748737455
0.376737442876
0.375672657707
0.374550898251
0.373368995892
0.372124130784
0.3708138629
0.369436159845
0.367989420867
0.366472496521
0.364884703516
0.363225834336
0.361496161315
0.359696434943
0.357827876247
0.355892163009
0.353891409304
0.351828137296
0.349705239689
0.347525931531
0.345293692076
0.343012201975
0.340685286655
0.338316878866
0.335911005411
0.333471785033
0.331003411608
0.328510105768
0.32599604052
0.323465262768
0.320921639347
0.3183688604
0.315810525638
0.313250278598
0.310692101079
0.308140653007
0.305600528419
0.303075417614
0.300568067902
0.298080515133
0.295614484942
0.293171317763
0.290752564944
0.288361116606
0.285999171332
0.283668168083
0.281369193964
0.279103116408
0.276870632755
0.274672297144
0.272508538914
0.270379676714
0.268285929988
0.266227428695
0.264204221728
0.262216284384
0.260263525068
0.258345791398
0.25646287582
0.254614520792
0.252800423631
0.25102024103
0.249273593322
0.247560068489
0.245879225965
0.244230600234
0.242613704264
0.241028032759
0.23947306528
0.237948269213
0.236453102611
0.234987016911
0.23354945953
0.232139876349
0.23075771409
0.229402422577
0.228073456895
0.226770279445
0.225492361889
0.224239186989
0.223010250345
0.221805062016
0.220623148039
0.219464051831
0.21832733548
0.217212580921
0.216119390997
0.215047390399
0.213996226487
0.212965569993
0.211955115603
0.210964582416
0.209993714285
0.209042280035
0.208110073569
0.207196913848
0.20630264477
0.205427134927
0.204570277258
0.203731988605
0.202912209163
0.202110901842
0.201328051536
0.200563664321
0.199817766565
0.199090403978
0.1983816406
0.197691557733
0.197020252824
0.196367838314
0.195734440451
0.195120198079
0.194525261412
0.193949790795
0.193393955464
0.192857932313
0.192341904664
0.191846061065
0.191370594102
0.190915699248
0.190481573741
0.190068415505
0.18967642212
0.189305789831
0.188956712619
0.188629381329
0.188323982852
0.188040699377
0.187779707705
0.187541178633
0.187325276405
0.187132158242
0.186961973931
0.186814865502
0.186690966972
0.186590404161
0.186513294586
0.186459747432
0.186429863585
0.186423735754
0.186441448648
0.186483079235
0.186548697063
0.186638364654
0.186752137956
0.186890066861
0.187052195786
0.187238564308
0.187449207855
0.187684158448
0.187943445493
0.188227096623
0.188535138568
0.18886759808
0.189224502881
0.189605882643
0.190011769997
0.190442201561
0.190897218985
0.191376870011
0.191881209538
0.19241030069
0.192964215886
0.193543037899
0.194146860908
0.194775791529
0.195429949833
0.196109470327
0.196814502917
0.19754521383
0.198301786499
0.199084422401
0.19989334186
0.200728784781
0.20159101135
0.202480302661
0.203396961294
0.20434131182
0.205313701251
0.206314499416
0.207344099268
0.208402917126
0.209491392836
0.210609989868
0.211759195333
0.212939519929
0.214151497809
0.215395686373
0.216672665992
0.217983039643
0.219327432478
0.220706491309
0.222120884022
0.223571298902
0.225058443883
0.226583045717
0.228145849051
0.229747615421
0.231389122143
0.233071161117
0.234794537512
0.236560068348
0.238368580943
0.24022091123
0.242117901927
0.244060400528
0.246049257127
0.248085322018
0.250169443074
0.25230246286
0.254485215453
0.25671852293
0.259003191482
0.261340007102
0.263729730799
0.266173093268
0.268670788952
0.271223469412
0.273831735923
0.276496131184
0.279217130031
0.281995129027
0.284830434766
0.28772325073
0.290673662508
0.293681621165
0.296746924562
0.299869196385
0.303047862729
0.306282126039
0.309570936305
0.312912959421
0.316306542627
0.319749676935
0.323239956381
0.326774533861
0.330350073399
0.333962699091
0.337607942193
0.341280690127
0.344975144139
0.348684793145
0.352402404364
0.356120013741
0.359828884022
0.363519410771
0.367180984993
0.37080178006
0.374368262195
0.37786391393
0.381265400137
0.384550144995
0.387698545012
0.390680955625
0.393482942736
0.396090807359
0.398492214562
0.400664552835
0.402607274902
0.404329790249
0.405833634441
0.407118231867
0.408185322474
0.409038403667
0.409682501185
0.410124236475
0.410371789381
0.410434736302
0.410323821354
0.410050703342
0.409627702784
0.409067562299
0.408383227825
0.407587654512
0.406693638644
0.405713675389
0.404659841229
0.403543699436
0.402376226688
0.401167758751
0.399927953108
0.39866576636
0.397389444264
0.396106522334
0.394823835076
0.393547532043
0.392283099107
0.391035383514
0.389808621503
0.388606467436
0.387432023596
0.386287869959
0.385176093401
0.384098315938
0.383055721717
0.382049082556
0.381078781946
0.380144837465
0.379246921646
0.378384381344
0.377556255745
0.376761293128
0.375997966555
0.375264488676
0.374558825834
0.373878711687
0.373221660541
0.372584980634
0.371965787552
0.37136101801
0.370767444185
0.370181688796
0.369600241094
0.369019473922
0.368435661978
0.36784500136
0.367243630478
0.366627652345
0.365993158243
0.365336252679
0.364653079545
0.363939849302
0.363192866971
0.362408560689
0.361583510502
0.360714477071
0.359798429912
0.358832574791
0.357814379884
0.356741600323
0.355612300765
0.354424875645
0.353178066785
0.351870978065
0.350503086837
0.349074251828
0.347584717297
0.346035113369
0.344426452635
0.342760123309
0.341037879187
0.339261826111
0.337434403309
0.335558356027
0.333636694216
0.331672632393
0.329669509853
0.32763069862
0.325559520028
0.323459209535
0.32133297048
0.319184080741
0.317015918007
0.314831869453
0.312635339468
0.310429985241
0.308219530419
0.306007364264
0.303792905516
0.301581101643
0.299372866547
0.297173953392
0.294992307044
0.292831491581
0.290694019973
0.288582007891
0.286497136076
0.284440827202
0.282414358515
0.280418915436
0.278455602638
0.276525424226
0.274629257187
0.272767838349
0.270941767109
0.269151516567
0.267397446648
0.265679816235
0.26399879353
0.262354464756
0.260746841501
0.259175867038
0.257641421848
0.25614332854
0.254681356296
0.253255224933
0.251864608661
0.250509139572
0.24918841093
0.247901980263
0.246649372312
0.24543008183
0.244243576277
0.243089298402
0.241966668741
0.240875088032
0.23981393956
0.238782591438
0.237780398828
0.236806706116
0.235860849028
0.234942156709
0.234049953745
0.233183562153
0.232342303319
0.23152549989
0.230732477623
0.229962567184
0.229215105887
0.228489439393
0.227784923334
0.227100924884
0.226436824258
0.225792016144
0.225165911053
0.224557936589
0.223967538642
0.223394182479
0.222837353752
0.222296559405
0.22177132848
0.221261212821
0.220765787677
0.220284652188
0.219817429778
0.219363768427
0.218923340843
0.218495844525
0.218081001722
0.217678559292
0.217288288459
0.216909984478
0.216543466209
0.216188575609
0.215845177141
0.215513157115
0.215192422961
0.214882902444
0.214584542829
0.214297310005
0.214021187572
0.213756175901
0.213502291181
0.213259564449
0.213028040625
0.212807777544
0.212598845016
0.212401323893
0.212215305173
0.212040889138
0.211878184527
0.211727307771
0.211588382263
0.211461537697
0.211346909467
0.211244638127
0.211154868922
0.211077751391
0.21101343904
0.21096208909
0.210923862295
0.210898922845
0.210887438328
0.210889579777
0.210905521776
0.210935442651
0.210979524704
0.211037954533
0.211110923393
0.211198627619
0.211301269101
0.211419055803
0.211552202316
0.211700930459
0.211865469899
0.212046058796
0.212242944475
0.212456384098
0.212686645352
0.212934007131
0.213198760218
0.213481207951
0.213781666875
0.21410046737
0.214437954255
0.214794487354
0.215170442032
0.215566209681
0.215982198167
0.216418832228
0.216876553814
0.217355822377
0.2178571151
0.218380927069
0.218927771379
0.219498179185
0.220092699676
0.2207119
0.221356365112
0.222026697565
0.222723517232
0.223447460971
0.224199182214
0.224979350512
0.225788651002
0.226627783825
0.227497463481
0.228398418121
0.229331388792
0.230297128614
0.231296401904
0.232329983244
0.233398656486
0.234503213698
0.235644454052
0.236823182639
0.23804020922
0.239296346903
0.240592410734
0.24192921621
0.243307577685
0.244728306678
0.246192210062
0.247700088114
0.249252732429
0.250850923656
0.252495429058
0.254186999859
0.255926368357
0.25771424477
0.259551313788
0.261438230792
0.263375617695
0.265364058366
0.267404093579
0.269496215433
0.271640861182
0.2738384064
0.276089157406
0.278393342861
0.280751104454
0.283162486569
0.285627424852
0.288145733561
0.290717091637
0.293341027402
0.296016901846
0.298743890468
0.301520963674
0.304346865756
0.307220092486
0.310138867379
0.313101116675
0.31610444314
0.31914609887
0.322222957438
0.325331485845
0.328467716731
0.331627220805
0.334805078352
0.337995846972
0.341193520967
0.344391476448
0.34758239426
0.35075814616
0.353909604761
0.35702624353
0.360095460316
0.363103925106
0.366039125525
0.368886054202
0.371615876222
0.374214197611
0.376676894528
0.37898516307
0.381131963177
0.383103940123
0.384882245466
0.386468073731
0.387874586711
0.389104022405
0.390157067903
0.391034918234
0.391740123454
0.392276226191
0.39264780658
0.392860550381
0.392921206545
0.392837464451
0.392617791361
0.392271257239
0.391807362459
0.391235876741
0.39056669356
0.389809701792
0.388974674825
0.388071176457
0.387108482454
0.386095516467
0.385040798978
0.383952407978
0.382837950126
0.38170454117
0.380558794453
0.379406816373
0.378254207718
0.377106069851
0.375967014823
0.374841178539
0.373732236232
0.372643419561
0.371577534766
0.37053698139
0.369523771171
0.368539546771
0.367585600104
0.366662890065
0.365772059537
0.364913451582
0.364087124785
0.363292867741
0.362530212704
0.361798448468
0.361096632516
0.360423602565
0.359777987572
0.359158218336
0.358562537808
0.357989011229
0.357435536233
0.356899853034
0.356379554837
0.355872098582
0.355374816153
0.354884926147
0.354399546317
0.353915706761
0.353430363933
0.352940415522
0.352442716225
0.351934094428
0.351411369752
0.350871371432
0.350310957433
0.349727034198
0.34911657688
0.348476649893
0.347804427585
0.347097214816
0.346352467216
0.345567810883
0.344741061301
0.34387024123
0.342953597396
0.34198961576
0.340977035218
0.339914859572
0.338802367588
0.337639120982
0.336424970098
0.335160057076
0.333844816367
0.332479972689
0.331066536916
0.329605800942
0.328099332929
0.326548974193
0.324956837549
0.323325303995
0.321657010348
0.319954817605
0.318221751887
0.316460915599
0.314675362963
0.31286786139
0.311039790766
0.309192209923
0.307329206224
0.305450984351
0.303557862294
0.301650836662
0.29974077679
0.297832471904
0.295925820998
0.294024083098
0.292132355322
0.290253772164
0.288391756476
0.286550313961
0.284732331887
0.28294005683
0.281175328383
0.279439666892
0.27773435738
0.276060511265
0.274419104003
0.27281099641
0.271236946242
0.269697614403
0.268193568623
0.266725286356
0.26529315787
0.263897489828
0.26253850934
0.261216368272
0.259931147613
0.258682861728
0.257471462417
0.256296842708
0.255158840393
0.254057241312
0.25299178239
0.251962154474
0.25096800498
0.250008940375
0.249084528526
0.248194300925
0.247337754809
0.246514355203
0.245723536881
0.244964706271
0.244237243312
0.243540503266
0.242873818509
0.242236500283
0.241627840444
0.241047113189
0.240493576779
0.239966475256
0.239465040159
0.238988492236
0.238536043169
0.238106897283
0.237700253277
0.237315305934
0.23695124785
0.236607271143
0.236282569166
0.235976338205
0.235687779165
0.235416099235
0.235160513537
0.234920246732
0.234694534611
0.234482625634
0.234283782427
0.234097283231
0.233922423297
0.233758516211
0.233604895164
0.233460914146
0.233325949063
0.233199398777
0.233080686066
0.232969258495
0.2328645892
0.232766177587
0.232673549936
0.23258625992
0.232503889031
0.232426046922
0.232352371664
0.232282529912
0.232216217006
0.232153156982
0.232093102522
0.232035834834
0.231981163473
0.231928926106
0.231878988231
0.23183124285
0.23178561011
0.231742036908
0.231700496482
0.231660987975
0.231623535991
0.231588190147
0.231555024622
0.23152413771
0.231495651381
0.231469710855
0.23144648419
0.231426161892
0.231408956537
0.231395102427
0.231384855254
0.231378491802
0.231376309661
0.231378626965
0.231385782159
0.231398133771
0.231416060217
0.231439959608
0.231470249575
0.2315073671
0.231551768353
0.231603928536
0.231664341713
0.231733520649
0.231811996627
0.231900319263
0.231999056299
0.232108793378
0.232230133795
0.232363698229
0.23251012444
0.232670066937
0.232844196621
0.233033200384
0.23323778068
0.23345865506
0.233696555667
0.233952228693
0.234226433807
0.234519943538
0.234833542621
0.23516802732
0.235524204697
0.235902891862
0.236304915188
0.236731109485
0.237182317154
0.237659387307
0.238163174859
0.238694539588
0.239254345172
0.239843458201
0.240462747149
0.241113081334
0.241795329836
0.242510360387
0.243259038235
0.244042224959
0.244860777255
0.245715545674
0.246607373311
0.247537094435
0.248505533064
0.249513501462
0.250561798558
0.251651208276
0.252782497756
0.253956415469
0.255173689184
0.256435023801
0.257741099009
0.259092566751
0.260490048486
0.2619341322
0.263425369164
0.264964270375
0.266551302674
0.268186884483
0.269871381124
0.271605099665
0.273388283254
0.275221104858
0.277103660362
0.279035960951
0.281017924686
0.283049367199
0.285129991412
0.287259376162
0.2894369636
0.29166204523
0.293933746412
0.29625100929
0.298612574484
0.301016962996
0.303462461929
0.305947120244
0.30846876016
0.311024998748
0.313613254136
0.316230706473
0.318874211942
0.321540193892
0.324224540311
0.326922576559
0.329629210975
0.332339083153
0.335046425222
0.337744816597
0.340426802411
0.343083056915
0.345704879778
0.348284443747
0.350811859872
0.353275775936
0.35566330002
0.357958585925
0.360147715494
0.362219176882
0.364168073644
0.365984025485
0.367661110386
0.36918665183
0.370548096211
0.371764308472
0.37284109286
0.373778310976
0.374576048722
0.375232737504
0.375749902725
0.376134088282
0.376388937383
0.376518537432
0.376527657477
0.376421720554
0.376206723692
0.375889137584
0.375475799641
0.37497380832
0.37439042359
0.373732976324
0.373008787923
0.372225100433
