-7.40148683083e-18
4.43998283791e-05
0.000177595067554
0.000399572971204
0.000710312267325
0.00110978311601
0.00159794705034
0.00217475690026
0.00284015669956
0.00359408157579
0.00443645762307
0.00536720175785
0.00638622155735
0.0074934150809
0.0086886706738
0.00997186675386
0.0113428715805
0.012801543006
0.0143477282098
0.0159812634144
0.0177019735835
0.0195096721034
0.0214041604449
0.0233852278087
0.0254526507521
0.0276061927979
0.029845604026
0.0321706206458
0.0345809645522
0.0370763428631
0.0396564474392
0.042320954387
0.0450695235436
0.0479017979455
0.0508174032798
0.05381594732
0.0568970193444
0.060060189541
0.0633050083954
0.0666310060659
0.0700376917443
0.0735245530044
0.0770910551377
0.0807366404792
0.084460727723
0.0882627112293
0.0921419603238
0.0960978185926
0.100129603171
0.104236604034
0.108418083279
0.112673274418
0.117001381672
0.121401579266
0.125873010739
0.130414788267
0.135025991994
0.139705669386
0.144452834605
0.149266467909
0.154145515079
0.159088886877
0.164095458545
0.169164069342
0.17429352213
0.179482583001
0.184729980971
0.190034407729
0.195394517445
0.200808926657
0.20627621423
0.211794921392
0.21736355186
0.222980572055
0.228644411408
0.234353462772
0.24010608293
0.245900593218
0.251735280247
0.257608396747
0.26351816252
0.269462765504
0.275440362965
0.281449082801
0.287487024976
0.293552263108
0.299642846216
0.305756800705
0.31189213266
0.3180468306
0.324218868923
0.330406212407
0.336606822317
0.342818664935
0.349039723712
0.355268016753
0.361501622041
0.367738713724
0.373977613955
0.380216866241
0.386455338061
0.392692362628
0.398927932037
0.405162956718
0.411399608777
0.417641769464
0.42389560335
0.430170283702
0.43647889471
0.442839536445
0.449276656748
0.45582262833
0.462519572269
0.469421383485
0.476595798278
0.484126065985
0.492111153412
0.50066207475
0.509889499562
0.519874750358
0.530617299115
0.541963448167
0.553441314034
0.5627817989
0.557750761939
0.536751933873
0.518231817182
0.502261180417
0.488122400636
0.475312461471
0.463491255907
0.452421914706
0.441934716725
0.4319055251
0.422242346185
0.412876553324
0.403756902449
0.394845287802
0.386113626639
0.377541507441
0.369114377227
0.360822125845
0.35265797358
0.344617597138
0.336698446406
0.328899215179
0.32121943626
0.313659176522
0.306218811599
0.298898863292
0.291699885672
0.284622388431
0.277666788238
0.270833380721
0.264122327314
0.257533652484
0.251067247941
0.244722881313
0.238500207381
0.23239878057
0.22641806774
0.220557460655
0.214816287718
0.209193824749
0.203689304663
0.198301926036
0.193030860565
0.187875259476
0.182834258969
0.177906984781
0.173092555956
0.168390087935
0.163798695019
0.159317492331
0.15494559731
0.150682130836
0.146526218033
0.142476988796
0.138533578109
0.13469512617
0.130960778375
0.12732968518
0.12380100187
0.120373888252
0.117047508293
0.113821029718
0.11069362357
0.107664463758
0.104732726582
0.101897590258
0.0991582344387
0.0965138397307
0.0939635872248
0.0915066580265
0.089142232798
0.0868694913098
0.0846876120032
0.0825957715649
0.0805931445134
0.0786789027986
0.0768522154144
0.0751122480237
0.0734581625978
0.0718891170686
0.0704042649948
0.0690027552419
0.0676837316759
0.066446332872
0.0652896918373
0.0642129357489
0.0632151857066
0.0622955565021
0.0614531564036
0.0606870869581
0.0599964428098
0.059380311537
0.0588377735073
0.058367901752
0.0579697618601
0.0576424118926
0.0573849023187
0.0571962759731
0.0570755680362
0.0570218060383
0.0570340098868
0.0571111919194
0.0572523569819
0.0574565025326
0.057722618774
0.0580496888107
0.058436688837
0.0588825883515
0.0593863504018
0.0599469318581
0.0605632837166
0.0612343514326
0.0619590752846
0.0627363907677
0.0635652290176
0.0644445172647
0.065373179318
0.0663501360789
0.0673743060833
0.0684446060731
0.0695599515949
0.0707192576262
0.0719214392275
0.0731654122192
0.0744500938829
0.0757744036844
0.0771372640186
0.0785376009729
0.079974345109
0.0814464322605
0.0829528043437
0.084492410181
0.0860642063338
0.0876671579418
0.0893002395687
0.0909624360497
0.0926527433386
0.0943701693535
0.0961137348175
0.0978824740909
0.0996754359956
0.101491684626
0.103330300146
0.105190379572
0.107071037533
0.108971407018
0.110890640095
0.112827908613
0.114782404876
0.116753342296
0.118739956014
0.120741503497
0.122757265101
0.124786544604
0.126828669694
0.128882992424
0.130948889612
0.133025763183
0.135113040453
0.13721017433
0.139316643432
0.141431952101
0.143555630312
0.145687233452
0.147826341977
0.149972560931
0.152125519325
0.154284869412
0.156450285837
0.158621464741
0.160798122821
0.162979996443
0.165166840871
0.167358429701
0.169554554619
0.171755025592
0.17395967161
0.176168342107
0.178380909149
0.180597270482
0.182817353465
0.185041119882
0.187268571532
0.189499756447
0.191734775439
0.193973788618
0.196217021371
0.198464769195
0.200717400666
0.202975357734
0.205239152471
0.207509359381
0.209786602376
0.212071535646
0.214364817737
0.216667078419
0.218978878197
0.22130066071
0.223632698747
0.225975035161
0.228327420635
0.230689251002
0.233059507623
0.235436705191
0.23781885221
0.240203430151
0.242587397931
0.244967228694
0.247338985709
0.24969844348
0.252041258623
0.254363192581
0.256660384906
0.258929671587
0.261168938134
0.263377492335
0.265556437421
0.267709023716
0.26984095643
0.271960639779
0.274079343209
0.276211283843
0.278373629363
0.280586435916
0.282872544771
0.285257467769
0.287769294271
0.290438650657
0.29329873717
0.296385455081
0.299737616851
0.303397196467
0.307409511536
0.311823103803
0.31668884555
0.322057352699
0.327973005977
0.334461725531
0.341508639287
0.349023404205
0.356801626578
0.364517703692
0.37180869626
0.378444829553
0.384361756542
0.389088325495
0.390294000395
0.384072533418
0.370461992315
0.356710884453
0.345440682956
0.336001876597
0.327928690131
0.32091318395
0.314742988963
0.309264705737
0.304362831805
0.299947166105
0.295944951159
0.292295781799
0.288948206517
0.285857413191
0.282983641546
0.280291104104
0.277747276672
0.275322464635
0.272989576461
0.270724049012
0.268503875756
0.266309692516
0.264124878763
0.261935637502
0.259731024352
0.257502906288
0.25524584161
0.252956883468
0.25063531827
0.248282356395
0.245900795486
0.24349467651
0.241068950384
0.238629169213
0.23618121194
0.233731050063
0.23128455547
0.228847349659
0.226424691513
0.224021399561
0.221641803927
0.219289722957
0.216968459695
0.214680813695
0.212429104195
0.210215201248
0.208040561945
0.205906269465
0.203813073132
0.201761428118
0.199751533806
0.197783370096
0.195856731217
0.193971256771
0.1921264599
0.19032175256
0.188556467979
0.186829880413
0.185141222374
0.183489699502
0.181874503275
0.180294821753
0.178749848558
0.17723879026
0.17576087236
0.174315344035
0.172901481797
0.171518592208
0.170166013792
0.168843118253
0.167549311111
0.166284031856
0.165046753703
0.163836983024
0.162654258528
0.161498150245
0.160368258365
0.159264211975
0.158185667736
0.157132308515
0.156103842014
0.155099999405
0.154120533984
0.153165219864
0.152233850695
0.151326238445
0.150442212201
0.149581617031
0.148744312877
0.147930173482
0.14713908535
0.14637094674
0.145625666671
0.144903163962
0.144203366285
0.143526209241
0.142871635468
0.142239593769
0.141630038293
0.141042927752
0.140478224714
0.139935894966
0.139415906968
0.138918231432
0.138442841016
0.137989710165
0.137558815124
0.137150134101
0.136763647631
0.136399339102
0.136057195471
0.135737208136
0.13543937396
0.135163696404
0.134910186748
0.134678865338
0.134469762814
0.134282921248
0.134118395133
0.133976252142
0.133856573577
0.133759454451
0.133685003099
0.133633340287
0.133604597733
0.133598916016
0.133616441832
0.1336573246
0.133721712429
