-6.66133814775e-16
0.0225772191117
0.0874453010023
0.183273774994
0.28850415857
0.385898117955
0.475604803257
0.5485080258
0.571972661537
0.500646835324
0.383367558656
0.30341329427
0.25614295525
0.236620051021
0.248432588512
0.295676360339
0.313968364338
0.254125481011
0.217439755185
0.209031554011
0.218750748834
0.269719323383
0.282072929648
0.220362990329
0.204946473727
0.194359607943
0.160919581637
0.128373809385
0.10938945411
0.104461155451
0.107935550609
0.109468686344
0.113855459242
0.13852301443
0.189540551394
0.244004435772
0.23278302492
0.206614763201
0.218486130965
0.25879553457
0.265707770469
0.259228935491
0.296882887182
0.38331994078
0.493411891766
0.352895469612
0.252982243997
0.216220904534
0.225713175018
0.255610814217
0.214438169198
0.146685369062
0.115818497726
0.12531223106
0.165226833716
0.209518584973
0.243447395819
0.239591910899
0.191696855315
0.156126969187
0.148188348594
0.170940356264
0.224068729591
0.256260182558
0.204889088416
0.173970679287
0.176740168347
0.198936703441
0.23817786854
0.313610570581
0.41308717982
0.34965221601
0.309159750895
0.329476873557
0.341512407419
0.282332204026
0.266261775366
0.264273923593
0.251619534011
0.245550090823
0.238407764593
0.205417555492
0.167319483113
0.136226274777
0.119625221716
0.122817863175
0.152886886004
0.219626524694
0.312242205466
0.340342516616
0.337136174071
0.308360396358
0.263029922325
0.245877622428
0.242337433969
0.240531567166
0.255108948378
0.296591996184
0.344067770398
0.355575203923
0.347023580157
0.320681719546
0.279056503223
0.249912543423
0.241059471533
0.248794970024
0.26493237338
0.298959169552
0.339308453277
0.309078473497
0.237485240826
0.179351154867
0.15008396658
0.146894193378
0.162354412537
0.18521106012
0.208033974771
0.240121443843
0.293515869903
0.349753776105
0.30312282992
0.264740506907
0.252288296897
0.24503891026
0.237728112207
0.239278125076
0.248160642126
0.256968071773
0.271387344901
0.291544238381
0.309663133133
0.290228081389
0.260631975496
0.243205644777
0.23382983767
0.221002107294
0.211372350925
0.21464241564
0.235865239541
0.265217381281
0.268687795484
0.240532256427
0.214605427248
0.204394838639
0.209157286007
0.224271821196
0.251730970705
0.270771545494
0.270499249817
0.263875965311
0.245030003015
0.230008714877
0.229302285695
0.235812322591
0.233872793881
0.221088856626
0.21622327584
0.228169690841
0.24591275061
0.253617907883
0.245323817294
0.24097369424
0.238070190185
0.228330452941
0.218449389614
0.213418666145
0.217476189479
0.231809680953
0.2361965341
0.236319398036
0.248037307713
0.271519179416
0.298096565279
0.295039252991
0.271128430025
0.261326873339
0.257419358707
0.249140337335
0.242370071119
0.239451771797
0.244046852972
0.257511583248
0.269505700113
0.276314591963
0.274824972412
0.256054544049
0.229888876774
0.20679591188
0.193370474794
0.193889164891
0.210363559657
0.239318070589
0.269895619885
0.278527244484
0.268174891368
0.25569184152
0.243743805057
0.233921716525
0.231142454695
0.23745007408
0.257195524779
