-8.881784197e-16
0.0225770851234
0.0874439668001
0.183268339212
0.288495124129
0.385885254413
0.475403345601
0.54762423738
0.57038357232
0.499387519773
0.382977961751
0.303327289008
0.256177141305
0.236741218882
0.248696469927
0.29632175222
0.314409475996
0.253988909285
0.217373970496
0.209288750104
0.21948450193
0.271154024816
0.284084786816
0.221932289666
0.206247424504
0.194884602937
0.161052867136
0.128667167101
0.109916557449
0.105113249161
0.108682755683
0.110445399887
0.115097604591
0.139888422646
0.190442965393
0.242804750016
0.231363046852
0.205862227324
0.216898984156
0.254795342956
0.262327424905
0.259086413176
0.299898721155
0.389228449518
0.478424247845
0.34059448235
0.248492782062
0.214577660377
0.22447904787
0.254616056235
0.21704434511
0.150911236842
0.12041962626
0.130041465785
0.169773114419
0.213436134973
0.245803173603
0.240152150158
0.193697474463
0.159383253823
0.152404151081
0.17604173801
0.229566099035
0.259264038218
0.206924126086
0.175354504185
0.176784591077
0.196996839797
0.23392627707
0.30844442475
0.40756476674
0.352783336485
0.31074187348
0.325717529135
0.330836190546
0.274393976189
0.255052554688
0.25066441138
0.241442699902
0.243383015424
0.244787822044
0.21468151318
0.175267228192
0.143318274209
0.126264841925
0.129025871121
0.158746730479
0.225893152426
0.322654044312
0.349915247414
0.341042369759
0.308698391628
0.263111141321
0.245738736216
0.244547900831
0.247305434023
0.265936868104
0.310549737062
0.360726325164
0.369485406965
0.354363871997
0.319786482118
0.273574934386
0.243437501674
0.235133014842
0.246106228402
0.26572321277
0.300338373716
0.33586005081
0.311141613017
0.243344674499
0.188632849566
0.160454692405
0.156635952209
0.171599592451
0.192238481613
0.211835062411
0.242421704883
0.295206628187
0.345638369398
0.299266650685
0.258499820464
0.246769549127
0.244595999487
0.239972990509
0.242916985687
0.256247838676
0.266533344108
0.276624737829
0.286316683033
0.295854204981
0.285079055266
0.263137026963
0.251645906017
0.242846891445
0.229529773311
0.21976033703
0.223432306838
0.246496078747
0.280207081556
0.28185957312
0.250126874679
0.221949499535
0.208959216471
0.210836795528
0.226193671401
0.253405428558
0.271090914995
0.266982430697
0.258980837503
0.242222100344
0.229010117784
0.229092271747
0.238020131531
0.240198046962
0.228262792792
0.221784598308
0.231641504581
0.247781915711
0.252392974596
0.24147157029
0.233547140132
0.228962981511
0.224795510234
0.222276303658
0.222043846575
0.225451626222
0.235279556292
0.238919216099
0.237569125773
0.249528339545
0.268618979268
0.287899836956
0.282730318691
0.270287150812
0.263985193202
0.255650669305
0.243886868423
0.235309543214
0.232007461853
0.238526745084
0.255554868944
0.270945326237
0.277854204261
0.274041229091
0.255539321364
0.22725000654
0.205572851222
0.193776433152
0.194448689056
0.20776051902
0.236590972898
0.269737334675
0.282664173586
0.269685820727
0.253847178562
0.238898418524
0.226619072833
0.222097554436
0.227377851286
0.243591793484
