3.8487731520338983e-16
6.75902637354528e-06
2.703341903734873e-05
6.081512007595526e-05
0.00010809070446670345
0.0001688413873352539
0.0002430430341164789
0.00033066617362006886
0.00043167601400575026
0.000546032461668942
0.0006736901430419424
0.0008145984293119256
0.0009687014640612571
0.001135938193834501
0.0013162424016344156
0.0015095427433527854
0.001715762787139677
0.0019348210557158124
0.002166631071630082
0.0024111014054681926
0.002668135727013647
0.002937632859363525
0.0032194868360011283
0.003513586960827174
0.003819817871146808
0.004138059603613284
0.0044681876631243655
0.004810073094668564
0.005163582558112662
0.005528578405926384
0.005904918763831952
0.0062924576143685755
0.006691044883356326
0.007100526529244545
0.007520744635324854
0.007951537504787195
0.008392739758594316
0.008844182436146535
0.009305693098706857
0.009777095935549663
0.010258211872797358
0.010748858684902012
0.011248851108726308
0.011758000960174663
0.012276117253320883
0.012803006321973547
0.013338471943618228
0.013882315465668503
0.01443433593395591
0.014994330223381898
0.015562093170651346
0.01613741770900429
0.016720095004852487
0.017309914596230103
0.01790666453295566
0.01851013151840298
0.019120101052771454
0.01973635757774162
0.020358684622397497
0.02098686495029384
0.02162068070753956
0.022259913571764642
0.022904344901837046
0.02355375588818586
0.024207927703589642
0.024866641654277998
0.02552967933119887
0.026196822761293224
0.02686785455861939
0.027542558075167558
0.02822071755119899
0.028902118264943037
0.029586546681486105
0.03027379060068147
0.0309636393039065
0.03165588369949858
0.03235031646669357
0.033046732197893995
0.03374492753909383
0.03444470132828682
0.0351458547316845
0.03584819137757425
0.03655151748764715
0.03725564200562757
0.03796037672303963
0.03866553640194707
0.03937093889450954
0.04007640525919517
0.040781759873503284
0.0414868305430435
0.0421914486068347
0.042895449038680956
0.043598670544495684
0.04430095565544618
0.04500215081679839
0.0457021064723494
0.04640067714433892
0.04709772150874128
0.04779310246584444
0.04848668720603203
0.04917834727068973
0.049867958608169026
0.050555401624744555
0.051240561230513924
0.05192332688019683
0.05260359260879457
0.05328125706208609
0.053956223521940044
0.054628399926435166
0.05529769888478516
0.05596403768708016
0.05662733830885599
0.05728752741052169
0.05794453633167466
0.05859830108034761
0.05924876231723717
0.059895865334971585
0.06053956003248528
0.061179800884572276
0.06181654690670169
0.06244976161518198
0.06307941298277184
0.06370547338983663
0.06432791957116359
0.06494673255854468
0.06556189761925411
0.06617340419054064
0.066781245810269
0.0673854200438464
0.06798592840757266
0.0685827762885586
0.06917597286136366
0.06976553100149907
0.07035146719595627
0.07093380145091409
0.07151255719678533
0.07208776119076475
0.07265944341704073
0.07322763698483377
0.07379237802443032
0.0743537055813731
0.07491166150897798
0.07546629035934194
0.07601763927300695
0.0765657578674466
0.07711069812453909
0.07765251427718975
0.0781912626952649
0.07872700177099815
0.07925979180402734
0.0797896948862177
0.08031677478642833
0.08084109683537127
0.08136272781071537
0.08188173582258075
0.08239819019956868
0.08291216137546967
0.08342372077678771
0.08393294071121696
0.08443989425720473
0.08494465515473064
0.08544729769742829
0.08594789662617625
0.08644652702427727
0.0869432642143451
0.08743818365701571
0.08793136085159393
0.0884228712387472
0.08891279010535334
0.08940119249160662
0.0898881531004874
0.0903737462096909
0.09085804558611842
0.09134112440302285
0.09182305515990424
0.09230390960524662
0.09278375866218694
0.09326267235720444
0.09374071975191713
0.09421796887807114
0.09469448667580724
0.09517033893528722
0.09564559024176188
0.09612030392416052
0.09659454200728268
0.09706836516766894
0.09754183269322772
0.09801500244669475
0.09848793083300016
0.09896067277061486
0.09943328166694934
0.0999058093978742
0.100378306291433
0.10085082111581072
0.10132340107162396
0.1017960917885967
0.10226893732667504
0.10274198018164385
0.10321526129529199
0.10368882007017777
0.10416269438903827
0.10463692063888103
0.10511153373979326
0.10558656717849703
0.10606205304667005
0.10653802208405111
0.10701450372633409
0.10749152615785164
0.1079691163690396
0.10844730021866295
0.10892610250077486
0.10940554701637203
0.10988565664969348
0.11036645344910334
0.11084795871248487
0.11133019307705765
0.11181317661351961
0.11229692892440267
0.11278146924651168
0.11326681655731066
0.1137529896850973
0.11424000742279757
0.11472788864519438
0.11521665242939245
0.11570631817830278
0.1161969057469195
0.11668843557114268
0.11718092879889015
0.11767440742322847
0.11816889441723046
0.11866441387026808
0.11916099112542282
0.11965865291769388
0.12015742751266727
0.1206573448453012
0.12115843665847328
0.12166073664092414
0.12216428056422868
0.12266910641841114
0.12317525454582447
0.12368276777289916
0.12419169153936772
0.1247020740245671
0.1252139662704147
0.12572742230065592
0.12624249923597375
0.12675925740455626
0.1272777604477071
0.12779807542009394
0.12832027288421619
0.12884442699868243
0.12937061559987711
0.12989892027659541
0.130429426437222
0.13096222336901842
0.13149740428908044
0.13203506638650891
0.13257531085533178
0.13311824291769067
0.13366397183678616
0.13421261091905382
0.13476427750500822
0.13531909294815295
0.13587718258132522
0.13643867566977447
0.13700370535023426
0.1375724085551694
0.13814492592130764
0.13872140168148211
0.13930198353870335
0.1398868225212781
0.1404760728176609
0.14106989158958533
0.1416684387618634
0.14227187678706782
0.1428803703831124
0.1434940862415312
0.14411319270401318
0.1447378594044824
0.14536825687371932
0.14600455610319452
0.14664692806442076
0.14729554317975044
0.14795057074009949
0.14861217826461864
0.14928053079681544
0.149955790131072
0.15063811396289822
0.1513276549556038
0.15202455971536544
0.15272896766590713
0.15344100981320247
0.15416080738974167
0.15488847036700093
0.15562409582379716
0.15636776615721895
0.1571195471218178
0.15787948568170948
0.15864760765923455
0.15942391516283708
0.16020838377592758
0.16100095948770146
0.16180155534627216
0.16261004781410576
0.1634262728057042
0.16425002138787428
0.16508103512388525
0.16591900104449403
0.16676354623140485
0.16761423200242484
0.1684705476926593
0.16933190403280293
0.17019762613429215
0.1710669461020965
0.17193899530966164
0.17281279638732375
0.17368725499581625
0.17456115148060444
0.1754331325310186
0.17630170300064965
0.1771652180822261
0.17802187607087877
0.17886971199370855
0.17970659242975662
0.18053021189114143
0.18133809118089764
0.18212757818272035
0.1828958515684272
0.18363992792561087
0.18435667280521278
0.18504281616056537
0.18569497258987214
0.18630966669763455
0.18688336375315845
0.1874125056440973
0.18789355190154503
0.1883230253160674
0.18869756138183774
0.1890139605143517
0.18926924170646542
0.18946069604162422
0.189585938297603
0.18964295477304857
0.18963014547236764
0.1895463589042457
0.1893909179872492
0.189163635902878
0.18886482117073883
0.18849527171102887
0.18805625816844618
0.18754949725909595
0.186977116330456
0.1863416106635533
0.1856457952756453
0.18489275309215353
0.18408578135119136
0.18322833799563115
0.18232398961650437
0.18137636226203702
0.18038909614421408
0.17936580498313084
0.17831004044862747
0.1772252619040454
0.17611481143855273
0.1749818939976579
0.1738295622874195
0.17266070603445216
0.17147804512688938
0.17028412613549432
0.1690813217130654
0.16787183238824382
0.1666576903012914
0.16544076446961167
0.1642227672158082
0.16300526143778102
0.16178966844642909
0.16057727614030876
0.15936924732700947
0.15816662803742707
0.15697035571128864
0.15578126716018253
0.15460010623816725
0.15342753117004262
0.1522641215039311
0.15111038466832621
0.14996676212459473
0.14883363511445893
0.14771133000857223
0.14660012326726674
0.1455002460281597
0.1444118883378214
0.1433352030463327
0.14227030938447469
0.14121729624366244
0.14017622517866626
0.13914713315278976
0.13813003504453353
0.13712492593400416
0.1361317831864113
0.13515056834903294
0.13418122887701392
0.13322369970236242
0.13227790465949024
0.13134375777967805
0.13042116446589733
0.12951002255853183
0.1286102233016813
0.12772165221894477
0.12684418990682186
0.1259777127531834
0.12512209358761262
0.12427720226982633
0.12344290622182866
0.12261907090895476
0.12180556027448598
0.12100223713210191
0.12020896352004264
0.11942560102049792
0.11865201104742056
0.11788805510566026
0.11713359502405195
0.11638849316484291
0.11565261261162418
0.11492581733772969
0.1142079723568821
0.11349894385769789
0.11279859932351985
0.11210680763889505
0.11142343918391058
0.11074836591746982
0.11008146145050336
0.10942260111001051
0.10877166199474456
0.1081285230232811
0.10749306497514072
0.10686517052557463
0.10624472427456456
0.1056316127705422
0.10502572452928509
0.10442695004839998
0.1038351818177786
0.10325031432636522
0.1026722440655513
0.10210086952948351
0.10153609121254627
0.10097781160425484
0.10042593518177857
0.09988036840029352
0.09934101968134329
0.09880779939937773
0.0982806198666197
0.09775939531640192
0.09724404188509779
0.09673447759277035
0.0962306223226408
0.0957323977994785
0.09523972756700556
0.0947525369643956
0.09427075310194724
0.09379430483600171
0.09332312274316891
0.09285713909392328
0.09239628782562469
0.09194050451501339
0.09148972635022629
0.09104389210237866
0.09060294209674893
0.09016681818360127
0.08973546370868404
0.08930882348342845
0.08888684375487768
0.08846947217537494
0.08805665777202672
0.08764835091596922
0.08724450329145401
0.08684506786477192
0.08644999885303013
0.08605925169280006
0.08567278300864815
0.08529055058156326
0.08491251331729141
0.08453863121459326
0.08416886533342828
0.083803177763084
0.08344153159025372
0.08308389086707589
0.0827302205791441
0.08238048661349828
0.08203465572660401
0.08169269551233449
0.08135457436996285
0.08102026147217482
0.08068972673311701
0.08036294077648962
0.0800398749036963
0.07972050106206814
0.07940479181317314
0.07909272030122567
0.07878426022161741
0.07847938578958029
0.0781780717090049
0.07788029314143272
0.07758602567523948
0.07729524529503672
0.0770079283513086
0.07672405153031345
0.0764435918242701
0.07616652650185717
0.07589283307905247
0.0756224892903412
0.07535547306031896
0.07509176247572341
0.07483133575792209
0.07457417123589005
0.07432024731970864
0.07406954247461797
0.07382203519565692
0.07357770398292557
0.07333652731750136
0.07309848363804725
0.07286355131814282
0.07263170864437603
0.07240293379522708
0.07217720482078167
0.07195449962330734
0.07173479593872199
0.07151807131899587
0.07130430311551063
0.0710934684634145
0.07088554426699757
0.07068050718612334
0.07047833362373915
0.07027899971449668
0.07008248131450606
0.06988875399224875
0.0696977930206723
0.06950957337048608
0.06932406970467887
0.06914125637427544
0.06896110741534481
0.068783596547277
0.0686086971723351
0.06843638237649476
0.06826662493157393
0.06809939729865873
0.06793467163282695
0.06777241978916573
0.06761261333008002
0.0674552235338888
0.06730022140469336
0.06714757768351164
0.06699726286065877
0.06684924718936287
0.06670350070058724
0.06655999321904368
0.06641869438036671
0.06627957364942123
0.06614260033971307
0.06600774363386638
0.06587497260513511
0.06574425623990202
0.06561556346113422
0.0654888631527387
0.06536412418477948
0.06524131543950512
0.06512040583813196
0.06500136436833484
0.06488416011238256
0.06476876227586624
0.06465514021695946
0.06454326347614484
0.06443310180634859
0.06432462520341657
0.06421780393686517
0.06411260858084016
0.06400901004521604
0.06390697960676592
0.0638064889403316
0.06370751014992361
0.06361001579968181
0.06351397894462148
0.06341937316109873
0.06332617257691917
0.06323435190102326
0.06314388645267441
0.06305475219008348
0.06296692573839713
0.0628803844169858
0.06279510626596291
0.06271107007186932
0.06262825539246125
0.06254664258053719
0.06246621280674733
0.06238694808132238
0.06230883127467019
0.0622318461367847
0.06215597731541419
0.06208121037294499
0.062007531801948214
0.061934929039352826
0.06186339047919838
0.061792905483936456
0.06172346439424081
0.06165505853729821
0.06158768023355202
0.06152132280187259
0.06145598056313416
0.06139164884217817
0.061328323968151334
0.06126600327320599
0.06120468508955178
0.06114436874486
0.061085054556012985
0.06102674382120613
0.06096943881040424
0.06091314275416315
0.06085785983082756
0.06080359515211963
0.06075035474714073
0.06069814554479982
0.06064697535470291
0.06059685284652162
0.06054778752787837
0.06049978972077574
0.060452870536610456
0.06040704184980606
0.060362316270107394
0.06031870711358114
0.060276228372363974
0.06023489468321048
0.060194721294887794
0.06015572403446898
0.060117919272579486
0.06008132388765152
0.06004595522924266
0.060011831080477106
0.05997896961966974
0.059947389381193414
0.059917109215650265
0.059888148249411396
0.05986052584358783
0.05983426155249559
0.05980937508168125
0.059785886245572586
0.05976381492481852
0.05974318102338525
0.05972400442547103
0.05970630495230921
0.05969010231891818
0.059675416090868245
0.05966226564112485
0.05965067010703319
0.05964064834750525
0.059632218900469665
0.05962539994064642
0.0596202092377024
0.05961666411484732
0.059614781407922396
0.059614577425041955
0.059616067906834276
0.05961926798733584
0.059624192155589735
0.05963085421799028
0.05963926726142557
0.059649443617257214
0.05966139482617994
0.05967513160400037
0.05969066380837456
0.059708000406535296
0.05972714944404793
0.05974811801462239
0.059770912231011705
0.059795537197026835
0.059821996980690906
0.059850294588556535
0.05988043194121176
0.05991240984999224
0.059946227994918735
0.05998188490387862
0.060019377933068004
0.06005870324870559
0.06009985581003786
0.060142829353644
0.06018761637905183
0.06023420813568139
0.060282594611119816
0.060332764520741065
0.06038470529868133
0.060438403090175306
0.060493842745268145
0.060551007813906835
0.060609880542425665
0.06067044187143108
0.06073267143510038
0.06079654756190167
0.06086204727674862
0.06092914630460003
0.06099781907551825
0.061068038731199745
0.061139777132992616
0.06121300487141367
0.061287691277183844
0.06136380443379744
0.06144131119164203
0.061520177183689
0.061600366842770614
0.0616818434204665
0.06176456900761669
0.06184850455648126
0.06193360990456847
0.062019843800149826
0.06210716392948216
0.06219552694575539
0.06228488849978598
0.06237520327247146
0.06246642500902239
0.0625585065549878
0.06265139989408317
0.06274505618783469
0.06283942581704381
0.06293445842507814
0.0630301029629903
0.06312630773645918
0.06322302045454944
0.06332018828027523
0.0634177578829543
0.06351567549232659
0.06361388695441632
0.06371233778909575
0.06381097324932047
0.06390973838197969
0.06400857809031733
0.06410743719785822
0.06420626051377216
0.0643049928996032
0.06440357933727715
0.0645019649982996
0.06460009531404448
0.06469791604702571
0.06479537336303778
0.06489241390404475
0.06498898486168536
0.06508503405125717
0.06518050998603651
0.06527536195178348
0.06536954008127177
0.06546299542868245
0.06555568004369125
0.06564754704507719
0.06573855069367107
0.06582864646446757
0.06591779111771116
0.0660059427687744
0.06609306095663692
0.06617910671078077
0.06626404261631286
0.06634783287712918
0.06643044337693936
0.06651184173796917
0.06659199737716762
0.06667088155974935
0.06674846744990558
0.06682473015853209
0.06689964678782244
0.0669731964725896
0.06704536041818619
0.06711612193490649
0.0671854664687615
0.06725338162853663
0.06731985720904611
0.06738488521051833
0.06744845985405924
0.06751057759315172
0.06757123712116603
0.06763043937487262
0.06768818753395885
0.06774448701657158
0.06779934547091901
0.06785277276297927
0.06790478096038068
0.06795538431253219
0.0680045992270911
0.0680524442428777
0.06809893999934816
0.06814410920275965
0.06818797658916247
0.06823056888437526
0.06827191476109558
0.06831204479332159
0.06835099140825476
0.0683887888358712
0.06842547305634349
0.06846108174551253
0.06849565421860139
0.06852923137237009
0.0685618556259136
0.06859357086030278
0.0686244223572686
0.06865445673712718
0.06868372189614534
0.06871226694353581
0.06874014213827377
0.06876739882591705
0.0687940893756115
0.06882026711744628
0.06884598628033348
0.06887130193056024
0.06889626991117082
0.06892094678231155
0.0689453897626764
0.06896965667217386
0.06899380587592605
0.06901789622970786
0.06904198702691704
0.06906613794715934
0.06909040900652591
0.06911486050962323
0.06913955300341555
0.06916454723292113
0.06918990409880146
0.06921568461687017
0.06924194987953979
0.06926876101921901
0.06929617917365845
0.0693242654532455
0.0693530809102309
0.0693826865098703
0.06941314310345369
0.06944451140319467
0.06947685195893487
0.06951022513663015
0.06954469109856636
0.06958030978525445
0.06961714089895119
0.06965524388874775
0.06969467793716452
0.06973550194818846
0.06977777453669048
0.0698215540191527
0.06986689840563959
0.06991386539294303
0.06996251235883294
0.07001289635734216
0.07006507411501715
0.07011910202806429
0.07017503616032403
0.07023293224200287
0.07029284566909956
0.07035483150345731
0.07041894447337801
0.07048523897473738
0.07055376907253944
0.07062458850285062
0.07069775067505887
0.07077330867439953
0.07085131526469866
0.07093182289128265
0.07101488368400256
0.07110054946033476
0.07118887172850624
0.07127990169060999
0.07137369024566892
0.07147028799261343
0.07156974523313715
0.07167211197440368
0.07177743793157018
0.07188577253010706
0.07199716490788478
0.0721116639170094
0.07222931812538613
0.07235017581799459
0.07247428499785952
0.07260169338670559
0.07273244842528652
0.0728665972733761
0.07300418680941971
0.07314526362983925
0.07328987404798827
0.07343806409275763
0.0735898795068341
0.07374536574461087
0.07390456796975944
0.07406753105246372
0.07423429956632867
0.07440491778496895
0.0745794296782888
0.07475787890846723
0.07494030882565601
0.07512676246341156
0.07531728253386759
0.07551191142267143
0.07571069118369608
0.0759136635335482
0.07612086984588655
0.07633235114557453
0.07654814810268104
0.07676830102635077
0.07699284985856347
0.0772218341678035
0.07745529314265252
0.07769326558533439
0.07793578990522283
0.07818290411233447
0.07843464581082532
0.07869105219250584
0.07895216003039408
0.07921800567231935
0.07948862503459385
0.07976405359576266
0.08004432639044677
0.08032947800328724
0.08061954256299995
0.08091455373654823
0.08121454472343778
0.08151954825013513
0.08182959656461374
0.08214472143102118
0.08246495412446468
0.08279032542590987
0.08312086561717512
0.08345660447601749
0.08379757127128319
0.08414379475811004
0.08449530317315089
0.08485212422979473
0.08521428511335054
0.085581812476156
0.08595473243257208
0.08633307055381435
0.08671685186257187
0.08710610082735555
0.08750084135651437
0.08790109679184877
0.08830688990175257
0.08871824287379465
0.08913517730665939
0.0895577142013479
0.08998587395153859
0.0904196763329952
0.09085914049190796
0.09130428493203659
0.09175512750051944
0.09221168537220645
0.09267397503235411
0.09314201225751993
0.09361581209447599
0.09409538883695098
0.09458075599999938
0.09507192629177906
0.0955689115825069
0.09607172287034879
0.0965803702439784
0.09709486284152889
0.09761520880563793
0.0981414152342721
0.09867348812699478
0.09921143232631559
0.09975525145374554
0.10030494784015143
0.10086052244997593
0.10142197479887063
0.10198930286425284
0.10256250298826818
0.10314156977261285
0.10372649596462877
0.10431727233405777
0.10491388753979423
0.10551632798594089
0.10612457766643417
0.10673861799745347
0.10735842763679468
0.10798398228932976
0.10861525449763938
0.1092522134168425
0.10989482457260495
0.11054304960125584
0.11119684597088501
0.11185616668224568
0.11252095994823513
0.11319116885067235
0.1138667309730459
0.11454757800786346
0.11523363533718135
0.11592482158487166
0.11662104813914628
0.11732221864384128
0.11802822845695429
0.11873896407493809
0.11945430252126998
0.12017411069786062
0.120898244697932
0.12162654907908489
0.12235885609540163
0.1230949848875933
0.12383474063040247
0.12457791363673336
0.1253242784182835
0.12607359270283922
0.1268255964088269
0.1275800105782606
0.12833653626982713
