-3.38247948169e-16
2.72295866287e-07
1.08918386605e-06
2.45066519825e-06
4.35674186194e-06
6.8074166559e-06
9.80269317805e-06
1.33425758266e-05
1.74270697991e-05
2.20561810927e-05
2.72299165048e-05
3.29482836321e-05
3.92112908714e-05
4.60189474195e-05
5.33712632729e-05
6.12682492285e-05
6.97099168829e-05
7.86962786333e-05
8.82273476769e-05
9.83031380113e-05
0.000108923664435
0.000120088942546
0.000131798988743
0.000144053820228
0.000156853455001
0.000170197911863
0.000184087210418
0.00019852137107
0.000213500415025
0.000229024364291
0.000245093241674
0.000261707070788
0.000278865876044
0.000296569682656
0.000314818516643
0.000333612404824
0.00035295137482
0.000372835455057
0.000393264674764
0.000414239063971
0.000435758653513
0.000457823475028
0.00048043356096
0.000503588944553
0.000527289659858
0.000551535741731
0.000576327225831
0.000601664148622
0.000627546547376
0.000653974460166
0.000680947925874
0.000708466984187
0.000736531675598
0.000765142041407
0.00079429812372
0.000823999965451
0.00085424761032
0.000885041102856
0.000916380488396
0.000948265813083
0.000980697123871
0.00101367446852
0.00104719789561
0.00108126745451
0.00111588319541
0.00115104516932
0.00118675342804
0.00122300802421
0.00125980901124
0.00129715644339
0.00133505037571
0.00137349086407
0.00141247796515
0.00145201173644
0.00149209223626
0.00153271952373
0.00157389365877
0.00161561470214
0.00165788271541
0.00170069776095
0.00174405990196
0.00178796920246
0.00183242572727
0.00187742954203
0.00192298071322
0.00196907930812
0.00201572539481
0.00206291904223
0.00211066032011
0.00215894929901
0.0022077860503
0.00225717064619
0.0023071031597
0.00235758366466
0.00240861223574
0.00246018894843
0.00251231387904
0.00256498710469
0.00261820870336
0.00267197875382
0.00272629733567
0.00278116452936
0.00283658041614
0.0028925450781
0.00294905859816
0.00300612106005
0.00306373254834
0.00312189314844
0.00318060294658
0.00323986202982
0.00329967048603
0.00336002840396
0.00342093587315
0.00348239298399
0.0035443998277
0.00360695649634
0.00367006308278
0.00373371968076
0.00379792638484
0.0038626832904
0.00392799049369
0.00399384809177
0.00406025618256
0.00412721486479
0.00419472423806
0.0042627844028
0.00433139546027
0.00440055751258
0.00447027066269
0.00454053501439
0.00461135067233
0.00468271774197
0.00475463632967
0.00482710654258
0.00490012848873
0.00497370227699
0.00504782801708
0.00512250581957
0.00519773579586
0.00527351805823
0.00534985271979
0.00542673989451
0.00550417969721
0.00558217224357
0.00566071765012
0.00573981603423
0.00581946751416
0.00589967220899
0.00598043023869
0.00606174172406
0.00614360678677
0.00622602554936
0.00630899813521
0.00639252466859
0.0064766052746
0.00656124007923
0.00664642920932
0.00673217279257
0.00681847095757
0.00690532383375
0.00699273155142
0.00708069424176
0.00716921203681
0.00725828506949
0.00734791347359
0.00743809738377
0.00752883693556
0.00762013226536
0.00771198351047
0.00780439080904
0.0078973543001
0.00799087412356
0.00808495042022
0.00817958333175
0.0082747730007
0.0083705195705
0.00846682318546
0.0085636839908
0.00866110213258
0.00875907775779
0.00885761101427
0.00895670205078
0.00905635101694
0.00915655806328
0.00925732334121
0.00935864700303
0.00946052920195
0.00956297009205
0.00966596982833
0.00976952856666
0.00987364646383
0.00997832367751
0.0100835603663
0.0101893566896
0.0102957128079
0.0104026288825
0.0105101050754
0.0106181415499
0.0107267384698
0.0108358960002
0.0109456143068
0.0110558935564
0.0111667339165
0.0112781355558
0.0113900986436
0.0115026233504
0.0116157098475
0.0117293583069
0.011843568902
0.0119583418067
0.0120736771959
0.0121895752456
0.0123060361325
0.0124230600345
0.0125406471301
0.0126587975989
0.0127775116214
0.0128967893791
0.0130166310543
0.0131370368304
0.0132580068916
0.0133795414229
0.0135016406106
0.0136243046417
0.0137475337042
0.0138713279869
0.0139956876797
0.0141206129734
0.0142461040598
0.0143721611316
0.0144987843823
0.0146259740066
0.0147537302
0.014882053159
0.0150109430809
0.0151404001643
0.0152704246083
0.0154010166134
0.0155321763808
0.0156639041127
0.0157962000122
0.0159290642835
0.0160624971317
0.0161964987628
0.0163310693839
0.016466209203
0.0166019184289
0.0167381972718
0.0168750459424
0.0170124646527
0.0171504536155
0.0172890130446
0.0174281431548
0.017567844162
0.0177081162829
0.0178489597353
0.0179903747378
0.0181323615103
0.0182749202734
0.0184180512488
0.0185617546592
0.0187060307284
0.0188508796809
0.0189963017425
0.0191422971398
0.0192888661005
0.0194360088533
0.0195837256278
0.0197320166547
0.0198808821657
0.0200303223935
0.0201803375717
0.0203309279352
0.0204820937196
0.0206338351616
0.020786152499
0.0209390459706
0.0210925158161
0.0212465622764
0.0214011855933
0.0215563860096
0.0217121637692
0.0218685191171
0.0220254522992
0.0221829635625
0.0223410531549
0.0224997213255
0.0226589683243
0.0228187944026
0.0229791998125
0.0231401848071
0.0233017496407
0.0234638945686
0.0236266198472
0.0237899257338
0.0239538124869
0.0241182803659
0.0242833296315
0.0244489605453
0.0246151733698
0.024781968369
0.0249493458075
0.0251173059512
0.025285849067
0.0254549754231
0.0256246852883
0.0257949789329
0.0259658566282
0.0261373186464
0.0263093652608
0.026481996746
0.0266552133776
0.0268290154321
0.0270034031872
0.0271783769218
0.0273539369159
0.0275300834503
0.0277068168072
0.0278841372699
0.0280620451225
0.0282405406505
0.0284196241404
0.0285992958798
0.0287795561575
0.0289604052633
0.0291418434881
0.0293238711239
0.0295064884641
0.0296896958029
0.0298734934357
0.0300578816591
0.0302428607707
0.0304284310694
0.0306145928552
0.030801346429
0.0309886920932
0.031176630151
0.031365160907
0.0315542846668
0.0317440017373
0.0319343124262
0.0321252170428
0.0323167158973
0.032508809301
0.0327014975665
0.0328947810076
0.0330886599391
0.033283134677
0.0334782055386
0.0336738728423
0.0338701369076
0.0340669980551
0.034264456607
0.0344625128861
0.0346611672169
0.0348604199247
0.0350602713363
0.0352607217793
0.035461771583
0.0356634210774
0.035865670594
0.0360685204655
0.0362719710257
0.0364760226095
0.0366806755533
0.0368859301945
0.0370917868717
0.0372982459249
0.0375053076951
0.0377129725247
0.0379212407573
0.0381301127376
0.0383395888115
0.0385496693265
0.0387603546309
0.0389716450744
0.0391835410081
0.039396042784
0.0396091507558
0.039822865278
0.0400371867067
0.040252115399
0.0404676517134
0.0406837960096
0.0409005486487
0.0411179099928
0.0413358804056
0.0415544602518
0.0417736498975
0.0419934497101
0.0422138600582
0.0424348813117
0.0426565138419
0.0428787580212
0.0431016142235
0.0433250828239
0.0435491641987
0.0437738587257
0.0439991667839
0.0442250887535
0.0444516250162
0.044678775955
0.0449065419542
0.0451349233992
0.045363920677
0.045593534176
0.0458237642855
0.0460546113966
0.0462860759015
0.0465181581938
0.0467508586683
0.0469841777215
0.0472181157509
0.0474526731554
0.0476878503355
0.0479236476929
0.0481600656306
0.048397104553
0.048634764866
0.0488730469767
0.0491119512937
0.049351478227
0.0495916281878
0.0498324015889
0.0500737988444
0.0503158203698
0.050558466582
0.0508017378993
0.0510456347414
0.0512901575294
0.0515353066859
0.0517810826348
0.0520274858015
0.0522745166127
0.0525221754967
0.0527704628832
0.0530193792032
0.0532689248893
0.0535191003754
0.0537699060969
0.0540213424907
0.0542734099951
0.05452610905
0.0547794400964
0.0550334035772
0.0552879999365
0.0555432296199
0.0557990930745
0.056055590749
0.0563127230935
0.0565704905594
0.0568288935999
0.0570879326696
0.0573476082244
0.0576079207219
0.0578688706213
0.058130458383
0.0583926844692
0.0586555493436
0.0589190534712
0.0591831973187
0.0594479813543
0.0597134060478
0.0599794718704
0.0602461792949
0.0605135287958
0.060781520849
0.0610501559319
0.0613194345235
0.0615893571046
0.0618599241572
0.0621311361651
0.0624029936138
0.0626754969899
0.0629486467822
0.0632224434806
0.0634968875769
0.0637719795644
0.0640477199379
0.0643241091939
0.0646011478307
0.0648788363478
0.0651571752468
0.0654361650305
0.0657158062036
0.0659960992724
0.0662770447447
0.0665586431301
0.0668408949399
0.0671238006867
0.0674073608853
0.0676915760517
0.0679764467037
0.068261973361
0.0685481565446
0.0688349967776
0.0691224945844
0.0694106504914
0.0696994650264
0.0699889387192
0.0702790721011
0.0705698657052
0.0708613200663
0.071153435721
0.0714462132076
0.0717396530659
0.0720337558377
0.0723285220665
0.0726239522976
0.0729200470778
0.0732168069559
0.0735142324825
0.0738123242097
0.0741110826917
0.0744105084842
0.0747106021448
0.0750113642329
0.0753127953097
0.0756148959383
0.0759176666833
0.0762211081114
0.076525220791
0.0768300052924
0.0771354621875
0.0774415920505
0.0777483954568
0.0780558729843
0.0783640252122
0.0786728527219
0.0789823560965
0.0792925359211
0.0796033927825
0.0799149272695
0.0802271399728
0.0805400314848
0.0808536024001
0.081167853315
0.0814827848276
0.0817983975382
0.0821146920489
0.0824316689636
0.0827493288883
0.0830676724308
0.0833867002009
0.0837064128104
0.0840268108731
0.0843478950045
0.0846696658223
0.0849921239461
0.0853152699976
0.0856391046002
0.0859636283795
0.0862888419632
0.0866147459808
0.0869413410638
0.0872686278458
0.0875966069625
0.0879252790515
0.0882546447524
0.0885847047071
0.0889154595593
0.0892469099547
0.0895790565413
0.0899118999691
0.09024544089
0.0905796799583
0.09091461783
0.0912502551635
0.0915865926191
0.0919236308595
0.0922613705491
0.0925998123548
0.0929389569454
0.0932788049919
0.0936193571675
0.0939606141475
0.0943025766093
0.0946452452325
0.094988620699
0.0953327036927
0.0956774948998
0.0960229950086
0.0963692047097
0.0967161246957
0.0970637556618
0.097412098305
0.0977611533248
0.0981109214228
0.098461403303
0.0988125996715
0.0991645112366
0.0995171387092
0.099870482802
0.10022454423
0.100579323712
0.100934821966
0.101291039716
0.101647977684
0.102005636599
0.102364017189
0.102723120186
0.103082946323
0.103443496337
0.103804770966
0.10416677095
0.104529497034
0.104892949962
0.105257130483
0.105622039347
0.105987677306
0.106354045117
0.106721143536
0.107088973324
0.107457535243
0.107826830059
0.108196858538
0.10856762145
0.108939119568
0.109311353667
0.109684324524
0.110058032918
0.110432479633
0.110807665453
0.111183591165
0.11156025756
0.111937665429
0.112315815568
0.112694708775
0.113074345849
0.113454727594
0.113835854815
0.114217728319
0.114600348917
0.114983717422
0.115367834651
0.115752701421
0.116138318554
0.116524686873
0.116911807205
0.117299680378
0.117688307225
0.11807768858
0.118467825281
0.118858718166
0.119250368079
0.119642775864
0.120035942371
0.120429868449
0.120824554953
0.121220002739
0.121616212665
0.122013185594
0.12241092239
0.122809423921
0.123208691058
0.123608724673
0.124009525643
0.124411094847
0.124813433165
0.125216541484
0.125620420689
0.126025071673
0.126430495328
0.12683669255
0.127243664239
0.127651411296
0.128059934628
0.12846923514
0.128879313746
0.129290171359
0.129701808895
0.130114227275
0.130527427421
0.130941410261
0.131356176722
0.131771727737
0.132188064242
0.132605187174
0.133023097474
0.133441796088
0.133861283963
0.134281562049
0.1347026313
0.135124492674
0.13554714713
0.135970595632
0.136394839146
0.136819878642
0.137245715092
0.137672349473
0.138099782765
0.138528015949
0.138957050012
0.139386885942
0.139817524732
0.140248967378
0.140681214879
0.141114268237
0.141548128457
0.141982796549
0.142418273524
0.1428545604
0.143291658194
0.143729567929
0.144168290632
0.144607827331
0.145048179059
0.145489346852
0.145931331751
0.146374134798
0.14681775704
0.147262199528
0.147707463314
0.148153549456
0.148600459015
0.149048193055
0.149496752644
0.149946138854
0.15039635276
0.15084739544
0.151299267977
0.151751971457
0.15220550697
0.152659875608
0.15311507847
0.153571116655
0.154027991269
0.154485703419
0.154944254217
0.15540364478
0.155863876227
0.156324949681
0.156786866269
0.157249627122
0.157713233376
0.158177686169
0.158642986643
0.159109135945
0.159576135225
0.160043985639
0.160512688343
0.1609822445
0.161452655277
0.161923921843
0.162396045373
0.162869027045
0.163342868041
0.163817569548
0.164293132757
0.16476955886
0.165246849058
0.165725004553
0.166204026551
0.166683916265
0.167164674909
0.167646303702
0.168128803868
0.168612176635
0.169096423236
0.169581544906
0.170067542887
0.170554418423
0.171042172764
0.171530807163
0.172020322878
0.172510721172
0.173002003312
0.173494170568
0.173987224217
0.174481165539
0.174975995818
0.175471716343
0.175968328408
0.176465833311
0.176964232355
0.177463526847
0.177963718098
0.178464807427
0.178966796152
0.179469685601
0.179973477104
0.180478171995
0.180983771615
0.181490277308
0.181997690424
0.182506012316
0.183015244344
0.183525387872
0.184036444267
0.184548414903
0.18506130116
0.185575104419
0.186089826069
0.186605467503
0.18712203012
0.187639515322
0.188157924517
0.188677259119
0.189197520545
0.189718710219
0.19024082957
0.19076388003
0.191287863039
0.191812780041
0.192338632484
0.192865421822
0.193393149515
0.193921817029
0.194451425832
0.194981977401
0.195513473216
0.196045914763
0.196579303534
0.197113641025
0.19764892874
0.198185168185
0.198722360874
0.199260508326
0.199799612066
0.200339673623
0.200880694533
0.201422676337
0.201965620581
0.202509528819
0.203054402608
0.203600243512
0.204147053102
0.204694832952
0.205243584644
0.205793309764
0.206344009906
0.206895686669
0.207448341657
0.208001976481
0.208556592757
0.209112192109
0.209668776165
0.21022634656
0.210784904934
0.211344452935
0.211904992215
0.212466524435
0.213029051259
0.213592574359
0.214157095413
0.214722616105
0.215289138127
0.215856663174
0.216425192951
0.216994729167
0.217565273538
0.218136827787
0.218709393643
0.219282972842
0.219857567126
0.220433178245
0.221009807953
0.221587458013
0.222166130193
0.222745826271
0.223326548027
0.223908297251
0.224491075739
0.225074885295
0.225659727728
0.226245604854
0.226832518499
0.227420470491
0.22800946267
0.22859949688
0.229190574972
0.229782698807
0.230375870251
0.230970091177
0.231565363465
0.232161689005
0.232759069691
0.233357507426
0.233957004121
0.234557561693
0.235159182067
0.235761867176
0.23636561896
0.236970439367
0.237576330353
0.238183293879
0.238791331918
0.239400446448
0.240010639455
0.240621912933
0.241234268885
0.241847709319
0.242462236255
0.243077851719
0.243694557743
0.24431235637
0.244931249651
0.245551239643
0.246172328413
0.246794518036
0.247417810595
0.248042208181
0.248667712894
0.249294326842
0.249922052141
0.250550890918
0.251180845305
0.251811917444
0.252444109488
0.253077423595
0.253711861933
0.254347426681
0.254984120023
0.255621944155
0.25626090128
0.256900993612
0.257542223371
0.25818459279
0.258828104107
0.259472759572
0.260118561443
0.260765511988
0.261413613484
0.262062868216
0.262713278482
0.263364846585
0.264017574841
0.264671465574
0.265326521117
0.265982743815
0.26664013602
0.267298700096
0.267958438415
0.268619353361
0.269281447326
0.269944722712
0.270609181934
0.271274827413
0.271941661582
0.272609686886
0.273278905777
0.27394932072
0.274620934189
0.275293748669
0.275967766654
0.276642990651
0.277319423177
0.277997066758
0.278675923933
0.27935599725
0.28003728927
0.280719802561
0.281403539707
0.2820885033
0.282774695943
0.283462120252
0.284150778853
0.284840674383
0.285531809491
0.286224186837
0.286917809095
0.287612678946
0.288308799086
0.289006172222
0.289704801072
0.290404688367
0.29110583685
0.291808249274
0.292511928406
0.293216877025
0.293923097921
0.294630593898
0.29533936777
0.296049422366
0.296760760526
0.297473385102
0.298187298961
0.29890250498
0.29961900605
0.300336805076
0.301055904973
0.301776308673
0.302498019117
0.303221039262
0.303945372077
0.304671020545
0.305397987661
0.306126276437
0.306855889894
0.30758683107
0.308319103015
0.309052708793
0.309787651483
0.310523934178
0.311261559983
0.312000532019
0.31274085342
0.313482527337
0.314225556933
0.314969945385
0.315715695887
0.316462811646
0.317211295883
0.317961151837
0.318712382759
0.319464991917
0.320218982592
0.320974358082
0.3217311217
0.322489276774
0.323248826649
0.324009774684
0.324772124253
0.325535878749
0.326301041578
0.327067616163
0.327835605944
0.328605014376
0.329375844931
0.330148101097
0.330921786379
0.331696904299
0.332473458395
0.333251452221
0.334030889351
0.334811773374
0.335594107896
0.33637789654
0.337163142948
0.33794985078
0.33873802371
0.339527665435
0.340318779665
0.341111370131
0.341905440581
0.342700994781
0.343498036518
0.344296569593
0.34509659783
0.345898125068
0.346701155168
0.347505692007
0.348311739485
0.349119301517
0.34992838204
0.35073898501
0.351551114402
0.352364774212
0.353179968454
0.353996701165
0.354814976398
0.355634798231
0.356456170758
0.357279098098
0.358103584386
0.358929633781
0.359757250463
0.360586438632
0.36141720251
0.36224954634
0.363083474386
0.363918990935
0.364756100296
0.365594806799
0.366435114797
0.367277028664
0.368120552799
0.36896569162
0.369812449572
0.370660831121
0.371510840755
0.372362482987
0.373215762352
0.374070683412
0.374927250748
0.375785468968
0.376645342704
0.377506876612
0.378370075371
0.379234943688
0.380101486291
0.380969707936
0.381839613403
0.382711207498
0.383584495051
0.384459480919
0.385336169986
0.38621456716
0.387094677377
0.387976505597
0.388860056811
0.389745336033
0.390632348306
0.391521098699
0.392411592311
0.393303834266
0.394197829718
0.395093583847
0.395991101864
0.396890389005
0.397791450539
0.398694291761
0.399598917996
0.400505334598
0.401413546953
0.402323560473
0.403235380603
0.404149012817
0.40506446262
0.405981735549
0.40690083717
0.407821773081
0.408744548912
0.409669170324
0.410595643011
0.411523972697
0.412454165142
0.413386226137
0.414320161504
0.415255977101
0.41619367882
0.417133272583
0.41807476435
0.419018160114
0.419963465902
0.420910687776
0.421859831834
0.422810904208
0.423763911067
0.424718858616
0.425675753095
0.426634600782
0.427595407991
0.428558181073
0.429522926417
0.43048965045
0.431458359636
0.432429060479
0.43340175952
0.43437646334
0.435353178559
0.436331911837
0.437312669873
0.438295459407
0.439280287221
0.440267160135
0.441256085013
0.442247068759
0.44324011832
0.444235240685
0.445232442885
0.446231731995
0.447233115134
0.448236599463
0.449242192188
0.450249900561
0.451259731876
0.452271693475
0.453285792745
0.454302037118
0.455320434073
0.456340991136
0.457363715881
0.458388615929
0.459415698949
0.460444972659
0.461476444826
0.462510123265
0.463546015842
0.464584130474
0.465624475127
0.46666705782
0.467711886621
0.468758969653
0.469808315089
0.470859931157
0.471913826138
0.472970008364
0.474028486227
0.475089268169
0.476152362689
0.477217778343
0.478285523743
0.479355607556
0.480428038508
0.481502825384
0.482579977026
0.483659502335
0.484741410272
0.485825709859
0.486912410176
0.488001520367
0.489093049638
0.490187007254
0.491283402547
0.492382244911
0.493483543803
0.494587308745
0.495693549327
0.496802275202
0.497913496092
0.499027221784
0.500143462134
0.501262227067
0.502383526576
0.503507370726
0.504633769651
0.505762733556
0.506894272718
0.508028397487
0.509165118288
0.510304445618
0.511446390048
0.512590962227
0.51373817288
0.514888032806
0.516040552886
0.517195744076
0.518353617414
0.519514184017
0.520677455083
0.521843441891
0.523012155805
0.52418360827
0.525357810817
0.52653477506
0.527714512701
0.528897035529
0.530082355419
0.531270484336
0.532461434336
0.533655217562
0.534851846251
0.536051332732
0.537253689428
0.538458928855
0.539667063625
0.540878106447
0.542092070126
0.543308967568
0.544528811775
0.545751615853
0.546977393007
0.548206156546
0.549437919883
0.550672696535
0.551910500126
0.553151344387
0.554395243157
0.555642210386
0.556892260132
0.558145406568
0.559401663979
0.560661046765
0.56192356944
0.563189246638
0.564458093109
0.565730123724
0.567005353474
0.568283797474
0.569565470961
0.570850389299
0.572138567978
0.573430022615
0.574724768958
0.576022822886
0.57732420041
0.578628917676
0.579936990963
0.581248436692
0.582563271418
0.583881511839
0.585203174796
0.586528277272
0.587856836396
0.589188869444
0.590524393843
0.591863427168
0.593205987149
0.594552091668
0.595901758767
0.597255006642
0.598611853652
0.599972318317
0.601336419323
0.602704175518
0.604075605923
0.605450729725
0.606829566288
0.608212135145
0.609598456012
0.610988548778
0.612382433516
0.613780130485
0.615181660124
0.616587043065
0.617996300129
0.61940945233
0.620826520878
0.62224752718
0.623672492845
0.625101439684
0.626534389715
0.627971365164
0.629412388469
0.630857482282
0.632306669471
0.633759973125
0.635217416556
0.636679023301
0.638144817127
0.639614822031
0.641089062247
0.642567562247
0.644050346745
0.645537440699
0.647028869315
0.648524658051
0.650024832622
0.651529419
0.65303844342
0.654551932383
0.656069912659
0.657592411293
0.659119455608
0.660651073207
0.66218729198
0.663728140106
0.665273646057
0.666823838606
0.668378746826
0.669938400097
0.671502828112
0.67307206088
0.674646128729
0.676225062315
0.677808892622
0.679397650971
0.680991369022
0.682590078784
0.684193812612
0.68580260322
0.687416483685
0.689035487448
0.690659648325
0.692289000511
0.693923578585
0.695563417515
0.697208552669
0.698859019817
0.700514855138
0.702176095226
0.7038427771
0.705514938208
0.707192616434
0.708875850105
0.710564678001
0.712259139357
0.713959273878
0.715665121738
0.717376723596
0.719094120598
0.720817354391
0.722546467123
0.724281501462
0.726022500595
0.727769508245
0.729522568675
0.731281726697
0.733047027688
0.73481851759
0.73659624293
0.738380250824
0.740170588986
0.741967305747
0.743770450056
0.745580071498
0.747396220305
0.749218947362
0.751048304226
0.752884343135
0.754727117021
0.756576679521
0.758433084994
0.760296388532
0.762166645975
0.764043913922
0.765928249752
0.767819711631
0.769718358534
0.771624250256
0.773537447431
0.775458011546
0.77738600496
0.779321490919
0.781264533577
0.783215198011
0.78517355024
0.787139657245
0.78911358699
0.79109540844
0.793085191579
0.79508300744
0.797088928116
0.799103026791
0.801125377758
0.803156056444
0.805195139434
0.807242704497
0.80929883061
0.811363597986
0.813437088099
0.815519383714
0.817610568913
0.819710729127
0.821819951166
0.823938323246
0.826065935029
0.828202877646
0.830349243742
0.8325051275
0.834670624687
0.836845832682
0.839030850521
0.841225778934
0.843430720385
0.845645779115
0.847871061184
0.850106674516
0.852352728947
0.854609336268
0.856876610278
0.859154666832
0.861443623895
0.863743601594
0.866054722275
0.868377110561
0.870710893409
0.873056200172
0.875413162666
0.877781915232
0.880162594803
0.882555340978
0.884960296094
0.887377605298
0.889807416628
0.892249881095
0.894705152762
0.897173388836
0.899654749754
0.90214939928
0.904657504597
0.907179236412
0.909714769059
0.912264280605
0.914827952967
0.917405972022
0.919998527736
0.922605814285
0.925228030189
0.927865378446
0.930518066678
0.933186307275
0.935870317551
0.938570319906
0.94128654199
0.94401921688
0.946768583263
0.949534885622
0.952318374438
0.955119306396
0.957937944602
0.960774558805
0.96362942564
0.966502828871
0.969395059652
0.972306416797
0.975237207063
0.97818774545
0.981158355513
0.984149369688
0.987161129636
0.990193986606
0.993248301812
0.996324446833
0.999422804035
1.00254376701
1.00568774103
1.00885514358
1.01204640481
1.01526196813
1.01850229078
1.02176784441
1.02505911576
1.02837660732
1.03172083805
1.03509234415
1.03849167988
1.04191941839
1.04537615267
1.04886249648
1.05237908544
1.05592657805
1.05950565693
1.06311703004
1.06676143199
1.07043962554
1.07415240301
1.07790058804
1.08168503723
1.08550664208
1.08936633099
1.09326507142
1.09720387224
1.10118378623
1.10520591281
1.109271401
1.11338145253
1.11753732537
1.12174033742
1.12599187059
1.13029337524
1.13464637499
1.13905247202
1.14351335286
1.14803079466
1.15260667224
1.15724296569
1.16194176884
1.16670529862
1.17153590541
1.17643608454
1.18140848909
1.18645594424
1.19158146323
1.19678826538
1.20207979636
1.20745975106
1.21293209953
1.21850111656
1.22417141543
1.22994798657
1.23583624219
1.24184206787
1.24797188258
1.25423270886
1.26063225531
1.2671790142
1.27388237765
1.28075277701
1.2878018512
1.29504265195
1.30248989603
1.31016027868
1.31807286719
1.32624960124
1.33471593783
1.34350169529
1.35264217713
1.36217969836
1.37216570581
1.38266380245
1.39375419685
1.40554049702
1.41816056336
1.4318048518
1.44674974791
1.46342432429
1.48256384681
1.50564815274
1.53679769874
1.59939426443
1.60256517634
1.60003981612
1.60114528418
1.59912244441
1.59854149464
1.59895472241
1.59830869292
1.59539854492
1.59498080667
1.59551095265
1.5964799243
1.59704449536
1.59584766255
1.59331005345
1.59071357727
1.58851768666
1.58685932462
1.58591117601
1.5861841781
1.5925362575
1.5845180532
1.58181548257
1.581512847
1.58966116664
1.57962994926
1.5778273908
1.58073298087
1.57697005471
1.57476838691
1.57920985264
1.57325716508
1.57219705265
1.57539551552
1.56955017421
1.57187202569
1.56821604189
1.56734675034
1.5679778827
1.56455991873
1.57007580276
1.56235602293
1.56826270948
1.56038582918
1.56333041006
1.55846735255
1.56038537975
1.55649444387
1.55815640472
1.55442336758
1.55647438288
1.55226935435
1.55556919882
1.55009390409
1.55711192124
1.54798870401
1.55343912163
1.54607232581
1.54782362829
1.54451974921
1.54407254886
1.54369906151
1.54111202557
1.54524244733
1.53878212962
1.54223971951
1.53719519283
1.53693036845
1.53695656871
1.5337901153
1.54381344312
1.53183527735
1.53233037537
1.53147469425
1.52872789241
1.53715360703
1.52684225726
1.52679899068
1.52731697879
1.52353217083
1.52653127205
1.52237092515
1.52088739401
1.5280609709
1.51865695719
1.51870806772
1.51970102737
1.51544128161
1.51693150123
1.51518813783
1.51246565233
1.51557359265
1.51148112817
1.50958745429
1.51470283694
1.50813148908
1.5067120089
1.51423932888
1.50498059916
1.50377881528
1.51270942644
1.50196536522
1.50076259948
1.50809339918
1.49907451575
1.49767384418
1.50266956343
1.49633893714
1.49455264874
1.49768360098
1.49384207242
1.49145905111
1.49316259858
1.49177419521
1.48846742461
1.48901990132
1.49070844149
1.48567210694
1.4852071912
1.50055704997
1.48321635491
1.48171891495
1.48447120122
1.48140026268
1.47859385541
1.47917710161
1.48137246618
1.47594027461
1.47509550345
1.47963854275
1.47404656007
1.47173540551
1.47257446168
1.47415172728
1.46909115823
1.46820430533
1.47186678796
1.46754699036
1.46490549392
1.46519156398
1.47035565478
1.46263159596
1.46112340199
1.4627160955
1.46235629822
1.45830802038
1.45757490879
1.46105525355
1.45710622717
1.45427471147
1.45414510673
1.46194782071
1.45257257476
1.45038923326
1.45073322736
1.45733945678
1.44837764909
1.44656808268
1.44724190409
1.45107797701
1.44438107822
1.44276092937
1.44358857943
1.44669580701
1.44052374589
1.43894347516
1.43973208663
1.44329565747
1.43679023476
1.43511494253
1.43569049125
1.44136795591
1.43319942265
1.43129552641
1.43152941729
1.44198628729
1.42980983573
1.42752356214
1.42733240363
1.43146411312
1.42675038629
1.42385501786
1.42317921719
1.42527734894
1.42434952836
1.42037036096
1.41914142776
1.4200145348
1.4241426279
1.41720126302
1.41529073156
1.41525724724
1.41962924611
1.4146303757
1.4117179711
1.4108916091
1.41231778711
1.41371384225
1.40857733588
1.4069078275
1.40700485024
1.41179125467
1.40624487296
1.40337491145
1.40248895477
1.40362860268
1.40668944184
1.40050331722
1.39858083919
1.39832391645
1.40096932827
1.39906190507
1.39535498955
1.39401119565
1.39431751631
1.40012910488
1.39327647994
1.39050261044
1.38955736652
1.39037865941
1.39734051768
1.38809439841
1.38581327197
1.38514251353
1.3863998197
1.38933510657
1.38322416611
1.38121465909
1.38071037716
1.38225646289
1.38382790966
1.37855400205
1.37666723822
1.37622553395
1.37784312452
1.3791973346
1.37404047284
1.37215505108
1.37167654345
1.37313277608
1.37532490368
1.36968074544
1.36768205803
1.36707625937
1.36819462531
1.3728504172
1.36550911763
1.36327049302
1.36245743688
1.36314551075
1.3727499745
1.36161356534
1.35896144695
1.35786628592
1.35809457654
1.36169947186
1.35820571472
1.35482095776
1.35335841341
1.35312415218
1.35489878481
1.35599998398
1.35096159567
1.34900086288
1.34829674089
1.34901389461
1.35745029931
1.3476197809
1.34488496405
1.3436699907
1.34363138591
1.34583114597
1.34557661209
1.34116625037
1.33931519323
1.3386382827
1.33930669043
1.34595390688
1.33821851128
1.33534971147
1.33402371157
1.33379420538
1.33531920748
1.33796121048
1.33203351008
1.32985291683
1.32888855307
1.32904966483
1.33171228658
1.33032412588
1.32632459208
1.32453594797
1.32382811689
1.32431881251
1.32857350912
1.32414318229
1.32087701597
1.3193213943
1.31878274455
1.31951333279
1.3259178799
1.31852917984
1.31559710153
1.31416420593
1.31371144432
1.31455541643
1.32272146437
1.31326512418
1.31044240812
1.30904200491
1.30859389238
1.30940450785
1.31649814378
1.30829540561
1.30540150716
1.30395147408
1.30343198922
1.30407606631
1.30893022494
1.30365694117
1.30048843605
1.29890649396
1.29824786004
1.29863179832
1.30173532855
1.29951930388
1.29574562726
1.29393731498
1.29307890032
1.2931511765
1.29503030079
1.2965057727
1.29126031862
1.28909234088
1.28797315446
1.28770934333
1.28871585573
1.29984672136
1.28722339912
1.28444701938
1.28298859519
1.2823711986
1.28272116175
1.28544038909
1.28421600493
1.28013340923
1.27819983991
1.27719703208
1.27701356108
1.27810880795
1.29716853023
1.27645158798
1.2737205937
1.27225521826
1.27159148683
1.27181489276
1.27394234872
1.27462201496
1.26977753596
1.26764619628
1.26648451032
1.26608446916
1.26669214737
1.27044320522
1.26708664405
1.26356637766
1.2617680903
1.26080911566
1.2606058467
1.26154809616
1.26839713571
1.26059434023
1.25762005937
1.2560115879
1.25517720625
1.25509895139
1.25627137638
1.27007479069
1.2545902135
1.25185372945
1.25033606686
1.24955722143
1.24952531651
1.25076606162
1.26051143165
1.24892304279
1.24623218284
1.24472393327
1.24393652085
1.24387155383
1.24500115914
1.25642370969
1.24356989654
1.24075185272
1.23917647032
1.23832056786
1.23815153158
1.23903000164
1.24430850714
1.23860781079
1.23543784748
1.23371244126
1.2327310283
1.23240105321
1.23295427292
1.23594617857
1.23431501142
1.23035298176
1.22836927721
1.22720348494
1.22666871427
1.22687544859
1.22856997873
1.23203053601
1.22563367234
1.22320982417
1.22178703086
1.22100898639
1.22087344166
1.22172776878
1.2264071153
1.22163920212
1.21834464019
1.21654931862
1.21548123399
1.21500950245
1.21526355295
1.2170124588
1.2202569279
1.21401117762
1.21159499137
1.21015649783
1.20933827745
1.2091184408
1.2097597347
1.21291211442
1.21100995053
1.20712724383
1.20513751014
1.20392329767
1.20328269524
1.20326195482
1.20426398375
1.2100322754
1.203740425
1.20061834022
1.19886192178
1.19778591457
1.19726067992
1.19737542386
1.19865175037
1.21826611116
1.19715098502
1.19435036123
1.19271185339
1.19170650172
1.19123674936
1.19141029413
1.19279844947
1.20178815326
1.19097793568
1.1882684405
1.18666108032
1.1856671854
1.18519472131
1.18534516396
1.18664494552
1.20584929871
1.18516553859
1.18236001832
1.18070537426
1.17966773652
1.17913828888
1.17919155463
1.18023996561
1.18597999617
1.17978237476
1.17664711798
1.17486015542
1.17372408405
1.17308902268
1.17298843113
1.17370205043
1.17684210636
1.17512378164
1.17119609392
1.16916236475
1.16786750459
1.16708252607
1.16678963269
1.16715154019
1.16891602163
1.17276056476
1.16616270397
1.16367987836
1.16214622526
1.16116542311
1.16065324688
1.16067881252
1.16159167657
1.16577207471
1.16199810932
1.15854248616
1.15663370755
1.1553963257
1.15463814731
1.15434755644
1.15467524758
1.15627616436
1.16213091444
1.15406125103
1.15145592263
1.14985497601
1.14880837784
1.14820939169
1.14809264458
1.14868988904
1.15112512402
1.15158414485
1.14689130184
1.1446713134
1.1432469549
1.14231973738
1.14182496213
1.14182673027
1.14262303989
1.14589266133
1.14399619643
1.14012875675
1.1380913457
1.1367583038
1.13589276264
1.13544903751
1.13550411504
1.13638411577
1.14005919756
1.13731114459
1.13365665715
1.13167361358
1.13036473222
1.12950948278
1.1290649634
1.12910412275
1.12993059808
1.13324443769
1.13129501389
1.12744702961
1.12540852531
1.12406249488
1.12316954931
1.12267581542
1.12263589202
1.12329203782
1.12578654028
1.12618526639
1.12153534658
1.11931418305
1.11786632725
1.11688877831
1.11630251902
1.11613404026
1.11655051163
1.11821596283
1.12407085473
1.11605022105
1.1134420952
1.1118106197
1.11069814282
1.10998015592
1.10964822768
1.1097998509
1.11079210545
1.11492021572
1.11138941636
1.1079028817
1.1059564537
1.10464491871
1.10375505408
1.10323396186
1.10312042323
1.10359396588
1.10536488672
1.11016625535
1.10296521446
1.10041473521
1.0987999543
1.097685806
1.09694949545
1.09657625406
1.09664244776
1.09742109349
1.10025365966
1.09968665518
1.09542910062
1.09328193348
1.09185249797
1.09086022792
1.09022381598
1.08995040401
1.0901438161
1.0911614614
1.09525436088
1.09184536311
1.08834386311
1.08638615278
1.0850532646
1.0841258069
1.08354123061
1.08331679918
1.08356863327
1.08469344757
1.08955022215
1.08486803096
1.08157397349
1.07967684581
1.07837343108
1.07746181722
1.0768838322
1.07665649368
1.07689014059
1.0779535157
1.08223179523
1.07852753856
1.07508520099
1.07314113614
1.07180696846
1.07086580646
1.07025200816
1.06997341333
1.07011943916
1.07098004019
1.0740084899
1.07300433156
1.06891160018
1.06679680059
1.06536792736
1.06435199686
1.06366295353
1.06329205878
1.06329958835
1.06388345374
1.06581265963
1.06968789226
1.06318545905
1.06069869558
1.05909213143
1.05795092565
1.05714839839
1.05665177276
1.05648992286
1.05678184006
1.05791316895
1.06249342567
1.05832698966
1.054969496
1.05304637727
1.05171202468
1.05075345632
1.05010142467
1.04975260764
1.04976676843
1.05033136769
1.05214529967
1.05737484398
1.04992464478
1.04735885046
1.04571412041
1.04453974819
1.04369820002
1.04314799136
1.04290383028
1.04304982813
1.04384024904
1.04640067939
1.04701339252
1.04233594167
1.04009978571
1.03859890327
1.03751352999
1.03673863116
1.03624613476
1.03606009103
1.03627798406
1.03719411711
1.04026445505
1.03928696197
1.03520994482
1.03309652169
1.03165285767
1.0306019112
1.02984997111
1.02937297149
1.02919611819
1.02941562397
1.03031776739
1.03327943536
1.03263655634
1.02845444798
1.02631775253
1.02486004741
1.02379526793
1.02302600971
1.02252461936
1.0223101538
1.02246403983
1.02322118999
1.0255522233
1.0272736982
1.02209369154
1.01977529855
1.01822969453
1.0171028094
1.01627745426
1.01571506895
1.01542284627
1.01545938584
1.01599099328
1.0175855882
1.03181106009
1.0162981831
1.01352970913
1.01179773194
1.01055261309
1.00963085639
1.00897361991
1.00857163805
1.00845840773
1.00873758827
1.00971149443
1.01288888551
1.01173540789
1.0077346798
1.00563967347
1.00419608552
1.00312929249
1.00234261569
1.00180443462
1.0015234961
1.00155534416
1.0020526093
1.00351213813
1.01151988963
1.00284879702
0.999915950713
0.998123585593
0.996838211311
0.995878392733
0.995176743561
0.994715682997
0.994514922987
0.994645832482
0.995301715978
0.997181402075
1.00255167655
0.995071329736
0.992517113858
0.990865560873
0.989659980295
0.988755266631
0.988096693619
0.9876728426
0.987507895198
0.987679067033
0.98839446603
0.990434965142
0.994277484841
0.987891567145
0.985431522936
0.983817802557
0.982632607708
0.981739358199
0.981085809668
0.980660703909
0.980486402368
0.980634430343
0.981293854926
0.983134489014
0.989314910031
0.981225559372
0.978637567258
0.976971337041
0.975752099808
0.974829581225
0.97414537993
0.973683206515
0.973458325819
0.973527573317
0.974037535822
0.975447555244
0.981846754125
0.975218310145
0.972178850029
0.970350473238
0.969036785487
0.968042730863
0.967293168986
0.966761541778
0.966452176874
0.966403012401
0.966713118307
0.96765438535
0.970442798941
0.97063460996
0.966202657294
0.964023317693
0.962531034869
0.961414419233
0.960562508051
0.959931183212
0.959510594682
0.959319305884
0.959415941405
0.959947939042
0.961374133797
0.967749513038
0.961183292289
0.958147234689
0.956320879013
0.955005222803
0.954003945236
0.95324028147
0.952685010135
0.952337580563
0.952225858113
0.952424116055
0.95312174294
0.954980805633
0.961470788497
0.9531756577
0.950587943292
0.948921270623
0.947694078188
0.94675281708
0.946035183973
0.945518576468
0.945206496318
0.945130559537
0.945370988458
0.946133385424
0.94816882448
0.952563679443
0.945860977154
0.943386523577
0.941764929469
0.940562680747
0.939636737656
0.938928163241
0.93841533196
0.938101333153
0.938015693624
0.938232791204
0.938939178283
0.940777815908
0.948001971213
0.939123074874
0.936513759768
0.934839377638
0.933604822319
0.932652858554
0.931918767501
0.931377065779
0.931026595284
0.930889967443
0.931026631474
0.931579910122
0.932983708989
0.938622111857
0.933134538376
0.930018998085
0.9281710543
0.926839578472
0.925817812928
0.925023627066
0.924422324188
0.924005125063
0.923784690062
0.923801816701
0.924152375469
0.92508775764
0.927651567022
0.928939359447
0.924080994495
0.92183903925
0.920316402126
0.919169512093
0.918276372997
0.917584670318
0.917074132928
0.916745691599
0.916621979565
0.916759792316
0.917292893655
0.918612207744
0.923271936715
0.91934371536
0.916038302074
0.914136668958
0.912776129419
0.911731139101
0.910912834054
0.910282330727
0.909826507908
0.909551522882
0.909485816082
0.909696225254
0.910342499506
0.911927864044
0.920167453036
0.911410381988
0.908532883777
0.906765811476
0.905475843895
0.904476613067
0.903691571908
0.903086960899
0.90265217795
0.902394765664
0.902343992478
0.902567233909
0.903224659071
0.904820174346
0.913094707052
0.904311814246
0.901440155655
0.899676443475
0.898387861835
0.897387899498
0.896599622541
0.895988602204
0.895543100471
0.895268630643
0.895190487209
0.895367080349
0.895933135885
0.897279927548
0.901957264386
0.898058079505
0.8947655426
0.892873143108
0.891516853026
0.890470246116
0.889643231794
0.88899501529
0.888509336043
0.888186854357
0.888045470999
0.888128921702
0.888534329539
0.889511690687
0.892085976214
0.893548156317
0.888650337816
0.88641689479
0.884900390955
0.8837520828
0.882847241851
0.882130485352
0.881577000872
0.88118015132
0.880948664021
0.880910443688
0.881127107627
0.881740100008
0.883166683525
0.888410648346
0.883633902741
0.880475491222
0.878626309547
0.87729236993
0.876258101325
0.875436263498
0.874786544609
0.874291874273
0.873950748628
0.873776643081
0.873803930808
0.874106842682
0.874861536776
0.876644864089
0.889982224734
0.875586606166
0.872899687502
0.871206470676
0.869955635801
0.868975842131
0.868194141396
0.867576305336
0.867108367083
0.866790681114
0.866638090312
0.866686361687
0.867011950746
0.867796805108
0.869646281383
0.879162019424
0.868392693721
0.86576291043
0.864092077765
0.862853636588
0.861881176625
0.861103202981
0.860485813636
0.860014749288
0.859689458226
0.859522908483
0.859546974427
0.859828986242
0.860523773534
0.862104561528
0.868985441068
0.861987610055
0.85905281618
0.857279435375
0.85598588535
0.854975485702
0.854166342318
0.853519518709
0.853017355867
0.852656003939
0.852443996589
0.852405577812
0.852591933743
0.853114327394
0.854268068027
0.857436057583
0.856950466282
0.85288709922
0.850822434613
0.849386321613
0.848284593357
0.847406012059
0.846699067751
0.846138935975
0.845716166799
0.84543312398
0.845304866302
0.845365239015
0.84568439744
0.846423844673
0.848085899544
0.856266436167
0.847716181149
0.844876984434
0.84313945531
0.841865867057
0.840867321886
0.84006407025
0.839417569604
0.838909611965
0.838534887273
0.838299105072
0.838221062889
0.83834044695
0.838739752401
0.839616538556
0.84165626575
0.847641360467
0.839934454933
0.837445201602
0.835834369819
0.83463036681
0.83367796061
0.832908713177
0.832288956635
0.831802924476
0.831446651961
0.831226627506
0.831162087116
0.831292888917
0.831701348518
0.832583899361
0.834618995259
0.840812763691
0.832954955936
0.8304616637
0.828851390354
0.827648190947
0.826695736625
0.82592501752
0.82530185158
0.824809832075
0.824444055005
0.824209484688
0.824122645673
0.82421800288
0.824565310308
0.825323229782
0.826978840804
0.834430264745
0.826802357647
0.823935811541
0.822196980842
0.82092503842
0.819926406861
0.81911928285
0.818463518612
0.817939057996
0.817537981449
0.817261861482
0.817122286073
0.81714494874
0.817380854591
0.817937985915
0.819096844547
0.822106670625
0.822285648138
0.8180284684
0.815943469918
0.814505306341
0.813402644782
0.812518807169
0.811799112363
0.811215738638
0.810755413565
0.810414770213
0.810199300804
0.810125130182
0.810224959976
0.810563757177
0.811285796883
0.812813111474
0.81821890832
0.813385462816
0.810298251281
0.808497003898
0.807195247723
0.806177274865
0.805353930575
0.804681522266
0.804137580934
0.80371188226
0.803403103093
0.803218433405
0.803175868048
0.803310916943
0.803694196679
0.804485436457
0.806174920202
0.813779651239
0.806015190403
0.803175023718
0.801453458724
0.800193887227
0.799203187755
0.798399280055
0.797741330489
0.79720815275
0.796790049841
0.796485740963
0.796301996652
0.796255731199
0.796380085065
0.796740104144
0.797479441209
0.799016469802
0.804348520026
0.799667980306
0.796576436643
0.794780571635
0.793484394861
0.792470439722
0.79164875347
0.790974978088
0.790425859749
0.789990088133
0.789664703194
0.789454253128
0.789372135824
0.789445046524
0.789724212721
0.790316496084
0.791496613206
0.794463205525
0.794940773935
0.790605825327
0.78852336181
0.787094216932
0.785999314555
0.785119452416
0.784398373798
0.783806694068
0.783329146524
0.782959478792
0.782698656351
0.782555142563
0.782547436554
0.782710691739
0.783113578069
0.783909135508
0.785555837172
0.791981954441
0.785771882071
0.782849142967
0.781111161178
0.779847506629
0.778855091909
0.778048274688
0.777384234288
0.776840134866
0.776404424784
0.7760733049
0.775849696815
0.775744050482
0.775777504162
0.775989722697
0.776459151849
0.777366992012
0.779306068743
0.790267033626
0.778343532166
0.775763100607
0.774142217283
0.772941495854
0.771990285961
0.771213524974
0.770572851201
0.770047603208
0.769627371721
0.769308949415
0.769095489163
0.768997351566
0.769035165351
0.769247300152
0.769708941557
0.770591275016
0.772436670717
0.784042569301
0.771887780826
0.769211545079
0.76756065868
0.76634557403
0.765385493454
0.764601840609
0.763954582904
0.763422006523
0.762992819267
0.762662852382
0.762433983403
0.762314626156
0.762322077912
0.762488290123
0.762874046857
0.763609720822
0.765056901555
0.769303399691
0.766614451659
0.763243886167
0.761390456298
0.760075481784
0.759053095907
0.758224235551
0.757540136302
0.756974472691
0.756512965943
0.756149018579
0.755881991583
0.755717054757
0.755666525364
0.755753501662
0.75602045001
0.75655141985
0.757543814522
0.759675404181
0.766001168007
0.758186424936
0.755757693358
0.754201805552
0.753041113695
0.752117852355
0.751361115927
0.750734029349
0.750216253047
0.749796965304
0.749471853575
0.74924205569
0.749114442122
0.749103395676
0.74923517633
0.749558224483
0.750170666161
0.751315134429
0.753948041088
0.756121160937
0.7510748502
0.748907814317
0.747458167539
0.74635847831
0.745476624505
0.744750836324
0.744148297693
0.743650728875
0.743248437667
0.742937743496
0.742720105305
0.742602471317
0.742599038935
0.742735477172
0.743058790352
0.74366335772
0.744779086994
0.74727725385
0.750285108109
0.744792110241
0.742572426578
0.74110433491
0.739995812492
0.739108645571
0.738378741905
0.737772107755
0.737269686441
0.736861117748
0.736541994863
0.736312835671
0.736179207398
0.736153069449
0.736256089296
0.736527213026
0.737041639079
0.737969266547
0.739844485064
0.750461581325
0.739447112024
0.736786356352
0.7351591727
0.733966287223
0.733024687717
0.732254656557
0.731615148757
0.731083258497
0.730646104239
0.730297257117
0.730035219035
0.729863097047
0.729789309453
0.729829689283
0.730012245187
0.730388271445
0.731062301172
0.732298142154
0.735204122338
0.736287197052
0.731795756139
0.729731490063
0.728334515567
0.727270103878
0.72641425723
0.725708011843
0.72511956568
0.7246308179
0.724231705519
0.723917654596
0.723688562169
0.723548780204
0.723508093903
0.723584200709
0.723808218831
0.7242377289
0.724993193705
0.726396045741
0.730064911946
0.728818616651
0.725160869374
0.723266177335
0.721947527527
0.720930874547
0.720108594881
0.719427977584
0.718860106331
0.718388369996
0.71800351697
0.717701403621
0.717482102112
0.717349921082
0.71731434913
0.717392396342
0.717613737871
0.718032728697
0.718761280101
0.72008895378
0.723332693732
0.723304946243
0.719274177311
0.717305646256
0.715956826662
0.71492409427
0.714091587774
0.713403314612
0.712828705164
0.712350123396
0.711957529431
0.711646025655
0.711414811568
0.711267026458
0.711210407614
0.711259077862
0.711437447838
0.711788985728
0.712398609264
0.713464848638
0.715669474074
0.721948414434
0.71427356225
0.711899622901
0.710389891413
0.709268658611
0.708378197339
0.707647126511
0.707037743549
0.706528489652
0.706106795423
0.705765822281
0.705502964423
0.705319330548
0.705219968177
0.70521493122
0.705321713967
0.705570496557
0.706016350703
0.706772691492
0.708134154841
0.711461532633
0.711251441752
0.707306191771
0.705366234485
0.704036789578
0.703019342131
0.702199322705
0.701521117804
0.700954188534
0.70048072893
0.700090356723
0.699777631417
0.699540930986
0.699382143028
0.699307035346
0.699326469001
0.699459050015
0.699736824396
0.700218667152
0.701027769215
0.702495158592
0.706339092867
0.704794270438
0.701257182112
0.699412048493
0.698128959326
0.697140972497
0.696342286221
0.695680664736
0.695127115453
0.694664601639
0.694283117379
0.693977360089
0.693745663662
0.693589689274
0.693514742375
0.693530850957
0.693655114686
0.693916678779
0.694368151424
0.695116358741
0.696431985907
0.699474577781
0.700301282959
0.695989328078
0.69399202581
0.6926447361
0.691621313959
0.690799715395
0.690121360088
0.689554183124
0.689079385859
0.68868577088
0.68836707222
0.688120685591
0.687947189041
0.687850451926
0.687838376831
0.687924599808
0.688132027991
0.688500565738
0.689106241697
0.690119981738
0.692079261566
0.703081988296
0.691797920828
0.689205203057
0.687636080094
0.686494261313
0.685596969112
0.68486413025
0.684254008533
0.683742672165
0.683315789194
0.682964884418
0.682685524589
0.682476485837
0.682339540152
0.68227977573
0.682306580452
0.682435729902
0.682693718224
0.683127446244
0.683829332877
0.685021005478
0.687518485959
0.691286723529
0.685470141735
0.683279749838
0.68186124678
0.68080279365
0.679960986926
0.679269274683
0.67869182157
0.678207682665
0.677804198581
0.677473900418
0.677212991609
0.677020663333
0.676898958683
0.676853133167
0.676892653934
0.677033280113
0.677301348028
0.677743319311
0.678450431304
0.679640352633
0.682104626074
0.686226519029
0.680198712549
0.677994337798
0.676574825701
0.675518652265
0.674680112678
0.673991789956
0.673417410333
0.672935739279
0.672533872532
0.672204087935
0.671942287407
0.671747268302
0.671620524361
0.67156650116
0.671593403125
0.671714889844
0.671953512035
0.672348115831
0.67297195958
0.673987483207
0.675891280313
0.6839275609
0.676037538809
0.673366316289
0.671786793648
0.670649308965
0.669760859444
0.669037912348
0.668437117071
0.667933557963
0.667512131425
0.667163609571
0.666882697464
0.666667073829
0.666517007067
0.666435401914
0.66642829381
0.666505981118
0.666685296208
0.666994263911
0.667482575941
0.668249160024
0.669536815695
0.672298938083
0.674627516295
0.669681665659
0.667618945218
0.666265053693
0.665251155105
0.664444147634
0.66378111374
0.663227731691
0.662763686846
0.66237648725
0.662058520107
0.661805569662
0.661616096872
0.661490995559
0.661433737379
0.66145095725
0.661553704051
0.66175991824
0.662099536346
0.662626127172
0.663448260715
0.664841984566
0.668008146858
0.668659634136
0.66449447241
0.662563636336
0.661269641273
0.6602926665
0.659512135201
0.658869780635
0.658333388353
0.657883716975
0.657508854278
0.657201497392
0.656957570192
0.656775544748
0.656656205329
0.656602772382
0.656621429397
0.656722448313
0.656922399062
0.6572486328
0.657749269419
0.658519176864
0.659787413143
0.662415896167
0.665670427713
0.660241435246
0.658132150056
0.656768949207
0.655756113158
0.654953926378
0.654296990526
0.653749776783
0.653291240015
0.652908341864
0.652592970879
0.652340375585
0.652148369121
0.652016994186
0.651948531863
0.651947857296
0.652023266518
0.652188100878
0.652463947384
0.652887404656
0.653526292546
0.654527135267
0.656314647454
0.661990644795
0.657325120141
0.654442284858
0.652821341043
0.65167817289
0.650796138099
0.650084092535
0.649495355728
0.649003183058
0.648591229437
0.648249230955
0.647970855537
0.6477525884
0.64759318258
0.64749347698
0.647456521939
0.647488053502
0.647597483481
0.647799809027
0.648119405521
0.648598232381
0.649316264468
0.650455347618
0.652606190771
0.664142828931
0.652055627449
0.64964239679
0.648176749721
0.647115981079
0.646287792359
0.645615345381
0.645057980022
0.644591923648
0.644202462682
0.643880296858
0.643619691252
0.643417509434
0.643272740251
0.643186354795
0.643161447872
0.643203709223
0.643322387258
0.64353213134
0.643856625597
0.644336388299
0.645047976703
0.64616293179
0.648220426032
0.659493276672
0.648102187452
0.645593507902
0.644101237964
0.64303062081
0.642198944209
0.641525869564
0.640969199891
0.64050435035
0.640116103474
0.639794792041
0.639534366383
0.639331375305
0.639184449904
0.6390941128
0.639062852826
0.639095488347
0.639199938391
0.639388689844
0.639681626591
0.640111877824
0.640739416059
0.641689081313
0.643296726562
0.647330107619
0.645744762246
0.642356145581
0.640622770234
0.63943960248
0.638542650171
0.637826585342
0.637238909068
0.636749956067
0.636341653576
0.636002539645
0.635725303846
0.635505495045
0.635340838527
0.635230917671
0.635177119269
0.635182826092
0.635253915793
0.635399734081
0.63563492572
0.635983020736
0.636484096903
0.637213561557
0.638339415414
0.640383542686
0.650012075762
0.640459126818
0.637929296292
0.636442468304
0.635382991506
0.634564086513
0.63390403224
0.633359988458
0.632906984199
0.632529508603
0.632217621424
0.631964977826
0.631767774188
0.631624192491
0.631534155438
0.631499317925
0.631523292415
0.63161217633
0.631775558041
0.632028398723
0.632394718707
0.632915499689
0.63366817146
0.634826648261
0.636941418073
0.650067378412
0.636792842633
0.634339341211
0.632884273752
0.631845404539
0.631042421006
0.630395713961
0.629863321525
0.629420685351
0.629052493372
0.628748887955
0.628503531417
0.628312567208
0.628174065404
0.628087767614
0.628055055257
0.62807913219
0.628165475058
0.628322695593
0.628564137148
0.628910942053
0.629398438127
0.630091216705
0.631126410609
0.632888639296
0.637776615535
0.634574209226
0.631555222989
0.629937090725
0.628822353252
0.627976293551
0.627302119911
0.626750685078
0.626293855652
0.625914299055
0.62560088433
0.625346380551
0.625146227836
0.624997868528
0.624900408013
0.624854502953
0.624862445589
0.624928467691
0.625059354572
0.625265576323
0.625563394525
0.625979025627
0.626557730045
0.62738689795
0.628670848015
0.631120972738
0.636834748883
0.629902262562
0.627727072262
0.62638338345
0.625411726516
0.624657480603
0.624049751661
0.623550328264
0.623136506474
0.622793966613
0.622513395182
0.622288734721
0.622116230601
0.621993912647
0.621921345535
0.621899576696
0.62193126759
0.622021044502
0.622176173347
0.622407789426
0.622733192608
0.623180425672
0.623798427591
0.624683467891
0.626068541861
0.628839908654
0.631928172991
0.626745063881
0.624743699894
0.623473326007
0.622545837725
0.621823183172
0.621240359811
0.620761770611
0.620366040484
0.620039586366
0.619773523777
0.619562047239
0.619401541039
0.619290092244
0.619227254034
0.619213993384
0.619252809288
0.619348053195
0.619506544313
0.619738683184
0.620060507468
0.620497729526
0.621094494533
0.621935434797
0.623216124556
0.625599040511
0.632702043196
0.624727611157
0.622511588767
0.621166086623
0.620202672982
0.619460336173
0.618865927346
0.618380202714
0.61797988357
0.617650267629
0.617381738219
0.617167956058
0.617004868247
0.616890157308
0.61682295513
0.616803741825
0.61683440315
0.616918461346
0.617061542394
0.617272222486
0.617563559129
0.617955992475
0.618483313402
0.619206549023
0.620252954787
0.62196727419
0.62621761932
0.624409045824
0.621168909076
0.619526292464
0.618421666776
0.617597019688
0.616948627632
0.616424487042
0.61599500322
0.615641945452
0.615353523968
0.615121935807
0.614942047005
0.614810656381
0.614726088611
0.61468799747
0.614697327345
0.614756423379
0.614869318357
0.615042275361
0.615284756386
0.61561118088
0.61604430451
0.616622329438
0.617416028802
0.618579585853
0.620570424853
0.62725755579
0.621447659469
0.618806321589
0.617334526753
0.616316968435
0.615548549689
0.614941535096
0.61445041178
0.614048717549
0.613719916642
0.613453213015
0.613241420476
0.613079802682
0.612965419448
0.612896764972
0.612873595855
0.612896904951
0.612969034629
0.613093957792
0.613277802584
0.613529782398
0.61386387401
0.614302019494
0.614880803447
0.615667327265
0.616805370243
0.618706945362
0.624224943899
0.6201548676
0.617344026542
0.615830901695
0.614798923704
0.614025965644
0.613418971781
0.61293021411
0.612532126813
0.612207544993
0.611945268851
0.611737820734
0.611580226459
0.611469326262
0.611403387149
0.611381906939
0.611405560275
0.611476273597
0.611597447238
0.611774381841
0.612015032486
0.61233134787
0.612741758575
0.613276170334
0.613987188343
0.614980012306
0.616517747152
0.619697987526
0.62113101537
0.616872561941
0.615053503076
0.613890468067
0.613046033623
0.612394755822
0.611876210982
0.611456805299
0.611116113024
0.610840983789
0.610622666368
0.610455280511
0.610334959881
0.610259361996
0.610227399597
0.610239123539
0.610295729062
0.610399686961
0.610555031318
0.610767879634
0.611047342478
0.611407152472
0.611868753452
0.612467699637
0.613268733826
0.614409030532
0.616272899943
0.621252934762
0.618161437577
0.615234389581
0.613707086065
0.612680633172
0.611920005612
0.611328208401
0.610855881173
0.610474634372
0.610166816037
0.609920892163
0.6097291193
0.609586280208
0.609488964729
0.609435156902
0.609424012162
0.609455769057
0.609531774933
0.609654631516
0.609828495118
0.610059610162
0.610357237214
0.610735313173
0.611215603264
0.611834247979
0.612657257039
0.613825263824
0.615736874027
0.621010401886
0.617446506332
0.61460913785
0.613115492584
0.612111508815
0.611369067512
0.61079324977
0.610335526979
0.609967898709
0.60967290947
0.609439123988
0.609258840489
0.609126844718
0.609039698459
0.608995328136
0.608992798881
0.609032218408
0.609114748748
0.609242728463
0.609419933646
0.609652043538
0.609947444978
0.610318652523
0.610784952517
0.611377746465
0.612152705436
0.613222762828
0.614878402723
0.618439107825
0.618702223522
0.614962382808
0.61326867773
0.612180620066
0.611394261663
0.610792970828
0.610319629142
0.60994213516
0.609640806902
0.609402874169
0.609219762731
0.609085638214
0.608996580724
0.608950104619
0.608944884783
0.608980620631
0.609058006703
0.609178803404
0.60934602361
0.609564279245
0.609840379554
0.610184366128
0.610611374775
0.611145215743
0.61182595941
0.612728434319
0.614018324386
0.616205637432
0.625191589573
0.61671426069
0.614308965401
0.612962794358
0.612044259405
0.61136342545
0.610837357
0.610422481582
0.610093209091
0.609833384557
0.609632321987
0.609482765325
0.609379762569
0.609320015558
0.609301499574
0.609323250656
0.60938527013
0.609488525362
0.609635046907
0.60982814346
0.610072785714
0.610376262488
0.610749317495
0.611208210239
0.611778730681
0.612504869281
0.61347057307
0.614868931849
0.617348400934
0.625098049515
0.61680768
0.614686784241
0.613446526759
0.612588979427
0.611950997967
0.61145859318
0.611072029576
0.610767634129
0.610530313283
0.610350012578
0.610219870883
0.610135190658
0.610092838796
0.610090894411
0.610128451638
0.610205531787
0.610323085969
0.610483088729
0.610688742929
0.610944843603
0.6112583966
0.611639683746
0.612104178651
0.612676239806
0.613396971784
0.614343536377
0.615688437451
0.617974379733
0.629906841854
0.618253449071
0.615956400925
0.61466483594
0.613787640407
0.61314260903
0.612649324317
0.612265265131
0.611965343435
0.611733658285
0.611559647872
0.611436102167
0.611358060482
0.61132217083
0.611326310855
0.611369370204
0.611451143726
0.611572312672
0.611734510034
0.611940483683
0.612194393624
0.612502317137
0.612873107457
0.61331990489
0.61386296057
0.614535391024
0.615396445751
0.616568307796
0.618375721378
0.622464461328
0.621494209061
0.618214557103
0.6166635125
0.615669920199
0.614961100129
0.614429033673
0.614019905734
0.613703125425
0.61345976896
0.613277454703
0.61314778883
0.613064982605
0.613025059911
0.613025388152
0.613064401148
0.613141446962
0.613256727575
0.613411318037
0.613607268993
0.613847814074
0.614137729461
0.614483938626
0.614896546762
0.615390691364
0.615990089273
0.616734532827
0.617698116751
0.619044274427
0.621272281229
0.629733415365
0.622006495746
0.619632999656
0.618337331879
0.617472957119
0.61684710032
0.616375873129
0.616015264053
0.615739423145
0.615532003035
0.615382145876
0.615282419703
0.615227675826
0.615214383708
0.615240234053
0.615303905084
0.615404938052
0.615543695859
0.615721396519
0.615940228143
0.616203569409
0.616516365838
0.616885759879
0.617322169228
0.61784122231
0.618467488977
0.619242430366
0.620243969865
0.621646803524
0.624004296203
0.63800281275
0.624292249428
0.622066345875
0.620829804339
0.620003177006
0.619406533039
0.618960187035
0.618621906416
0.618366719459
0.618178757879
0.618047442461
0.617965508738
0.617927908249
0.617931166161
0.617972996254
0.618052072862
0.618167907877
0.618320807382
0.61851189939
0.618743238132
0.619018006125
0.619340858945
0.619718499731
0.620160654401
0.620681802263
0.621304460654
0.62206603642
0.623035175224
0.624359659045
0.626468240079
0.632540631551
0.628034370729
0.625456977557
0.624122617254
0.623255825453
0.622641139608
0.622187467409
0.621847777904
0.621594717885
0.62141109169
0.621285510036
0.621210173633
0.6211796532
0.621190180561
0.621239223567
0.621325231042
0.621447488691
0.621606055996
0.621801771783
0.622036329532
0.622312437254
0.622634095689
0.6230070607
0.623439617105
0.623943920517
0.624538462601
0.625252987063
0.626139486502
0.627301327418
0.628994915403
0.632267357812
0.634211964032
0.629966409364
0.628287172783
0.627275830801
0.626584941305
0.626086408918
0.625718723125
0.62544767893
0.625252400083
0.625119325703
0.625039273967
0.625005873744
0.625014671289
0.625062599281
0.625147655466
0.62526871231
0.625425416614
0.62561815927
0.625848109441
0.62611731963
0.626428922512
0.62678746223
0.627199441945
0.627674246879
0.628225770274
0.628875471802
0.629658681777
0.630639391718
0.631952437584
0.633972209053
0.638945927732
0.636366047529
0.633552680807
0.632179793504
0.631313452054
0.630713317531
0.630280725557
0.629965546813
0.629738911681
0.629582781398
0.629485246678
0.629438155437
0.629435815029
0.629474240214
0.629550701202
0.629663449198
0.629811555544
0.629994831127
0.630213810583
0.630469798376
0.630764985398
0.631102659198
0.631487553731
0.631926425944
0.632429029632
0.633009839055
0.633691314868
0.634510706902
0.63553626041
0.636914577849
0.639069244456
0.645073530943
0.640813909757
0.63827117264
0.636986480492
0.636172117638
0.635610577213
0.635210118475
0.63492342612
0.634722988283
0.634591499638
0.634517479383
0.634493039711
0.634512656589
0.634572453623
0.63466976984
0.634802896281
0.634970921094
0.6351736515
0.635411597882
0.635686017104
0.635999023043
0.636353785886
0.636754862884
0.637208741386
0.637724750853
0.638316664935
0.639005707093
0.639826726861
0.640842629479
0.642185262647
0.644216930273
0.649021127975
0.646888455232
0.644037765664
0.642684952547
0.641849067897
0.641282929181
0.640885837916
0.64060683774
0.640416650366
0.64029700263
0.640235831644
0.640224870732
0.640258330301
0.640332133242
0.64044345418
0.640590437531
0.640772028887
0.640987885096
0.641238346027
0.641524462944
0.641848088604
0.642212046114
0.642620411269
0.643078973958
0.643596003961
0.644183572355
0.64485997031
0.645654514816
0.646618250376
0.647852106661
0.64960407141
0.652860786924
0.655343765284
0.650959200497
0.649327223454
0.648382150814
0.647763036932
0.647338359843
0.647045320575
0.646849103876
0.646728489414
0.646669689534
