-4.75809867696e-16
0.0273600878287
0.102661514546
0.202491150217
0.295665663407
0.362649393461
0.346667009746
0.290596971807
0.254571000753
0.24140427608
0.24117115325
0.247199408486
0.255683340758
0.266497943395
0.279060834954
0.290027930292
0.286167743979
0.27072701926
0.256389633571
0.245183075669
0.239138571009
0.238530071493
0.241015711129
0.246098667026
0.252587151589
0.25908605852
0.262126932826
0.258026204531
0.247894967677
0.240914756897
0.238718967217
0.238445922971
0.237824814432
0.241169796432
0.247658664247
0.249075630448
0.246320548185
0.242413519851
0.238407227608
0.234668278304
0.234499557375
0.237756135666
0.243003429072
0.249562507709
0.255688160127
0.256861821997
0.25552462889
0.254164637449
0.251925399227
0.247717479422
0.243099022148
0.2387875415
0.23626121846
0.239854705643
0.248114935892
0.258373785433
0.262377122555
0.256965146128
0.244963539547
0.23391135732
0.228504574206
0.228890617399
0.230996943067
0.236642128682
0.244081163532
0.248454129858
0.24666798478
0.243516623448
0.241197580322
0.237853578549
0.235296840486
0.232486022008
0.229345205935
0.232073675288
0.238406055294
0.240658009572
0.242262679685
0.244857146762
0.246242931689
0.242748533822
0.239449303202
0.239565044039
0.242982897908
0.243296327881
0.240037322709
0.23905979048
0.239633032833
0.239355858782
0.238033147882
0.236687104289
0.238971742718
0.242859300749
0.245372829172
0.241200468379
0.236884755323
0.235237877896
0.234107537909
0.234437034593
0.238990032672
0.244069871076
0.246815070223
0.24840770717
0.248314726075
0.245863329472
0.243738388489
0.242598990744
0.24163871084
0.241176372427
0.242871304054
0.247418614806
0.248994757079
0.248484615078
0.24418204325
0.23947774527
0.238941476982
0.240376706064
0.24226289735
0.246581256733
0.250832102645
0.250258927577
0.24574838728
0.242984071781
0.241006697476
0.237319823511
0.23352358542
0.232748565166
0.236061191979
0.242473262334
0.246557094354
0.246075652596
0.239534546106
0.234488073024
0.233676202172
0.236197933972
0.239130423541
0.242400888754
0.242703511642
0.239297791482
0.236724549017
0.237909101098
0.242363468909
0.241949561718
0.239213411942
0.239394723686
0.239589818564
0.23832455477
0.236674748222
0.237195752473
0.240549211806
0.245150839493
0.247741640846
0.246590972607
0.245404387268
0.244588371473
0.243087520562
0.239989924518
0.239917989609
0.242054860962
0.2412351773
0.237069476243
0.235437343746
0.238033518577
0.241476378343
0.246258243142
0.247346600195
0.241790014671
0.237885690941
0.238312914935
0.240938373247
0.242462615057
0.242545505121
0.240207158091
0.237877364626
0.238608578636
0.243047242782
0.243841835152
0.244197967436
0.243860553206
0.242841982455
0.242117931421
0.241802499976
0.242094711411
0.243311782363
0.246446035852
0.249135743548
0.250067304683
0.248611533087
0.243138305421
0.236735359189
0.231851021131
0.230196976954
0.233223288927
0.237254498751
0.23984008629
0.242418661472
0.24535570508
0.243710701869
0.236013188317
0.230303913161
0.230405368974
0.231995403437
