1.58603289232e-17
0.00378831384142
0.0151161889107
0.0338655364508
0.0598163432998
0.0926114695377
0.131708216189
0.176321882206
0.225374884189
0.277477264861
0.330974858348
0.384096108762
0.435192552449
0.483007717092
0.526868001899
0.5667157914
0.602993796689
0.636470243223
0.668071478679
0.698643982872
0.728624589683
0.75812895934
0.787936049751
0.820715796367
0.861860186958
0.91854418412
0.985065398428
1.02325142061
1.00435932898
0.890307058625
0.772242572756
0.681577298294
0.608849551531
0.545754217307
0.487091328628
0.430745166041
0.376977102979
0.327121133706
0.282478767555
0.243824288635
0.211363247547
0.184870922426
0.163854193443
0.147685792045
0.13570524455
0.127291074802
0.121908052671
0.119132101975
0.118655519853
0.120274741729
0.123861780645
0.129321525593
0.136543632012
0.14536904322
0.15559960537
0.167071436711
0.179777914505
0.19397501474
0.210166704456
0.228884840052
0.250234011392
0.273249234702
0.295323825549
0.312476232418
0.321405877726
0.322383511522
0.319753935678
0.319490167269
0.32692898754
0.346401101915
0.382183715448
0.440389961448
0.533241170668
0.68639697296
0.815040632671
0.771838576166
0.603348310811
0.485491962301
0.410518449934
0.359635888347
0.324357848441
0.300123623
0.284099644667
0.274313243371
0.269252975639
0.267660783756
0.268413579802
0.270455259565
0.272765916421
0.274361872122
0.27432108683
0.271838040649
0.266329040759
0.257601699033
0.24604053322
0.232686821902
0.219112575501
0.20712189872
0.198418008985
0.194344563331
0.19570284207
0.202564241916
0.213982693764
0.227604424572
0.239489040629
0.244930629085
0.240723752575
0.227302700508
0.208337273304
0.188315497895
0.170713203341
0.157645178265
0.150253122658
0.149159890345
0.154794834073
0.167615371896
0.188295510747
0.217955614593
0.258533708824
0.313514045626
0.389642051369
0.501572357512
0.665373992724
0.726717028888
0.728828205634
0.566890876578
0.450274053261
0.376665434958
0.325448310395
0.287092522706
0.256437512158
0.230650012686
0.208493317177
0.189831264337
0.175133934493
0.165052105933
0.160146523101
0.160772647835
0.167065073959
0.178962557167
0.196232956767
0.218470635693
0.245037167859
0.274899078355
0.306298933396
0.336253262812
0.36019064359
0.372637844908
0.369629938846
0.351325033943
0.321985579383
0.287239206487
0.25158167658
0.217774500216
0.187336695684
0.161136895874
0.139768092552
0.123724188367
0.113456326988
0.109368668945
0.111788365853
0.120926790988
0.136841361431
0.159412102818
0.188367698337
0.223431483354
0.264694712265
0.313342904763
0.372917190493
0.451608881431
0.5648311592
0.671237875584
0.658697192108
0.623975656203
0.48907352378
0.377694788127
0.300247462028
0.245534497031
0.207269745539
0.182019378571
0.167705829167
0.162920554256
0.166568065793
0.177641676233
0.195035077778
0.217322372735
0.242451566102
0.267371666845
0.287897282807
0.299581150602
0.299892343045
0.289861787445
0.273405095378
0.255233711943
0.239113242155
0.227290157582
0.220721303034
0.21946663484
0.22296598892
0.230186727415
0.239704492027
0.249787442723
