-0.0
0.00378828711861
0.0151160775849
0.0338652683394
0.0598158189193
0.0926105434712
0.131706669698
0.176319382367
0.225370918175
0.277471011154
0.330964867948
0.384079463014
0.435163055798
0.482954158752
0.526779387426
0.566607525042
0.602957867254
0.636710224079
0.668851780379
0.700128455267
0.730669978786
0.760194767589
0.78930292738
0.820825128652
0.860375644294
0.915170396411
0.982155761953
1.02477964911
1.01403040307
0.89533611399
0.774117434076
0.682281009865
0.609026696724
0.545702552132
0.48699121124
0.430683093573
0.376965164508
0.32713855096
0.282503417918
0.243842966894
0.211370501078
0.184865574258
0.163836803848
0.147657339787
0.135666606042
0.127242913531
0.121850858211
0.119066220377
0.118581134056
0.120191897676
0.123770616649
0.129222727406
0.136438818935
0.145260520928
0.155489039747
0.166957703122
0.179655321199
0.193833318736
0.209993269379
0.228668168257
0.249968761819
0.272945391915
0.295021138826
0.312248436064
0.321323437367
0.322457549921
0.319941072631
0.319745044294
0.32723485095
0.346774395936
0.382681471383
0.44115124432
0.534660312151
0.689821536355
0.81959368325
0.780355513919
0.606749801268
0.486470716215
0.410881103206
0.359727683206
0.324298985914
0.299966814194
0.283874291041
0.274041766595
0.268957918669
0.267367361563
0.268148594977
0.270242478018
0.272618937524
0.274277615002
0.274278308228
0.271803468476
0.266268992693
0.257493018781
0.245875067911
0.232468560364
0.218851480525
0.206828909483
0.198102654098
0.19401414432
0.195361573289
0.202210845702
0.213605197867
0.227173724017
0.238963171989
0.24428922474
0.240011304201
0.226607678003
0.207721080455
0.187785615651
0.170245847231
0.157209749527
0.149822338465
0.148711222435
0.154309295408
0.167076133635
0.187686704959
0.217260656369
0.257731978322
0.312575740805
0.388537764285
0.500603954531
0.670081504329
0.738831519824
0.734323332768
0.56451180523
0.448827973042
0.375553527978
0.324423873073
0.286060703113
0.255363948789
0.229531717466
0.207341788034
0.18865986857
0.173951411414
0.163862131096
0.158950472321
0.159572867347
0.165867390062
0.177777612138
0.195076045047
0.217359545061
0.243987607114
0.273917919916
0.305376900766
0.335361300789
0.359288159751
0.371698445712
0.368664324191
0.350362670477
0.321032952332
0.286274137244
0.250578230364
0.216719045536
0.186228610371
0.15998359163
0.138580009644
0.122511142355
0.112225170915
0.108121918446
0.110523357532
0.119634966986
0.135507414783
0.158012969784
0.186871576487
0.221796506735
0.262864053035
0.3112257097
0.370329708048
0.448185711614
0.56121057264
0.67776477079
0.672575278192
0.634834420362
0.490046425641
0.37643423548
0.298750482825
0.244018657377
0.205756291699
0.180498986921
0.16616376245
0.161338838671
0.164923177371
0.175901208912
0.193154679815
0.21524571725
0.240122082642
0.264776515924
0.285158187874
0.297000337199
0.297768684893
0.288249285938
0.272152372569
0.254165195556
0.238120849835
0.226330739175
0.219787897706
0.218563917759
0.222093213634
0.229326287864
0.238816217904
0.24881075941
