-1.7763568394e-16
5.16620725479e-06
2.06627088664e-05
4.64831454337e-05
8.26169214804e-05
0.000129049210745
0.000185760963587
0.000252728916513
0.00032992560382
0.000417319371369
0.000514874392471
0.000622550685914
0.000740304136112
0.000868086515388
0.0010058455084
0.00115352473871
0.00131106379748
0.00147839827432
0.00165545979032
0.00184217603318
0.00203847079455
0.0022442640095
0.00245947179813
0.00268400650942
0.00291777676715
0.00316068751806
0.00341264008212
0.00367353220502
0.00394325811276
0.00422170856845
0.00450877093121
0.0048043292173
0.00510826416329
0.00542045329145
0.00574077097718
0.00606908851866
0.00640527420845
0.00674919340733
0.00710070862004
0.00745967957322
0.00782596329525
0.00819941419815
0.00857988416138
0.00896722261771
0.00936127664084
0.00976189103499
0.0101689084263
0.0105821693559
0.0110015123752
0.0114267741421
0.0118577895193
0.0122943916746
0.012736412182
0.0131836811245
0.0136360271988
0.0140932778206
0.0145552592317
0.0150217966082
0.0154927141698
0.0159678352902
0.0164469826082
0.01692997814
0.0174166433924
0.0179067994763
0.0184002672209
0.018896867289
0.0193964202916
0.0198987469039
0.0204036679807
0.0209110046725
0.0214205785412
0.0219322116758
0.0224457268074
0.022960947425
0.0234776978893
0.0239958035473
0.0245150908449
0.0250353874398
0.0255565223124
0.0260783258765
0.0266006300883
0.0271232685538
0.0276460766354
0.0281688915565
0.0286915525041
0.0292139007305
0.0297357796518
0.0302570349455
0.0307775146448
0.0312970692318
0.031815551727
0.0323328177773
0.0328487257407
0.0333631367687
0.0338759148853
0.034386927064
0.0348960433004
0.035403136683
0.0359080834601
0.0364107631033
0.0369110583681
0.0374088553506
0.0379040435409
0.0383965158733
0.0388861687719
0.0393729021937
0.039856619667
0.0403372283265
0.040814638945
0.0412887659601
0.0417595274985
0.0422268453952
0.04269064521
0.0431508562388
0.0436074115225
0.0440602478506
0.0445093057625
0.0449545295434
0.0453958672177
0.0458332705378
0.0462666949697
0.0466960996749
0.047121447488
0.047542704892
0.0479598419885
0.0483728324661
0.0487816535642
0.0491862860339
0.049586714096
0.0499829253953
0.0503749109525
0.0507626651123
0.0511461854895
0.0515254729118
0.05190053136
0.0522713679059
0.0526379926474
0.0530004186415
0.0533586618351
0.0537127409932
0.0540626776257
0.0544084959122
0.0547502226244
0.0550878870479
0.0554215209013
0.0557511582549
0.0560768354476
0.0563985910025
0.0567164655416
0.0570305016999
0.0573407440381
0.0576472389551
0.0579500345992
0.05824918078
0.058544728879
0.0588367317599
0.0591252436798
0.0594103201992
0.0596920180928
0.0599703952605
0.0602455106385
0.0605174241106
0.0607861964209
0.0610518890861
0.0613145643093
0.0615742848941
0.06183111416
0.0620851158585
0.0623363540908
0.0625848932261
0.0628307978213
0.0630741325425
0.0633149620876
0.06355335111
0.0637893641451
0.0640230655367
0.064254519367
0.0644837893868
0.0647109389488
0.0649360309414
0.0651591277265
0.0653802910767
0.0655995821172
0.0658170612679
0.0660327881884
0.0662468217253
0.0664592198616
0.0666700396679
0.066879337257
0.0670871677396
0.0672935851832
0.067498642573
0.0677023917754
0.0679048835034
0.0681061672854
0.0683062914355
0.0685053030266
0.0687032478661
0.0689001704737
0.0690961140618
0.0692911205187
0.0694852303934
0.0696784828838
0.0698709158262
0.0700625656883
0.0702534675638
0.0704436551694
0.0706331608446
0.0708220155529
0.0710102488863
0.0711978890712
0.0713849629765
0.0715714961244
0.0717575127023
0.0719430355779
0.0721280863151
0.0723126851925
0.0724968512238
0.0726806021791
0.072863954609
0.0730469238699
0.0732295241504
0.0734117685
0.0735936688586
0.0737752360877
0.0739564800027
0.0741374094062
0.0743180321227
0.0744983550342
0.0746783841167
0.0748581244772
0.0750375803919
0.075216755345
0.0753956520672
0.0755742725762
0.0757526182157
0.0759306896961
0.0761084871346
0.0762860100956
0.0764632576305
0.0766402283186
0.076816920306
0.0769933313455
0.0771694588357
0.077345299859
0.0775208512195
0.07769610948
0.0778710709982
0.0780457319615
0.0782200884217
0.0783941363274
0.0785678715561
0.0787412899448
0.0789143873188
0.0790871595195
0.0792596024304
0.0794317120019
0.0796034842738
0.0797749153966
0.0799460016505
0.0801167394633
0.0802871254255
0.0804571563043
0.0806268290547
0.0807961408296
0.0809650889866
0.0811336710943
0.0813018849347
0.0814697285049
0.0816372000157
0.0818042978889
0.0819710207516
0.0821373674288
0.082303336934
0.0824689284573
0.0826341413514
0.082798975116
0.0829634293796
0.0831275038794
0.0832911984397
0.0834545129476
0.0836174473276
0.0837800015135
0.0839421754195
0.0841039689091
0.0842653817622
0.0844264136409
0.0845870640542
0.0847473323205
0.0849072175296
0.0850667185027
0.0852258337523
0.0853845614402
0.0855428993347
0.0857008447678
0.0858583945908
0.0860155451294
0.0861722921391
0.0863286307591
0.086484555467
0.0866400600328
0.0867951374727
0.0869497800038
0.087103978998
0.087257724937
0.0874110073677
0.0875638148573
0.0877161349508
0.087867954127
0.0880192577579
0.0881700300672
0.0883202540906
0.088469911638
0.0886189832561
0.0887674481928
0.0889152843634
0.0890624683184
0.0892089752126
0.089354778777
0.0894998512915
0.0896441635608
0.0897876848913
0.0899303830714
0.0900722243528
0.0902131734352
0.090353193453
0.090492245964
0.0906302909417
0.090767286769
0.0909031902356
0.0910379565371
0.0911715392773
0.0913038904732
0.0914349605626
0.0915646984148
0.0916930513432
0.0918199651219
0.0919453840037
0.0920692507425
0.0921915066166
0.0923120914563
0.0924309436732
0.0925480002928
0.0926631969892
0.0927764681229
0.0928877467809
0.092996964819
0.0931040529073
0.0932089405774
0.0933115562718
0.0934118273965
0.0935096803745
0.0936050407023
0.0936978330079
0.0937879811107
0.0938754080835
0.0939600363158
0.094041787579
0.0941205830925
0.0941963435923
0.0942689893992
0.0943384404898
0.0944046165672
0.0944674371335
0.0945268215622
0.094582689172
0.094634959301
0.0946835513803
0.0947283850094
0.0947693800305
0.0948064566033
0.0948395352796
0.0948685370776
0.0948933835558
0.0949139968864
0.0949302999279
0.0949422162977
0.0949496704424
0.0949525877084
0.094950894411
0.094944517902
0.0949333866363
0.094917430237
0.0948965795588
0.0948707667502
0.0948399253137
0.0948039901642
0.0947628976855
0.0947165857854
0.0946649939481
0.094608063285
0.0945457365829
0.094477958351
0.0944046748645
0.0943258342067
0.094241386309
0.0941512829875
0.0940554779789
0.0939539269726
0.0938465876413
0.0937334196691
0.0936143847769
0.093489446746
0.0933585714393
0.0932217268195
0.0930788829663
0.09293001209
0.0927750885443
0.0926140888354
0.0924469916306
0.0922737777634
0.0920944302378
0.0919089342297
0.091717277087
0.0915194483276
0.091315439636
0.0911052448577
0.0908888599923
0.0906662831849
0.0904375147165
0.0902025569922
0.0899614145289
0.089714093941
0.0894606039258
0.0892009552469
0.0889351607175
0.0886632351818
0.0883851954965
0.0881010605109
0.0878108510464
0.0875145898757
0.0872123017008
0.0869040131313
0.0865897526615
0.0862695506477
0.0859434392847
0.0856114525827
0.0852736263432
0.0849299981351
0.0845806072714
0.0842254947843
0.0838647034016
0.0834982775227
0.0831262631945
0.0827487080875
0.0823656614718
0.0819771741937
0.0815832986521
0.0811840887748
0.0807795999958
0.0803698892316
0.0799550148591
0.0795350366922
0.0791100159599
0.0786800152836
0.0782450986552
0.077805331415
0.0773607802303
0.0769115130732
0.0764575991994
0.0759991091269
0.0755361146145
0.0750686886407
0.0745969053825
0.0741208401945
0.0736405695874
0.0731561712072
0.0726677238139
0.0721753072605
0.0716790024716
0.0711788914217
0.0706750571144
0.07016758356
0.0696565557542
0.0691420596556
0.0686241821641
0.0681030110976
0.06757863517
0.0670511439676
0.0665206279263
0.0659871783077
0.0654508871754
0.0649118473705
0.0643701524873
0.0638258968484
0.0632791754793
0.0627300840831
0.0621787190143
0.0616251772528
0.0610695563771
0.0605119545375
0.0599524704292
0.059391203264
0.0588282527432
0.058263719029
0.0576977027165
0.0571303048046
0.0565616266676
0.0559917700258
0.0554208369165
0.0548489296644
0.0542761508518
0.0537026032898
0.0531283899876
0.0525536141232
0.0519783790136
0.0514027880851
0.0508269448432
0.0502509528432
0.0496749156608
0.0490989368625
0.0485231199764
0.0479475684632
0.0473723856877
0.0467976748899
0.0462235391572
0.0456500813965
0.0450774043067
0.0445056103519
0.0439348017344
0.043365080369
0.0427965478574
0.0422293054626
0.041663454085
0.041099094238
0.0405363260249
0.039975249116
0.0394159627263
0.0388585655946
0.0383031559619
0.037749831552
0.0371986895518
0.0366498265924
0.0361033387313
0.0355593214352
0.0350178695631
0.0344790773506
0.0339430383949
0.0334098456402
0.032879591364
0.0323523671644
0.0318282639473
0.0313073719149
0.0307897805552
0.0302755786312
0.0297648541715
0.0292576944609
0.0287541860327
0.0282544146598
0.0277584653486
0.0272664223309
0.0267783690587
0.0262943881979
0.0258145616227
0.025338970411
0.0248676948397
0.0244008143801
0.0239384076943
0.0234805526314
0.0230273262238
0.0225788046838
0.0221350634011
0.0216961769389
0.0212622190313
0.0208332625805
0.0204093796534
0.0199906414789
0.0195771184447
0.0191688800938
0.0187659951213
0.0183685313707
0.01797655583
0.0175901346272
0.0172093330262
0.0168342154216
0.0164648453332
0.0161012854006
0.0157435973766
0.0153918421208
0.0150460795917
0.0147063688393
0.0143727679965
0.0140453342695
0.0137241239286
0.0134091922973
0.0131005937411
0.0127983816555
0.0125026084536
0.0122133255521
0.0119305833573
0.0116544312499
0.0113849175693
0.0111220895964
0.0108659935366
0.0106166745006
0.0103741764858
0.0101385423561
0.00990981382047
0.00968803141148
0.00947323446262
0.00926546108474
0.00906474814173
0.00887113122544
0.0086846446297
0.00850532132371
0.00833319292446
0.00816828966865
0.00801064038369
0.00786027245816
0.00771721181149
0.00758148286312
0.00745310850098
0.00733211004942
0.00721850723665
0.00711231816169
0.0070135592608
0.00692224527357
0.00683838920868
0.00676200230926
0.00669309401802
0.00663167194224
0.00657774181844
0.00653130747712
0.00649237080732
0.00646093172122
0.00643698811882
0.00642053585276
0.00641156869324
0.0064100782933
0.00641605415435
0.00642948359203
0.00645035170265
0.00647864133002
0.00651433303287
0.00655740505305
0.00660783328424
0.00666559124164
0.00673065003245
0.00680297832724
0.00688254233242
0.00696930576373
0.00706322982095
0.00716427316374
0.00727239188892
0.00738753950899
0.00750966693226
0.00763872244436
0.00777465169147
0.00791739766517
0.00806690068908
0.00822309840726
0.00838592577461
0.00855531504916
0.00873119578642
0.00891349483588
0.00910213633964
0.00929704173331
0.00949812974923
0.00970531642205
0.0099185150968
0.0101376364394
0.0103625884497
0.0105932764772
0.0108296032398
0.0110714688443
0.0113187708107
0.0115714040988
0.0118292611379
0.0120922318589
0.0123602037304
0.0126330617964
0.0129106887183
0.0131929648188
0.01347976813
0.0137709744435
0.0140664573645
0.014366088368
0.0146697368596
0.0149772702376
0.0152885539595
0.0156034516114
0.01592182498
0.0162435341278
0.0165684374721
0.0168963918657
0.0172272526816
0.0175608739003
0.0178971081998
0.0182358070487
0.0185768208019
0.018919998799
0.0192651894654
0.0196122404158
0.0199609985604
0.0203113102132
0.0206630212027
0.0210159769848
0.0213700227575
0.0217250035781
0.0220807644813
0.0224371506001
0.0227940072872
0.0231511802384
0.0235085156173
0.0238658601808
0.0242230614056
0.0245799676157
0.0249364281106
0.0252922932934
0.0256474147998
0.0260016456269
0.0263548402621
0.0267068548115
0.0270575471281
0.0274067769392
0.0277544059731
0.0281002980846
0.0284443193799
0.0287863383389
0.0291262259375
0.0294638557665
0.0297991041498
0.0301318502599
0.0304619762309
0.0307893672694
0.0311139117623
0.031435501382
0.0317540311884
0.0320693997276
0.0323815091272
0.0326902651886
0.0329955774744
0.0332973593933
0.0335955282801
0.0338900054716
0.034180716379
0.034467590555
0.0347505617568
0.035029568005
0.0353045516368
0.0355754593554
0.035842242274
0.036104855955
0.0363632604447
0.0366174203021
0.0368673046237
0.0371128870625
0.0373541458421
0.037591063766
0.0378236282216
0.038051831179
0.0382756691854
0.0384951433534
0.0387102593455
0.0389210273532
0.0391274620708
0.0393295826654
0.0395274127416
0.0397209803014
0.0399103177002
0.040095461598
0.0402764529065
0.0404533367315
0.0406261623122
0.0407949829556
0.0409598559678
0.041120842581
0.0412780078778
0.0414314207111
0.041581153622
0.0417272827532
0.0418698877609
0.042009051723
0.0421448610449
0.042277405363
0.0424067774461
0.0425330730941
0.0426563910351
0.042776832821
0.0428945027208
0.043009507613
0.0431219568762
0.0432319622788
0.0433396378679
0.0434450998567
0.0435484665118
0.0436498580393
0.0437493964713
0.0438472055511
0.0439434106191
0.0440381384979
0.0441315173781
0.0442236767038
0.0443147470589
0.0444048600531
0.0444941482094
0.0445827448509
0.0446707839897
0.044758400216
0.0448457285872
0.0449329045199
0.045020063681
0.0451073418814
0.0451948749696
0.0452827987276
0.0453712487676
0.04546036043
0.0455502686828
0.0456411080231
0.0457330123785
0.0458261150122
0.0459205484276
0.0460164442756
0.0461139332636
0.0462131450652
0.0463142082326
0.0464172501099
0.0465223967482
0.0466297728231
0.0467395015526
0.0468517046181
0.0469665020855
0.0470840123299
0.0472043519604
0.0473276357471
0.0474539765502
0.0475834852505
0.0477162706812
0.0478524395622
0.047992096435
0.0481353436006
0.0482822810576
0.0484330064432
0.0485876149751
0.048746199395
0.0489088499143
0.0490756541609
0.0492466971277
0.0494220611226
0.0496018257205
0.0497860677164
0.0499748610802
0.0501682769132
0.0503663834056
0.0505692457969
0.0507769263357
0.0509894842433
0.0512069756771
0.0514294536962
0.051656968229
0.0518895660409
0.0521272907054
0.0523701825751
0.0526182787548
0.0528716130764
0.0531302160751
0.0533941149668
0.0536633336273
0.0539378925734
0.0542178089446
0.0545030964873
0.0547937655397
0.0550898230191
0.0553912724099
0.055698113754
0.0560103436417
0.0563279552053
0.0566509381138
0.0569792785688
0.0573129593026
0.0576519595778
0.0579962551882
0.0583458184615
0.0587006182641
0.0590606200064
0.0594257856511
0.0597960737222
0.0601714393164
0.0605518341152
0.0609372063996
0.0613275010665
0.0617226596459
0.0621226203207
0.062527317948
0.0629366840818
0.0633506469977
0.0637691317193
0.0641920600466
0.0646193505851
0.065050918778
0.0654866769394
0.0659265342888
0.0663703969885
0.0668181681815
0.0672697480319
0.0677250337665
0.0681839197186
0.0686462973729
0.0691120554125
0.0695810797674
0.0700532536645
0.0705284576797
0.0710065697905
0.0714874654317
0.0719710175514
0.0724570966691
0.0729455709354
0.0734363061925
0.0739291660369
0.0744240118834
0.0749207030301
0.0754190967247
0.0759190482331
0.0764204109077
0.0769230362588
0.077426774025
0.0779314722472
0.0784369773418
0.0789431341756
0.0794497861422
0.0799567752391
0.0804639421451
0.0809711262998
0.0814781659827
0.0819848983944
0.0824911597375
0.0829967852984
0.0835016095307
0.0840054661376
0.0845081881566
0.0850096080429
0.0855095577554
0.0860078688407
0.0865043725199
0.0869988997734
0.0874912814281
0.087981348243
0.0884689309964
0.088953860572
0.0894359680464
0.0899150847751
0.0903910424799
0.0908636733354
0.0913328100555
0.0917982859801
0.0922599351609
0.0927175924481
0.0931710935755
0.0936202752462
0.0940649752176
0.0945050323859
0.0949402868706
0.095370580098
0.0957957548841
0.0962156555179
0.0966301278429
0.0970390193385
0.0974421792011
0.0978394584238
0.0982307098757
0.0986157883805
0.0989945507944
0.0993668560823
0.0997325653945
0.100091542141
0.100443652067
0.100788763323
0.101126746541
0.101457474902
0.101780824207
0.102096672946
0.102404902366
0.102705396535
0.102998042411
0.103282729901
0.103559351927
0.103827804483
0.104087986699
0.104339800897
0.104583152645
0.104817950814
0.105044107632
0.105261538732
0.105470163203
0.10566990364
0.105860686186
0.106042440576
0.106215100181
0.106378602048
0.106532886932
0.106677899339
0.10681358755
0.106939903661
0.107056803602
0.10716424717
0.107262198048
0.107350623825
0.107429496017
0.107498790077
0.107558485412
0.107608565391
0.107649017349
0.107679832593
0.107701006402
0.107712538022
0.107714430664
0.10770669149
0.107689331607
0.107662366047
0.107625813748
0.107579697535
0.107524044094
0.10745888394
0.10738425139
0.107300184525
0.107206725149
0.107103918752
0.106991814461
0.106870464994
0.106739926603
0.106600259027
0.106451525424
0.106293792319
0.106127129531
0.105951610112
0.105767310271
0.105574309303
0.105372689513
0.105162536135
0.104943937251
0.104716983709
0.10448176903
0.104238389325
0.103986943201
0.103727531665
0.103460258034
0.103185227832
0.102902548694
0.102612330266
0.1023146841
0.102009723551
0.101697563676
0.101378321124
0.101052114032
0.100719061918
0.100379285572
0.100032906949
0.0996800490639
0.0993208358774
0.0989553921928
0.0985838435473
0.0982063161044
0.097822936548
0.0974338319765
0.0970391297987
0.0966389576296
0.096233443189
0.0958227142003
0.0954068982912
0.0949861228971
0.0945605151646
0.0941302018589
0.0936953092721
0.093255963134
0.0928122885261
0.0923644097969
0.0919124504812
0.0914565332207
0.0909967796892
0.090533310519
0.0900662452316
0.089595702171
0.0891217984407
0.0886446498432
0.0881643708236
0.0876810744164
0.0871948721954
0.0867058742281
0.0862141890323
0.0857199235377
0.0852231830496
0.0847240712182
0.0842226900092
0.0837191396801
0.0832135187592
0.0827059240278
0.0821964505071
0.0816851914482
0.0811722383252
0.0806576808324
0.0801416068849
0.0796241026225
0.0791052524173
0.0785851388836
0.0780638428926
0.0775414435891
0.0770180184116
0.0764936431156
0.0759683917995
0.0754423369339
0.0749155493926
0.0743880984876
0.0738600520051
0.0733314762452
0.0728024360634
0.0722729949138
0.0717432148949
0.0712131567974
0.0706828801534
0.0701524432874
0.0696219033688
0.069091316466
0.0685607376015
0.0680302208081
0.0674998191863
0.0669695849622
0.0664395695464
0.0659098235936
0.0653803970616
0.0648513392719
0.0643226989699
0.0637945243842
0.0632668632876
0.0627397630558
0.0622132707271
0.061687433061
0.061162296596
0.0606379077069
0.0601143126606
0.0595915576716
0.0590696889558
0.0585487527828
0.0580287955272
0.0575098637183
0.056992004088
0.056475263617
0.0559596895791
0.0554453295838
0.0549322316168
0.0544204440779
0.0539100158179
0.0534009961716
0.0528934349904
0.0523873826707
0.0518828901813
0.0513800090872
0.050878791572
0.0503792904567
0.0498815592168
0.0493856519958
0.0488916236174
0.0483995295935
0.047909426131
0.0474213701347
0.0469354192088
0.0464516316545
0.0459700664657
0.0454907833222
0.0450138425797
0.0445393052578
0.0440672330252
0.0435976881827
0.0431307336428
0.0426664329088
0.0422048500493
0.0417460496722
0.0412900968955
0.0408370573162
0.0403869969774
0.0399399823327
0.0394960802094
0.0390553577693
0.038617882468
0.038183722012
0.037752944315
0.037325617452
0.036901809612
0.0364815890496
0.0360650240349
0.0356521828029
0.0352431335007
0.0348379441351
0.0344366825178
0.0340394162111
0.0336462124716
0.0332571381945
0.0328722598561
0.0324916434569
0.0321153544639
0.0317434577521
0.0313760175465
0.031013097364
0.0306547599546
0.030301067243
0.0299520802706
0.0296078591373
0.0292684629437
0.0289339497335
0.0286043764368
0.0282797988131
0.0279602713959
0.0276458474366
0.0273365788505
0.0270325161622
0.026733708453
0.0264402033082
0.026152046766
0.0258692832667
0.0255919556039
0.0253201048752
0.0250537704358
0.0247929898518
0.0245377988555
0.0242882313015
0.0240443191241
0.0238060922963
0.0235735787899
0.0233468045364
0.0231257933903
0.0229105670931
0.0227011452386
0.0224975452402
0.0222997822992
0.0221078693746
0.0219218171546
0.0217416340294
0.0215673260655
0.0213988969818
0.0212363481266
0.021079678457
0.020928884519
0.0207839604301
0.0206448978623
0.0205116860274
0.0203843116643
0.0202627590267
0.0201470098734
0.0200370434596
0.0199328365301
0.0198343633142
0.0197415955219
0.0196545023416
0.0195730504401
0.0194972039633
0.0194269245395
0.0193621712835
0.0193029008028
0.019249067205
0.0192006221079
0.0191575146496
0.0191196915018
0.0190870968841
0.0190596725797
0.0190373579534
0.0190200899709
0.0190078032199
0.019000429933
0.018997900012
0.0190001410546
0.0190070783821
0.0190186350692
0.0190347319757
0.0190552877794
0.019080219012
0.0191094400951
0.0191428633794
0.0191803991853
0.019221955845
0.0192674397467
0.019316755381
0.0193698053884
0.0194264906092
0.0194867101354
0.0195503613639
0.0196173400522
0.0196875403755
0.0197608549861
0.0198371750743
0.0199163904319
0.0199983895164
0.0200830595185
0.0201702864301
0.0202599551157
0.0203519493839
0.0204461520625
0.0205424450741
0.0206407095142
0.020740825731
0.0208426734068
0.0209461316412
0.0210510790362
0.0211573937824
0.0212649537479
0.0213736365675
0.0214833197343
0.0215938806925
0.0217051969316
0.0218171460821
0.0219296060123
0.0220424549265
0.0221555714641
0.0222688348002
0.0223821247467
0.0224953218546
0.022608307517
0.0227209640727
0.0228331749108
0.0229448245749
0.023055798869
0.0231659849624
0.0232752714953
0.0233835486846
0.0234907084291
0.0235966444148
0.0237012522197
0.0238044294181
0.0239060756841
0.0240060928944
0.0241043852302
0.0242008592779
0.0242954241285
0.0243879914755
0.0244784757116
0.0245667940231
0.0246528664831
0.0247366161417
0.0248179691153
0.0248968546721
0.0249732053165
0.0250469568694
0.0251180485471
0.0251864230361
0.0252520265658
0.0253148089768
0.0253747237869
0.0254317282528
0.0254857834289
0.0255368542216
0.0255849094402
0.0256299218435
0.0256718681825
0.0257107292391
0.0257464898598
0.0257791389858
0.0258086696785
0.0258350791396
0.0258583687284
0.0258785439724
0.025895614575
0.0259095944172
0.0259205015556
0.0259283582147
0.0259331907752
0.0259350297573
0.025933909799
0.0259298696302
0.0259229520416
0.0259132038495
0.0259006758553
0.0258854228014
0.0258675033215
0.0258469798878
0.0258239187528
0.0257983898874
0.0257704669149
0.025740227041
0.0257077509795
0.025673122875
0.0256364302215
0.0255977637773
0.0255572174769
0.0255148883401
0.0254708763769
0.0254252844906
0.0253782183776
0.0253297864251
0.0252800996056
0.0252292713703
0.0251774175394
0.0251246561911
0.0250711075489
0.0250168938673
0.0249621393158
0.0249069698626
0.0248515131563
0.0247958984078
0.0247402562707
0.0246847187217
0.0246294189408
0.0245744911913
0.0245200706995
0.0244662935352
0.0244132964923
0.02436121697
0.0243101928544
0.0242603624016
0.0242118641211
0.0241648366608
0.0241194186931
0.0240757488022
0.0240339653734
0.0239942064835
0.0239566097934
0.0239213124421
0.0238884509432
0.023858161083
0.0238305778207
0.0238058351915
0.0237840662113
0.0237654027837
0.0237499756105
0.023737914103
0.0237293462976
0.0237243987729
0.0237231965695
0.0237258631134
0.0237325201405
0.0237432876257
0.0237582837132
0.0237776246504
0.0238014247243
0.0238297962011
0.0238628492677
0.0239006919767
0.0239434301942
0.0239911675499
0.0240440053901
0.0241020427337
0.0241653762304
0.0242341001217
0.0243083062051
0.0243880837997
0.0244735197155
0.0245646982244
0.0246617010343
0.0247646072646
0.0248734934253
0.0249884333973
0.0251094984155
0.0252367570541
0.0253702752133
0.0255101161092
0.0256563402645
0.0258090055018
0.0259681669386
0.026133876984
0.0263061853368
0.0264851389859
0.0266707822119
0.0268631565895
0.0270623009926
0.0272682515998
0.0274810419012
0.0277007027067
0.0279272621553
0.0281607457253
0.0284011762456
0.0286485739074
0.0289029562777
0.0291643383123
0.0294327323704
0.0297081482293
0.0299905930996
0.0302800716412
0.0305765859794
0.0308801357211
0.0311907179717
0.0315083273517
0.0318329560138
0.0321645936599
0.0325032275579
0.0328488425588
0.0332014211132
0.0335609432881
0.0339273867831
0.0343007269465
0.034680936791
0.0350679870089
0.0354618459876
0.035862479823
0.0362698523347
0.0366839250785
0.0371046573597
0.0375320062451
0.0379659265752
0.0384063709745
0.0388532898624
0.0393066314628
0.0397663418128
0.0402323647713
0.0407046420265
0.0411831131026
0.0416677153663
0.0421583840318
0.0426550521661
0.0431576506924
0.043666108394
0.0441803519166
0.0447003057706
0.0452258923324
0.0457570318454
0.0462936424198
0.0468356400329
0.0473829385279
0.0479354496128
0.0484930828586
0.0490557456977
0.0496233434209
0.0501957791753
0.0507729539614
0.0513547666297
0.0519411138783
0.0525318902491
0.0531269881252
0.0537262977279
0.0543297071138
0.0549371021723
0.0555483666234
0.0561633820162
0.0567820277274
0.0574041809605
0.0580297167463
0.0586585079431
0.0592904252384
0.0599253371518
0.0605631100381
0.0612036080921
0.0618466933546
0.0624922257193
0.0631400629416
0.0637900606486
0.0644420723507
0.0650959494548
0.0657515412794
0.0664086950718
0.0670672560265
0.0677270673067
0.0683879700667
0.0690498034777
0.0697124047548
0.0703756091875
0.0710392501715
0.0717031592442
0.0723671661215
0.0730310987386
0.0736947832924
0.0743580442875
0.0750207045846
0.0756825854522
0.0763435066205
0.0770032863391
0.0776617414375
0.0783186873883
0.0789739383742
0.0796273073569
0.0802786061506
0.0809276454977
0.0815742351475
0.0822181839387
0.0828592998845
0.0834973902606
0.0841322616972
0.0847637202726
0.0853915716112
0.0860156209833
0.0866356734079
0.0872515337595
0.0878630068757
0.0884698976687
0.0890720112394
0.0896691529927
0.0902611287568
0.0908477449032
0.0914288084698
0.0920041272855
0.0925735100965
0.0931367666946
0.093693708047
0.094244146427
0.0947878955462
0.095324770688
0.0958545888413
0.0963771688357
0.096892331476
0.097399899678
0.097899698604
0.0983915557984
0.0988753013222
0.0993507678882
0.0998177909944
0.100276209057
0.100725863542
0.101166599095
0.101598263672
0.102020708665
0.102433789024
0.102837363387
0.103231294193
0.103615447803
0.103989694617
0.104353909182
0.104707970302
0.105051761146
0.105385169345
0.105708087095
0.106020411247
0.106322043402
0.106612889991
0.106892862361
0.107161876851
0.107419854864
0.107666722935
0.107902412794
0.108126861424
0.108340011115
0.108541809509
0.108732209646
0.10891117
0.109078654513
0.109234632618
0.109379079265
0.109511974935
0.10963330565
0.109743062984
0.109841244054
0.109927851525
0.110002893592
0.11006638397
0.11011834187
0.110158791973
0.110187764403
0.110205294686
0.110211423713
0.110206197694
0.110189668109
0.110161891648
0.11012293016
0.110072850583
0.110011724879
0.109939629963
0.109856647626
0.109762864455
0.109658371752
0.109543265445
0.109417646001
0.109281618327
0.109135291682
0.10897877957
0.108812199642
0.108635673588
0.108449327036
0.108253289436
0.10804769395
0.10783267734
0.107608379851
0.107374945096
0.107132519931
0.106881254342
0.106621301317
0.106352816728
0.106075959204
0.105790890007
0.105497772907
0.105196774052
0.104888061849
0.104571806828
0.10424818152
0.103917360327
0.103579519393
0.103234836482
0.102883490842
0.102525663083
0.102161535048
0.101791289687
0.101415110929
0.101033183561
0.100645693094
0.100252825649
0.0998547678259
0.0994517065839
0.0990438291198
0.0986313227469
0.0982143747756
0.0977931723947
0.0973679025543
0.0969387518501
0.0965059064082
0.0960695517726
0.0956298727928
0.0951870535134
0.0947412770657
0.0942927255603
0.0938415799812
0.0933880200823
0.0929322242845
0.0924743695759
0.0920146314128
0.0915531836224
0.0910901983085
0.0906258457581
0.0901602943499
0.0896937104657
0.0892262584028
0.0887581002894
0.0882893960008
0.0878203030795
0.0873509766557
0.086881569371
0.0864122313045
0.0859431098999
0.0854743498968
0.0850060932624
0.0845384791269
0.0840716437206
0.0836057203139
0.0831408391589
0.0826771274348
0.0822147091946
0.0817537053148
0.0812942334477
0.0808364079763
0.0803803399717
0.0799261371531
0.0794739038509
0.0790237409715
0.0785757459662
0.0781300128013
0.0776866319327
0.0772456902814
0.0768072712134
0.0763714545211
0.0759383164091
0.0755079294808
0.0750803627301
0.0746556815339
0.0742339476492
0.0738152192119
0.0733995507391
0.0729869931344
0.0725775936954
0.0721713961251
0.0717684405457
0.071368763515
0.0709723980465
0.0705793736316
0.0701897162657
0.069803448476
0.0694205893531
0.069041154585
0.0686651564942
0.0682926040777
0.0679235030492
0.0675578558849
0.0671956618713
0.0668369171566
0.0664816148036
0.0661297448463
0.0657812943485
0.0654362474654
0.0650945855071
0.0647562870047
0.0644213277797
0.0640896810141
0.0637613173245
0.0634362048366
0.0631143092638
0.0627955939859
0.0624800201313
0.0621675466604
0.0618581304505
0.0615517263834
0.0612482874334
0.0609477647582
0.0606501077898
0.0603552643277
0.0600631806332
0.0597738015244
0.0594870704724
0.0592029296988
0.0589213202732
0.0586421822117
0.0583654545764
0.0580910755745
0.057818982658
0.0575491126238
0.0572814017131
0.0570157857118
0.0567522000496
0.0564905798988
0.0562308602735
0.055972976127
0.0557168624492
0.0554624543625
0.0552096872169
0.0549584966842
0.0547088188501
0.0544605903054
0.0542137482356
0.0539682305082
0.053723975759
0.0534809234755
0.0532390140791
0.0529981890039
0.0527583907745
0.0525195630801
0.0522816508471
0.0520446003078
0.0518083590679
0.0515728761693
0.0513381021515
0.0511039891091
0.0508704907462
0.050637562428
0.0504051612286
0.0501732459759
0.0499417772931
0.0497107176359
0.0494800313274
0.049249684589
0.0490196455672
0.0487898843575
0.0485603730247
0.0483310856186
0.0481019981878
0.0478730887879
0.047644337488
0.0474157263717
0.0471872395364
0.0469588630878
0.0467305851309
0.0465023957586
0.0462742870358
0.0460462529806
0.0458182895419
0.0455903945746
0.0453625678106
0.0451348108274
0.0449071270134
0.0446795215306
0.0444520012739
0.0442245748288
0.043997252425
0.0437700458888
0.0435429685927
0.0433160354022
0.043089262621
0.0428626679343
0.0426362703497
0.0424100901365
0.0421841487634
0.0419584688346
0.0417330740243
0.0415079890104
0.0412832394066
0.0410588516934
0.0408348531486
0.040611271777
0.0403881362388
0.0401654757783
0.0399433201519
0.0397216995557
0.0395006445532
0.0392801860027
0.0390603549849
0.0388411827313
0.0386227005519
0.0384049397642
0.0381879316222
0.0379717072467
0.0377562975556
0.0375417331961
0.0373280444766
0.0371152613007
0.0369034131024
0.0366925287816
0.0364826366418
0.0362737643293
0.0360659387732
0.0358591861277
0.0356535317157
0.0354489999741
0.0352456144014
0.0350433975064
0.0348423707593
0.0346425545449
0.0344439681177
0.0342466295585
0.0340505557343
0.0338557622593
0.0336622634589
0.0334700723354
0.033279200536
0.0330896583237
0.0329014545501
0.0327145966304
0.032529090521
0.0323449406999
0.0321621501489
0.0319807203386
0.0318006512155
0.0316219411925
0.0314445871404
0.0312685843834
0.0310939266959
0.0309206063026
0.0307486138807
0.0305779385645
0.0304085679526
0.0302404881181
0.0300736836199
0.0299081375181
0.0297438313907
0.0295807453532
0.0294188580802
0.0292581468301
0.0290985874715
0.0289401545123
0.0287828211309
0.0286265592099
0.0284713393724
0.0283171310193
0.0281639023706
0.0280116205072
0.0278602514163
0.0277097600375
0.0275601103123
0.0274112652347
0.0272631869044
0.0271158365812
0.0269691747424
0.0268231611407
0.0266777548655
0.0265329144043
0.026388597707
0.0262447622513
0.0261013651099
0.0259583630188
0.0258157124478
0.0256733696716
0.0255312908427
0.0253894320653
0.0252477494707
0.0251061992932
0.0249647379478
0.0248233221079
0.0246819087847
0.0245404554069
0.0243989199011
0.024257260773
0.0241154371888
0.023973409057
0.0238311371108
0.0236885829905
0.0235457093257
0.023402479818
0.0232588593231
0.0231148139333
0.0229703110585
0.0228253195083
0.0226798095721
0.0225337530993
0.0223871235785
0.022239896216
0.0220920480128
0.0219435578406
0.0217944065171
0.0216445768791
0.0214940538547
0.0213428245333
0.0211908782344
0.0210382065747
0.0208848035321
0.0207306655094
0.0205757913939
0.0204201826163
0.0202638432062
0.0201067798456
0.0199490019196
0.0197905215643
0.0196313537122
0.0194715161343
0.0193110294797
0.0191499173118
0.0189882061414
0.0188259254563
0.0186631077488
0.018499788538
0.0183360063901
0.0181718029348
0.0180072228781
0.0178423140115
0.0176771272175
0.017511716472
0.0173461388423
0.017180454482
0.0170147266215
0.0168490215558
0.0166834086274
0.0165179602064
0.0163527516663
0.0161878613566
0.016023370571
