5.10702591328e-16
9.49542970007e-05
0.000379832258133
0.000854679078246
0.00151957003001
0.00237461038492
0.00341993530079
0.004655709674
0.00608212795387
0.00769941391604
0.00950782039095
0.0115076289427
0.0136991494927
0.0160827198809
0.0186587053575
0.021427497995
0.0243895160093
0.0275452029783
0.030895026941
0.0344394793604
0.0381790739294
0.0421143451942
0.0462458469684
0.0505741505018
0.0550998423675
0.0598235220186
0.0647457989617
0.0698672894843
0.07518861286
0.0807103869454
0.086433223066
0.0923577200697
0.0984844574065
0.104813987069
0.111346824196
0.11808343611
0.125024229525
0.13216953559
0.139519592424
0.147074524677
0.154834319626
0.162798799207
0.170967587263
0.179340071228
0.187915357259
0.196692217748
0.205669029908
0.214843703993
0.224213599434
0.233775427006
0.243525134823
0.253457775761
0.263567353615
0.273846645097
0.284286994584
0.294878078494
0.305607636205
0.316461164811
0.327421575659
0.338468811833
0.349579427598
0.360726133601
0.371877315571
0.382996539546
0.394042063641
0.404966384987
0.415715860774
0.426230453669
0.436443663335
0.446282715525
0.455669085633
0.464519431342
0.472746995319
0.480263510524
0.486981596025
0.492817571925
0.497694554271
0.501545625408
0.504316826408
0.505969699902
0.506483133545
0.505854317419
0.504098723819
0.501249127609
0.497353788788
0.492473997682
0.486681226243
0.480054134258
0.472675652808
0.464630319676
0.456001984516
0.446871945492
0.437317531069
0.427411104131
0.417219441546
0.406803429422
0.396218010366
0.38551232146
0.374729968072
0.363909386982
0.353084261228
0.342283957599
0.331533965291
0.320856320605
0.310270007718
0.299791329584
0.289434245954
0.279210677739
0.269130778358
0.259203173728
0.249435173123
0.239832953438
0.230401719479
0.22114584288
0.212068982144
0.203174186089
0.194463982825
0.185940456163
0.177605311138
0.169459930154
0.161505421055
0.153742658277
0.146172318062
0.138794908606
0.131610795875
0.124620225719
0.117823342845
0.111220207105
0.10481080749
0.0985950741939
0.0925728890049
0.0867440943001
0.0811085008322
0.0756658944959
0.0704160422213
0.065358697124
0.0604936030196
0.055820498395
0.0513391199152
0.0470492055304
0.0429504972426
0.0390427435755
0.0353257017918
0.0317991398904
0.0284628384136
0.0253165920883
0.0223602113239
0.0195935235839
0.0170163746466
0.014628629769
0.0124301747644
0.0104209170037
0.00860078634821
0.00696973602212
0.00552774342936
0.00427481092088
0.00321096651637
0.00233626458421
0.00165078648265
0.0011546411647
0.000847965748751
0.000730926056321
0.000803717117958
0.00106656364777
0.00151972048663
0.00216347301351
0.00299813752402
0.00402406157438
0.00524162428878
0.00665123662705
0.00825334160885
0.01004841449
0.0120369628848
0.0142195268282
0.0165966787687
0.0191690234833
0.0219371979016
0.0249018708267
0.0280637425355
0.0314235442404
0.0349820373887
0.038740012775
0.0426982894335
0.0468577132763
0.0512191554323
0.0557835102387
0.0605516928253
0.0655246362216
0.0707032879074
0.0760886057093
0.0816815529327
0.0874830925961
0.0934941806134
0.0997157577423
0.106148740084
0.11279400788
0.11965239232
0.126724659993
0.134011494593
0.141513475387
0.149231051879
0.157164514014
0.165313957139
0.173679240813
0.182259940403
0.191055290231
0.20006411682
0.209284760592
0.21871498408
0.228351864468
0.238191667958
0.248229703167
0.258460150433
0.268875863653
0.27946814106
0.290226461244
0.301138180864
0.312188190919
0.323358529329
0.334627949171
0.345971444368
0.357359738343
0.36875874637
0.380129029511
0.391425267235
0.402595787244
0.413582204267
0.424319233627
0.434734758416
0.444750238049
0.454281546732
0.463240318065
0.47153584203
0.479077510388
0.485777737616
0.491555204472
0.496338194358
0.500067737139
0.502700259169
0.504209472428
0.50458731833
0.50384389711
0.502006436821
0.499117460691
0.495232379205
0.490416757235
0.484743491854
0.478290095659
0.471136227534
0.463361559396
0.455044021078
0.446258429176
0.437075479876
0.42756106925
0.417775895408
0.407775293559
0.397609255687
0.387322590074
0.376955180948
0.366542314564
0.356115044068
0.345700571396
0.335322629683
0.325001854257
0.314756134039
0.304600938226
0.294549615484
0.28461366463
0.274802977058
0.265126052036
0.255590186538
0.246201641633
0.23696578756
0.227887229685
0.218969917438
0.210217238233
0.201632098232
0.193216991639
0.184974060035
0.176905143125
0.169011822096
0.161295456618
0.153757216433
0.146398108314
0.139218999077
0.132220635262
0.125403659963
0.118768627266
0.112316014649
0.106046233672
0.0999596392179
0.0940565375074
0.0883371930927
0.0828018349776
0.077450662008
0.0722838476439
0.0673015442112
0.0625038867118
0.0578909962597
0.0534629832007
0.0492199499612
0.0451619936664
0.0412892085607
0.0376016882568
0.0340995278377
0.0307828258301
0.0276516860644
0.0247062194369
0.021946545583
0.0193727944726
0.0169851079349
0.0147836411194
0.0127685639002
0.0109400622258
0.00929833942159
0.00784361744645
0.00657613810787
0.00549616423743
0.00460398082917
0.00389989614276
0.00338424277267
0.00305737868478
0.00291968822102
0.00297158307243
0.00321350322086
0.00364591784867
0.00426932621568
0.00508425850193
0.00609127661429
0.00729097495402
0.00868398114204
0.0102709566973
0.0120525976628
0.0140296351728
0.0162028359523
0.01857300274
0.0211409746229
0.0239076272665
0.0268738730275
0.0300406609258
0.0334089764539
0.0369798411968
0.040754312227
0.0447334812393
0.0489184733772
0.0533104456988
0.0579105852183
0.0627201064491
0.067740248361
0.0729722706472
0.0784174491815
0.08407707052
0.0899524252805
0.0960448002002
0.102355468636
0.108885679233
0.115636642433
0.122609514439
0.129805378186
0.137225220778
0.144869906767
0.152740146535
0.160836458891
0.169159126893
0.177708145656
0.186483160772
0.195483395688
0.204707566144
0.214153779478
0.223819416252
0.233700991352
0.24379399129
0.254092684131
0.264589898128
0.27527676491
0.286142423047
0.297173677979
0.308354614964
0.319666162967
0.331085609542
0.342586070208
0.35413592077
0.36569820817
0.377230064866
0.388682163886
0.399998266208
0.41111492829
0.42196145346
0.432460183367
0.442527230023
0.452073739416
0.461007748228
0.469236641876
0.476670145576
0.483223688559
0.488821891284
0.493401859498
0.496915949807
0.499333713175
0.500642822942
0.500848931847
0.499974545281
0.498057111956
0.495146596415
0.491302805642
0.486592705691
0.481087903556
0.474862404024
0.467990694861
0.460546172564
0.452599895158
0.444219634727
0.435469196368
0.426407968617
0.417090670729
0.40756726353
0.397882992399
0.388078533191
0.378190214658
0.368250294022
0.358287265717
0.348326186752
0.338389005503
0.328494883844
0.318660505255
0.308900363937
0.299227031852
0.289651402147
0.280182908607
0.270829721599
0.261598921594
0.252496651727
0.243528251063
0.234698370373
0.226011072196
0.217469916932
0.209078036633
0.200838197999
0.192752856001
0.184824199392
0.177054189238
0.169444591467
0.161997004334
0.154712881557
0.147593551808
0.140640235121
0.133854056736
0.127236058784
0.120787210186
0.114508415072
0.108400519976
0.102464320025
0.0967005643042
0.0911099605533
0.085693179313
0.0804508576296
0.0753836024018
0.0704919934379
0.0657765862808
0.0612379148454
0.0568764939055
0.0526928214577
0.048687380987
0.0448606436498
0.0412130703906
0.0377451140004
0.0344572211271
0.0313498342423
0.02842339357
0.0256783389798
0.0231151118474
0.0207341568835
0.0185359239326
0.0165208697422
0.0146894597029
0.0130421695603
0.0115794870978
0.0103019137913
0.00920996643549
0.00830417874193
0.00758510290859
0.0070533111608
0.00670939726345
0.00655397800381
0.00658769464453
0.00681121434573
0.00722523155513
0.00783046936452
0.0086276808303
0.00961765025565
0.0108011944304
0.0121791638249
0.0137524437312
0.0155219553471
0.0174886567921
0.0196535440481
0.0220176518107
0.0245820542391
0.0273478655846
0.0303162406806
0.0334883752667
0.0368655061197
0.0404489109572
0.0442399080718
0.0482398556486
0.0524501507092
0.0568722276133
0.0615075560392
0.0663576383486
0.0714240062239
0.0767082164449
0.0822118456518
0.0879364839066
0.093883726837
0.100055166105
0.106452377893
0.113076909047
0.119930260456
0.127013867149
0.134329074526
0.141877110006
0.149659049273
0.15767577611
0.165927934685
0.174415872915
0.183139575291
0.192098583319
0.201291901359
0.210717885356
0.220374111541
0.230257221787
0.240362741881
0.250684868589
0.261216221048
0.271947551802
0.282867412856
0.293961772527
0.305213579851
0.316602275218
0.328103248938
0.339687254216
0.351319787871
0.362960461623
0.374562399203
0.386071709954
0.397427107263
0.408559758418
0.419393468104
0.429845305738
0.439826780649
0.44924564167
0.458008323432
0.466022979914
0.473202944262
0.479470350293
0.484759571962
0.489020109987
0.492218598638
0.494339719549
0.495385969709
0.495376397364
0.494344550377
0.492335948573
0.48940538912
0.485614337465
0.481028572567
0.475716170657
0.469745844685
0.463185614316
0.456101762118
0.448558028907
0.440615007467
0.432329702783
0.423755234885
0.414940665644
0.405930933574
0.396766881528
0.387485362146
0.378119405788
0.368698435918
0.359248517735
0.349792627157
0.34035092902
0.330941055275
0.321578375925
0.312276257303
0.30304630393
0.293898581635
0.284841820722
0.275883598905
0.267030504382
0.258288279922
0.249661949133
0.2411559263
0.23277411126
0.22451997082
0.216396608172
0.208406821731
0.200553154687
0.192837936499
0.185263317442
0.177831297177
0.17054374826
0.163402435359
0.156409030873
0.149565127559
0.142872248681
0.136331856135
0.129945356927
0.123714108342
0.117639422061
0.111722567467
0.105964774328
0.100367235016
0.0949311063781
0.0896575113861
0.0845475406196
0.0796022536676
0.0748226804885
0.0702098227679
0.0657646553025
0.0614881274274
0.0573811645003
0.0534446694494
0.0496795243882
0.0460865922961
0.0426667187638
0.0394207337975
0.0363494536779
0.0334536828674
0.0307342159584
0.0281918396567
0.0258273347933
0.0236414783581
0.0216350455491
0.0198088118324
0.0181635550068
0.0167000572693
0.015419107276
0.0143215021953
0.0134080497509
0.0126795702485
0.012136898587
0.0117808862488
0.0116124032679
0.011632340173
0.0118416099033
0.0122411496935
0.012831922926
0.0136149209459
0.0145911648354
0.0157617071418
0.0171276335546
0.0186900645232
0.0204501568085
0.0224091049564
0.0245681426814
0.0269285441469
0.029491625122
0.0322587439954
0.03523130262
0.0384107469574
0.0417985674871
0.0453962993357
0.0492055220756
0.0532278591313
0.0574649767208
0.0619185822458
0.066590422028
0.0714822782695
0.0765959650937
0.0819333234941
0.0874962149893
0.0932865137413
0.0993060968515
0.105556832494
0.112040565485
0.1187590998
0.125714177489
0.132907453289
0.140340464157
0.148014592759
0.155931023801
0.164090691866
0.172494219198
0.181141841585
0.190033320184
0.199167836768
0.208543869474
0.218159045698
0.228009968325
0.238092011017
0.248399077873
0.258923322467
0.269654821155
0.280581195775
0.291687181682
0.302954138629
0.314359504849
0.325876199132
0.33747198233
0.349108799088
0.360742133131
0.372320425323
0.383784622381
0.395067944125
0.406095975238
0.416787198688
0.427054085268
0.436804829003
0.445945764816
0.4543844204
0.462033045395
0.468812345678
0.474655057574
0.479508958306
0.483338949119
0.486127969182
0.487876677649
0.488602032731
0.488335049926
0.487118100626
0.485002107741
0.482043923483
0.478304068397
0.473844903519
0.46872922322
0.463019205186
0.45677563486
0.450057325978
0.442920676119
0.435419317248
0.427603839774
0.419521581745
0.411216481893
0.402728997399
0.394096086127
0.385351250402
0.376524636425
0.367643181021
0.358730795922
0.3498085793
0.340895044611
0.332006357781
0.323156575066
0.314357875432
0.305620782734
0.296954374341
0.28836647404
0.279863828014
0.271452263486
0.263136830195
0.254921925316
0.246811402751
0.238808667869
0.230916758924
0.223138416402
0.215476141535
0.207932245212
0.200508888429
0.193208115352
0.18603188
0.178982067446
0.172060510359
0.165269001631
0.158609303724
0.152083155344
0.145692275919
0.139438368334
0.133323120307
0.127348204716
0.121515279164
0.115825985005
0.110281946027
0.104884766942
0.0996360318161
0.0945373025362
0.0895901173919
0.0847959898297
0.0801564074213
0.0756728310767
0.0713466945153
0.0671794040066
0.0631723383783
0.0593268492869
0.0556442617424
0.0521258748723
0.0487729629108
0.0455867763948
0.0425685435511
0.0397194718537
0.0370407497368
0.0345335484422
0.0321990239873
0.0300383192356
0.0280525660562
0.0262428875569
0.0246104003789
0.0231562170416
0.0218814483258
0.0207872056865
0.0198746036856
0.0191447624376
0.0185988100606
0.0182378851255
0.0180631390983
0.0180757387693
0.0182768686637
0.018667733428
0.0192495601868
0.0200236008648
0.0209911344657
0.0221534693026
0.0235119451712
0.0250679354549
0.0268228491522
0.0287781328121
0.0309352723607
0.033295794802
0.0358612697667
0.0386333108851
0.0416135769487
0.0448037728224
0.0482056500602
0.0518210071689
0.0556516894521
0.0596995883563
0.0639666402234
0.0684548243376
0.0731661601309
0.0781027033885
0.0832665412634
0.0886597858714
0.094284566199
0.100143017999
0.106237271293
0.112569435022
0.119141578301
0.125955707631
0.133013739296
0.140317466028
0.147868516849
0.155668308798
0.163717989005
0.172018365314
0.18056982331
0.189372227251
0.198424802011
0.207725992635
0.21727329769
0.227063072017
0.237090294097
0.247348292798
0.2578284281
0.268519720486
0.279408424338
0.290477542086
0.301706278444
0.313069438309
0.324536778264
0.336072330846
0.34763373317
0.359171607534
0.37062906083
0.381941390535
0.393036104883
0.403833378395
0.414247064232
0.42418636334
0.433558199198
0.442270262584
0.450234578036
0.457371319853
0.463612499911
0.468905097782
0.473213234647
0.476519114668
0.47882264915
0.480139892402
0.48050059639
0.479945289501
0.478522287226
0.476284964337
0.473289494769
0.469593136073
0.465253030134
0.460325425676
0.454865201588
0.448925574824
0.442557900515
0.435811503162
0.428733507917
0.421368664493
0.413759171516
0.40594451627
0.39796134571
0.389843381385
0.381621385807
0.373323182273
0.364973725397
0.356595216143
0.34820725302
0.339827010249
0.331469433817
0.32314744714
0.314872159191
0.306653069303
0.298498264178
0.290414603875
0.282407894606
0.274483047057
0.266644219688
0.258894946971
0.25123825296
0.243676750863
0.236212729456
0.228848227332
0.221585095992
0.214425052835
0.207369725074
0.200420685573
0.193579481554
0.186847657066
0.180226770033
0.173718404659
0.167324179876
0.161045754471
0.154884829461
0.148843148238
0.142922494917
0.137124691308
0.131451592846
0.125905083795
0.120487071977
0.115199483245
0.110044255897
0.105023335163
0.100138667906
0.0953921976237
0.0907858598177
0.0863215778044
0.0820012589818
0.0778267915874
0.0738000419516
0.0699228522466
0.0661970387227
0.0626243904149
0.0592066682998
0.0559456048792
0.0528429041618
0.0499002420154
0.0471192668595
0.0445016006696
0.0420488402619
0.039762558832
0.0376443077185
0.0356956183658
0.0339180044626
0.0323129642308
0.0308819828455
0.0296265349658
0.0285480873578
0.027648101593
0.0269280368088
0.0263893525148
0.026033511434
0.0258619823662
0.0258762430631
0.0260777831044
0.026468106766
0.0270487358687
0.0278212125986
0.0287871022887
0.0299479961496
0.0313055139388
0.0328613065513
0.0346170585197
0.0365744904014
0.038735361034
0.0411014696302
0.0436746576851
0.0464568106561
0.0494498593736
0.0526557811307
0.0560766003894
0.0597143890289
0.0635712660482
0.0676493966169
0.071950990348
0.0764782986407
0.0812336109151
0.0862192495209
0.0914375630644
0.0968909178457
0.102581687039
0.108512237176
0.114684911412
0.121102008942
0.127765759826
0.134678294329
0.141841605713
0.149257505217
0.156927567717
0.164853066296
0.173034893608
0.181473467562
0.190168618436
0.199119454059
0.20832419918
0.21778000467
0.22748272163
0.237426635124
0.247604151932
0.258005436795
0.268617992149
0.279426177641
0.290410668174
0.301547853267
0.312809186726
0.324160504549
0.335561341303
0.346964291016
0.358314477835
0.369549222972
0.380598014955
0.391382905292
0.401819454203
0.411818332707
0.421287639575
0.430135909858
0.438275678997
0.445627338345
0.452122902829
0.457709246174
0.462350376734
0.46602844173
0.468743342967
0.470511076406
0.471361109919
0.471333235472
0.470474350085
0.468835544667
0.466469746941
0.463430017673
0.45976847372
0.45553572687
0.450780687801
0.445550582701
0.439891053852
0.433846252097
0.427458868007
0.420770082712
0.413819444713
0.406644694649
0.399281566633
0.391763594484
0.384121946356
0.376385304147
0.368579796537
0.360728987783
0.352853919134
0.344973196217
0.337103113745
0.329257808234
0.321449429735
0.313688324416
0.305983221101
0.298341416181
0.290768952588
0.283270789741
0.275850962327
0.268512726639
0.261258693826
0.254090949922
0.247011162862
0.240020676986
0.233120595661
0.226311852797
0.219595274071
0.212971628693
0.206441672565
0.200006183644
0.193665990305
0.187421993463
0.181275183156
0.17522665028
0.169277594089
0.163429326054
0.157683270618
0.152040963361
0.146504047019
0.141074265779
0.135753458236
0.130543549351
0.125446541696
0.120464506287
0.1155995732
0.110853922197
0.106229773527
0.101729379028
0.0973550136716
0.0931089676137
0.0889935388403
0.0850110264491
0.0811637246005
0.0774539171565
0.0738838730119
0.0704558421099
0.0671720521289
0.0640347058167
0.061045978943
0.0582080188398
0.0555229434916
0.052992841139
0.0506197703571
0.0484057605687
0.0463528129552
0.0444629017251
0.0427379757065
0.0411799602265
0.0397907592453
0.0385722577138
0.0375263241261
0.0366548132381
0.0359595689292
0.0354424271819
0.0351052191583
0.0349497743535
0.0349779238065
0.0351915033509
0.0355923568884
0.0361823396677
0.0369633215532
0.0379371902657
0.0391058545769
0.0404712474404
0.0420353290363
0.0438000897071
0.045767552758
0.0479397770904
0.0503188596335
0.0529069375308
0.0557061900314
0.0587188400277
0.0619471551676
0.0653934484572
0.0690600782529
0.0729494475228
0.0770640022318
0.0814062286795
0.0859786495819
0.0907838186518
0.0958243133784
0.101102725654
0.106621649823
0.112383667635
0.118391329512
0.124647131377
0.131153486192
0.137912689148
0.144926875281
0.152197968018
0.159727616907
0.167517122446
0.175567345563
0.183878598874
0.192450516368
0.201281897685
0.210370522609
0.219712930873
0.22930416198
0.239137449412
0.249203863658
0.259491898966
0.269987000006
0.280671026994
0.291521661736
0.302511763122
0.31360868928
0.324773615507
0.335960892525
0.34711750827
0.358182737218
0.369088081641
0.379757624693
0.390108919303
0.400054521368
0.40950423226
0.418368038697
0.426559629179
0.434000238333
0.440622449879
0.44637351159
0.4512177171
0.455137509509
0.458133150863
0.460221037762
0.461430964576
0.461802782995
0.461382947196
0.460221371029
0.458368890536
0.455875467063
0.452789123586
0.449155503967
0.445017889253
0.440417491839
0.43539386576
0.429985306953
0.424229159853
0.418161987879
0.411819599961
0.405236950486
0.398447945347
0.391485193069
0.384379739076
0.377160815423
0.369855629957
0.362489209842
0.355084306055
0.3476613587
0.340238518105
0.332831713613
0.325454760566
0.318119495709
0.310835931901
0.303612424076
0.29645583976
0.289371728834
0.282364488482
0.275437520435
0.268593378558
0.261833905579
0.255160358374
0.248573521648
0.242073810182
0.235661360024
0.229336109157
0.223097868251
0.216946382149
0.210881382767
0.204902634053
0.19900996966
0.193203323946
0.187482756897
0.18184847354
0.176300838368
0.170840385305
0.16546782369
0.160184040737
0.154990100914
0.149887242665
0.144876872863
0.139960559363
0.135140022022
0.130417122498
0.125793853138
0.12127232523
0.116854756874
0.112543460705
0.108340831652
0.104249334933
0.100271494413
0.0964098814682
0.0926671044596
0.0890457988828
0.0855486182761
0.0821782259166
0.0789372873381
0.0758284636803
0.0728544058702
0.0700177496237
0.067321111247
0.0647670842096
0.0623582364543
0.0600971084058
0.0579862116358
0.0560280281399
0.0542250101816
0.0525795806569
0.0510941339345
0.0497710371268
0.0486126317483
0.0476212357208
0.0467991456843
0.0461486395767
0.0456719794465
0.0453714144645
0.0452491841023
0.0453075214484
0.0455486566311
0.045974820322
0.046588247292
0.0473911799936
0.0483858721407
0.0495745922606
0.0509596271853
0.0525432854535
0.0543279005853
0.0563158341926
0.058509478879
0.060911260878
0.0635236423695
0.0663491234031
0.0693902433459
0.0726495817543
0.0761297585523
0.0798334333755
0.0837633039118
0.0879221030376
0.0923125945074
0.0969375669077
0.101799825528
0.106902181732
0.112247439331
0.117838377361
0.123677728545
0.129768152585
0.136112203251
0.142712288053
0.149570619018
0.156689152848
0.164069518396
0.171712929035
0.179620077073
0.187791006917
0.196224963172
0.204920209368
0.213873812484
0.223081388058
0.232536800382
0.242231812347
0.252155680043
0.262294688458
0.272631627025
0.283145207588
0.293809433235
0.30459293486
0.315458303671
0.32636146258
0.337251137056
0.34806850581
0.358747131071
0.369213283387
0.379386780825
0.389182449562
0.398512274216
0.40728823598
0.415425734801
0.42284736861
0.429486720929
0.435291721506
0.440227129092
0.444275765381
0.447438302792
0.449731641747
0.45118614653
0.451842179957
0.451746444577
0.450948595995
0.449498469582
0.447444100584
0.444830562972
0.441699533552
0.438089416274
0.434035834678
0.429572307697
0.424730953403
0.41954310561
0.414039771248
0.408251896124
0.402210439554
0.395946282463
0.389490008436
0.382871603581
0.376120120324
0.369263344478
0.362327496047
0.355336984352
0.348314228494
0.341279546123
0.334251107309
0.327244946174
0.320275020697
0.313353310265
0.306489940836
0.299693328541
0.29297033387
0.28632642006
0.279765810705
0.273291642897
0.266906113308
0.260610615505
0.254405867525
0.248292029234
0.242268809422
0.23633556284
0.230491377555
0.224735153129
0.219065670175
0.213481651843
0.207981817816
0.202564931336
0.197229839794
0.191975509333
0.186801053928
0.181705759338
0.176689102324
0.171750765491
0.166890648095
0.162108873153
0.157405791172
0.1527819808
0.148238246733
0.14377561515
0.139395327004
0.135098829438
0.130887765634
0.126763963367
0.12272942253
0.118786301906
0.114936905408
0.111183668032
0.107529141738
0.103975981428
0.100526931221
0.0971848111497
0.093952504428
0.0908329453835
0.0878291081501
0.0849439961859
0.0821806326667
0.0795420517871
0.0770312909865
0.0746513841038
0.0724053554506
0.0702962147847
0.068326953155
0.0665005395835
0.0648199185428
0.0632880081845
0.0619076992697
0.0606818547527
0.0596133099656
0.0587048733525
0.0579593277038
0.0573794318376
0.0569679226824
0.0567275177109
0.0566609176799
0.0567708096314
0.0570598701116
0.0575307685645
0.0581861708593
0.0590287429091
0.0600611543391
0.0612860821603
0.0627062144043
0.0643242536693
0.0661429205251
0.0681649567181
0.0703931281101
0.0728302272752
0.0754790756667
0.0783425252529
0.0814234595004
0.0847247935633
0.0882494735094
0.0920004743825
0.0959807968596
0.100193462217
0.104641505259
0.109327964801
0.114255871202
0.119428230374
0.124848003526
0.130518081829
0.136441254951
0.142620172266
0.149057295285
0.155754839577
0.162714704168
0.169938385989
0.177426876607
0.185180537953
0.193198953349
0.201480749608
0.210023385548
0.21882290188
0.227873627257
0.237167835377
0.246695348635
0.256443085167
0.266394548479
0.276529262676
0.286822161934
0.297242950887
0.307755463271
0.318317059873
0.328878123191
0.339381724426
0.349763556402
0.359952240244
0.369870118892
0.379434640027
0.388560397395
0.397161836993
0.405156542071
0.412468895879
0.419033802476
0.424800053559
0.429732897669
0.433815424698
0.437048529139
0.439449435354
0.441049004813
0.441888236173
0.442014465278
0.441477757253
0.440327875877
0.438612058544
0.436373664013
0.433651628677
0.430480581006
0.426891423175
0.422912184813
0.418568974278
0.413886887088
0.408890771007
0.403605786969
0.398057741113
0.39227319315
0.38627936889
0.380103919418
0.373774576374
0.367318753023
0.360763135745
0.354133302071
0.347453391172
0.340745842428
0.334031208514
0.327328042071
0.320652849762
0.314020104291
0.307442303458
0.300930065168
0.294492248056
0.288136088676
0.281867347709
0.27569045921
0.269608678339
0.2636242243
0.25773841625
0.251951800788
0.246264270285
0.240675171792
0.235183406616
0.229787520873
0.224485787476
0.2192762801
0.214156939692
0.209125634079
0.204180211229
0.199318546648
0.194538585373
0.189838378961
0.185216117824
0.180670159226
0.176199051206
0.171801552673
0.167476649872
0.163223569439
0.159041788193
0.154931039882
0.150891319016
0.146922881998
0.143026245722
0.139202183829
0.135451720834
0.13177612432
0.128176895435
0.124655757902
0.121214645787
0.117855690244
0.114581205469
0.111393674105
0.108295732281
0.105290154531
0.102379838751
0.099567791398
0.09685711307
0.094250984624
0.0917526539435
0.0893654234626
0.0870926385265
0.0849376766541
0.0829039377469
0.0809948352728
0.079213788439
0.0775642153532
0.0760495271591
0.0746731231246
0.0734383866493
0.0723486821507
0.0714073527851
0.0706177189514
0.0699830775245
0.0695067017616
0.0691918418238
0.0690417258535
0.0690595615491
0.0692485381763
0.0696118289569
0.0701525937754
0.0708739821423
0.0717791363544
0.0728711947878
0.0741532952597
0.0756285783912
0.0773001908955
0.0791712887152
0.0812450399181
0.083524627254
0.0860132502604
0.0887141267873
0.091630493792
0.0947656072267
0.098122740814
0.101705183463
0.105516235033
0.109559200107
0.113837379339
0.118354057902
0.123112490432
0.128115881746
0.133367362511
0.138869958823
0.144626554499
0.150639844644
0.156912278783
0.16344599155
0.170242718578
0.177303694834
0.184629532245
0.192220073
0.200074214486
0.208189701421
0.216562880466
0.225188412492
0.234058937891
0.243164691038
0.252493061389
0.262028101088
0.271749982663
0.281634415754
0.291652039327
0.301767815697
0.311940465233
0.322121995411
0.332257394397
0.342284575498
0.352134671809
0.361732785593
0.370999288456
0.379851739802
0.388207436682
0.395986526306
0.403115508047
0.409530839876
0.415182269923
0.420035468875
0.424073571465
0.42729735771
0.429724002314
0.431384551048
0.43232048687
0.432579872451
0.432213572425
0.431271976495
0.429802499444
0.427847972253
0.425445897716
0.422628445154
0.419423005537
0.415853113225
0.411939551877
0.407701488852
0.403157516403
0.398326513772
0.393228278876
0.387883909489
0.382315940513
0.376548264845
0.370605879992
0.364514510543
0.358300158396
0.351988629089
0.345605075102
0.339173587177
0.332716854124
0.326255901558
0.319809911536
0.313396118581
0.307029773285
0.300724162341
0.294490673104
0.288338891216
0.282276720954
0.276310519567
0.270445238454
0.264684565706
0.259031065928
0.253486314498
0.24805102441
0.242725164619
0.237508069412
0.23239853874
0.22739492975
0.222495239955
0.217697182601
0.212998254817
0.208395799188
0.203887059354
0.199469230192
0.195139503103
0.190895106874
0.186733344502
0.18265162633
0.178647499775
0.174718675887
0.170863052914
0.167078737033
0.163364060342
0.15971759622
0.156138172103
0.152624879745
0.149177083015
0.145794423282
0.142476822436
0.139224483645
0.136037889898
0.132917800463
0.129865245372
0.126881518065
0.123968166367
0.121126981954
0.118359988507
0.115669428746
0.113057750561
0.110527592426
0.108081768335
0.105723252436
0.103455163588
0.101280750001
0.0992033741594
0.0972264981578
0.095353669618
0.0935885082866
0.0919346934276
0.0903959520875
0.0889760483004
0.0876787732749
0.0865079365944
0.0854673584399
0.0845608628354
0.0837922718981
0.0831654010676
0.0826840552758
0.0823520260129
0.0821730892356
0.082151004058
0.0822895121626
0.0825923378616
0.0830631887362
0.0837057567794
0.0845237199619
0.0855207441387
0.0867004852095
0.0880665914401
0.0896227058459
0.0913724685313
0.0933195188668
0.0954674973749
0.0978200471766
0.100380814835
0.103153450403
0.106141606452
0.109348935828
0.112779087828
0.11643570243
0.120322402165
0.124442781117
0.128800390438
0.133398719686
0.1382411731
0.143331039822
0.14867145684
0.154265363233
0.160115444023
0.166224061668
0.172593172872
0.179224228057
0.186118050449
0.193274691329
0.200693257641
0.20837170784
0.216306611655
0.224492869463
0.232923387275
0.24158870415
0.250476570257
0.259571476201
0.268854137731
0.278300945037
0.287883392735
0.297567515667
0.307313366931
0.317074587795
0.326798133747
0.336424235264
0.345886683396
0.355113535172
0.364028327161
0.372551861524
0.380604582662
0.388109491626
0.394995453043
0.401200646709
0.406675823628
0.411386971569
0.415317005526
0.418466190559
0.420851173618
0.422502715608
0.42346242352
0.423778929949
0.423504017404
0.422689133371
0.421382616209
0.419627795008
0.41746197997
0.414916249787
0.412015877341
0.408781209567
0.405228820419
0.401372775745
0.397225876774
0.392800779343
0.388110916089
0.383171177358
0.377998332777
0.372611198647
0.367030575575
0.361278995379
0.355380325543
0.349359283135
0.343240908665
0.337050044511
0.330810853795
0.324546405216
0.318278338893
0.312026618802
0.305809369723
0.299642791096
0.293541136828
0.287516748582
0.28158013002
0.275740050422
0.270003667598
0.264376661757
0.25886337377
0.253466942853
0.248189440127
0.243031995647
0.237994917425
0.233077801666
0.228279633977
0.223598881668
0.219033577514
0.214581395521
0.210239719316
0.206005703832
0.201876330951
0.19784845976
0.193918872014
0.190084313362
0.186341530845
0.182687307086
0.179118491555
0.175632029225
0.172224986874
0.168894577234
0.165638181147
0.162453367827
0.159337913311
0.156289817116
0.153307317126
0.150388902687
0.147533325883
0.144739610958
0.142007061842
0.139335267751
0.136724106831
0.134173747842
0.131684649879
0.129257560173
0.126893510003
0.124593808823
0.122360036676
0.120194035039
0.118097896243
0.116073951617
0.114124758552
0.112253086674
0.110461903312
0.108754358481
0.10713376956
0.105603605883
0.104167473405
0.102829099639
0.101592319006
0.100461058756
0.099439325568
0.0985311929482
0.0977407895011
0.0970722881438
0.0965298963055
0.0961178471414
0.0958403917686
0.095701792517
0.0957063171729
0.0958582341784
0.0961618087381
0.096621299772
0.097240957643
0.0980250225779
0.098977723691
0.100103278508
0.101405892881
0.102889761167
0.104559066548
0.106417981321
0.108470667014
0.110721274125
0.113173941277
0.115832793544
0.118701939669
0.121785467842
0.125087439669
0.128611881875
0.132362775217
0.136344039999
0.140559517433
0.145012946011
0.149707931829
0.15464791168
0.159836107491
0.165275470433
0.170968612775
0.176917725244
0.183124477336
0.189589897671
0.196314231184
0.203296769615
0.21053565157
0.218027628291
0.225767791411
0.233749259353
0.241962819905
0.250396527931
0.259035259488
0.267860226964
0.276848464535
0.285972299595
0.295198833922
0.304489468369
0.313799516583
0.323077965918
0.332267456224
0.341304557209
0.350120429616
0.358641950198
0.366793360704
0.374498462285
0.381683316423
0.388279333366
0.394226537415
0.39947671101
0.403996059341
0.407767028805
0.410788975172
0.413077513899
0.414662576003
0.415585396571
0.415894827365
0.415643447294
0.414883928024
0.413666012047
0.412034314932
0.41002701488
0.407675372905
