2.22044604925e-15
7.59428072979e-05
0.000303785423174
0.000683570439476
0.00121536887555
0.00189928022769
0.00273543253842
0.00372398248574
0.00486511549236
0.00615904585507
0.00760601689442
0.0092063011248
0.0109602004451
0.0128680463504
0.0149302001643
0.0171470532927
0.0195190274993
0.0220465752028
0.0247301797957
0.0275703559864
0.030567650163
0.0337226407809
0.0370359387739
0.0405081879878
0.0441400656399
0.0479322828016
0.0518855849066
0.0560007522839
0.0602786007167
0.0647199820271
0.0693257846873
0.0740969344572
0.0790343950487
0.0841391688181
0.0894122974846
0.0948548628772
0.10046798771
0.106252836381
0.112210615806
0.118342576272
0.124650012321
0.131134263663
0.137796716108
0.144638802526
0.151662003835
0.158867850001
0.166257921068
0.173833848197
0.181597314726
0.189550057236
0.197693866629
0.206030589202
0.214562127727
0.223290442504
0.232217552415
0.241345535935
0.250676532107
0.260212741471
0.269956426915
0.27990991445
0.290075593876
0.300455919317
0.311053409598
0.321870648442
0.332910284426
0.344175030682
0.355667664269
0.367391025177
0.379348014875
0.391541594357
0.403974781562
0.416650648093
0.429572315105
0.442742948218
0.456165751324
0.469843959069
0.483780827841
0.497979624996
0.512443616066
0.527176049626
0.54218013947
0.557459043687
0.573015840172
0.588853498065
0.604974844515
0.621382526132
0.638078964397
0.655066304234
0.672346354885
0.689920522178
0.707789731205
0.72595433845
0.744414032416
0.763167721852
0.782213410899
0.801548060682
0.821167437327
0.841065946946
0.861236458976
0.8816701203
0.902356164054
0.923281718702
0.944431625116
0.965788271811
0.987331461121
1.00903832176
1.0308832855
1.0528381472
1.0748722271
1.0969526517
1.11904476276
1.14111265247
1.16311980508
1.18502980078
1.20680700628
1.22841713807
1.24982753791
1.27100693764
1.29192439894
1.31254697573
1.3328355076
1.35273799675
1.3721800671
1.39104765513
1.40911616211
1.42596518212
1.44130052341
1.45499946189
1.4669866901
1.47715363712
1.48555041136
1.49221981069
1.4972835829
1.50093126749
1.50327787936
1.50442474006
1.50461591178
1.50401172877
1.50276120161
1.50103323042
1.49894890394
1.49659607755
1.49404036346
1.4913377296
1.48853594926
1.48567180914
1.48277415317
1.47986613977
1.47696668722
1.47409151506
1.4712539374
1.46846546552
1.46573625495
1.46307543873
1.46049138251
1.45799187491
1.45558425646
1.45327550231
1.45107228307
1.4489810215
1.44700795327
1.44515919552
1.44344082137
1.44185892812
1.44041968735
1.43912938334
1.43799445286
1.43702152814
1.43621747553
1.43558942098
1.43514475399
1.43489110062
1.43483625291
1.43498803679
1.43535409059
1.43594151668
1.43675639364
1.43780323637
1.43908427655
1.44059800714
1.44233649824
1.44428139018
1.44640288406
1.4486493145
1.45094140862
1.45315749468
1.45513755818
1.45668569927
1.45752839565
1.45755297571
1.45665751483
1.454775584
1.45174645622
1.44751076064
1.44216948312
1.43577070765
1.42830865499
1.41976646566
1.41014060833
1.39943896454
1.38765309242
1.37476697605
1.36076330873
1.34562795468
1.32935553837
1.31195648879
1.29346278322
1.27392974642
1.25343532034
1.23207797029
1.2099738933
1.18725416716
1.16406121362
1.1405421982
1.11683634306
1.09306337825
1.06932055879
1.04568479727
1.02221588026
0.998960130945
0.975953680938
0.953224856359
0.930795824361
0.908683765374
0.886901754994
0.865459460829
0.844363712468
0.823618977543
0.803227763802
0.783190960292
0.763508127123
0.744177741237
0.725197404341
0.706564018266
0.688273932367
0.670323066973
0.652707016412
0.635421134668
0.618460606342
0.601820505173
0.585495842114
0.569481604615
0.553772788554
0.538364424005
0.523251595883
0.508429460308
0.493893257423
0.479638321271
0.465660087232
0.451954097456
0.43851600465
0.425341574496
0.412426686986
0.399767336839
0.387359633207
0.375199798791
0.363284168502
0.351609187756
0.340171410483
0.328967496939
0.317994211343
0.307248419418
0.296727085852
0.28642727172
0.276346131894
0.266480912453
0.256828948115
0.247387659703
0.238154551663
0.229127209621
0.220303298014
0.211680557774
0.203256804085
0.195029924204
0.186997875361
0.179158682718
0.171510437415
0.164051294669
0.156779471959
0.149693247271
0.14279095741
0.136070996387
0.129531813861
0.123171913648
0.11698985229
0.110984237688
0.105153727781
0.0994970292971
0.0940128965427
0.0887001302536
0.0835575764921
0.0785841255949
0.073778711166
0.0691403091164
0.0646679367467
0.0603606518722
0.056217551989
0.052237773479
0.0484204908532
0.0447649160318
0.0412702976598
0.0379359204565
0.034761104599
0.031745205137
0.0288876114393
0.0261877466697
0.0236450672928
0.0212590626076
0.0190292543086
0.0169551960732
0.0150364731755
0.0132727021242
0.0116635303261
0.0102086357716
0.00890772674466
0.00776054155404
0.00676684828682
0.00592644458274
0.00523915742916
0.00470484297601
0.00432338637012
0.00409470160839
0.00401873140937
0.00409544710257
0.00432484853507
0.00470696399481
0.00524185015009
0.00592959200464
0.00677030286769
0.00776412433842
0.00891122630426
0.0102118069521
0.0116660927921
0.0132743386926
0.0150368279264
0.0169538722263
0.01902581185
0.0212530156518
0.0236358811622
0.0261748346716
0.0288703313183
0.0317228551788
0.0347329193579
0.0379010660781
0.0412278667645
0.0447139221237
0.0483598622142
0.0521663465041
0.0561340639143
0.0602637328414
0.0645561011586
0.0690119461873
0.0736320746362
0.0784173225008
0.083368554917
0.0884866659615
0.0937725783915
0.0992272433126
0.104851639767
0.110646774228
0.116613679994
0.122753416453
0.129067068225
0.135555744141
0.142220576054
0.149062717455
0.156083341865
0.163283640987
0.170664822574
0.178228107991
0.185974729422
0.193905926691
0.202022943646
0.210327024049
0.218819406927
0.227501321316
0.236373980325
0.245438574453
0.254696264073
0.264148170994
0.273795369008
0.283638873307
0.293679628677
0.303918496331
0.314356239268
0.324993506028
0.3358308127
0.34686852306
0.358106826701
0.369545715029
0.381184955009
0.393024060578
0.405062261648
0.417298470672
0.429731246813
0.442358757792
0.45517873961
0.46818845443
0.48138464703
0.494763500408
0.508320591293
0.522050846511
0.535948501384
0.550007061598
0.564219270167
0.578577081408
0.593071644006
0.607693295388
0.622431569725
0.637275221768
0.652212268565
0.667230050689
0.682315314016
0.697454312256
0.712632929385
0.72783681976
0.743051562154
0.758262822019
0.773456514147
0.788618955339
0.80373699392
0.818798099886
0.833790396434
0.848702610889
0.863523920965
0.878243671185
0.892850934504
0.907333895864
0.921679037944
0.935870115038
0.949886909669
0.963703780035
0.977288030207
0.99059818121
1.00358230811
1.0161767475
1.02830564245
1.03988187775
1.05080986196
1.06099044091
1.07032798859
1.0787385039
1.08615522946
1.09252300631
1.09777814101
1.10188707486
1.10483661271
1.10662527038
1.10739162109
1.10719213018
1.1061730321
1.10452230777
1.10234427716
1.09977076223
1.0969052634
1.09384421096
1.09066723624
1.08743726848
1.08419650592
1.08097573503
1.07779761541
1.07468021707
1.07163777026
1.06868030526
1.06581481863
1.06304624773
1.06037808259
1.05781278552
1.0553521035
1.05299730959
1.05074938854
1.04860917615
1.0465774615
1.04465506022
1.04284286425
1.04114187222
1.03955320456
1.03807810956
1.03671796707
1.03547429337
1.03434874559
1.03334312311
1.0324593685
1.03169957574
1.03106601112
1.03056114023
1.03018764522
1.02994843011
1.0298466285
1.02988562167
1.03006906469
1.03040091602
1.03088546778
1.03152737553
1.03233168638
1.03330386416
1.03444980998
1.03577587568
1.0372888669
1.0389960312
1.04090502488
1.04302384969
1.04536074733
1.04792403477
1.05072185643
1.05376181768
1.05705043719
1.06059221506
1.0643866768
1.06842981489
1.07271106249
1.07719755362
1.08185649759
1.08662913407
1.09140524461
1.09602129448
1.10021436483
1.10370008972
1.10633806103
1.10800310103
1.10864575814
1.10821711583
1.10669955561
1.10409545249
1.10043832115
1.09576877718
1.09012226517
1.08351906169
1.07601520471
1.06768313172
1.05858652693
1.04878911538
1.03835468225
1.02734705951
1.01582681154
1.00384641847
0.99144916299
0.97867014382
0.965537565016
0.952074223308
0.93829928167
0.924229814431
0.909881789473
0.895271664965
0.880418395446
0.865343720626
0.850071376318
0.834626381753
0.819034401909
0.803321350666
0.787513027909
0.771634539119
0.755709935331
0.739762281283
0.723813858379
0.707886270268
0.692000416195
0.676176377752
0.6604332705
0.644789097461
0.629260626417
0.613863301614
0.598611192841
0.583516980109
0.568591969499
0.553846134552
0.539288177268
0.524925603133
0.510764805215
0.496811153158
0.483069083709
0.469542190188
0.456233308976
0.443144601687
0.430277632147
0.417633437696
0.4052125946
0.393015277586
0.381041313663
0.36929023049
0.357761299643
0.346453575123
0.33536592753
0.324497074259
0.313845606111
0.303410010679
0.293188692842
0.283179992677
0.273382201085
0.263793573373
0.254412341053
0.245236722044
0.236264929483
0.227495179312
0.218925696775
0.210554721991
0.202380514681
0.194401358188
0.186615562857
0.179021468874
0.171617448622
0.16440190862
0.157373291108
0.150530075313
0.14387077845
0.137393956485
0.131098204702
0.124982158094
0.119044491608
0.113283920268
0.107699199182
0.102289123468
0.0970525280978
0.0919882876844
0.0870953162095
0.0823725667139
0.0778190309511
0.0734337390156
0.0692157589484
0.0651641963291
0.0612781938562
0.0575569309209
0.0539996231783
0.0506055221178
0.0473739146366
0.0443041226169
0.0413955025098
0.0386474449274
0.0360593742434
0.033630748204
0.0313610575494
0.0292498256474
0.0272966081381
0.0255009925916
0.0238625981769
0.0223810753446
0.0210561055205
0.019887400812
0.0188747037262
0.0180177868988
0.0173164528343
0.0167705336563
0.0163798908668
0.0161444151151
0.0160640259731
0.0161386717187
0.0163683291238
0.0167530032469
0.0172927272287
0.0179875620887
0.018837596522
0.0198429466932
0.0210037560265
0.022320194989
0.0237924608649
0.0254207775179
0.027205395139
0.0291465899757
0.0312446640392
0.0334999447869
0.0359127847727
0.0384835612637
0.0412126758152
0.0441005537995
0.0471476438813
0.0503544174328
0.0537213678801
0.0572490099727
0.0609378789657
0.0647885297041
0.0688015355981
0.0729774874756
0.077316992298
0.081820671723
0.0864891604984
0.0913231046659
0.0963231595564
0.101489987551
0.106824255587
0.112326632375
0.117997785304
0.123838376998
0.12984906149
0.136030479974
0.142383256092
0.14890799072
0.155605256191
0.162475589915
0.169519487338
0.176737394184
0.184129697914
0.191696718351
0.199438697398
0.207355787787
0.215448040808
0.223715392933
0.232157651303
0.240774478027
0.249565373235
0.258529656892
0.267666449355
0.276974650695
0.286452918853
0.29609964672
0.305912938294
0.315890584123
0.326030036317
0.336328383502
0.346782326163
0.357388152969
0.36814171876
0.379038425005
0.390073203702
0.401240505771
0.412534295163
0.423948049948
0.435474771769
0.447107005019
0.458836867069
0.470656090728
0.482556079907
0.494527979066
0.50656275659
0.518651301608
0.530784533072
0.542953519093
0.555149603646
0.567364536889
0.579590604448
0.59182075029
0.604048687113
0.61626898772
0.628477150506
0.640669632033
0.652843839627
0.66499807704
0.677131436398
0.689243629837
0.701334754374
0.713404983543
0.725454179066
0.737481415349
0.749484409018
0.761458845333
0.773397593441
0.785289803562
0.797119882149
0.808866348512
0.820500593592
0.831985594584
0.843274687488
0.854310552119
0.865024617509
0.875337207368
0.885159007799
0.894394498798
0.902946867618
0.910723230264
0.917639760067
0.923624079838
0.928612296492
0.932519910097
0.93528725341
0.936933227958
0.937452582305
0.936886387904
0.935376473458
0.933105286423
0.93024878114
0.926950771194
0.923301324967
0.919432436773
0.915418826189
0.911339529044
0.90724660834
0.903184846933
0.899190701096
0.895286432022
0.891487071313
0.887802725687
0.884240114507
0.880803520594
0.877495299784
0.874316326902
0.871266440064
0.8683448066
0.865550194933
0.86288117051
0.860336235471
0.857913926894
0.85561288432
0.853431894395
0.851369918539
0.849426108183
0.847599811145
0.845890572024
0.844298128966
0.842822408642
0.841463520645
0.840221751664
0.839097559077
0.838091563565
0.837204541315
0.836437417309
0.83579126131
0.835267287404
0.834866857156
0.834591486015
0.834442852603
0.834422810606
0.834533403109
0.834776879282
0.835155713348
0.835672625775
0.836330606597
0.837132940761
0.838083235359
0.83918544853
0.840443919766
0.841863401237
0.843449089609
0.845206657633
0.847142284484
0.849262683438
0.851575124918
0.854087452104
0.856808085208
0.859746008861
0.862910734801
0.866312228867
0.869960786827
0.873866837486
0.878040642817
0.882491442585
0.887222037893
0.892243851395
0.89755932768
0.9031604904
0.909036533691
0.915158990046
0.921481829975
0.927924575821
0.934336330071
0.940501899391
0.946070326614
0.95069567518
0.954100229579
0.956203806589
0.957014863695
0.956515412685
0.954706881496
0.951667340347
0.947459132951
0.942153292872
0.935825010178
0.928539771619
0.920413161852
0.911554756045
0.902063193107
0.89206682575
0.881667413375
0.87095321492
0.859995587825
0.848852111732
0.837568636682
0.826180442615
0.814713934417
0.803189243051
0.791621310188
0.780018730344
0.768385207145
0.756722602963
0.745030340039
0.73330472342
0.721540142372
0.709730302617
0.697868929786
0.685950331957
0.673970060453
0.661925397092
0.649815402098
0.637640798133
0.625404003833
0.613109267262
0.600762747507
0.588372479376
0.575948225328
0.563501242883
0.551043998732
0.538589857208
0.526152765625
0.513746953779
0.501386659944
0.489085891326
0.476858223144
0.464716637471
0.452673400624
0.440739976251
0.428926970199
0.417244102726
0.405700203467
0.394303224699
0.383060268791
0.371977626183
0.361060820726
0.350314659734
0.339743286588
0.329350234175
0.319138477827
0.309110486787
0.29926827348
0.289613440109
0.280147222296
0.270870529599
0.261783982879
0.252887948538
0.244182569752
0.235667794815
0.227343402777
0.219209026545
0.211264173643
0.20350824481
0.195940550634
0.188560326379
0.18136674519
0.17435892982
0.167535963033
0.160896896816
0.15444076051
0.148166568
0.142073324032
0.136160029778
0.130425687714
0.124869305894
0.119489901689
0.114286505043
0.109258161305
0.104403933691
0.0997229054063
0.0952141814762
0.090876890319
0.0867101850847
0.0827132447939
0.0788852752963
0.0752255100724
0.0717332108964
0.0684076683769
0.0652482023898
0.0622541624178
0.059424927806
0.0567599079453
0.0542585423914
0.0519203009271
0.0497446835752
0.0477312205676
0.0458794722742
0.0441890290981
0.0426595113387
0.0412905690256
0.0400818817275
0.0390331583352
0.0381441368214
0.0374145839785
0.0368442951329
0.0364330938378
0.0361808315414
0.036087387232
0.0361526670571
0.0363766039141
0.0367591570121
0.0373003113998
0.0380000774581
0.0388584903524
0.0398756094408
0.0410515176327
0.0423863206942
0.043880146491
0.0455331441654
0.0473454832373
0.0493173526224
0.0514489595578
0.0537405284247
0.0561922994576
0.0588045273275
0.0615774795858
0.0645114349539
0.0676066814434
0.0708635142886
0.0742822336723
0.0778631422252
0.0816065422757
0.0855127328254
0.0895820062262
0.0938146445282
0.0982109154697
0.102771068078
0.107495327842
0.112383891429
0.117436920899
0.122654537376
0.128036814145
0.133583769124
0.139295356665
0.145171458652
0.151211874845
0.157416312437
0.163784374786
0.17031554929
0.177009194392
0.183864525695
0.190880601203
0.198056305691
0.205390334274
0.212881175221
0.220527092147
0.228326105708
0.236275975009
0.244374178976
0.252617898
0.261003996249
0.269529005123
0.278189108395
0.286980129702
0.29589752312
0.30493636767
0.314091366661
0.323356852887
0.332726800695
0.342194846006
0.351754315299
0.361398264531
0.371119528772
0.380910783148
0.390764615359
0.400673609634
0.410630441541
0.420627982473
0.430659412077
0.440718336234
0.450798907603
0.460895945194
0.471005048985
0.481122705309
0.491246378635
0.501374585441
0.511506946213
0.521644212049
0.531788262976
0.541942075739
0.552109659504
0.562295958463
0.572506720764
0.58274833336
0.593027622277
0.603351617326
0.613727279345
0.6241611866
0.634659174955
0.645225923868
0.65586447756
0.666575688132
0.677357565672
0.688204519119
0.699106469505
0.71004781213
0.721006200117
0.731951132214
0.74284236083
0.753628153837
0.764243346234
0.774606930408
0.784620714798
0.79417569197
0.803156053572
0.811436644986
0.818889270184
0.825382671416
0.830801378287
0.835072654023
0.838143659544
0.839940134064
0.840463643779
0.839795670662
0.837986326239
0.835195407082
0.831645912576
0.827536889271
0.823029058751
0.818262372373
0.813342486115
0.808348699874
0.803335285581
0.798371378663
0.793497186636
0.788738916236
0.784114892322
0.779638774919
0.775318735419
0.771158303239
0.767158087326
0.763316872455
0.759632275578
0.756101171075
0.752719998103
0.749484995299
0.746392377273
0.743438461952
0.740619758338
0.737933023836
0.735375298754
0.732943923952
0.730636546212
0.7284511148
0.726385871875
0.724439338768
0.722610299732
0.720897784355
0.71930104963
0.71781956245
0.716452983155
0.715201150636
0.714064069346
0.713041898335
0.712134942218
0.711343643752
0.710668577791
0.710110446662
0.709670077341
0.709348420943
0.709146554882
0.709065687799
0.709107167181
0.709272489491
0.709563312666
0.709981470869
0.710528991448
0.711208114074
0.712021312071
0.712971315934
0.714061139076
0.715294105793
0.716673881451
0.718204504874
0.719890422854
0.721736526685
0.723748190497
0.725931311103
0.728292348842
0.730838368676
0.733577080389
0.736516876126
0.739666862572
0.743036883599
0.746637526798
0.750480103495
0.754576585794
0.758939476638
0.76358159035
0.768515777639
0.773754806897
0.779311549917
0.785198404875
0.791425277042
0.79799692302
0.804907556901
0.812132813249
0.81965172567
0.827402146427
0.835276117917
0.843098992036
0.85061640422
0.857446728874
0.863135418076
0.86718600509
0.869580898294
0.870324052022
0.869456225523
0.867010922641
0.863123148067
0.857866249821
0.851313499514
0.84362661055
0.834943436461
0.825419105569
0.815263766193
0.804657940859
0.793753895148
0.782664280032
0.771477503818
0.760264346689
0.749078585733
0.73795721798
0.726917836485
0.715989082108
0.705197958463
0.694549558646
0.68403220137
0.673662818123
0.663439643577
0.653352543562
0.643388743512
0.633534114263
0.623773556207
0.614090966467
0.60446937554
0.594891538442
0.585340857104
0.575802001883
0.566260878136
0.556704546341
0.547121466775
0.537501872778
0.527838085336
0.518124718377
0.508358777638
0.498539665719
0.488669106251
0.478750999918
0.468791225471
0.458797399364
0.448778607793
0.438745124486
0.428708126505
0.41867941874
0.408671175748
0.398695707458
0.38876525305
0.378891805331
0.369086966164
0.359361832087
0.34972690821
0.340192047729
0.330766413964
0.321458461685
0.312275934463
0.303225874984
0.294314645497
0.285547955904
0.276930897304
0.26846797917
0.260163168641
0.252019930702
0.244041268294
0.236229761621
0.228587606097
0.221116648553
0.213818421447
0.206694174925
0.199744906653
0.192971389418
0.186374196536
0.179953725136
0.173710217418
0.167643779991
0.161754401417
0.156041968089
0.150506278556
0.145147056427
0.139963961971
0.13495660252
0.130124541795
0.125467308233
0.120984402427
0.116675303757
0.112539476287
0.108576374001
0.104785445444
0.101166137834
0.0977179006826
0.0944401889834
0.0913324660145
0.0883942057833
0.0856248951569
0.0830240357053
0.0805911452866
0.0783257593982
0.0762274323153
0.0742957380361
0.0725302710505
0.0709306469459
0.0694965028634
0.0682274978143
0.0671233128652
0.0661836512003
0.0654082380645
0.0647968205934
0.0643491675315
0.0640650688402
0.0639443351978
0.0639867973867
0.0641923055699
0.0645607284495
0.0650919523057
0.0657858799079
0.0666424292931
0.0676615324008
0.0688431335578
0.0701871877985
0.0716936590122
0.0733625178999
0.0751937397285
0.0771873018638
0.0793431810652
0.081661350522
0.0841417766087
0.0867844153387
0.0895892084897
0.0925560793744
0.0956849282311
0.0989756272016
0.102428014869
0.106041890323
0.109817006716
0.113753064292
0.117849702832
0.122106493512
0.126522930127
0.131098419657
0.13583227216
0.140723689976
0.145771756225
0.150975422617
0.156333496582
0.161844627749
0.167507293846
0.173319786075
0.179280194093
0.185386390728
0.191636016613
0.198026464976
0.204554866863
0.211218077135
0.218012661639
0.224934886033
0.231980706805
0.239145765106
0.246425384071
0.253814570391
0.261308020927
0.268900135204
0.276585034629
0.284356589247
0.292208452804
0.300134106756
0.30812691371
0.316180180551
0.324287231229
0.33244148882
0.340636566105
0.348866363429
0.357125172205
0.365407781904
0.373709588021
0.382026698113
0.390356032777
0.398695418307
0.407043667807
0.415400647738
0.423767327242
0.432145808092
0.440539333756
0.448952276745
0.457390104139
0.465859321826
0.474367398522
0.48292267104
0.491534232413
0.500211804496
0.508965596392
0.517806149657
0.526744170568
0.535790348908
0.54495516157
0.554248657868
0.563680221477
0.573258301279
0.582990099559
0.592881200697
0.602935116853
0.613152720497
0.623531530411
0.634064823096
0.644740551865
0.655540034617
0.666436270414
0.677391668409
0.688355171989
0.699259102697
0.710012192398
0.720486544463
0.730566917447
0.740096221266
0.748893009377
0.756757789135
0.76360114366
0.769296477548
0.773707667363
0.776763122496
0.778420348929
0.778611815483
0.777349630876
0.774787445061
0.77109777708
0.766545905992
0.761374480938
0.755786597003
0.749948898335
0.743981400733
0.737985849431
0.732040742679
0.726200798302
0.720496984238
0.714958787663
0.709606949476
0.704454107177
0.699502929867
0.694750740079
0.690194270122
0.685830397114
0.681653646721
0.677657440312
0.673834884823
0.670179110777
0.666683461208
0.663341610206
0.660147637606
0.657096072822
0.654181916185
0.651400643836
0.648748200728
0.646220985214
0.643815827826
0.64152996626
0.639361018078
0.637306952285
0.635366060674
0.633536929616
0.631818412816
0.630209605428
0.628709819841
0.627318563363
0.626035517973
0.624860522285
0.623793555798
0.622834725483
0.621984254685
0.621242474243
0.620609815704
0.620086806472
0.619674066801
0.619372308634
0.619182336363
0.619105049633
0.619141448265
0.61929263933
0.61955984636
0.619944420644
0.620447854572
0.621071796985
0.62181807054
0.622688691079
0.623685889038
0.62481213294
0.626070154994
0.627462978877
0.628993949726
0.630666766394
0.632485516001
0.634454710804
0.63657932736
0.63886484795
0.641317304114
0.643943322094
0.646750169769
0.649745804464
0.65293892059
0.656338995506
0.659956331041
0.663802086625
0.667888297596
0.6722278685
0.676834525907
0.681722710247
0.686907366627
0.692402927554
0.69822165546
0.704381910237
0.710898916352
0.717779558437
0.72503056857
0.732652805711
0.740626580932
0.748905509946
0.757443276557
0.766135507125
0.774804814248
0.783217960069
0.791086864633
0.798045049534
0.803600066012
0.807422470957
0.809328612237
0.809344247542
0.807554264969
0.803835652895
0.79836235942
0.791266018254
0.782792846101
0.773278860776
0.762909612182
0.75194885911
0.740581329389
0.728943260685
0.717162733159
0.705395769762
0.693742838037
0.682264199087
0.67098596816
0.659913386188
0.649083946047
0.638510855715
0.628209109562
0.618169044976
0.608398168117
0.598885621678
0.589618973885
0.58058714051
0.571775029881
0.563167256099
0.554748970905
0.546503629029
0.538413011817
0.530457626466
0.522616894185
0.514870528874
0.507200439617
0.49958950122
0.492020485353
0.484476562545
0.476941886421
0.469401980016
0.461844007524
0.454256979045
0.446631903428
0.43896189209
0.431242213255
0.423470295933
0.415645684361
0.407769945523
0.399846534416
0.39188062348
0.38387890397
0.375849367836
0.367801078873
0.359743941566
0.351688475212
0.343645599771
0.335626438527
0.327642141182
0.319703729651
0.311821967534
0.304007253154
0.296269535221
0.288618249504
0.281062274487
0.273609903726
0.266268832547
0.259046156739
0.251948381031
0.244981435312
0.238150696774
0.231461016375
0.224916748277
0.218521781103
0.212279570089
0.206193169377
0.200265263867
0.194498200178
0.188894016383
0.18345447031
0.178181066231
0.17307507987
0.168137581702
0.163369458528
0.158771433377
0.154344083779
0.150087858496
0.146003092768
0.142090022187
0.138348795258
0.134779484771
0.131382098037
0.128156586093
0.125102851954
0.122220757976
0.119510132417
0.116970775244
0.114602463262
0.112404954604
0.11037799265
0.108521309395
0.106834628337
0.105317666887
0.103970138361
0.102791753562
0.101782221982
0.100941252644
0.100268554604
0.099763837108
0.0994268094419
0.0992571804535
0.0992546577684
0.0994189466929
0.0997497488048
0.100246760227
0.10090966958
0.1017381556
0.102731884416
0.103890506471
0.105213653075
0.10670093257
0.108351926086
0.110166182879
0.112143215219
0.114282492814
0.116583436745
0.119045412891
0.121667724825
0.124449606164
0.127390212348
0.130488611849
0.133743776798
0.137154573019
0.140719749505
0.144437927324
0.148307588019
0.152327061525
0.156494513701
0.160807933541
0.165265120211
0.16986367005
0.174600963727
0.179474153783
0.184480152836
0.189615622769
0.194876965272
0.200260314182
0.205761530084
0.211376197738
0.217099626887
0.222926857112
0.228852667352
0.234871590792
0.240977935765
0.247165813286
0.253429171794
0.259761839523
0.266157574819
0.272610124496
0.27911329009
0.285661001612
0.292247398052
0.298866913589
0.305514368074
0.312185060073
0.318874860397
0.325580303857
0.332298676786
0.339028097796
0.345767589327
0.352517137664
0.359277739441
0.366051433013
0.372841313608
0.379651531714
0.386487274747
0.393354732632
0.400261048423
0.407214255542
0.414223203473
0.421297473882
0.428447289126
0.435683414893
0.443017058477
0.45045976376
0.45802330354
0.465719569286
0.473560457666
0.481557752498
0.489722999965
0.498067374617
0.506601533855
0.515335459134
0.524278281072
0.533438079419
0.542821636276
0.552434109245
0.562278589644
0.572355509385
0.58266182978
0.593189877551
0.603925608284
0.614846062147
0.625915952349
0.637067171931
0.648237290168
0.65933823606
0.670270465025
0.680864112118
0.690955791304
0.700417246867
0.709009862733
0.716553275014
0.722877230612
0.727820379229
0.731272405864
0.733129645831
0.73341453548
0.732090481559
0.729191052453
0.724956107469
0.719643469875
0.713588952011
0.707045944116
0.700219218737
0.693289340312
0.686382948341
0.679583190504
0.672946785717
0.666511757339
0.660304105369
0.654339570988
0.648626762299
0.643164804983
0.637947378355
0.632966591797
0.628213701849
0.623678499066
0.619348279265
0.615211627274
0.611261179442
0.607487616285
0.603881701496
0.600434785126
0.597138885038
0.593986703479
0.590971620205
0.588087672741
0.585329528581
0.58269245221
0.580172268904
0.57776532671
0.57546845767
0.57327893904
0.571194455125
0.569213060175
0.567333142701
0.565553391476
0.563872763436
0.562290453625
0.560805867309
0.559418594322
0.558128385709
0.556935132685
0.555838847915
0.554839649112
0.553937744927
0.553133423087
0.55242704073
0.551819016857
0.55130982682
0.550899998745
0.550590111821
0.550380796372
0.550272735688
0.550266669593
0.550363399748
0.550563796693
0.550868808622
0.551279471893
0.551796923245
0.552422413727
0.553157324323
0.554003183267
0.554961685061
0.556034711203
0.557224352625
0.55853293389
0.559963039128
0.561517539757
0.563199623993
0.565012828145
0.566961069705
0.569048682202
0.57128045177
0.573661655338
0.576198100299
0.578896165396
0.581762842461
0.584805778393
0.588033316491
0.591454535792
0.595079286392
0.598918217813
0.60298279597
0.607285301969
0.611838801696
0.616657066106
0.621754398413
0.627145248964
0.632843312405
0.638860676894
0.645210339949
0.65190509856
0.658953491534
0.666357881093
0.6741100997
0.682187604512
0.690543041682
0.699101261144
0.707777855534
0.71640151641
0.724742565936
0.732584018168
0.739631333364
0.745552442518
0.749968560933
0.752562143765
0.753287979674
0.752076817289
0.748908877774
0.743834409347
0.737024523269
0.728723988608
0.7192757505
0.708978674337
0.69803183205
0.686601743765
0.674897439355
0.66308274675
0.651297131044
0.639616295776
0.628125782541
0.616901301954
0.605975945161
0.595367820732
0.585074929716
0.575098292492
0.565456840983
0.556147350889
0.547157122299
0.5384685245
0.530062961743
0.521935651602
0.514075056461
0.506461226778
0.499082223349
0.491928286126
0.484984013204
0.478232805085
0.47165747335
0.46524020141
0.458962345825
0.452804304063
0.446747584126
0.440776250689
0.434874321744
0.429025500462
0.423213885131
0.417424374276
0.411642915496
0.40585669895
0.400054322792
0.39422593502
0.388363349594
0.382460132966
0.376511657378
0.370515118309
0.364469514941
0.358375594216
0.352235760739
0.346053956292
0.339835514002
0.33358699304
0.327316000223
0.321031004904
0.314741153234
0.308456087254
0.302185773419
0.295940344219
0.289729955506
0.283564661222
0.277454306264
0.271408437509
0.265436232376
0.259546443819
0.253747360332
0.248046779341
0.242451992249
0.236969779414
0.231606413379
0.22636766881
0.2212588377
0.216284748589
0.211449788692
0.206757927981
0.202212744441
0.197817449839
0.193574915475
0.189487697511
0.18555806153
0.181788006117
0.178179285262
0.174733429478
0.171451765568
0.168335434997
0.165385410867
0.162602513508
0.159987424713
0.157540700665
0.155262783597
0.153154012248
0.151214631159
0.149444798879
0.147844595124
0.146414026943
0.145153033951
0.144061492659
0.143139219953
0.142385975759
0.141801464919
0.141385338317
0.141137193272
0.141056573226
0.141142966736
0.141395805786
0.141814463443
0.142398250841
0.143146413524
0.14405812714
0.145132492495
0.14636852998
0.147765173363
0.149321262975
0.151035538297
0.152906629961
0.154933051212
0.157113188847
0.159445293703
0.161927470736
0.164557668795
0.167333670166
0.170253080038
0.173313316018
0.176511597889
0.179844937818
0.18331013127
0.1869037489
0.19062212977
0.19446137625
0.198417351007
0.202485676547
0.20666173777
0.210940688065
0.215317459462
0.219786777367
0.224343180394
0.228981045775
0.233694620745
0.238478060253
0.243325471164
0.248230963032
0.253188705281
0.258192990451
0.263238302907
0.268319392163
0.273431349719
0.278569688033
0.283730420052
0.288910137516
0.294106086141
0.299316235696
0.30453934305
0.309775006352
0.315023708723
0.320286850127
0.325566766458
0.330866735272
0.336190968085
0.341544589567
0.346933604405
0.352364853004
0.357845957453
0.363385259421
0.368991751723
0.37467500529
0.380445093138
0.386312512747
0.392288107964
0.398382991173
0.404608466088
25749
0.298721969652
0.304787271429
0.310937101303
0.317173142946
0.32349830451
0.329916827214
0.33643439084
0.343058215927
0.349797163047
0.356661830208
0.363664650195
0.370819990471
0.378144259183
0.385656021688
0.393376133038
0.401327892801
0.409537229633
0.418032924055
0.426846878839
0.436014447349
0.445574830689
0.455571554307
0.466053032647
0.477073223963
0.488692357432
0.50097762666
0.514002841883
0.527840195903
