-0.0
2.3733204653e-05
9.49339261857e-05
0.000213605489107
0.000379753440213
0.000593385557537
0.000854511862892
0.00116314463806
0.00151929844466
0.00192299014771
0.00237423894303
0.0028730663884
0.00341949643872
0.00401355548512
0.00465527239819
0.00534467857537
0.00608180799274
0.00686669726114
0.00769938568688
0.00857991533728
0.0095083311109
0.0104846808129
0.0115090152358
0.0125813882452
0.0137018568717
0.0148704814079
0.0160873255126
0.0173524563202
0.0186659445573
0.020027864666
0.0214382949348
0.022897317636
0.024405019172
0.0259614902296
0.027566825942
0.029221126061
0.0309244951379
0.0326770427143
0.0344788835233
0.036330137702
0.0382309310144
0.0401813950873
0.0421816676578
0.0442318928349
0.0463322213742
0.0484828109674
0.0506838265473
0.0529354406087
0.0552378335466
0.0575911940114
0.0599957192841
0.0624516156703
0.0649590989156
0.0675183946432
0.0701297388139
0.0727933782116
0.0755095709538
0.0782785870303
0.0811007088697
0.0839762319375
0.0869054653655
0.0898887326158
0.0929263721809
0.0960187383216
0.0991662018459
0.10236915093
0.105627991986
0.108943150577
0.112315072381
0.115744224215
0.119231095111
0.122776197459
0.126380068204
0.130043270131
0.133766393205
0.137550056002
0.141394907219
0.145301627277
0.149270930015
0.15330356449
0.157400316889
0.16156201255
0.165789518117
0.170083743826
0.174445645935
0.178876229312
0.183376550184
0.187947719076
0.192590903931
0.197307333447
0.20209830064
0.20696516664
0.211909364763
0.216932404857
0.222035877966
0.227221461317
0.232490923685
0.237846131142
0.243289053242
0.248821769677
0.254446477442
0.260165498568
0.265981288461
0.271896444921
0.277913717899
0.284036020068
0.290266438287
0.296608246058
0.303064917076
0.309640139979
0.316337834455
0.323162168816
0.330117579254
0.33720879092
0.344440841082
0.351819104586
0.359349321906
0.367037630101
0.374890597055
0.382915259412
0.391119164691
0.399510418155
0.408097735065
0.416890499084
0.425898827708
0.435133645734
0.444606767974
0.454330992616
0.46432020687
0.474589506874
0.485155334132
0.49603563125
0.507250020203
0.518820007014
0.530769217473
0.543123669443
0.555912088342
0.569166273723
0.582921526361
0.597217146944
0.612097019402
0.627610293701
0.643812184479
0.660764902167
0.678538730696
0.697213257149
0.716878736788
0.73763752774
0.759605423498
0.782912485456
0.80770249499
0.834129101689
0.862344458223
0.892471066607
0.92453640117
0.958326548585
0.993075119289
1.02688348041
1.0560005238
1.07506991149
1.08009267979
1.071864693
1.05462024415
1.03230071012
1.00724406346
0.980690720573
0.953399766857
0.925935653274
0.898743833959
0.872158409849
0.846406783292
0.821624727923
0.79787725993
0.775179233662
0.75351243638
0.732838402427
0.713107402083
0.694264450489
0.676253164073
0.659018133102
0.642506303475
0.626667713273
0.611455818684
0.59682756533
0.58274330716
0.569166638915
0.55606418423
0.543405365719
0.531162173136
0.519308939114
0.507822127719
0.496680138407
0.485863126255
0.475352838385
0.465132465849
0.455186509997
0.445500662143
0.436061695356
0.426857367198
0.417876332307
0.409108063805
0.400542782594
0.392171393689
0.383985428844
0.375976994767
0.368138726349
0.360463744342
0.352945617033
0.345578325466
0.338356231867
0.33127405091
0.32432682355
0.317509893156
0.310818883703
0.304249679836
0.297798408603
0.291461422702
0.285235285107
0.279116754916
0.273102774339
0.267190456695
0.261377075337
0.255660053424
0.250036954452
0.244505473497
0.239063429092
0.233708755688
0.228439496654
0.223253797772
0.218149901173
0.2131261397
0.208180931644
0.203312775837
0.198520247066
0.193801991784
0.189156724106
0.184583222054
0.18008032404
0.175646925569
0.171281976148
0.16698447638
0.16275347524
0.158588067508
0.154487391358
0.150450626091
0.146476989997
0.142565738341
0.138716161465
0.134927583003
0.131199358187
0.127530872259
0.123921538962
0.120370799121
0.116878119298
0.113442990524
0.110064927095
0.106743465439
0.103478163037
0.100268597408
0.0971143651411
0.0940150809865
0.0909703769868
0.0879799016582
0.0850433192129
0.0821603088219
0.0793305639162
0.0765537915231
0.0738297116378
0.0711580566259
0.0685385706572
0.0659710091678
0.0634551383499
0.060990734667
0.0585775843938
0.0562154831795
0.0539042356326
0.0516436549272
0.0494335624285
0.0472737873377
0.0451641663541
0.0431045433549
0.0410947690908
0.0391347008963
0.0372242024158
0.0353631433428
0.0335513991722
0.0317888509654
0.0300753851277
0.0284108931963
0.0267952716397
0.0252284216676
0.0237102490501
0.022240663947
0.0208195807452
0.0194469179058
0.0181225978187
0.0168465466648
0.0156186942867
0.0144389740657
0.0133073228062
0.0122236806263
0.0111879908551
0.010200199936
0.00926025733573
0.00836811545927
0.00752372956987
0.00672705771459
0.00597806065472
0.00527670180121
0.00462294715473
0.00401676525037
0.00345812710677
0.00294700617958
0.00248337831917
0.0020672217324
0.0016985169484
0.0013772467884
0.00110339633926
0.000876952930962
0.00069790611769
0.000566247662746
0.000481971527041
0.000445073861253
0.000455553001586
0.000513409469137
0.000618645972857
0.000771267416118
0.000971280906897
0.0012186957716
0.00151352357258
0.00185577812931
0.00224547554339
0.00268263422735
0.0031672749373
0.00369942080959
0.00427909740151
0.00490633273615
0.00558115735145
0.00630360435369
0.00707370947543
0.00789151113807
0.00875705051925
0.00967037162509
0.0106315213676
0.0116405496475
0.0126975094421
0.0138024568995
0.0149554514381
0.0161565558529
0.0174058364274
0.0187033630533
0.0200492093558
0.0214434528274
0.0228861749687
0.024377461437
0.0259174022039
0.0275060917206
0.0291436290931
0.0308301182666
0.0325656682198
0.0343503931698
0.036184412788
0.0380678524272
0.0400008433612
0.0419835230366
0.0440160353386
0.0460985308696
0.0482311672441
0.0504141093977
0.0526475299128
0.0549316093618
0.0572665366677
0.0596525094841
0.0620897345949
0.0645784283352
0.0671188170345
0.069711137483
0.0723556374225
0.0750525760642
0.0778022246327
0.0806048669405
0.0834607999915
0.086370334619
0.0893337961559
0.092351525143
0.0954238780747
0.0985512281856
0.101733966281
0.104972501611
0.108267262796
0.111618698804
0.115027279976
0.118493499119
0.122017872656
0.12560094184
0.129243274041
0.132945464106
0.136708135802
0.140531943339
0.144417572985
0.148365744779
0.15237721435
0.156452774838
0.160593258946
0.164799541106
0.169072539795
0.173413219984
0.177822595757
0.182301733091
0.186851752819
0.191473833798
0.196169216279
0.200939205513
0.205785175604
0.21070857363
0.215710924054
0.220793833458
0.225958995612
0.231208196924
0.236543322293
0.241966361413
0.247479415557
0.253084704895
0.258784576398
0.264581512377
0.270478139728
0.276477239953
0.282581760029
0.288794824229
0.295119746978
0.301560046876
0.308119462
0.314801966639
0.321611789632
0.32855343448
0.33563170147
0.342851712036
0.350218935652
0.357739219574
0.365418821811
0.373264447758
0.38128329099
0.389483078812
0.39787212325
0.406459378286
0.4152545043
0.424267940844
0.43351098908
0.442995905512
0.452736008917
0.46274580283
0.473041116388
0.48363926703
0.494559249285
0.50582195494
0.517450431168
0.529470184901
0.541909543949
0.554800088286
0.568177168864
0.582080536563
0.596555111093
0.611651929584
0.627429328403
0.643954431264
0.661305044434
0.679572099764
0.698862843865
0.719305054851
0.741052685845
0.764293493564
0.789259396535
0.816240421395
0.845602727316
0.877808827776
0.913428191596
0.953088129668
0.997170222318
1.04454809643
1.08856253502
1.11210323489
1.10328985564
1.07577903721
1.0451509099
1.01663591825
0.990640979352
0.966406568211
0.943137599461
0.920282738313
0.897560833972
0.874904278191
0.852379446327
0.830114324412
0.80824706783
0.786897028654
0.766153111446
0.74607276042
0.726686132017
0.708001979787
0.690013424205
0.672702843659
0.656045701305
0.640013388256
0.624575256999
0.609700029459
0.595356741061
0.581515349835
0.568147108777
0.555224773838
0.542722699822
0.530616861386
0.51888482529
0.50750569211
0.496460019939
0.485729738642
0.475298060372
0.465149390144
0.455269238848
0.445644140198
0.43626157243
0.427109885139
0.418178231383
0.409456504948
0.400935282591
0.392605770989
0.384459758088
0.376489568537
0.368688022889
0.361048400255
0.353564404122
0.34623013106
0.33904004206
0.33198893626
0.325071926862
0.318284419022
0.311622089543
0.305080868211
0.298656920615
0.292346632334
0.28614659435
0.280053589594
0.274064580515
0.268176697591
0.262387228696
0.256693609245
0.251093413064
0.245584343911
0.240164227599
0.234831004678
0.229582723621
0.224417534472
0.219333682933
0.214329504841
0.209403421017
0.204553932443
0.199779615757
0.195079119039
0.190451157858
0.18589451157
0.181408019844
0.176990579405
0.172641140968
0.168358706365
0.164142325839
0.159991095495
0.155904154906
0.151880684854
0.147919905204
0.144021072899
0.140183480062
0.136406452216
0.132689346593
0.129031550545
0.125432480033
0.12189157821
0.11840831407
0.114982181176
0.111612696457
0.108299399061
0.105041849284
0.101839627535
0.0986923333776
0.0955995846021
0.0925610163585
0.0895762803293
0.0866450439457
0.0837669896444
0.0809418141621
0.0781692278665
0.0754489541208
0.0727807286807
0.0701642991221
0.0675994242971
0.0650858738183
0.0626234275684
0.0602118752344
0.0578510158656
0.0555406574537
0.0532806165334
0.0510707178036
0.0489107937673
0.04680068439
0.0447402367739
0.0427293048504
0.0407677490864
0.0388554362061
0.036992238927
0.0351780357087
0.0334127105149
0.0316961525873
0.0300282562312
0.0284089206119
0.026838049562
0.0253155513981
0.0238413387481
0.0224153283861
0.0210374410779
0.0197076014332
0.0184257377668
0.0171917819673
0.0160056693726
0.0148673386529
0.0137767317008
0.0127337935266
0.0117384721612
0.0107907185643
0.00989048653825
0.00903773264769
0.00823241614454
0.00747449889803
0.0067639453297
0.00610072235338
0.00548479931971
0.00491614796523
0.004394742366
0.00392055889537
0.00349357618608
0.00311377509641
0.00278113868035
0.0024956521618
0.00225730291253
0.00206608043413
0.00192197634359
0.00182498436277
0.0017751003115
0.00177232210442
0.00181664975152
0.00190808536234
0.00204663315394
0.00223229946247
0.00246509275859
0.00274502366662
0.00307210498748
0.00344635172556
0.00386778111944
0.00433641267671
0.00485226821273
0.00541537189371
0.00602575028393
0.00668343239742
0.00738844975408
0.00814083644042
0.00894062917514
0.00978786737955
0.0106825932531
0.011624851854
0.0126146911859
0.0136521622891
0.014737319339
0.0158702197492
0.0170509242824
0.0182794971663
0.019556006218
0.0208805229745
0.0222531228308
0.0236738851858
0.0251428935971
0.0266602359432
0.0282260045951
0.0298402965975
0.031503213859
0.0332148633536
0.0349753573316
0.0367848135427
0.0386433554705
0.0405511125792
0.0425082205735
0.0445148216719
0.046571064894
0.0486771063637
0.0508331096269
0.0530392459867
0.0552956948553
0.057602644125
0.0599602905576
0.0623688401948
0.0648285087892
0.0673395222588
0.0699021171641
0.0725165412111
0.07518305378
0.0779019264822
0.0806734437468
0.0834979034371
0.0863756175014
0.0893069126572
0.0922921311127
0.0953316313269
0.0984257888111
0.101574996973
0.104779668009
0.10804023384
0.111357147111
0.114730882228
0.118161936471
0.121650831159
0.125198112882
0.128804354809
0.132470158066
0.136196153194
0.139983001696
0.143831397675
0.147742069564
0.15171578197
0.155753337618
0.159855579425
0.164023392699
0.168257707473
0.172559500989
0.176929800347
0.181369685314
0.185880291329
0.1904628127
0.195118506024
0.199848693832
0.204654768493
0.209538196387
0.214500522382
0.219543374626
0.224668469695
0.229877618122
0.235172730351
0.240555823135
0.246029026445
0.251594590926
0.257254895948
0.263012458327
0.268869941772
0.274830167133
0.280896123548
0.287070980563
0.293358101359
0.299761057185
0.306283643146
0.312929895513
0.31970411072
0.326610866256
0.33365504371
0.340841854209
0.348176866588
0.355666038654
0.363315751953
0.37113285055
0.379124684396
0.38729915796
0.39566478493
0.404230749941
0.413006978461
0.422004216192
0.431234119638
0.440709359805
0.450443741459
0.460452340906
0.470751665944
0.481359842533
0.492296833888
0.503584699173
0.515247900995
0.527313673484
0.539812466313
0.552778484853
0.566250353281
0.580271936831
0.594893372579
0.610172377287
0.626175928848
0.642982459855
0.660684765824
0.679393930551
0.699244730819
0.720403244866
0.743077831777
0.76753541987
0.794126428179
0.823324215588
0.855789830729
0.892482030081
0.934847691337
0.985131487169
1.04661056111
1.12072685293
1.17822621748
1.15001609303
1.09144476511
1.04377228202
1.0071226951
0.977796775776
0.953073239029
0.931129416103
0.910742793752
0.891109844566
0.871740545025
0.852383429646
0.832959706994
0.813502383872
0.794104246294
0.774878838799
0.755935408784
0.737365743735
0.719239440421
0.701604233171
0.684488819555
0.667906543016
0.651859029138
0.636339362187
0.62133467275
0.606828151871
0.592800568319
0.579231382214
0.566099543655
0.55338405208
0.541064337422
0.529120510561
0.517533519159
0.506285235882
0.495358498943
0.484737119585
0.474405867121
0.464350439189
0.454557422719
0.445014249507
0.435709149141
0.426631101174
0.417769787839
0.409115548167
0.400659334037
0.392392668491
0.384307606465
0.376396698001
0.368652953905
0.361069813802
0.35364111646
0.346361072286
0.339224237855
0.332225492334
0.325360015671
0.318623268431
0.312010973138
0.305519097016
0.299143836017
0.292881600039
0.286728999229
0.280682831294
0.274740069728
0.268897852893
0.263153473876
0.257504371066
0.251948119392
0.246482422162
0.24110510347
0.235814101116
0.230607459999
0.225483325959
0.22043994001
0.21547563296
0.210588820377
0.205777997869
0.201041736667
0.196378679486
0.191787536635
0.187267082373
0.182816151479
0.178433636032
0.174118482382
0.169869688298
0.16568630028
0.161567411037
0.157512157094
0.153519716545
0.149589306935
0.14572018325
0.141911636029
0.13816298957
0.134473600246
0.130842854902
0.12727016934
0.123754986893
0.120296777064
0.116895034244
0.113549276497
0.110259044403
0.107023899969
0.103843425592
0.100717223073
0.0976449126893
0.0946261323046
0.0916605365326
0.0887477959384
0.0858875962815
0.0830796377971
0.0803236345131
0.0776193136018
0.0749664147634
0.0723646896409
0.0698139012635
0.0673138235183
0.0648642406477
0.0624649467719
0.0601157454354
0.0578164491755
0.0555668791124
0.0533668645594
0.0512162426532
0.0491148580013
0.047062562348
0.0450592142565
0.0431046788069
0.0411988273096
0.0393415370327
0.0375326909431
0.0357721774611
0.0340598902271
0.0323957278799
0.0307795938473
0.0292113961465
0.0276910471954
0.0262184636337
0.0247935661531
0.0234162793372
0.0220865315094
0.0208042545894
0.0195693839574
0.0183818583263
0.0172416196207
0.016148612863
0.0151027860665
0.0141040901349
0.0131524787672
0.01224790837
0.0113903379744
0.0105797291585
0.00981604597654
0.00909925489129
0.00842932471313
0.00780622654307
0.00722993372092
0.00670042177786
0.00621766839365
0.00578165335812
0.00539235853704
0.0050497678421
0.00475386720512
0.00450464455624
0.00430208980614
0.00414619483226
0.00403695346889
0.00397436150119
0.00395841666302
0.00398911863874
0.00406646906879
0.00419047155916
0.00436113169476
0.00457845705673
0.00484245724364
0.00515314389672
0.00551053072917
0.00591463355954
0.00636547034932
0.00686306124478
0.00740742862321
0.00799859714359
0.00863659380187
0.00932144799092
0.0100531915654
0.0108318589114
0.0116574870217
0.0125301155757
0.0134497870252
0.014416546686
0.0154304428353
0.0164915268148
0.0175998531409
0.0187554796208
0.0199584674761
0.0212088814728
0.0225067900598
0.023852265514
0.0252453840942
0.0266862262036
0.0281748765606
0.029711424379
0.0312959635581
0.0329285928827
0.0346094162336
0.0363385428092
0.0381160873587
0.0399421704273
0.0418169186143
0.0437404648445
0.0457129486532
0.047734516486
0.0498053220146
0.0519255264676
0.054095298979
0.0563148169545
0.0585842664562
0.0609038426068
0.0632737500153
0.0656942032234
0.0681654271755
0.0706876577129
0.0732611420924
0.0758861395333
0.0785629217907
0.0812917737605
0.0840729941142
0.0869068959679
0.0897938075861
0.0927340731217
0.095728053397
0.098776126724
0.10187868977
0.10503615847
0.108248968986
0.111517578721
0.114842467389
0.11822413814
0.121663118753
0.125159962891
0.128715251427
0.132329593853
0.136003629757
0.139738030397
0.143533500364
0.147390779335
0.151310643945
0.155293909759
0.159341433373
0.163454114638
0.167632899029
0.171878780155
0.176192802441
0.180576063974
0.185029719536
0.189554983846
0.194153135015
0.198825518234
0.203573549725
0.208398720967
0.21330260322
0.218286852383
0.223353214208
0.228503529902
0.23373974216
0.239063901662
0.244478174084
0.24998484767
0.255586341422
0.261285213976
0.267084173221
0.27298608676
0.278993993284
0.28511111497
0.291340871023
0.297686892473
0.304153038401
0.310743413745
0.317462388882
0.324314621222
0.331305079053
0.338439067948
0.345722260069
0.353160726779
0.36076097501
0.368529987964
0.376475270762
0.38460490183
0.392927590915
0.401452744817
0.410190542133
0.419152018592
0.428349164864
0.437795039181
0.447503897613
0.457491345522
0.467774514611
0.478372271064
0.489305461794
0.500597207727
0.512273255668
0.524362403778
0.536897020502
0.54991368341
0.563453973701
0.577565475417
0.592303047628
0.60773046623
0.62392257476
0.640968149402
0.658973787197
0.678069294772
0.698415336489
0.720214588881
0.743728529076
0.769303652499
0.79741425513
0.82873607427
0.864281757088
0.90567225374
0.955745948984
1.02016025611
1.1126642932
1.27277654263
1.24768520158
1.11840052748
1.04809638036
1.00192993386
0.968100549633
0.941436240036
0.919165525545
0.899595023805
0.881605742128
0.864436901797
0.847583634095
0.830739454274
0.81375331789
0.796589751323
0.779290564254
0.761940885318
0.744642445101
0.727495271014
0.71058708634
0.693988628341
0.677752879277
0.661916510466
0.646502327822
0.631521965559
0.616978419742
0.602868239453
0.589183325481
0.575912355098
0.563041881308
0.550557163321
0.538442782525
0.526683091273
0.515262533571
0.504165868905
0.493378323626
0.482885688679
0.472674378002
0.462731458374
0.453044658825
0.44360236564
0.434393607434
0.425408033605
0.416635888581
0.408067983624
0.399695667462
0.391510796644
0.383505706269
0.375673181491
0.368006430116
0.360499056442
0.353145036455
0.345938694419
0.338874680856
0.3319479519
0.325153749972
0.318487585727
0.311945221206
0.305522654114
0.299216103186
0.29302199453
0.286936948922
0.280957769957
0.275081433013
0.269305074968
0.263625984607
0.258041593673
0.252549468528
0.24714730235
0.241832907861
0.236604210517
0.231459242143
0.226396134981
0.221413116111
0.216508502226
0.211680694729
0.206928175141
0.202249500784
0.197643300725
0.193108271968
0.188643175869
0.184246834763
0.179918128788
0.175655992893
0.171459414017
0.167327428424
0.163259119196
0.159253613859
0.155310082143
0.151427733863
0.147605816918
0.143843615393
0.140140447769
0.136495665225
0.132908650026
0.129378814
0.125905597095
0.122488466007
0.11912691288
0.115820454073
0.112568628989
0.109370998964
0.106227146211
0.103136672818
0.100099199792
0.0971143661609
0.0941818281048
0.0913012581433
0.0884723443558
0.0856947896422
0.0829683110195
0.0802926389527
0.0776675167185
0.0750926997997
0.0725679553091
0.0700930614417
0.0676678069531
0.0652919906636
0.0629654209857
0.0606879154752
0.0584593004041
0.0562794103535
0.0541480878272
0.0520651828838
0.0500305527865
0.0480440616705
0.0461055802265
0.0442149853997
0.0423721601039
0.0405769929498
0.0388293779865
0.0371292144564
0.0354764065622
0.0338708632459
0.0323124979787
0.0308012285625
0.0293369769407
0.0279196690198
0.0265492345002
0.0252256067156
0.0239487224818
0.0227185219535
0.0215349484889
0.0203979485226
0.0193074714453
0.0182634694908
0.0172658976298
0.0163147134703
0.0154098771647
0.014551351322
0.013739100927
0.0129730932648
0.0122532978505
0.0115796863647
0.0109522325942
0.0103709123773
0.00983570355452
0.00934658592371
0.00890354120025
0.00850655298154
0.00815560671603
0.00785068967673
0.00759179093903
0.00737890136281
0.00721201357881
0.00709112197911
0.00701622271189
0.00698731368028
0.00700439454534
0.00706746673318
0.00717653344627
0.00733159967881
0.00753267223646
0.00777975976007
0.00807287275393
0.00841202361815
0.00879722668557
0.00922849826307
0.00970585667751
0.0102293223263
0.0107989177325
0.0114146676057
0.0120765989063
0.0127847409167
0.0135391253166
0.0143397862645
0.0151867604839
0.0160800873567
0.0170198090215
0.0180059704786
0.0190386197014
0.0201178077547
0.0212435889198
0.0224160208267
0.0236351645943
0.0249010849781
0.0262138505263
0.0275735337437
0.0289802112661
0.0304339640419
0.0319348775249
0.0334830418766
0.0350785521792
0.0367215086591
0.0384120169226
0.0401501882036
0.0419361396227
0.0437699944615
0.0456518824485
0.0475819400611
0.049560310842
0.0515871457311
0.0536626034148
0.0557868506923
0.0579600628599
0.0601824241146
0.0624541279786
0.0647753777435
0.0671463869379
0.0695673798176
0.0720385918808
0.0745602704087
0.0771326750339
0.0797560783364
0.0824307664705
0.0851570398237
0.087935213708
0.0907656190876
0.0936486033437
0.0965845310784
0.0995737849602
0.102616766615
0.105713897561
0.108865620196
0.112072398836
0.11533472081
0.11865309761
0.122028066111
0.125460189851
0.128950060387
0.132498298721
0.136105556814
0.139772519178
0.14349990457
0.14728846777
0.151139001481
0.155052338326
0.159029352979
0.163070964415
0.167178138306
0.171351889565
0.175593285051
0.17990344645
0.184283553339
0.188734846461
0.193258631212
0.197856281371
0.20252924309
0.207279039157
0.212107273572
0.217015636455
0.222005909314
0.227079970711
0.232239802363
0.23748749572
0.24282525906
0.248255425168
0.253780459638
0.259402969878
0.26512571489
0.270951615896
0.276883767925
0.282925452444
0.289080151174
0.295351561213
0.301743611634
0.308260481732
0.314906621127
0.321686771963
0.328605993472
0.335669689231
0.342883637471
0.350254024875
0.357787484377
0.365491137542
0.373372642256
0.381440246534
0.389702849466
0.398170070486
0.406852328408
0.415760931975
0.424908184056
0.434307502096
0.443973558061
0.453922441885
0.464171853462
0.474741329547
0.485652513686
0.496929479611
0.508599121683
0.5206916302
0.533241075263
0.546286131074
0.559870984138
0.574046485503
0.588871631684
0.604415495363
0.620759782706
0.638002281111
0.656261600659
0.67568384298
0.696452224953
0.718801384211
0.743039394186
0.769583067869
0.799017466995
0.832202613793
0.870480588843
0.916121989685
0.973441322028
1.05228273718
1.18388663591
1.34345464975
1.14558031272
1.05397344897
0.99891396696
0.960478823312
0.931318311636
0.907867792188
0.888080987124
0.87064250579
0.854643350794
0.839434032772
0.824554126744
0.809694932177
0.794674112467
0.779412249985
0.763908097862
0.748213432031
0.732410043269
0.716591116298
0.700848011263
0.685262215919
0.669901462806
0.654818760015
0.640053196973
0.625631656831
0.611570854001
0.597879351432
0.584559379878
0.571608388163
0.559020314957
0.54678660402
0.534896997943
0.523340148253
0.512104077386
0.501176523461
0.490545193663
0.480197947142
0.470122924046
0.460308633756
0.450744012413
0.441418457559
0.432321845867
0.423444538502
0.414777377591
0.406311676393
0.398039205157
0.389952174122
0.382043214763
0.374305360097
0.366732024619
0.359316984328
0.35205435711
0.344938583714
0.337964409444
0.331126866662
0.324421258147
0.317843141321
0.311388313364
0.305052797171
0.298832828157
0.29272484185
0.286725462258
0.280831490951
0.275039896838
0.269347806579
0.263752495609
0.258251379727
0.252842007215
0.247522051449
0.242289303983
0.237141668053
0.232077152488
0.227093865995
0.222190011794
0.217363882578
0.212613855773
0.207938389084
0.203336016304
0.198805343365
0.19434504462
0.189953859342
0.185630588417
0.181374091227
0.177183282705
0.173057130554
0.16899465262
0.164994914405
0.161057026717
0.157180143442
0.153363459438
0.149606208535
0.145907661641
0.14226712495
0.138683938233
0.135157473225
0.131687132087
0.128272345947
0.124912573515
0.121607299767
0.118356034688
0.115158312086
0.112013688453
0.108921741893
0.105882071088
0.102894294328
0.0999580485752
0.0970729885792
0.0942387860339
0.0914551287726
0.0887217200012
0.0860382775689
0.0834045332718
0.0808202321902
0.0782851320564
0.0757990026523
0.0733616252352
0.0709727919908
0.0686323055114
0.0663399782987
0.0640956322903
0.0618990984079
0.0597502161272
0.0576488330681
0.0555948046036
0.0535879934887
0.0516282695052
0.0497155091251
0.0478495951887
0.0460304165998
0.044257868034
0.0425318496628
0.0408522668898
0.0392190301011
0.0376320544276
0.0360912595191
0.0345965693301
0.0331479119167
0.0317452192435
0.030388427001
0.0290774744325
0.0278123041706
0.0265928620821
0.0254190971219
0.0242909611951
0.0232084090268
0.0221713980399
0.0211798882399
0.0202338421072
0.0193332244962
0.0184780025403
0.0176681455647
0.016903625004
0.0161844143266
0.0155104889652
0.0148818262518
0.0142984053595
0.013760207249
0.0132672146205
0.0128194118706
0.0124167850545
0.0120593218528
0.0117470115435
0.0114798449784
0.0112578145645
0.0110809142497
0.0109491395138
0.0108624873632
0.0108209563305
0.0108245464793
0.0108732594123
0.0109670982849
0.0111060678233
0.0112901743463
0.0115194257931
0.0117938317548
0.0121134035109
0.0124781540706
0.0128880982193
0.0133432525693
0.0138436356167
0.0143892678025
0.0149801715796
0.0156163714848
0.0162978942171
0.0170247687206
0.017797026275
0.0186147005904
0.0194778279094
0.0203864471162
0.0213405998506
0.0223403306314
0.0233856869846
0.0244767195812
0.0256134823809
0.0267960327854
0.0280244317989
0.0292987441981
0.0306190387104
0.0319853882027
0.0333978698785
0.0348565654865
0.0363615615389
0.0379129495413
0.0395108262339
0.0411552938447
0.0428464603554
0.0445844397803
0.0463693524588
0.0482013253623
0.0500804924163
0.0520069948372
0.0539809814867
0.0560026092423
0.0580720433861
0.0601894580118
0.0623550364526
0.0645689717276
0.0668314670119
0.0691427361276
0.0715030040593
0.0739125074944
0.0763714953893
0.0788802295634
0.0814389853213
0.0840480521062
0.0867077341848
0.0894183513656
0.0921802397535
0.094993752541
0.0978592608393
0.100777154551
0.103747843288
0.106771757331
0.109849348651
0.112981091962
0.116167485855
0.119409053967
0.122706346228
0.12605994017
0.129470442304
0.132938489575
0.136464750899
0.140049928782
0.143694761032
0.147400022571
0.151166527349
0.154995130371
0.158886729848
0.16284226947
0.166862740829
0.170949185981
0.175102700178
0.179324434771
0.183615600298
0.187977469785
0.192411382262
0.196918746514
0.201501045104
0.206159838673
0.210896770543
0.215713571667
0.220612065939
0.22559417591
0.23066192894
0.235817463842
0.241063038047
0.246401035361
0.251833974367
0.257364517537
0.26299548114
0.268729846019
0.274570769347
0.280521597464
0.286585879933
0.292767384936
0.299070116207
0.305498331659
0.31205656394
0.318749643172
0.32558272214
0.3325613043
0.339691274968
0.346978936171
0.354431045691
0.362054860936
0.3698581884
0.377849439607
0.386037694612
0.394432774351
0.403045323403
0.411886905066
0.42097011106
0.430308688724
0.439917689241
0.449813641318
0.460014755879
0.470541168827
0.481415230881
0.492661856153
0.50430894464
0.516387898648
0.528934259855
0.541988503031
0.555597035757
0.569813472625
0.584700280581
0.600330934256
0.616792784587
0.634190944934
0.652653660901
0.672339897714
0.693450335979
0.716243775585
0.741062440624
0.768372566336
0.798832539065
0.83341357729
0.873626914197
0.921978398121
0.98288832701
1.06367701303
1.1541144954
1.13068017775
1.05271082141
0.994978978215
0.953498413275
0.922124097785
0.897256314486
0.876736034187
0.859164320042
0.843568293805
0.829235308737
0.815629188927
0.802347922731
0.789101723877
0.775699329393
0.762035513869
0.748076574925
0.733843480703
0.719394208363
0.704807374057
0.690168818839
0.675561916496
0.661061515342
0.646730884339
0.632620833948
0.618770223877
0.60520723003
0.591950929423
0.579012925079
0.566398855633
0.554109717224
0.542142976387
0.530493481134
0.519154191368
0.508116754855
0.497371955136
0.486910055551
0.476721060249
0.466794909702
0.457121624965
0.447691412197
0.438494736536
0.429522372525
0.420765436693
0.412215406685
0.403864130298
0.395703827069
0.387727084413
0.379926849855
0.372296420535
0.364829430892
0.357519839188
0.350361913392
0.343350216807
0.336479593707
0.329745155192
0.323142265408
0.316666528227
0.310313774451
0.304080049582
0.297961602173
0.291954872771
0.286056483443
0.280263227874
0.274572062021
0.268980095295
0.263484582255
0.258082914786
0.252772614737
0.247551326986
0.242416812922
0.237366944307
0.232399697495
0.227513147997
0.222705465359
0.217974908336
0.213319820344
0.208738625179
0.204229822969
0.199791986363
0.195423756925
0.191123841738
0.18689101018
0.182724090893
0.178621968899
0.174583582879
0.170607922597
0.166694026448
0.162840979149
0.159047909534
0.155313988471
0.151638426879
0.148020473843
0.144459414831
0.140954569984
0.137505292506
0.134110967114
0.130771008581
0.127484860328
0.124251993103
0.121071903704
0.117944113776
0.114868168652
0.111843636253
0.108870106042
0.105947188016
0.103074511753
0.100251725498
0.0974784952865
0.0947545041175
0.0920794511525
0.0894530509575
0.0868750327758
0.0843451398341
0.0818631286789
0.0794287685436
0.0770418407423
0.0747021380915
0.0724094643575
0.0701636337281
0.0679644703083
0.0658118076386
0.0637054882341
0.0616453631459
0.0596312915407
0.0576631403009
0.0557407836418
0.053864102747
0.0520329854204
0.0502473257545
0.0485070238137
0.0468119853333
0.0451621214316
0.0435573483371
0.0419975871275
0.0404827634826
0.0390128074483
0.0375876532133
0.036207238896
0.0348715063433
0.0335804009391
0.0323338714229
0.0311318697189
0.0299743507729
0.0288612723999
0.027792595139
0.0267682821176
0.0257882989231
0.024852613483
0.0239611959518
0.0231140186061
0.0223110557461
0.0215522836044
0.0208376802615
0.0201672255673
0.0195409010698
0.0189586899492
0.0184205769581
0.0179265483684
0.0174765919228
0.0170706967928
0.0167088535417
0.0163910540937
0.0161172917074
0.0158875609559
0.0157018577107
0.015560179132
0.0154625236636
0.0154088910326
0.0153992822556
0.0154336996479
0.01551214684
0.0156346287975
0.0158011518475
0.0160117237091
0.0162663535298
0.0165650519273
0.0169078310364
0.0172947045612
0.0177256878332
0.0182007978749
0.0187200534696
0.019283475236
0.0198910857101
0.0205429094326
0.0212389730427
0.0219793053784
0.0227639375839
0.023592903223
0.024466238401
0.0253839818921
0.0263461752763
0.0273528630826
0.0284040929409
0.0294999157425
0.0306403858085
0.0318255610681
0.0330555032454
0.0343302780559
0.0356499554138
0.0370146096486
0.038424319733
0.0398791695222
0.0413792480042
0.0429246495628
0.044515474253
0.0461518280888
0.0478338233462
0.0495615788784
0.0513352204475
0.0531548810707
0.0550207013826
0.0569328300145
0.0588914239911
0.0608966491454
0.0629486805525
0.0650477029838
0.0671939113817
0.0693875113556
0.0716287197018
0.073917764946
0.076254887912
0.0786403423157
0.0810743953869
0.08355732852
0.0860894379553
0.0886710354911
0.091302449231
0.0939840243647
0.0967161239872
0.0994991299568
0.102333443794
0.105219487626
0.108157705174
0.111148562792
0.114192550557
0.117290183413
0.120442002375
0.123648575792
0.12691050068
0.13022840412
0.133602944735
0.137034814241
0.140524739092
0.144073482207
0.147681844796
0.151350668295
0.155080836409
0.158873277271
0.162728965739
0.166648925824
0.170634233274
0.174686018309
0.178805468547
0.182993832099
0.187252420887
0.191582614169
0.195985862315
0.200463690836
0.205017704706
0.209649592993
0.214361133823
0.219154199723
0.224030763371
0.228992903785
0.234042813008
0.239182803333
0.244415315123
0.249742925281
0.255168356459
0.260694487067
0.266324362174
0.27206120541
0.277908431983
0.28386966293
0.289948740761
0.296149746677
0.30247701953
0.308935176782
0.315529137703
0.322264149127
0.329145814103
0.336180123865
0.3433734936
0.350732802578
0.358265439323
0.365979352612
0.373883109258
0.381985959812
0.390297913559
0.398829824451
0.407593490016
0.416601765703
0.425868697714
0.435409678109
0.445241626903
0.455383207119
0.465855080347
0.476680212476
0.487884242109
0.499495927943
0.511547696612
0.524076319613
0.537123757941
0.550738227176
0.564975556113
0.579900941683
0.595591247007
0.612138056105
0.629651801721
0.648267444813
0.668152445274
0.689518192763
0.712636786492
0.737866275198
0.765689526395
0.796775114986
0.832072063936
0.872943330384
0.921250332125
0.978598502121
1.03928826521
1.0657949512
1.03338764191
0.985879998325
0.945304105323
0.912998924272
0.887046006006
0.865696440313
0.847658570409
0.831985833137
0.817964205585
0.805038746681
0.792770822609
0.78081509456
0.768907902914
0.756860864327
0.744555254015
0.731934494636
0.718993859321
0.705768010123
0.692317876785
0.678718513662
0.665049137514
0.651385884539
0.637797228988
0.62434162866
0.611066815101
0.598010163576
0.585199680413
0.572655271905
0.560390074538
0.548411716743
0.536723446087
0.525325096954
0.5142138982
0.503385133262
0.492832670948
0.482549386596
0.472527492433
0.462758793983
0.453234886987
0.443947306951
0.434887641251
0.426047611843
0.417419135029
0.408994363414
0.400765714125
0.392725886483
0.38486787165
0.377184956223
0.369670721296
0.362319038199
0.355124061828
0.348080222288
0.341182215405
0.334424992512
0.327803749843
0.321313917781
0.314951150116
0.308711313484
0.30259047704
0.29658490247
0.29069103436
0.284905490967
0.279225055392
0.273646667185
0.268167414344
0.26278452574
0.257495363932
0.252297418358
0.247188298909
0.242165729843
0.237227544037
0.232371677559
0.227596164539
0.222899132323
0.218278796897
0.213733458558
0.20926149783
0.204861371598
0.20053160945
0.196270810219
0.192077638709
0.187950822593
0.183889149473
0.179891464094
0.175956665705
0.172083705543
0.168271584459
0.164519350648
0.160826097502
0.157190961562
0.153613120567
0.150091791607
0.146626229348
0.143215724354
0.139859601476
0.136557218324
0.133307963801
0.130111256711
0.126966544416
0.123873301573
0.120831028902
0.117839252029
0.114897520369
0.112005406054
0.109162502915
0.106368425505
0.103622808158
0.100925304091
0.0982755845508
0.0956733379817
0.0931182692413
0.0906100988422
0.0881485622261
0.0857334090696
0.083364402617
0.0810413190423
0.0787639468365
0.0765320862208
0.0743455485846
0.0722041559463
0.0701077404373
0.0680561438068
0.0660492169487
0.0640868194473
0.062168819143
0.0602950917169
0.0584655202921
0.0566799950539
0.0549384128851
0.0532406770183
0.0515866967034
0.0499763868899
0.0484096679234
0.0468864652568
0.0454067091739
0.0439703345264
0.0425772804835
0.0412274902935
0.0399209110567
0.03865749351
0.0374371918225
0.036259963401
0.0351257687066
0.0340345710801
0.0329863365779
0.0319810338171
0.0310186338287
0.0300991099205
0.029222437548
0.0283885941938
0.0275975592545
0.0268493139359
0.0261438411556
0.0254811254528
0.0248611529056
0.0242839110549
0.023749388836
0.0232575765159
0.0228084656382
0.0224020489735
0.0220383204772
0.0217172752528
0.0214389095218
0.0212032205994
0.0210102068769
0.0208598678094
0.0207522039097
0.0206872167484
0.0206649089596
0.0206852842524
0.0207483474292
0.0208541044083
0.0210025622544
0.0211937292133
0.0214276147537
0.021704229615
0.0220235858608
0.0223856969387
0.0227905777472
0.0232382447077
0.0237287158443
0.0242620108693
0.0248381512762
0.0254571604389
0.0261190637189
0.0268238885786
0.0275716647034
0.0283624241299
0.0291962013833
0.0300730336223
0.0309929607916
0.0319560257842
0.0329622746117
0.0340117565833
0.0351045244953
0.0362406348289
0.0374201479589
0.0386431283722
0.039909644897
0.0412197709428
0.0425735847525
0.0439711696651
0.0454126143914
0.046898013302
0.0484274667286
0.0500010812784
0.0516189701629
0.0532812535412
0.0549880588786
0.0567395213205
0.058535784083
0.0603769988602
0.0622633262498
0.0641949361964
0.0661720084538
0.0681947330686
0.0702633108828
0.0723779540596
0.0745388866308
0.076746345069
0.0790005788833
0.0813018512418
0.0836504396214
0.0860466364849
0.0884907499892
0.0909831047241
0.0935240424843
0.0961139230757
0.0987531251585
0.101442047128
0.104181108039
0.106970748565
0.109811432013
0.112703645381
0.115647900462
0.118644735011
0.121694713961
0.124798430703
0.127956508432
0.131169601559
0.134438397197
0.137763616726
0.141146017441
0.144586394289
0.148085581706
0.15164445555
0.15526393515
0.158944985472
0.162688619414
0.166495900236
0.170367944145
0.174305923032
0.178311067393
0.182384669431
0.186528086366
0.190742743967
0.195030140325
0.19939184989
0.203829527792
0.20834491448
0.212939840702
0.217616232853
0.222376118748
0.227221633836
0.23215502791
0.237178672379
0.242295068122
0.247506854033
0.252816816288
0.258227898446
0.263743212454
0.269366050678
0.275099899059
0.280948451551
0.286915625977
0.293005581488
0.299222737828
0.305571796636
0.31205776506
0.318685981997
0.325462147316
0.332392354508
0.339483127247
0.346741460466
0.35417486664
0.361791428105
0.369599856405
0.377609559852
0.385830720725
0.394274383847
0.402952558636
0.411878337219
0.421066031786
0.430531335141
0.440291509364
0.450365608793
0.460774745197
0.471542405165
0.482694832682
0.494261493711
0.506275644909
0.518775035784
0.531802783616
0.545408474417
0.559649563021
0.574593173762
0.590318444354
0.606919615898
0.624510161063
0.643228374581
0.663245044561
0.684774099968
0.708087486729
0.73353584012
0.761576173119
0.792804186174
0.827971299115
0.867890698782
0.912815053227
0.959648598541
0.994187831871
0.995003680914
0.967712742374
0.933756365692
0.902885657089
0.876771519675
0.854877870974
0.836334481084
0.820354087064
0.806288300692
0.793608699251
0.781880857493
0.770745365455
0.75990682576
0.749128720999
0.73823140958
0.727090642033
0.715634584426
0.703838282558
0.691715568998
0.679309284907
0.66668111674
0.65390229338
0.641046001109
0.628181877177
0.615372520108
0.602671691771
0.590123782403
0.577764119943
0.565619775742
0.553710608478
0.542050372207
0.530647782041
0.519507480068
0.508630876952
0.498016864952
0.487662409573
0.477563032689
0.46771320197
0.458106641397
0.448736576464
0.439595926033
0.43067745106
0.421973868725
0.413477938992
0.405182529322
0.397080662158
0.389165548897
0.381430613309
0.37386950676
0.366476117115
0.359244572799
0.352169243173
0.345244736171
0.338465893881
0.331827786672
0.325325706286
0.318955158233
0.312711853778
0.306591701691
0.300590799939
0.294705427426
0.288932035865
0.283267241855
0.277707819191
0.272250691453
0.266892924892
0.261631721605
0.256464413025
0.25138845372
0.246401415481
0.241500981713
0.236684942107
0.231951187582
0.227297705497
0.222722575104
0.218223963246
0.213800120274
0.209449376187
0.205170136961
0.200960881087
0.196820156268
0.192746576303
0.188738818122
0.184795618971
0.180915773743
0.177098132439
0.173341597754
0.169645122778
0.166007708817
0.162428403305
0.158906297827
0.155440526221
0.15203026278
0.148674720524
0.145373149558
0.1421248355
0.138929097974
0.135785289173
0.132692792482
0.129651021157
0.126659417062
0.123717449455
0.12082461383
0.117980430793
0.115184445001
0.112436224126
0.10973535787
0.107081457017
0.104474152518
0.101913094616
0.0993979520022
0.0969284110054
0.0945041748108
0.0921249627099
0.089790509379
0.0875005641841
0.0852548905126
0.0830532651306
0.0808954775636
0.0787813295016
0.0767106342269
0.0746832160626
0.0726989098438
0.070757560408
0.0688590221056
0.0670031583296
0.0651898410636
0.0634189504478
0.0616903743619
0.0600040080251
0.0583597536128
0.0567575198878
0.0551972218479
0.0536787803878
0.0522021219758
0.0507671783437
0.0493738861908
0.0480221869012
0.0467120262734
0.0454433542627
0.0442161247354
0.0430302952348
0.041885826759
0.0407826835491
0.0397208328887
0.0387002449138
0.0377208924331
0.0367827507578
0.0358857975418
0.0350300126306
0.0342153779204
0.0334418772255
0.0327094961547
0.0320182219966
0.0313680436129
0.0307589513408
0.0301909369022
0.0296639933226
0.0291781148557
0.0287332969181
0.0283295360292
0.0279668297606
0.0276451766912
0.0273645763709
0.0271250292905
0.0269265368594
0.0267691013898
0.0266527260886
0.0265774150557
0.0265431732893
0.0265500066987
0.0265979221233
0.0266869273592
0.0268170311922
0.0269882434381
0.0272005749902
0.0274540378734
0.0277486453058
0.0280844117674
0.0284613530761
0.0288794864708
0.0293388307028
0.0298394061334
0.0303812348408
0.0309643407335
0.0315887496724
0.0322544896009
0.0329615906832
0.0337100854512
0.0345000089599
0.0353313989516
0.0362042960297
0.037118743841
0.038074789268
0.0390724826311
0.0401118779003
0.0411930329173
0.0423160096291
0.0434808743306
0.0446876979204
0.0459365561667
0.0472275299858
0.048560705732
0.0499361755012
0.0513540374466
0.0528143961077
0.054317362754
0.0558630557419
0.0574516008871
0.0590831318521
0.0607577905486
0.0624757275579
0.0642371025666
0.0660420848206
0.0678908535974
0.0697835986967
0.0717205209511
0.0737018327571
0.075727758627
0.0777985357636
0.079914414657
0.0820756597063
0.084282549866
0.0865353793189
0.0888344581759
0.0911801132059
0.0935726885944
0.0960125467351
0.0985000690543
0.10103565687
0.103619732291
0.106252739149
0.108935143979
0.111667437038
0.114450133376
0.117283773947
0.120168926782
0.123106188212
0.126096184149
0.129139571435
0.132237039254
0.135389310616
0.138597143919
0.141861334595
0.145182716837
0.148562165432
0.152000597684
0.155498975453
0.159058307312
0.162679650826
0.166364114975
0.170112862722
0.173927113739
0.177808147311
0.181757305427
0.185775996078
0.189865696774
0.194027958308
0.198264408781
0.202576757921
0.206966801711
0.211436427368
0.215987618702
0.220622461885
0.225343151684
0.230151998194
0.235051434126
0.240044022712
0.245132466286
0.250319615617
0.255608480081
0.26100223876
0.266504252578
0.272118077594
0.277847479596
0.283696450145
0.289669224255
0.295770299923
0.30200445974
0.308376794868
0.314892731704
0.32155806161
0.32837897414
0.335362094295
0.342514524403
0.349843891339
0.357358399955
0.365066893721
0.372978923805
0.38110482806
0.389455821695
0.39804410179
0.406882968308
0.415986964848
0.425372043181
0.435055756582
0.445057488259
0.455398722834
0.466103370992
0.477198160269
0.48871310873
0.500682103349
0.513143611726
0.526141565028
0.539726462694
0.553956766769
0.568900677598
0.584638415159
0.601265174254
0.618894978682
0.637665726637
0.657745778561
0.67934242253
0.702712248738
0.728172219837
0.756106015324
0.786946656541
0.82107288801
0.858419313918
0.897221398655
0.930999839813
0.947333297037
0.939714419895
0.917036535408
0.890632715208
0.865842545446
0.84405832265
0.825231681794
0.808923286565
0.794640584459
0.781930267589
0.770395332136
0.759691998123
0.74952377201
0.739637526165
0.72982225243
0.719909604484
0.709774799926
0.699336452626
0.688554313091
0.677424566125
0.665973047981
0.65424726494
0.64230828348
0.630223428695
0.618060396038
0.6058830066
0.593748532455
0.581706334393
0.569797483518
0.558055047421
0.546504773817
0.535165970758
0.524052445313
0.513173414033
0.502534336633
0.492137650443
0.481983399945
0.472069765434
0.462393500053
0.452950286559
0.443735025534
0.434742066115
0.425965389169
0.417398751531
0.409035798635
0.400870151632
0.392895474051
0.385105522118
0.377494182084
0.370055497272
0.362783687021
0.355673159275
0.348718518221
0.341914568079
0.335256313954
0.328738960433
0.322357908511
0.316108751267
0.309987268657
0.303989421689
0.298111346194
0.292349346362
0.286699888179
0.281159592849
0.27572523029
0.270393712745
0.265162088569
0.260027536198
0.254987358337
0.250038976371
0.245179925006
0.240407847141
0.235720488981
0.231115695366
0.226591405335
0.222145647893
0.217776538002
0.213482272753
0.209261127746
0.205111453642
0.201031672888
0.197020276608
0.193075821655
0.189196927795
0.185382275045
0.181630601135
0.177940699088
0.174311414928
0.170741645487
0.167230336322
0.163776479723
0.160379112816
0.157037315751
0.153750209973
0.150516956563
0.147336754658
0.144208839933
0.141132483151
0.138106988768
0.1351316936
0.132205965543
0.129329202338
0.12650083039
0.123720303629
0.12098710242
0.118300732504
0.115660723986
0.113066630354
0.110518027542
0.108014513017
0.105555704902
0.103141241129
0.100770778627
0.0984439925265
0.0961605754013
0.0939202365319
0.0917227011946
0.0895677099739
0.0874550180997
0.0853843948052
0.0833556227075
0.0813684972087
0.0794228259178
0.0775184280917
0.0756551340955
0.0738327848814
0.072051231486
0.0703103345445
0.0686099638224
0.0669499977638
0.0653303230558
0.0637508342091
0.0622114331535
0.060712028849
0.0592525369114
0.0578328792523
0.056452983733
0.0551127838327
0.0538122183298
0.052551230996
0.0513297703041
0.0501477891478
0.049005244574
0.0479020975274
0.0468383126064
0.0458138578317
0.0448287044246
0.0438828265984
0.0429762013589
0.0421088083171
0.0412806295115
0.040491649241
0.0397418539084
0.0390312318731
0.0383597733141
0.0377274701026
0.037134315684
0.0365803049692
0.0360654342355
0.0355897010358
0.0351531041177
0.0347556433509
0.0343973196631
0.0340781349855
0.0337980922059
0.0335571951306
0.0333554484552
0.0331928577431
0.0330694294126
0.0329851707324
0.0329400898253
0.0329341956798
0.0329674981703
0.0330400080857
0.0331517371653
0.0333026981442
0.0334929048056
0.0337223720429
0.0339911159284
0.034299153792
0.0346465043075
0.0350331875873
0.0354592252861
0.0359246407132
0.0364294589531
0.036973706996
0.0375574138761
0.0381806108199
0.038843331403
0.0395456117174
0.0402874905469
0.0410690095534
0.0418902134723
0.0427511503186
0.0436518716025
0.0445924325559
0.0455728923696
0.0465933144411
0.0476537666334
0.0487543215455
0.049895056794
0.0510760553071
0.0522974056303
0.0535592022446
0.0548615458972
0.0562045439459
0.0575883107163
0.0590129678726
0.0604786448033
0.0619854790205
0.0635336165747
0.0651232124849
0.0667544311844
0.068427446983
0.0701424445465
0.071899619393
0.0736991784076
0.0755413403764
0.0774263365387
0.0793544111607
0.0813258221295
0.0833408415689
0.0853997564783
0.0875028693956
0.0896504990841
0.0918429812466
0.094080669266
0.0963639349747
0.0986931694543
0.101068783867
0.103491210322
0.105960902771
0.108478337952
0.111044016362
0.113658463276
0.116322229813
0.119035894045
0.121800062159
0.124615369671
0.127482482699
0.130402099294
0.133374950843
0.136401803534
0.139483459903
0.142620760458
0.145814585389
0.149065856377
0.152375538496
0.15574464223
0.159174225603
0.162665396437
0.166219314746
0.169837195284
0.173520310239
0.177269992121
0.181087636825
0.184974706904
0.188932735068
0.192963327927
0.197068170002
0.201249028022
0.205507755549
0.209846297943
0.214266697723
0.218771100332
0.223361760386
0.228041048414
0.232811458176
0.237675614595
0.242636282384
0.247696375433
0.252858967046
0.25812730113
0.263504804424
0.268995099924
0.27460202161
0.280329630672
0.286182233384
0.292164400874
0.298280991008
0.304537172691
0.310938452901
0.317490706855
0.324200211735
0.331073684531
0.338118324581
0.345341861583
0.352752609909
0.360359530282
0.368172300047
0.37620139352
0.38445817422
0.392955001162
0.401705351889
0.410723965488
0.420027009638
0.429632276689
0.439559414991
0.449830203311
0.460468878214
0.471502526917
0.482961561655
0.494880296051
0.507297649978
0.520258017118
0.533812339456
0.548019445806
0.562947727211
0.578677240103
0.595302344985
0.612934993959
0.631708746999
0.65178345304
0.673350093107
0.696634069086
0.721891961671
0.749388050386
0.77931349289
0.811550039197
0.845042631953
0.876431397767
0.898757694068
0.904736908821
0.894503825623
0.87523676001
0.853600421137
0.832913271761
0.81427177366
0.797802745176
0.783287081112
0.770408439709
0.758842539345
0.748285777257
0.738462470311
0.72912574936
0.720057638584
0.711070032506
0.70200663114
0.692745136743
0.683198741622
0.673316024502
0.663078743791
0.652497536508
0.641606023075
0.630454125055
0.619101457352
0.60761149435
0.596046931845
0.584466381322
0.572922312783
0.561460033248
0.550117441245
0.538925307834
0.527907875402
0.517083616008
0.506466039129
0.496064478429
0.485884817006
0.475930131545
0.466201249376
0.456697220746
0.447415713107
0.438353336298
0.429505908062
0.420868668959
0.412436454996
0.404203835266
0.396165220877
0.388314950491
0.380647356889
0.373156818236
0.36583779705
0.358684869324
0.351692745805
0.344856287035
0.338170513473
0.331630611732
0.325231937802
0.318970017911
0.312840547587
0.306839389348
0.300962569371
0.295206273409
0.289566842185
0.284040766424
0.278624681672
0.27331536299
0.268109719631
0.263004789736
0.257997735113
0.253085836136
0.248266486779
0.243537189811
0.238895552162
0.234339280474
0.229866176822
0.22547413463
0.221161134765
0.216925241802
0.212764600477
0.208677432293
0.204662032297
0.200716766012
0.196840066516
0.193030431662
0.189286421431
0.185606655421
0.18198981045
0.178434618273
0.174939863412
0.17150438109
0.16812705525
0.164806816678
0.161542641207
0.158333547997
0.155178597899
0.152076891882
0.149027569533
0.14602980762
0.143082818711
0.140185849851
0.137338181289
0.134539125262
0.131788024817
0.129084252681
0.126427210172
0.123816326153
0.121251056014
0.118730880699
0.116255305759
0.113823860442
0.111436096811
0.109091588886
0.106789931823
0.104530741106
0.102313651779
0.100138317689
0.0980044107546
0.0959116202645
0.0938596521854
0.0918482284982
0.0898770865508
0.0879459784302
0.0860546703536
0.0842029420765
0.0823905863187
0.0806174082073
0.0788832247358
0.0771878642396
0.0755311658871
0.0739129791864
0.072333163507
0.0707915876164
0.0692881292312
0.0678226745826
0.0663951179961
0.0650053614848
0.0636533143569
0.0623388928358
0.0610620196945
0.0598226239027
0.0586206402864
0.0574560092009
0.0563286762164
0.0552385918156
0.054185711104
0.0531699935323
0.0521914026309
0.0512499057558
0.0503454738472
0.0494780811989
0.0486477052395
0.047854326325
0.0470979275426
0.0463784945256
0.0456960152797
0.0450504800194
0.0444418810158
0.0438702124554
0.0433354703085
0.042837652209
0.0423767573442
0.0419527863548
0.0415657412458
0.0412156253065
0.0409024430415
0.0406262001116
0.0403869032838
0.0401845603924
0.0400191803091
0.0398907729234
0.039799349132
0.0397449208394
0.0397275009664
0.0397471034695
0.0398037433696
0.0398974367903
0.0400282010061
0.0401960544998
0.0404010170301
0.0406431097081
0.040922355085
0.0412387772475
0.0415924019246
0.0419832566037
0.042411370656
0.0428767754731
0.0433795046119
0.0439195939511
0.0444970818566
0.0451120093582
0.0457644203354
0.0464543617146
0.0471818836761
0.047947039872
0.0487498876545
0.0495904883153
0.0504689073358
0.0513852146482
0.0523394849081
0.0533317977781
0.0543622382231
0.0554308968177
0.0565378700642
0.0576832607242
0.0588671781612
0.0600897386967
0.0613510659778
0.062651291359
0.0639905542965
0.065369002756
0.0667867936344
0.0682440931962
0.0697410775231
0.0712779329802
0.0728548566958
0.0744720570582
0.0761297542284
0.0778281806689
0.0795675816911
0.0813482160198
0.0831703563764
0.0850342900819
0.0869403196799
0.0888887635804
0.0908799567265
0.0929142512831
0.0949920173504
0.0971136437028
0.0992795385546
0.101490130354
0.103745868605
0.106047224726
0.108394692934
0.110788791174
0.113230062074
0.115719073953
0.118256421862
0.120842728673
0.123478646223
0.126164856498
0.128902072886
0.131691041476
0.134532542438
0.137427391455
0.140376441239
0.143380583126
0.146440748753
0.149557911835
0.152733090031
0.155967346932
0.159261794153
0.162617593561
0.166035959636
0.169518161983
0.173065528003
0.17667944574
0.180361366926
0.184112810218
0.187935364683
0.191830693509
0.195800538002
0.199846721868
0.203971155823
0.208175842558
0.212462882085
0.216834477524
0.22129294134
0.225840702119
0.2304803119
0.235214454144
0.240045952406
0.244977779775
0.250013069182
0.255155124664
0.260407433704
0.265773680757
0.271257762126
0.276863802334
0.282596172195
0.28845950879
0.294458737594
0.300599097066
0.306886166
0.31332589406
0.319924635933
0.326689189636
0.333626839612
0.340745405343
0.348053296356
0.35555957467
0.363274025918
0.371207240643
0.379370707545
0.387776920877
0.396439504593
0.405373356496
0.414594816313
0.424121862556
0.433974344193
0.444174254566
0.454746056891
0.465717072933
0.477117949451
0.488983220621
0.501351989224
0.514268754768
0.527784422922
0.541957536778
0.556855774721
0.572557757173
0.589155184163
0.606755261967
0.625483211771
0.645484252048
0.66692349409
0.689979939371
0.714825429572
0.741566780945
0.770100511062
0.799772464592
0.828683535675
0.852817444567
0.866655246014
0.86700624159
0.856167543057
0.839419216803
0.821041524212
0.803278187612
0.786992793865
0.772369570169
0.759306241204
0.74759484645
0.736998022278
0.727279305688
0.718214492783
0.709595905452
0.701234619638
0.692962637722
0.684635513551
0.676135176457
0.667372325364
0.658287678089
0.648851524305
0.639061374605
0.628937905408
0.618519736135
0.607857744513
0.597009604604
0.586035066007
0.574992262802
0.563935122355
0.552911783382
0.541963842467
0.531126218708
0.520427437773
0.509890169636
0.499531894061
0.4893656055
0.479400500237
0.46964261232
0.460095381596
0.450760148262
0.441636575276
0.432723003827
0.424016748955
0.415514343038
0.407211734676
0.399104449973
0.391187722434
0.383456596889
0.375906012065
0.368530865696
0.361326065426
0.354286568183
0.347407410248
0.340683729831
0.334110783632
0.327683958607
0.321398779908
0.315250915792
0.309236180158
0.303350533213
0.297590080704
0.291951072041
0.286429897589
0.281023085343
0.27572729717
0.270539324735
0.265456085244
0.260474617081
0.2555920754
0.250805727734
0.246112949658
0.241511220542
0.2369981194
0.232571320875
0.228228591351
0.223967785213
0.219786841245
0.215683779188
0.211656696435
0.207703764878
0.20382322789
0.200013397459
0.196272651441
0.192599430952
0.188992237879
0.185449632513
0.181970231291
0.178552704648
0.175195774972
0.17189821465
0.168658844211
0.165476530553
0.162350185252
0.159278762949
0.156261259801
0.153296712017
0.150384194439
0.147522819196
0.144711734409
0.141950122952
0.139237201259
0.13657221818
0.133954453885
0.131383218799
0.128857852587
0.126377723166
0.123942225759
0.121550781975
0.119202838924
0.116897868356
0.114635365831
0.112414849913
0.110235861383
0.108097962488
0.106000736193
0.103943785472
0.101926732603
0.0999492184937
0.0980109020173
0.0961114593681
0.0942505834342
0.0924279831845
0.0906433830723
0.0888965224525
0.0871871550146
0.0855150482283
0.083879982804
0.0822817521657
0.0807201619378
0.0791950294447
0.0777061832223
0.0762534625434
0.0748367169545
0.0734558058254
0.0721105979107
0.0708009709237
0.0695268111219
0.0682880129053
0.067084478426
0.0659161172094
0.0647828457883
0.0636845873481
0.062621271384
0.06159283337
0.0605992144396
0.0596403610789
0.0587162248306
0.0578267620103
0.0569719334345
0.0561517041602
0.0553660432367
0.0546149234682
0.0538983211892
0.0532162160508
0.0525685908191
0.0519554311853
0.0513767255869
0.0508324650412
0.05032264299
0.049847255156
0.0494062994108
0.0489997756541
0.048627685705
0.048290033204
0.0479868235272
0.0477180637113
0.0474837623902
0.0472839297432
0.047118577454
0.0469877186811
0.0468913680403
0.0468295415969
0.0468022568705
0.0468095328501
0.0468513900209
0.0469278504018
0.0470389375944
0.0471846768425
0.0473650951036
0.0475802211303
0.047830085564
0.0481147210382
0.0484341622942
0.0487884463067
0.0491776124211
0.0496017025015
0.0500607610896
0.0505548355748
0.0510839763751
0.051648237129
0.0522476748986
0.0528823503834
0.0535523281451
0.0542576768441
0.054998469486
0.0557747836798
0.0565867019075
0.057434311804
0.0583177064489
0.0592369846691
0.0601922513532
0.0611836177766
0.0622112019388
0.0632751289112
0.064375531198
0.0655125491071
0.0666863311347
0.0678970343605
0.0691448248555
0.0704298781031
0.0717523794312
0.0731125244587
0.0745105195541
0.075946582308
0.0774209420194
0.078933840196
0.0804855310692
0.0820762821242
0.0837063746452
0.0853761042779
0.0870857816076
0.0888357327555
0.0906262999931
0.0924578423758
0.0943307363965
0.0962453766606
0.0982021765832
0.100201569109
0.10224400746
0.104329965903
0.106459940556
0.108634450211
0.1108540372
0.113119268289
0.115430735609
0.117789057628
0.120194880158
0.122648877416
0.125151753124
0.127704241665
0.130307109292
0.132961155395
0.135667213837
0.13842615435
0.141238884013
0.144106348807
0.147029535251
0.15000947214
0.153047232379
0.156143934923
0.159300746842
0.162518885509
0.165799620926
0.169144278204
0.172554240205
0.176030950357
0.179575915676
0.183190709978
0.186876977341
0.1906364358
0.194470881332
0.198382192127
0.202372333188
0.206443361303
0.210597430391
0.214836797296
0.219163828051
0.223581004667
0.228090932503
0.232696348272
0.237400128765
0.242205300346
0.247115049336
0.252132733358
0.257261893772
0.262506269315
0.267869811108
0.273356699172
0.27897136067
0.284718490066
0.290603071481
0.296630403508
0.302806126848
0.309136255139
0.315627209449
0.322285856956
0.32911955445
0.336136197386
0.343344275371
0.350752935115
0.358372052064
0.366212312217
0.37428530585
0.382603635308
0.391181039397
0.400032537496
0.409174597167
0.418625329844
0.42840472024
0.438534896335
0.449040448342
0.459948806915
0.471290693018
0.483100654391
0.495417706134
0.508286095296
0.521756210326
0.535885653807
0.550740486276
0.566396620558
0.582941279623
0.600474283608
0.619108611947
0.638968996279
0.660185806391
0.682878250737
0.70711392663
0.732817236536
0.759572669741
0.78624237062
0.810417149051
0.82831060909
0.836290305402
0.833570525089
0.822852130252
0.808010055726
0.791987437802
0.776396161641
0.761926377474
0.748773642652
0.73689957349
0.726164859724
0.71639196881
0.707393444198
0.698984407807
0.690988319443
0.683240272277
0.675589742584
0.667903487126
0.660068595816
0.651995317313
0.643619104629
0.63490135774
0.625828542625
0.616409673335
0.60667245672
0.59665862261
0.586419040903
0.576009163708
0.565485172692
0.554901022741
0.544306405426
0.533745538329
0.523256623879
0.51287180425
0.502617451471
0.492514659553
0.482579837491
0.472825331928
0.46326003308
0.45388993648
0.444718646599
0.435747817496
0.426977531366
0.418406619108
0.410032928755
0.40185354813
0.393864988103
0.386063332367
0.378444359076
0.371003639029
0.363736614432
0.356638661652
0.349705140857
0.34293143493
0.336312979662
0.329845286858
0.323523961719
0.317344715605
0.311303375092
0.305395888052
0.299618327384
0.293966892865
0.288437911538
0.283027836951
0.277733247516
0.272550844193
0.267477447688
0.262509995278
0.257645537392
0.25288123403
0.248214351093
0.24364225667
0.23916241734
0.234772394508
0.230469840816
0.226252496627
0.222118186623
0.218064816504
0.214090369803
0.21019290483
0.206370551727
0.202621509656
0.198944044102
0.195336484295
0.191797220758
0.188324702952
0.184917437045
0.18157398378
0.178292956441
0.17507301892
0.171912883874
0.168811310971
0.165767105211
0.162779115338
0.159846232318
0.156967387885
0.154141553162
0.151367737338
0.148644986401
0.145972381936
0.143349039966
0.140774109843
0.138246773188
0.135766242874
0.133331762041
0.130942603159
0.12859806712
0.126297482362
0.124040204029
0.121825613153
0.11965311587
0.117522142652
0.115432147571
0.113382607584
0.111373021827
0.109402910947
0.107471816439
0.1055793
0.103724942908
0.101908345407
0.100129126111
0.0983869214215
0.0966813849563
0.0950121869909
0.0933790139132
0.0917815676884
0.0902195653354
0.0886927384137
0.0872008325205
0.0857436067988
0.0843208334541
0.0829322972825
0.0815777952073
0.0802571358257
0.0789701389652
0.0777166352495
0.0764964656735
0.0753094811889
0.0741555422984
0.0730345186602
0.0719462887026
0.0708907392474
0.0698677651446
0.0688772689164
0.0679191604117
0.0669933564708
0.066099780601
0.0652383626624
0.0644090385647
0.0636117499745
0.0628464440347
0.0621130730934
0.0614115944456
0.0607419700856
0.0601041664707
0.0594981542973
0.0589239082878
0.0583814069902
0.057870632589
0.0573915707282
0.0569442103469
0.0565285435266
0.0561445653504
0.0557922737755
0.0554716695168
0.0551827559441
0.0549255389904
0.0547000270739
0.0545062310317
0.0543441640657
0.0542138417019
0.0541152817616
0.0540485043445
0.0540135318258
0.0540103888638
0.0540391024215
0.0540997017994
0.0541922186818
0.0543166871939
0.0544731439725
0.0546616282481
0.0548821819393
0.0551348497595
0.0554196793349
0.0557367213355
0.0560860296168
0.0564676613741
0.0568816773079
0.0573281418016
0.0578071231101
0.0583186935598
0.0588629297608
0.0594399128291
0.0600497286211
0.0606924679787
0.0613682269854
0.0620771072334
0.0628192161015
0.0635946670443
0.0644035798912
0.0652460811568
0.066122304362
0.0670323903651
0.0679764877039
0.0689547529486
0.0699673510643
0.0710144557858
0.0720962500011
0.0732129261471
0.0743646866152
0.0755517441687
0.0767743223704
0.0780326560217
0.0793269916139
0.0806575877902
0.0820247158202
0.0834286600872
0.0848697185877
0.0863482034443
0.0878644414324
0.0894187745215
0.0910115604314
0.0926431732037
0.0943140037903
0.0960244606594
0.0977749704198
0.0995659784643
0.101397949635
0.103271368908
0.105186742107
0.107144596634
0.109145482236
0.11118997179
0.11327866213
0.115412174899
0.117591157435
0.119816283708
0.122088255277
0.124407802313
0.126775684651
0.129192692909
0.131659649647
0.134177410595
0.136746865944
0.139368941706
0.142044601142
0.14477484628
0.147560719518
0.150403305315
0.153303731992
0.156263173642
0.159282852154
0.162364039372
0.165508059399
0.168716291041
0.17199017043
0.175331193821
0.178740920586
0.182220976421
0.18577305679
0.189398930619
0.193100444267
0.196879525806
0.200738189626
0.204678541407
0.208702783492
0.212813220693
0.217012266587
0.221302450333
0.225686424086
0.230166971051
0.234747014254
0.239429626115
0.244218038895
0.249115656129
0.254126065157
0.259253050872
0.26450061084
0.269872971964
0.275374608859
0.28101026419
0.286784971198
0.292704078724
0.298773279049
0.304998638967
0.311386634518
0.317944189934
0.324678721405
0.331598186411
0.338711139459
0.346026795267
0.353555100577
0.361306816047
0.369293609911
0.377528165468
0.386024304815
0.394797131779
0.403863197551
0.413240693248
0.422949674471
0.433012323914
0.443453259193
0.454299894309
0.465582864377
0.477336524228
0.489599531734
0.502415525169
