3.69149155688e-17
4.45050497404e-07
1.7802015326e-06
4.0054517348e-06
7.12079881931e-06
1.11262395875e-05
1.60217699266e-05
2.18073848099e-05
2.84830782965e-05
3.60488435311e-05
4.4504672744e-05
5.3850557251e-05
6.40864874529e-05
7.52124528359e-05
8.72284419706e-05
0.000100134442513
0.000113930441202
0.000128616423862
0.000144192375401
0.00016065827981
0.000178014120163
0.000196259878619
0.000215395536417
0.000235421073879
0.00025633647041
0.000278141704494
0.000300836753697
0.000324421594668
0.000348896203131
0.000374260553895
0.000400514620845
0.000427658376944
0.000455691794234
0.000484614843837
0.000514427495948
0.00054512971984
0.000576721483862
0.000609202755438
0.000642573501066
0.000676833686319
0.000711983275841
0.000748022233352
0.00078495052164
0.000822768102566
0.000861474937061
0.000901070985126
0.000941556205829
0.000982930557309
0.00102519399677
0.00106834648048
0.00111238796378
0.00115731840106
0.0012031377458
0.00124984595052
0.0012974429668
0.0013459287453
0.00139530323573
0.00144556638686
0.0014967181465
0.00154875846156
0.00160168727796
0.0016555045407
0.00171021019382
0.00176580418044
0.0018222864427
0.0018796569218
0.001937915558
0.0019970622906
0.00205709705794
0.00211801979741
0.00217983044546
0.00224252893757
0.00230611520826
0.00237058919109
0.00243595081866
0.00250220002262
0.00256933673365
0.00263736088146
0.00270627239479
0.00277607120144
0.00284675722821
0.00291833040094
0.0029907906445
0.0030641378828
0.00313837203876
0.00321349303432
0.00328950079045
0.00336639522716
0.00344417626344
0.00352284381732
0.00360239780586
0.00368283814512
0.00376416475016
0.00384637753507
0.00392947641295
0.0040134612959
0.00409833209503
0.00418408872046
0.0042707310813
0.00435825908568
0.00444667264071
0.0045359716525
0.00462615602618
0.00471722566585
0.00480918047461
0.00490202035455
0.00499574520674
0.00509035493126
0.00518584942716
0.00528222859246
0.00537949232419
0.00547764051833
0.00557667306986
0.00567658987272
0.00577739081983
0.00587907580308
0.00598164471334
0.00608509744042
0.00618943387311
0.00629465389917
0.00640075740532
0.00650774427722
0.0066156143995
0.00672436765574
0.00683400392849
0.00694452309921
0.00705592504835
0.00716820965528
0.00728137679832
0.00739542635473
0.0075103582007
0.00762617221137
0.00774286826081
0.00786044622201
0.0079789059669
0.00809824736635
0.00821847029011
0.0083395746069
0.00846156018433
0.00858442688893
0.00870817458616
0.00883280314038
0.00895831241484
0.00908470227174
0.00921197257215
0.00934012317605
0.00946915394232
0.00959906472873
0.00972985539196
0.00986152578757
0.00999407576999
0.0101275051926
0.0102618139075
0.010397001766
0.0105330686178
0.010670014312
0.0108078386962
0.0109465416169
0.0110861229197
0.0112265824489
0.0113679200476
0.0115101355579
0.0116532288207
0.0117971996756
0.0119420479614
0.0120877735154
0.0122343761738
0.0123818557719
0.0125302121436
0.0126794451216
0.0128295545377
0.0129805402221
0.0131324020042
0.0132851397121
0.0134387531727
0.0135932422116
0.0137486066535
0.0139048463217
0.0140619610384
0.0142199506244
0.0143788148995
0.0145385536823
0.0146991667901
0.014860654039
0.015023015244
0.0151862502187
0.0153503587756
0.015515340726
0.0156811958799
0.015847924046
0.0160155250319
0.016183998644
0.0163533446872
0.0165235629655
0.0166946532815
0.0168666154363
0.0170394492302
0.0172131544619
0.017387730929
0.0175631784277
0.0177394967532
0.017916685699
0.0180947450577
0.0182736746205
0.0184534741773
0.0186341435166
0.0188156824258
0.0189980906909
0.0191813680966
0.0193655144264
0.0195505294623
0.0197364129851
0.0199231647744
0.0201107846083
0.0202992722636
0.0204886275159
0.0206788501393
0.0208699399067
0.0210618965896
0.0212547199582
0.0214484097813
0.0216429658263
0.0218383878594
0.0220346756453
0.0222318289475
0.0224298475279
0.0226287311473
0.0228284795648
0.0230290925385
0.0232305698248
0.0234329111789
0.0236361163544
0.0238401851038
0.0240451171781
0.0242509123266
0.0244575702976
0.0246650908378
0.0248734736925
0.0250827186056
0.0252928253195
0.0255037935752
0.0257156231124
0.0259283136691
0.0261418649822
0.0263562767868
0.0265715488167
0.0267876808044
0.0270046724806
0.0272225235749
0.0274412338151
0.0276608029278
0.0278812306378
0.0281025166689
0.0283246607428
0.0285476625803
0.0287715219003
0.0289962384203
0.0292218118564
0.029448241923
0.0296755283333
0.0299036707985
0.0301326690287
0.0303625227323
0.0305932316161
0.0308247953855
0.0310572137443
0.0312904863947
0.0315246130374
0.0317595933714
0.0319954270945
0.0322321139024
0.0324696534897
0.0327080455492
0.0329472897721
0.0331873858481
0.0334283334652
0.0336701323099
0.0339127820671
0.0341562824199
0.03440063305
0.0346458336374
0.0348918838606
0.0351387833961
0.0353865319192
0.0356351291034
0.0358845746203
0.0361348681403
0.0363860093318
0.0366379978618
0.0368908333953
0.0371445155958
0.0373990441253
0.0376544186439
0.03791063881
0.0381677042804
0.0384256147102
0.0386843697527
0.0389439690596
0.0392044122808
0.0394656990646
0.0397278290575
0.0399908019041
0.0402546172475
0.040519274729
0.0407847739882
0.0410511146627
0.0413182963887
0.0415863188003
0.0418551815301
0.0421248842086
0.042395426465
0.0426668079262
0.0429390282176
0.0432120869628
0.0434859837835
0.0437607182996
0.0440362901293
0.0443126988887
0.0445899441924
0.0448680256529
0.0451469428811
0.0454266954859
0.0457072830744
0.0459887052517
0.0462709616214
0.0465540517848
0.0468379753415
0.0471227318894
0.0474083210242
0.04769474234
0.0479819954287
0.0482700798806
0.0485589952839
0.0488487412248
0.0491393172879
0.0494307230556
0.0497229581084
0.0500160220249
0.0503099143818
0.0506046347537
0.0509001827135
0.0511965578319
0.0514937596777
0.0517917878177
0.0520906418167
0.0523903212377
0.0526908256414
0.0529921545867
0.0532943076304
0.0535972843274
0.0539010842305
0.0542057068905
0.054511151856
0.0548174186738
0.0551245068886
0.0554324160429
0.0557411456772
0.0560506953302
0.0563610645381
0.0566722528352
0.0569842597539
0.0572970848243
0.0576107275743
0.05792518753
0.0582404642152
0.0585565571515
0.0588734658586
0.059191189854
0.0595097286529
0.0598290817685
0.0601492487119
0.0604702289919
0.0607920221152
0.0611146275864
0.0614380449078
0.0617622735796
0.0620873130997
0.062413162964
0.062739822666
0.0630672916971
0.0633955695464
0.0637246557009
0.0640545496454
0.0643852508621
0.0647167588314
0.0650490730312
0.0653821929373
0.065716118023
0.0660508477596
0.066386381616
0.0667227190587
0.067059859552
0.0673978025581
0.0677365475365
0.0680760939448
0.068416441238
0.0687575888688
0.0690995362876
0.0694422829427
0.0697858282796
0.0701301717418
0.0704753127703
0.0708212508037
0.0711679852783
0.0715155156281
0.0718638412846
0.0722129616767
0.0725628762314
0.0729135843727
0.0732650855228
0.0736173791009
0.0739704645242
0.0743243412072
0.0746790085621
0.0750344659985
0.0753907129238
0.0757477487426
0.0761055728573
0.0764641846677
0.0768235835711
0.0771837689624
0.0775447402338
0.0779064967752
0.078269037974
0.0786323632149
0.0789964718801
0.0793613633494
0.0797270369999
0.0800934922063
0.0804607283406
0.0808287447724
0.0811975408685
0.0815671159932
0.0819374695085
0.0823086007733
0.0826805091442
0.0830531939753
0.0834266546178
0.0838008904204
0.0841759007292
0.0845516848877
0.0849282422367
0.0853055721142
0.0856836738558
0.0860625467942
0.0864421902597
0.0868226035796
0.0872037860787
0.0875857370791
0.0879684559002
0.0883519418586
0.0887361942683
0.0891212124404
0.0895069956835
0.0898935433033
0.0902808546027
0.090668928882
0.0910577654387
0.0914473635675
0.0918377225603
0.0922288417062
0.0926207202917
0.0930133576002
0.0934067529126
0.0938009055067
0.0941958146576
0.0945914796378
0.0949878997165
0.0953850741604
0.0957830022333
0.0961816831962
0.0965811163069
0.0969813008207
0.0973822359899
0.097783921064
0.0981863552893
0.0985895379095
0.0989934681654
0.0993981452947
0.0998035685322
0.10020973711
0.100616650257
0.101024307199
0.10143270716
0.101841849359
0.102251733014
0.102662357339
0.103073721545
0.10348582484
0.10389866643
0.104312245517
0.1047265613
0.105141612975
0.105557399736
0.105973920772
0.106391175272
0.106809162418
0.107227881392
0.107647331372
0.108067511533
0.108488421047
0.108910059082
0.109332424804
0.109755517376
0.110179335956
0.110603879703
0.111029147768
0.111455139302
0.111881853451
0.112309289361
0.11273744617
0.113166323018
0.113595919038
0.114026233362
0.114457265117
0.114889013429
0.115321477419
0.115754656205
0.116188548904
0.116623154627
0.117058472483
0.117494501577
0.117931241013
0.118368689889
0.118806847301
0.119245712343
0.119685284102
0.120125561667
0.120566544119
0.121008230538
0.121450620001
0.12189371158
0.122337504346
0.122781997365
0.1232271897
0.123673080412
0.124119668555
0.124566953185
0.12501493335
0.125463608098
0.12591297647
0.126363037509
0.126813790248
0.127265233723
0.127717366962
0.128170188993
0.128623698837
0.129077895515
0.129532778042
0.129988345432
0.130444596693
0.130901530833
0.131359146852
0.131817443751
0.132276420526
0.132736076167
0.133196409664
0.133657420003
0.134119106165
0.134581467129
0.135044501869
0.135508209357
0.135972588561
0.136437638445
0.136903357971
0.137369746095
0.137836801772
0.138304523952
0.138772911583
0.139241963607
0.139711678964
0.140182056591
0.14065309542
0.141124794381
0.141597152399
0.142070168397
0.142543841293
0.143018170002
0.143493153436
0.143968790502
0.144445080104
0.144922021144
0.145399612518
0.14587785312
0.14635674184
0.146836277563
0.147316459173
0.147797285548
0.148278755564
0.148760868093
0.149243622003
0.149727016158
0.150211049419
0.150695720643
0.151181028685
0.151666972392
0.152153550613
0.152640762188
0.153128605958
0.153617080758
0.154106185418
0.154595918767
0.155086279628
0.155577266823
0.156068879168
0.156561115475
0.157053974555
0.157547455213
0.15804155625
0.158536276465
0.159031614652
0.159527569602
0.160024140101
0.160521324934
0.16101912288
0.161517532713
0.162016553207
0.16251618313
0.163016421246
0.163517266315
0.164018717095
0.164520772339
0.165023430796
0.165526691212
0.166030552329
0.166535012885
0.167040071614
0.167545727247
0.168051978511
0.168558824128
0.169066262818
0.169574293297
0.170082914274
0.170592124459
0.171101922556
0.171612307264
0.172123277281
0.172634831297
0.173146968003
0.173659686083
0.174172984219
0.174686861086
0.17520131536
0.17571634571
0.176231950801
0.176748129295
0.177264879851
0.177782201123
0.178300091762
0.178818550413
0.17933757572
0.179857166323
0.180377320855
0.180898037949
0.181419316231
0.181941154326
0.182463550854
0.182986504429
0.183510013665
0.184034077169
0.184558693547
0.185083861397
0.185609579319
0.186135845903
0.186662659739
0.187190019413
0.187717923505
0.188246370594
0.188775359252
0.18930488805
0.189834955553
0.190365560324
0.19089670092
0.191428375897
0.191960583805
0.192493323189
0.193026592595
0.193560390559
0.194094715618
0.194629566303
0.19516494114
0.195700838655
0.196237257367
0.196774195791
0.197311652439
0.197849625821
0.19838811444
0.198927116797
0.199466631389
0.200006656709
0.200547191246
0.201088233485
0.201629781908
0.202171834992
0.202714391211
0.203257449036
0.203801006932
0.204345063361
0.204889616783
0.205434665653
0.20598020842
0.206526243533
0.207072769434
0.207619784564
0.208167287357
0.208715276247
0.209263749661
0.209812706024
0.210362143756
0.210912061274
0.211462456992
0.212013329319
0.212564676659
0.213116497416
0.213668789988
0.214221552768
0.214774784147
0.215328482512
0.215882646247
0.21643727373
0.216992363337
0.21754791344
0.218103922408
0.218660388605
0.219217310392
0.219774686125
0.22033251416
0.220890792844
0.221449520524
0.222008695543
0.222568316239
0.223128380948
0.223688888001
0.224249835725
0.224811222444
0.225373046481
0.22593530615
0.226497999765
0.227061125636
0.22762468207
0.228188667367
0.228753079828
0.229317917748
0.229883179417
0.230448863125
0.231014967155
0.231581489789
0.232148429304
0.232715783974
0.23328355207
0.233851731858
0.234420321601
0.23498931956
0.235558723991
0.236128533146
0.236698745276
0.237269358625
0.237840371437
0.23841178195
0.2389835884
0.239555789019
0.240128382036
0.240701365676
0.241274738161
0.24184849771
0.242422642538
0.242997170856
0.243572080874
0.244147370795
0.244723038822
0.245299083154
0.245875501985
0.246452293508
0.24702945591
0.247606987377
0.248184886092
0.248763150232
0.249341777974
0.249920767489
0.250500116947
0.251079824514
0.251659888352
0.25224030662
0.252821077476
0.253402199072
0.253983669558
0.254565487081
0.255147649786
0.255730155812
0.256313003297
0.256896190376
0.25747971518
0.258063575839
0.258647770476
0.259232297215
0.259817154175
0.260402339472
0.26098785122
0.26157368753
0.262159846508
0.26274632626
0.263333124888
0.263920240489
0.26450767116
0.265095414995
0.265683470082
0.266271834511
0.266860506364
0.267449483725
0.268038764672
0.268628347282
0.269218229627
0.269808409779
0.270398885805
0.270989655772
0.271580717742
0.272172069774
0.272763709926
0.273355636253
0.273947846808
0.274540339639
0.275133112793
0.275726164316
0.276319492248
0.27691309463
0.277506969498
0.278101114887
0.278695528828
0.279290209351
0.279885154483
0.280480362249
0.281075830671
0.281671557769
0.282267541561
0.282863780062
0.283460271284
0.284057013239
0.284654003936
0.285251241379
0.285848723574
0.286446448521
0.287044414222
0.287642618672
0.288241059868
0.288839735802
0.289438644466
0.290037783849
0.290637151937
0.291236746716
0.291836566169
0.292436608277
0.293036871018
0.29363735237
0.294238050308
0.294838962805
0.295440087833
0.296041423362
0.296642967358
0.297244717788
0.297846672617
0.298448829806
0.299051187317
0.299653743109
0.300256495138
0.30085944136
0.301462579731
0.302065908201
0.302669424722
0.303273127243
0.303877013713
0.304481082077
0.30508533028
0.305689756266
0.306294357976
0.306899133352
0.307504080331
0.308109196853
0.308714480853
0.309319930267
0.309925543029
0.310531317071
0.311137250325
0.311743340721
0.312349586189
0.312955984655
0.313562534048
0.314169232292
0.314776077313
0.315383067035
0.315990199379
0.316597472268
0.317204883623
0.317812431362
0.318420113406
0.319027927673
0.319635872079
0.320243944541
0.320852142976
0.321460465297
0.322068909419
0.322677473255
0.323286154719
0.323894951723
0.324503862178
0.325112883996
0.325722015087
0.32633125336
0.326940596726
0.327550043094
0.328159590372
0.328769236469
0.329378979292
0.329988816749
0.330598746748
0.331208767195
0.331818875997
0.33242907106
0.333039350292
0.333649711598
0.334260152884
0.334870672056
0.335481267021
0.336091935684
0.336702675951
0.337313485728
0.337924362922
0.338535305437
0.339146311182
0.339757378061
0.340368503982
0.340979686852
0.341590924578
0.342202215066
0.342813556226
0.343424945964
0.34403638219
0.344647862813
0.345259385741
0.345870948885
0.346482550156
0.347094187463
0.347705858719
0.348317561836
0.348929294726
0.349541055303
0.350152841482
0.350764651177
0.351376482304
0.351988332779
0.352600200521
0.353212083447
0.353823979476
0.35443588653
0.355047802528
0.355659725393
0.356271653049
0.35688358342
0.357495514431
0.358107444009
0.358719370082
0.359331290579
0.35994320343
0.360555106566
0.361166997921
0.361778875429
0.362390737026
0.363002580649
0.363614404236
0.364226205727
0.364837983065
0.365449734192
0.366061457053
0.366673149595
0.367284809766
0.367896435515
0.368508024794
0.369119575557
0.369731085759
0.370342553356
0.370953976308
0.371565352575
0.37217668012
0.372787956909
0.373399180907
0.374010350083
0.374621462409
0.375232515858
0.375843508404
0.376454438025
0.377065302701
0.377676100413
0.378286829146
0.378897486887
0.379508071624
0.380118581348
0.380729014054
0.381339367737
0.381949640396
0.382559830032
0.38316993465
0.383779952255
0.384389880857
0.384999718467
0.385609463101
0.386219112774
0.386828665508
0.387438119324
0.388047472249
0.388656722311
0.389265867542
0.389874905975
0.390483835649
0.391092654604
0.391701360882
0.392309952532
0.392918427601
0.393526784143
0.394135020215
0.394743133874
0.395351123184
0.395958986211
0.396566721022
0.397174325691
0.397781798293
0.398389136908
0.398996339617
0.399603404507
0.400210329667
0.400817113191
0.401423753174
0.402030247717
0.402636594924
0.403242792902
0.403848839762
0.404454733619
0.405060472592
0.405666054801
0.406271478375
0.406876741441
0.407481842135
0.408086778593
0.408691548957
0.409296151372
0.409900583987
0.410504844956
0.411108932435
0.411712844585
0.412316579573
0.412920135566
0.413523510739
0.414126703268
0.414729711334
0.415332533124
0.415935166826
0.416537610636
0.417139862749
0.41774192137
0.418343784702
0.418945450959
0.419546918352
0.420148185103
0.420749249433
0.42135010957
0.421950763745
0.422551210194
0.423151447157
0.423751472878
0.424351285605
0.42495088359
0.425550265091
0.426149428369
0.426748371688
0.427347093317
0.42794559153
0.428543864605
0.429141910823
0.429739728469
0.430337315834
0.43093467121
0.431531792897
0.432128679194
0.432725328409
0.43332173885
0.43391790883
0.434513836667
0.43510952068
0.435704959194
0.436300150537
0.43689509304
0.437489785038
0.438084224868
0.438678410871
0.439272341393
0.439866014779
0.440459429381
0.44105258355
0.441645475644
0.442238104019
0.442830467037
0.443422563059
0.444014390451
0.444605947579
0.445197232812
0.445788244519
0.446378981071
0.446969440841
0.447559622201
0.448149523526
0.448739143189
0.449328479563
0.449917531023
0.450506295942
0.451094772692
0.451682959645
0.452270855169
0.452858457631
0.453445765398
0.454032776831
0.45461949029
0.455205904128
0.455792016697
0.456377826342
0.456963331405
0.457548530219
0.458133421111
0.458718002402
0.459302272403
0.459886229417
0.460469871738
0.461053197647
0.461636205416
0.462218893301
0.462801259547
0.463383302384
0.463965020026
0.464546410666
0.465127472485
0.465708203637
0.466288602259
0.466868666462
0.467448394334
0.468027783935
0.468606833295
0.469185540415
0.469763903261
0.470341919762
0.470919587813
0.471496905263
0.47207386992
0.472650479542
0.473226731839
0.473802624465
0.474378155015
0.474953321022
0.475528119952
0.4761025492
0.476676606083
0.477250287834
0.4778235916
0.478396514429
0.478969053272
0.479541204965
0.48011296623
0.480684333662
0.481255303719
0.481825872715
0.482396036807
0.482965791983
0.483535134052
0.484104058627
0.484672561113
0.485240636691
0.485808280298
0.486375486613
0.486942250033
0.487508564656
0.488074424252
0.488639822242
0.48920475167
0.489769205172
0.490333174944
0.49089665271
0.491459629681
0.492022096513
0.492584043267
0.493145459356
0.493706333493
0.494266653633
0.49482640691
0.495385579564
0.495944156871
0.496502123054
0.497059461189
0.49761615311
0.498172179289
0.498727518717
0.499282148763
0.499836045022
0.500389181146
0.500941528657
0.501493056734
0.502043731986
0.50259351819
0.503142376007
0.503690262665
0.504237131609
0.504782932113
0.505327608853
0.505871101446
0.506413343938
0.506954264256
0.507493783618
0.508031815917
0.508568267072
0.509103034383
0.509636005888
0.510167059748
0.510696063614
0.511222873927
0.511747334958
0.512269277364
0.51278851596
0.513304846425
0.513818040638
0.514327840319
0.514833948475
0.515336017909
0.515833635776
0.516326302998
0.516813407474
0.517294190971
0.517767712608
0.518232819472
0.518688131699
0.519131865994
0.519561939733
0.519974642334
0.52036237224
0.520712892352
0.521002994579
0.521234952253
0.52140891912
0.521516935948
0.521488469944
0.521350911962
0.521135496648
0.520850546505
0.520499794148
0.520089008406
0.519620940753
0.519101488001
0.518533850175
0.517921504654
0.517267994505
0.516575950614
0.515848161996
0.51508576817
0.514293358757
0.513475403247
0.512635744165
0.511777816904
0.510904301248
0.51001715635
0.509117967616
0.508208592707
0.507290526544
0.506364093108
0.505429221439
0.50448826675
0.503540337229
0.502587471257
0.501630935711
0.500671244762
0.499708804268
0.498743940341
0.49777686499
0.496807718895
0.495836942954
0.494864941936
0.493891988584
0.492918310743
0.49194410543
0.490969545988
0.489994784066
0.489019949451
0.488045146747
0.487070439678
0.486095839759
0.485121427571
0.484147349485
0.483173707954
0.482200581736
0.481228041798
0.480256151053
0.479284963624
0.47831452596
0.477344878146
0.476376054949
0.475408086656
0.474440999772
0.473474817621
0.472509560859
0.471545247877
0.470581895086
0.469619517018
0.468658126188
0.46769773263
0.466738342957
0.465779959118
0.464822578248
0.463866197525
0.462910824971
0.461956484426
0.461003207014
0.460051021361
0.459099950563
0.458150012893
0.457201223097
0.456253593353
0.455307133871
0.45436185326
0.453417758708
0.452474856028
0.45153314958
0.450592642123
0.449653334817
0.448715227903
0.447778322566
0.44684262313
0.445908137401
0.444974874806
0.444042844389
0.443112053963
0.442182510091
0.441254218359
0.44032718363
0.439401410236
0.438476902107
0.437553662856
0.436631695825
0.435711004131
0.434791590689
0.433873458242
0.432956609385
0.432041046598
0.431126772274
0.430213788758
0.429302098374
0.428391703465
0.427482606412
0.426574809664
0.425668315743
0.424763127251
0.423859246857
0.422956677279
0.422055421256
0.421155481506
0.42025686069
0.41935956137
0.41846358597
0.417568936746
0.416675615778
0.415783624961
0.414892966041
0.414003640647
0.413115650344
0.412228996673
0.411343681173
0.410459705383
0.409577070829
0.408695779013
0.407815831423
0.406937229544
0.406059974882
0.405184068963
0.404309513323
0.403436309471
0.402564458849
0.401693962798
0.400824822529
0.399957039117
0.399090613494
0.398225546456
0.397361838677
0.396499490715
0.395638503028
0.394778875981
0.393920609858
0.393063704871
0.392208161167
0.391353978831
0.390501157896
0.389649698346
0.38879960012
0.387950863115
0.387103487189
0.386257472166
0.385412817837
0.384569523962
0.383727590271
0.382887016468
0.382047802234
0.381209947223
0.380373451071
0.379538313391
0.378704533777
0.377872111807
0.377041047042
0.376211339027
0.375382987294
0.374555991362
0.373730350737
0.372906064916
0.372083133385
0.371261555623
0.370441331099
0.369622459273
0.368804939599
0.367988771525
0.367173954489
0.36636048792
0.36554837124
0.364737603862
0.363928185188
0.363120114606
0.362313391494
0.361508015217
0.360703985122
0.359901300542
0.359099960792
0.358299965168
0.357501312947
0.356704003385
0.355908035715
0.355113409147
0.354320122868
0.353528176038
0.352737567788
0.351948297223
0.351160363418
0.350373765418
0.349588502236
0.348804572853
0.348021976221
0.347240711257
0.346460776854
0.345682171873
0.344904895156
0.344128945525
0.343354321793
0.342581022767
0.341809047265
0.34103839412
0.340269062196
0.339501050396
0.338734357678
0.337968983062
0.337204925634
0.336442184556
0.335680759063
0.33492064846
0.334161852117
0.33340436946
0.332648199961
0.331893343122
0.331139798473
0.330387565549
0.329636643889
0.328887033027
0.328138732479
0.327391741747
0.326646060306
0.325901687609
0.325158623085
0.324416866133
0.323676416129
0.322937272424
0.322199434344
0.321462901194
0.320727672256
0.319993746796
0.319261124058
0.318529803274
0.317799783657
0.317071064408
0.316343644717
0.31561752376
0.314892700705
0.31416917471
0.313446944923
0.312726010487
0.312006370534
0.311288024194
0.310570970588
0.309855208832
0.309140738036
0.308427557307
0.307715665744
0.307005062443
0.306295746495
0.305587716986
0.304880972996
0.304175513601
0.303471337869
0.302768444865
0.302066833643
0.301366503252
0.300667452733
0.299969681114
0.299273187416
0.298577970644
0.29788402979
0.29719136383
0.29649997172
0.295809852393
0.295121004755
0.294433427682
0.293747120016
0.293062080552
0.292378308038
0.291695801167
0.291014558565
0.290334578784
0.2896558603
0.288978401509
0.288302200728
0.287627256219
0.286953566209
0.286281128946
0.285609942758
0.284940006129
0.28427131777
0.283603876669
0.282937682107
0.282272733636
0.281609031021
0.280946574165
0.280285363034
0.279625397593
0.278966677764
0.278309203392
0.277652974238
0.276997989976
0.276344250193
0.275691754402
0.275040502048
0.27439049252
0.273741725155
0.273094199252
0.272447914071
0.271802868848
0.271159062791
0.27051649509
0.269875164918
0.269235071434
0.268596213784
0.267958591107
0.267322202533
0.266687047185
0.266053124181
0.265420432633
0.264788971652
0.264158740345
0.263529737814
0.262901963163
0.262275415492
0.2616500939
0.261025997488
0.260403125354
0.259781476596
0.259161050313
0.258541845604
0.257923861569
0.257307097309
0.256691551925
0.256077224521
0.255464114199
0.254852220067
0.25424154123
0.253632076798
0.25302382588
0.252416787589
0.251810961038
0.251206345343
0.25060293962
0.250000742988
0.249399754567
0.24879997348
0.24820139885
0.247604029801
0.247007865461
0.246412904958
0.245819147419
0.245226591977
0.244635237764
0.244045083911
0.243456129554
0.242868373828
0.242281815869
0.241696454817
0.24111228981
0.240529319988
0.239947544492
0.239366962465
0.238787573051
0.238209375395
0.237632368641
0.237056551937
0.236481924431
0.23590848527
0.235336233604
0.234765168583
0.234195289356
0.233626595075
0.23305908489
0.232492757953
0.231927613413
0.231363650422
0.23080086813
0.230239265687
0.229678842241
0.229119596943
0.228561528938
0.228004637374
0.227448921398
0.226894380153
0.226341012783
0.225788818432
0.225237796239
0.224687945346
0.224139264892
0.223591754014
0.223045411849
0.222500237533
0.2219562302
0.221413388984
0.220871713016
0.220331201428
0.219791853351
0.219253667914
0.218716644244
0.21818078147
0.217646078719
0.217112535116
0.216580149786
0.216048921855
0.215518850445
0.21498993468
0.214462173684
0.213935566576
0.213410112481
0.212885810517
0.212362659805
0.211840659467
0.21131980862
0.210800106384
0.210281551877
0.209764144218
0.209247882523
0.208732765909
0.208218793492
0.207705964387
0.207194277707
0.206683732565
0.206174328071
0.205666063333
0.205158937454
0.204652949531
0.204148098656
0.203644383904
0.203141804332
0.202640358963
0.202140046765
0.201640866616
0.201142817247
0.200645897202
0.200150104924
0.199655439087
0.199161898963
0.198669484292
0.198178194855
0.197688030266
0.197198989959
0.196711073251
0.196224279382
0.195738607551
0.19525405693
0.194770626672
0.194288315923
0.193807123821
0.193327049498
0.192848092085
0.19237025071
0.1918935245
0.191417912581
0.190943414077
0.190470028113
0.189997753812
0.1895265903
0.1890565367
0.188587592135
0.188119755731
0.18765302661
0.187187403897
0.186722886716
0.186259474192
0.185797165449
0.185335959613
0.184875855809
0.184416853161
0.183958950797
0.183502147841
0.183046443421
0.182591836663
0.182138326693
0.18168591264
0.181234593631
0.180784368794
0.180335237258
0.179887198151
0.179440250603
0.178994393744
0.178549626702
0.17810594861
0.177663358598
0.177221855797
0.17678143934
0.176342108358
0.175903861985
0.175466699353
0.175030619596
0.17459562185
0.174161705248
0.173728868925
0.173297112018
0.172866433663
0.172436832997
0.172008309156
0.171580861279
0.171154488504
0.170729189971
0.170304964817
0.169881812184
0.169459731212
0.169038721041
0.168618780813
0.16819990967
0.167782106755
0.167365371211
0.16694970218
0.166535098806
0.166121560235
0.165709085611
0.165297674078
0.164887324784
0.164478036873
0.164069809493
0.163662641789
0.16325653291
0.162851482002
0.162447488215
0.162044550694
0.16164266859
0.161241841051
0.160842067224
0.160443346261
0.160045677309
0.159649059517
0.159253492036
0.158858974013
0.1584655046
0.158073082944
0.157681708195
0.157291379501
0.156902096012
0.156513856875
0.156126661239
0.155740508252
0.15535539706
0.15497132681
0.154588296649
0.154206305723
0.153825353176
0.153445438153
0.153066559799
0.152688717257
0.15231190967
0.151936136183
0.151561395937
0.151187688077
0.150815011745
0.150443366086
0.150072750246
0.149703163371
0.149334604609
0.14896707311
0.148600568029
0.148235088519
0.14787063374
0.147507202853
0.147144795024
0.14678340942
0.146423045212
0.146063701575
0.145705377687
0.145348072725
0.144991785872
0.144636516309
0.144282263223
0.143929025796
0.143576803214
0.143225594664
0.14287539933
0.142526216397
0.142178045049
0.141830884471
0.141484733846
0.141139592354
0.140795459178
0.140452333496
0.14011021449
0.139769101335
0.139428993211
0.139089889292
0.138751788755
0.138414690774
0.138078594523
0.137743499174
0.1374094039
0.137076307874
0.136744210265
0.136413110244
0.136083006982
0.135753899647
0.135425787409
0.135098669436
0.134772544897
0.134447412958
0.134123272787
0.133800123552
0.133477964419
0.133156794554
0.132836613124
0.132517419293
0.132199212229
0.131881991096
0.131565755059
0.131250503283
0.130936234933
0.130622949173
0.130310645167
0.12999932208
0.129688979075
0.129379615316
0.129071229967
0.128763822191
0.12845739115
0.128151936009
0.12784745593
0.127543950075
0.127241417607
0.126939857688
0.126639269481
0.126339652148
0.12604100485
0.125743326749
0.125446617007
0.125150874785
0.124856099244
0.124562289545
0.124269444849
0.123977564317
0.123686647109
0.123396692385
0.123107699306
0.122819667031
0.12253259472
0.122246481533
0.121961326629
0.121677129167
0.121393888306
0.121111603204
0.12083027302
0.120549896911
0.120270474037
0.119992003553
0.119714484618
0.119437916388
0.119162298021
0.118887628671
0.118613907496
0.118341133651
0.118069306291
0.117798424571
0.117528487644
0.117259494666
0.116991444789
0.116724337165
0.116458170948
0.116192945289
0.115928659338
0.115665312246
0.115402903162
0.115141431234
0.114880895612
0.11462129544
0.114362629865
0.114104898032
0.113848099084
0.113592232163
0.11333729641
0.113083290966
0.112830214968
0.112578067553
0.112326847858
0.112076555017
0.111827188164
0.111578746431
0.11133122895
0.111084634854
0.110838963274
0.110594213344
0.110350384198
0.11010747497
0.1098654848
0.109624412828
0.109384258197
0.109145020057
0.108906697556
0.10866928985
0.108432796096
0.108197215454
0.107962547086
0.107728790157
0.107495943832
0.107264007277
0.107032979658
0.106802860142
0.106573647892
0.106345342075
0.106117941853
0.105891446388
0.10566585484
0.10544116637
0.105217380133
0.104994495288
0.104772510988
0.104551426387
0.104331240637
0.10411195289
0.103893562294
0.103676067999
0.103459469152
0.103243764899
0.103028954387
0.102815036759
0.102602011158
0.102389876729
0.102178632612
0.101968277948
0.101758811879
0.101550233542
0.101342542077
0.101135736622
0.100929816314
0.100724780289
0.100520627683
0.10031735763
0.100114969266
0.0999134617229
0.0997128341339
0.0995130856309
0.099314215345
0.0991162224066
0.0989191059453
0.0987228650898
0.098527498968
0.098333006707
0.0981393874331
0.0979466402716
0.0977547643469
0.0975637587826
0.0973736227013
0.0971843552246
0.0969959554732
0.0968084225667
0.096621755624
0.0964359537627
0.0962510160997
0.0960669417509
0.0958837298312
0.0957013794549
0.0955198897352
0.0953392597849
0.0951594887162
0.0949805756408
0.0948025196701
0.0946253199155
0.0944489754883
0.0942734855003
0.0940988490635
0.0807929829112
0.0751007107932
0.0760418059993
0.0825666151867
0.0935808218039
0.107995096278
0.124801909949
0.143154094409
0.162424189327
0.182228255334
0.202422082178
0.223059557825
0.244294508286
0.266321255426
0.289270924182
0.312924499347
0.334759924714
0.322279214339
0.291056576811
0.263651184434
0.239889306925
0.219516397953
0.202128418875
0.18738183963
0.17502358964
0.164894393293
0.156920206348
0.151090993813
0.147430973909
0.145969637271
0.146721909756
0.149674037967
0.154764993143
0.161870484183
0.170813111227
0.181388420334
0.193340901097
0.206394389737
0.220338409091
0.234924854144
0.249890981803
0.262865086511
0.262892162402
0.252570813898
0.243246045311
0.234296025217
0.225744076401
0.218156723926
0.211524590125
0.205746662044
0.200830538547
0.19675872697
0.193465044602
0.190887257608
0.189008051433
0.187824016417
0.187350913383
0.187666093214
0.188867218701
0.191039383484
0.194252459773
0.198525384502
0.203833753431
0.210427638152
0.217533297606
0.224192895693
0.229199802365
0.227404306585
0.22368533524
0.219890576354
0.216381152836
0.213232322732
0.210686669497
0.20829127801
0.206091385732
0.204167959501
0.202602023464
0.201449056078
0.200725204549
0.200498930146
