-0.0
3.11210726226e-05
0.000124485622305
0.000280097641165
0.000497963771617
0.00077809328967
0.00112049808146
0.00152519261292
0.00199219389255
0.0025215214271
0.00311319716996
0.00376724546231
0.0044836929665
0.00526256859179
0.00610390341186
0.0070077305741
0.00797408520026
0.00900300427804
0.0100945265435
0.0112486923535
0.0124655435485
0.0137451233043
0.015087475973
0.0164926469126
0.0179606823038
0.0194916289551
0.0210855340943
0.0227424451455
0.0244624094924
0.0262454742262
0.0280916858767
0.0300010901278
0.031973731514
0.0340096530998
0.0361088961388
0.0382714997127
0.0404975003491
0.0427869316168
0.0451398236984
0.0475562029374
0.0500360913606
0.0525795061739
0.0551864592294
0.0578569564643
0.0605909973095
0.0633885740663
0.0662496712504
0.069174264903
0.072162321865
0.0752137990166
0.0783286424782
0.0815067867732
0.0847481539507
0.0880526526676
0.0914201772294
0.0948506065875
0.0983438032945
0.101899612415
0.105517860392
0.10919835387
0.112940878476
0.116745197549
0.12061105084
0.124538153153
0.128526192965
0.132574830989
0.136683698716
0.140852396915
0.145080494107
0.149367525016
0.153712988997
0.158116348451
0.162577027235
0.167094409072
0.171667835966
0.176296606641
0.180979975008
0.185717148667
0.190507287476
0.195349502173
0.200242853087
0.205186348949
0.210178945813
0.215219546113
0.220306997866
0.225440094052
0.230617572171
0.235838114016
0.241100345666
0.246402837722
0.251744105805
0.257122611322
0.262536762526
0.267984915866
0.27346537764
0.278976405951
0.284516212964
0.290082967459
0.295674797646
0.301289794248
0.306926013795
0.312581482101
0.318254197869
0.323942136367
0.329643253093
0.335355487352
0.341076765634
0.346805004684
0.352538114117
0.358273998433
0.364010558237
0.369745690453
0.375477287264
0.381203233453
0.386921401618
0.392629644332
0.398325780961
0.404007573227
0.409672676131
0.415318558871
0.42094253759
0.426542213739
0.432115682107
0.437661034445
0.443176087619
0.448658358167
0.454104910473
0.459511712292
0.464873992853
0.470189614251
0.475456442871
0.48067132472
0.485831138195
0.490932951166
0.495973452227
0.50094849037
0.505851730171
0.510664245195
0.515379866643
0.51999618962
0.524502180015
0.528902062385
0.533192696014
0.537360675146
0.541402813322
0.545322350967
0.54910346405
0.552740771966
0.556234452974
0.559564514762
0.562737304335
0.565755632661
0.568617042318
0.571318221576
0.573854938648
0.576220040815
0.578396035573
0.58038908568
0.582200598508
0.58383313812
0.585287665122
0.586565328848
0.587668630234
0.58859437068
0.589339462327
0.58990661386
0.590300266719
0.590523231
0.590578194229
0.590468290389
0.590189587414
0.589742033471
0.589140622809
0.588394961063
0.587508802638
0.586490013953
0.585347793991
0.584092014202
0.582730555961
0.581265202796
0.579699025853
0.57803207197
0.576275663578
0.57443773193
0.572527133183
0.570556636838
0.568526425458
0.566433311237
0.564291766287
0.562109710991
0.55989130728
0.557638600256
0.555354461735
0.553040122002
0.55070256857
0.548345940688
0.545970921776
0.543577825916
0.541170303373
0.538758059861
0.536343602507
0.533927709346
0.531510319798
0.529091213754
0.526671336568
0.524251475405
0.52183432322
0.519422991815
0.517018606982
0.514621539019
0.512231789544
0.509849116055
0.507472931301
0.505102609785
0.502738051057
0.500380255381
0.49803054425
0.495688952435
0.493353475014
0.491029572447
0.488718216526
0.486414776531
0.48412678982
0.481852963911
0.4795909937
0.477342646115
0.475110773283
0.472896292222
0.47069878185
0.468516849828
0.466340572183
0.464174168694
0.462019834771
0.459880307585
0.45775794667
0.45565369797
0.453567412906
0.451498388454
0.449446487171
0.447412561063
0.445397537018
0.443401581813
0.441423537112
0.439461895094
0.437518157353
0.435594174887
0.433688477441
0.431798638598
0.429924918324
0.428068266862
0.426228221178
0.424405076565
0.422598144908
0.42080466771
0.419022909643
0.41725099283
0.415490667445
0.413743100756
0.412013224411
0.4103010589
0.408605637057
0.406927847606
0.405268500653
0.403619791775
0.401983670309
0.400365369306
0.398766054216
0.397186841222
0.395628257569
0.394090615548
0.392574117169
0.391078600626
0.389603063305
0.38814580053
0.386707073182
0.385289252853
0.383894329149
0.382523540748
0.381177618858
0.379856948418
0.37856169215
0.377291880472
0.376047469943
0.374828375907
0.37363449043
0.37246567701
0.371321719563
0.370202240355
0.369106631267
0.368034072014
0.366983728936
0.365955115101
0.364948257721
0.36396332793
0.363000336774
0.362059195459
0.361139800238
0.360241986019
0.359365370671
0.358509204289
0.357672823735
0.35685623023
0.356059299295
0.355281109308
0.35451940834
0.353772953175
0.353043055015
0.35233027037
0.35163473061
0.350956352606
0.350294807696
0.349649530395
0.349019715922
0.348404259305
0.34780199166
0.347212555055
0.346636085582
0.346072458138
0.345521305366
0.344982152709
0.344454510157
0.343937924981
0.343431942831
0.342935873625
0.342448722225
0.341970403115
0.341500896325
0.341039915958
0.340587143622
0.340142237475
0.339704787256
0.33927408687
0.338848861571
0.338429567357
0.338017164884
0.337611839535
0.337213550631
0.33682219248
0.336437635013
0.336059738409
0.335688357019
0.335323329889
0.33496442022
0.334611051035
0.334262606867
0.333919609964
0.333582418415
0.333251117474
0.332925745893
0.332606341226
0.332292942827
0.331985583842
0.331684277107
0.331388995369
0.331099659063
0.33081618823
0.330538635808
0.330267206119
0.330002121469
0.329743549835
0.329491610137
0.329246389489
0.329007953169
0.328776348501
0.328551605677
0.328333737581
0.32812274047
0.327918597257
0.327721283148
0.327530769493
0.32734702205
0.32716999605
0.326999632925
0.326835860148
0.326678593092
0.326527737655
0.326383192875
0.326244853043
0.326112609109
0.325986349368
0.325865959702
0.325751323731
0.325642323125
0.325538838197
0.325440748715
0.325347934822
0.325260277891
0.325177661178
0.325099970084
0.325027091859
0.324958914381
0.324895323369
0.324836196576
0.324781392316
0.324730731387
0.324683994464
0.324641001755
0.324601716541
0.324566169879
0.324534333736
0.324506066544
0.32448103531
0.324458642832
0.324438527341
0.324421043688
0.324406597829
0.324395350306
0.324387154538
0.324381465208
0.324378348877
0.324378636187
0.32438184698
0.324387011393
0.324397082728
0.324412470098
0.324433478543
0.324460391946
0.324493475114
0.324532892831
0.324577754583
0.324628711034
0.32468694998
0.324752890373
0.324826928172
0.324909445861
0.325000700468
0.325099672688
0.325207368572
0.325324949233
0.325452954904
0.325592004935
0.325742798426
0.325906060842
0.326082492264
0.326272741478
0.326477408269
0.326697056211
0.326932205637
0.327183297529
0.327450662437
0.327734547754
0.328035195725
0.328352859474
0.328687753713
0.32904005645
0.329409922067
0.32979742528
0.33020245928
0.330624553608
0.33106261107
0.331515733522
0.331984196814
0.332467257905
0.332966571774
0.333481007632
0.334009378674
0.334555890111
0.335121303673
0.335705560483
0.336304872572
0.336920125699
0.337551529675
0.33819924536
0.338859702871
0.339536630213
0.340229865663
0.340938940428
0.341663267835
0.342402110533
0.343154759202
0.343920629064
0.344699176442
0.345489611974
0.346290236277
0.347101085051
0.347922236053
0.348756089188
0.349603986531
0.350466110909
0.351342709099
0.352234151908
0.353140156611
0.354060190095
0.354994309976
0.355943101254
0.356905804897
0.357882175084
0.358874250218
0.359881804895
0.360903963582
0.361939707012
0.362984651987
0.364033288131
0.365087671763
0.366143918527
0.367202304282
0.368265580324
0.369334665538
0.370409991002
0.371491884563
0.372579243028
0.373667032219
0.374749645912
0.3758285104
0.376903968059
0.377973094028
0.37903953017
0.380103022485
0.381161547317
0.382212032055
0.383252769877
0.384278278827
0.385283420803
0.386275236757
0.387254495384
0.388221092024
0.389174044518
0.390111483044
0.391031112498
0.39193049024
0.392809197356
0.393666696079
0.394503486101
0.395317815259
0.396110087235
0.396881005862
0.397630481402
0.398354927831
0.399048488933
0.399717040294
0.400362868012
0.400986644632
0.401587266826
0.402161525381
0.402691796246
0.403199418069
0.403689477532
0.40416280343
0.404619546737
0.405059790363
0.405483356569
0.405887503627
0.406274105063
0.406638221208
0.406976380062
0.407290498472
0.407586182105
0.407866196696
0.408132383901
0.408385735548
0.408626449808
0.408854881095
0.409072131558
0.409279027752
0.409474464978
0.409653313743
0.40982008349
0.409977097784
0.41012367189
0.410258826772
0.410382020329
0.410492787687
0.410588970167
0.410666339443
0.410717890808
0.410739304124
0.410745439131
0.410737595939
0.410718584497
0.410689184107
0.410649887472
0.41060137518
0.410544282183
0.410478942708
0.410405223261
0.410322213327
0.410225757193
0.410114805178
0.409994262461
0.409866226817
0.409731447188
0.409589078054
0.409436298811
0.409274565918
0.409106005014
0.408932110375
0.408752384894
0.408566862851
0.408376856053
0.408182905247
0.407984641641
0.407781171233
0.407572421269
0.407358514382
0.40713713176
0.406908144508
0.406672608067
0.406427927858
0.406178593807
0.405924467206
0.405662967774
0.40539441941
0.405119790235
0.404838542878
0.404549050666
0.404252807405
0.403951660578
0.403646274285
0.40333666918
0.403022650492
0.402704114658
0.402381090131
0.402053801837
0.401722563327
0.401387937024
0.401050976885
0.400712503966
0.400372659228
0.400031041364
0.399688646343
0.399347180311
0.399007703944
0.39867088307
0.398337190899
0.398007004675
0.397680663821
0.397358498977
0.397040834868
0.39672795766
0.396416278017
0.396103910068
0.395797189306
0.395496467241
0.395202046565
0.394914275008
0.394633564682
0.394360362411
0.394095121931
0.393838314061
0.393590413912
0.393351858424
0.393123029347
0.392904261222
0.392695853585
0.392498084592
0.39231122601
0.392135546437
0.391971294854
0.391818678224
0.391677847635
0.391548894299
0.391431851115
0.391326694149
0.391233333801
0.391151586544
0.39108116944
0.3910218555
0.390973669193
0.390936638633
0.390910175956
0.39089219743
0.390882051749
0.390881946299
0.390892216277
0.390912732387
0.390943134571
0.390978714016
0.391023253703
0.391076685328
0.391138373131
0.39120790627
0.391285201263
0.391370200676
0.391462573125
0.391561518116
0.391665352207
0.391774201115
0.391889291478
0.392010581447
0.392137463483
0.392269130731
0.392404992774
0.392544847952
0.39268836678
0.392831390411
0.39297198679
0.393114488365
0.393258744505
0.393404246697
0.393550425051
0.393696788565
0.39384300564
0.393988922832
0.39413451365
0.394279771076
0.394424588379
0.394568744539
0.394712077924
0.394854616363
0.39499652232
0.395137949541
0.395278950656
0.395419504381
0.395559550335
0.395698840571
0.395835719461
0.395968829833
0.396101223308
0.396234078857
0.396367721922
0.396502233346
0.396637532949
0.396773393422
0.396909444511
0.397045175923
0.397178748203
0.397306407184
0.397432567209
0.397556856308
0.397675765346
0.397789241778
0.397901284471
0.398013423696
0.398125584093
0.398237370972
0.398348322501
0.398457273145
0.39856125961
0.398658689571
0.398752750892
0.398843698992
0.39893323998
0.399023223326
0.399115646262
0.39921145597
0.399310694513
0.399412731321
0.39951660614
0.399622233187
0.399730561155
0.399842282122
0.399957237202
0.400074191713
0.400189314605
0.400295385898
0.400391919807
0.400485099293
0.40057604295
0.400663235664
0.400746732663
0.400832186804
0.400915483389
0.401002926482
0.401094288832
0.401189265063
0.401287425841
0.401388607274
0.401493060216
0.401600433222
0.401709687096
0.401820112361
0.401931995583
0.40204651031
0.402163609234
0.402283402137
0.402406391628
0.402532250408
0.402655966025
0.402779351277
0.402903043638
0.403026779275
0.403147694424
0.40327199721
0.40339955858
0.403529291331
0.403659189451
0.40378980173
0.403923478355
0.404060680587
0.404196304123
0.40433702047
0.404482766859
0.404632914061
0.404786905334
0.404943535734
0.405100935495
0.405257217025
0.405410880979
0.405562283714
0.405713818896
0.405867019699
0.406015944451
0.406166611314
0.406320732692
0.406478349448
0.406637063498
0.40679593154
0.40695434866
0.407113507393
0.407271548995
0.407424930302
0.407577336521
0.407730145273
0.407885500179
0.40804381311
0.408204684731
0.40836648072
0.408524750351
0.408682557838
0.408840440231
0.408996412303
0.409148059268
0.409297074311
0.409444686845
0.409591546496
0.409737923366
0.409883130358
0.410025382837
0.410164186779
0.410300087658
0.410431301272
0.410558430889
0.410683490577
0.410805805943
0.410918162079
0.411020567231
0.411114340214
0.411198237052
0.411274268174
0.411344577283
0.411408840935
0.411465642511
0.411515776984
0.411562243943
0.411607011674
0.411651118835
0.411695102744
0.411739275695
0.411783953359
0.411829515533
0.411876279878
0.411924340895
0.411973447227
0.412022862828
0.412071306372
0.412117636078
0.412162140065
0.412206200651
0.412251196863
0.41229765105
0.412339986149
0.412384575688
0.412430435925
0.412476800058
0.41252494117
0.412574645389
0.41262040517
0.412663121707
0.412707345034
0.412752895246
0.412801430803
0.412854695396
0.412912564984
0.412973112222
0.413035431536
0.413100582709
0.413169931731
0.413243710945
0.41332076264
0.413399265357
0.413477182409
0.413552427591
0.413622291752
0.413679625866
0.413726440172
0.413764871436
0.41380048077
0.413834586679
0.413868091344
0.413902554812
0.41393782622
0.413973848747
0.4140104826
0.41404726132
0.41408391975
0.414120758127
0.414158155015
0.414194966872
0.414230944476
0.414268099188
0.414306368052
0.41434421006
0.414377784306
0.414406253831
0.414424869961
0.414443043554
0.414463041733
0.414485134761
0.414509186751
0.414535015001
0.414562433904
0.414591316659
0.414621741894
0.414653977709
0.414686127591
0.414717309215
0.414750213219
0.414784023422
0.414816911691
0.414847140821
0.414875430475
0.414899770837
0.414917037974
0.414930402249
0.414939147357
0.414941784597
0.414933423342
0.414914197762
0.414888349406
0.414855772254
0.414815790536
0.414772188843
0.414726577763
0.414678777637
0.414627851038
0.414572617321
0.414512898483
0.414449604269
0.414383391013
0.414313783207
0.414239740271
0.414161906628
0.414082778558
0.414003652429
0.413924623733
0.413845176863
0.413764428269
0.413681340183
0.4135948928
0.413501892089
0.413402682404
0.413300389532
0.413195459026
0.413087775719
0.412976574224
0.412863134433
0.41274857573
0.412632539644
0.412511110162
0.412387765126
0.412264844083
0.412142844564
0.412021254138
0.411897414071
0.411770169686
0.411641892035
0.411513457143
0.411385524003
0.411258979424
0.411133967483
0.411009504658
0.410887657055
0.4107687702
0.410651775236
0.410535806355
0.410422161773
0.410310041824
0.410199201376
0.410090591927
0.409984716792
0.409881612913
0.409780783866
0.409681418662
0.409582604174
0.409483476832
0.409383320447
0.409281062585
0.409175324722
0.409067671902
0.408955044954
0.408838460847
0.40871917019
0.408598452771
0.408475526607
0.408348145645
0.408210646858
0.408062132912
0.407907789896
0.407751589254
0.407594138926
0.407435274294
0.407275931754
0.407116855749
0.40695754421
0.406797565081
0.406636794341
0.40647754232
0.40632092858
0.406166251744
0.406011957291
0.405857090421
0.405699548548
0.405538644527
0.405379310467
0.405222512924
0.405068289085
0.404916394988
0.40476622901
0.404615929036
0.404464625385
0.404316733466
0.404173252623
0.404034389841
0.403899975884
0.40376882606
0.403640117235
0.403515930507
0.403398013305
0.403287031744
0.403183191778
0.403086559384
0.402997229781
0.40291514431
0.402838081977
0.40276807129
0.402706641815
0.402654034198
0.402610282315
0.402575251085
0.40254868402
0.40253027989
0.402519364582
0.402513913835
0.402512295183
0.402516129687
0.402526815795
0.402544854437
0.402570202125
0.402602701406
0.402642618717
0.402690182095
0.402745309504
0.40280764367
0.402873306882
0.402942511591
0.403017658145
0.403098611782
0.403185318712
0.403277745564
0.403375814268
0.403479337003
0.403587547023
0.403696957819
0.403807870285
0.403916828305
0.404023944958
0.4041332486
0.404246354044
0.404363521357
0.404485154819
0.404611498604
0.404742367527
0.404877321098
0.405015697505
0.405156662272
0.405299579783
0.405444379397
0.405591234247
0.405740096147
0.405890822845
0.406043498511
0.406197930951
0.406350645911
0.406502085387
0.406652848944
0.406803038095
0.406952812859
0.407101735721
0.407248349557
0.407389868401
0.407525958684
0.40765925595
0.407791196723
0.407922166659
0.408051661928
0.408179064458
0.40830361518
0.408417726993
0.408523665313
0.408624225026
0.408720307021
0.408813736263
0.408905880521
0.40899589076
0.409072884929
0.409148459985
0.409218206669
0.409282000649
0.409344757137
0.409406518512
0.409459236479
0.409511280389
0.40956316348
0.409615245101
0.409668157989
0.409722649318
0.409779407129
0.409838959212
0.409901616636
0.409967400332
0.410035882578
0.410105944788
0.410175975516
0.41024469167
0.410311555473
0.410377732606
0.410443754921
0.410509371754
0.410574933372
0.410641274584
0.410708759907
0.410776850299
0.410843432747
0.410908059497
0.410972867325
0.411039253778
0.411107988863
0.411179220785
0.411252613777
0.411326763379
0.411393271386
0.411453066707
0.411509777806
0.411562586976
0.411613636197
0.411664635892
0.411716427093
0.411769326121
0.411823408342
0.411878361822
0.411933046537
0.411985534591
0.412035612616
0.412084299376
0.412131575659
0.412176811388
0.412211633253
0.412241029485
0.412266927093
0.412288234468
0.412303467141
0.412311913266
0.412314243608
0.412311547613
0.41230430481
0.412292586824
0.412276701639
0.412257141587
0.412231023415
0.412194207777
0.412151557548
0.412108895379
0.412067404803
0.412026842571
0.411986281518
0.411944273358
0.411899020338
0.411848613016
0.411792848285
0.411732277601
0.411667599332
0.411599740596
0.411529845061
0.411457367733
0.411379502823
0.411294023927
0.411201531604
0.411103576874
0.411001304567
0.410895599996
0.410788025103
0.410679195798
0.410569066895
0.410458011253
0.410345006915
0.410230109404
0.410115198467
0.410000253666
0.409885118589
0.409770066696
0.409654874444
0.40953860285
0.40941970665
0.409296135461
0.409166012398
0.40902906877
0.408886934599
0.408741826193
0.4085955592
0.408449385486
0.408304113506
0.408160278298
0.408018357225
0.40787867221
0.407740187024
0.407600263326
0.407461945974
0.407325511881
0.407188701213
0.407045260743
0.406902618958
0.406761734581
0.406623123379
0.406486910205
0.40635194825
0.406216208535
0.406081704111
0.405946851018
0.405809986871
0.405671458832
0.405531242843
0.405388715012
0.405243822724
0.405096986111
0.404948602576
0.404798847666
0.404647586357
0.404491460328
0.404332929867
0.404177508025
0.404027312422
0.403883819659
0.403748060755
0.403620631625
0.403500942794
0.403384937645
0.403276107108
0.403175912347
0.403083636735
0.402998166447
0.402918215128
0.402840340628
0.402763869967
0.402695849616
0.402637444106
0.402589076462
0.40255044473
0.402520192434
0.402498275869
0.402484583113
0.402478611218
0.402479819215
0.402486551527
0.402496236208
0.402505617472
0.402514450076
0.402524418643
0.402537205719
0.402553250648
0.402571795472
0.402592516354
0.402615485771
0.402640175848
0.402665804657
0.402693106222
0.402722873032
0.402754744682
0.402788097273
0.402822834679
0.402859309772
0.402897599063
0.402937445163
0.402978806286
0.403022169506
0.403068088577
0.403116527997
0.403166484152
0.403215276232
0.403262808353
0.403310515358
0.40335991587
0.403411358641
0.403464553043
0.403519057785
0.403574363064
0.403629968823
0.403685363728
0.403740114978
0.403794052309
0.403847227364
0.403900390025
0.403954379951
0.404009370134
0.404064826065
0.404117347692
0.40416170014
0.404202329237
0.404241937199
0.404281959733
0.404322876487
0.404364219414
0.404405588733
0.404447304284
0.404489254859
0.404530794598
0.404571127762
0.404610059472
0.404648460128
0.404687149287
0.404726463729
0.404767369118
0.40481103502
0.404858019055
0.404908413487
0.404962020376
0.405018502175
0.405077624242
0.40513943548
0.405204011647
0.405270408567
0.405335588167
0.405399297456
0.405462488469
0.405526725627
0.405593518879
0.40566264806
0.405733574744
0.405808147002
0.405886669956
0.40596673059
0.406044053007
0.406124172139
0.406207603734
0.406294619793
0.406385089091
0.406475518734
0.406560047413
0.406644865182
0.406733203568
0.406825335542
0.406921235438
0.40702076722
0.407123814081
0.407230192174
0.407339348504
0.407450558234
0.407563498713
0.407675489854
0.407785502099
0.407894518276
0.408002861076
0.408113033041
0.408224055173
0.408333668511
0.408440923615
0.408544442067
0.408644807942
0.408743471208
0.408839299896
0.408929462201
0.409016827518
0.409102286273
0.409186089318
0.409261813343
0.409323611085
0.409385429766
0.409448005175
0.409508795516
0.409569074959
0.409630888305
0.409694652091
0.409760770621
0.409826854575
0.409891857174
0.409956933391
0.410021779415
0.410085547249
0.41014777922
0.410210899499
0.410276965955
0.410346659829
0.410419986243
0.410496712643
0.410576616888
0.410659513365
0.410744582162
0.410827980935
0.410910210457
0.410994112674
0.411075969865
0.41115956737
0.411245302353
0.41133280234
0.411421710057
0.411510507818
0.411597883557
0.411687347961
0.411780031907
0.411876319725
0.411976243449
0.412079280264
0.412185230354
0.412295199237
0.412409818081
0.412529082118
0.412652661478
0.412780270511
0.412911970896
0.41304775257
0.413187308563
0.413329966448
0.413474790743
0.413621416034
0.413769899155
0.413919215813
0.414066766596
0.414213041601
0.414356111399
0.414496530828
0.41463418928
0.414767935307
0.414899162485
0.415028533615
0.415152716858
0.415271643296
0.415387496898
0.415501749614
0.415614524815
0.415725683453
0.415834909138
0.415941924437
0.416046720849
0.416149493888
0.416250418739
0.41634948876
0.416446374506
0.416539122002
0.416619642145
0.416693151254
0.416759282106
0.416816873123
0.416867115634
0.416912948051
0.416955748314
0.416995135594
0.417031217305
0.417064181405
0.417087098313
0.417109189048
0.417131203406
0.417153317063
0.417173583195
0.417191308953
0.417208569806
0.417225749842
0.417242936323
0.417260012705
0.417274659129
0.417286183137
0.417292442922
0.417291513316
0.417287474363
0.417279087748
0.417267267703
0.417253716478
0.417239082004
0.417223346102
0.417206417384
0.417188603488
0.417170739515
0.417153561202
0.417137425316
0.417122480778
0.41710870504
0.417095828984
0.417083173763
0.417069684639
0.417054921084
0.417038838183
0.417020887737
0.417000566693
0.4169734181
0.416937012508
0.416898526774
0.416859653614
0.41682080845
0.416782019913
0.416743315635
0.416704829954
0.416666759201
0.41662845572
0.416586365474
0.416544491118
0.416503186172
0.416461746254
0.416418921688
0.41637313768
0.416323004287
0.416267178744
0.416202869643
0.416129998717
0.416052250953
0.415968653792
0.415879300488
0.41578660743
0.415693770082
0.415602920354
0.415515388951
0.415431855476
0.415346502638
0.415254195246
0.415166390124
0.415082612329
0.415000206727
0.414922875625
0.414851743241
0.414787504393
0.414730444201
0.414673734196
0.414614881191
0.414562418652
0.414517905826
0.414481743207
0.414452736174
0.414429749392
0.414414527348
0.414404107553
0.414395717144
0.414392328281
0.414392073682
0.414392939564
0.414391706766
0.414384299534
0.414374550662
0.414360658825
0.414344483124
0.414324128116
0.414300915037
0.414276516024
0.414255995754
0.414235998435
0.414213601402
0.414194017649
0.414178561965
0.414166562277
0.41415593647
0.414145013064
0.414131686456
0.414110973307
0.414084788349
0.414056023471
0.414025565773
0.413993858129
0.413960590745
0.413924477017
0.413883335766
0.413836504111
0.413786756525
0.413733855842
0.413670159256
0.413598692044
0.413521520077
0.413437837025
0.413349165146
0.413256870025
0.413161750616
0.413064097291
0.412963368904
0.412859285509
0.412752356181
0.412644024028
0.412536082446
0.412429935874
0.412326309868
0.412225062002
0.412124595079
0.412023256574
0.411922442733
0.411823190423
0.411724884789
0.411626304566
0.411526882389
0.411426782349
0.411326382364
0.41122511308
0.411121914019
0.411015859697
0.410899831074
0.410781311191
0.410662711301
0.410545135262
0.410429462625
0.410316158028
0.410205254065
0.41009644115
0.409989141399
0.409882783101
0.40977739564
0.409673649763
0.409572252695
0.40947362281
0.40937781433
0.409284467146
0.409192944032
0.409102730781
0.409011004394
0.408920650696
0.408832720979
0.408746944716
0.40866253527
0.408578150149
0.408492695326
0.408406257103
0.408319271621
0.408232276024
0.408145787048
0.40805991609
0.407974609702
0.407889998765
0.407805854235
0.407722285036
0.407640671661
0.407561601442
0.407484600155
0.407408504591
0.40733220549
0.407255523783
0.407179281075
0.407104734333
0.407032756356
0.40696360545
0.406895335351
0.406826917188
0.406760482315
0.40669537845
0.406629666644
0.406563955341
0.406501340754
0.406443387111
0.406390890111
0.406344279067
0.406303684469
0.406268937762
0.406239602347
0.406215072663
0.406194266982
0.406174631667
0.406155647091
0.406138802565
0.406124378562
0.406110913458
0.406098226042
0.406086952045
0.406076818602
0.406066202413
0.406055278721
0.406044071497
0.406034064744
0.406026333599
0.406021084413
0.406017930471
0.406016030681
0.406015385739
0.406016835331
0.406021692902
0.406030821159
0.406044456856
0.406062422994
0.406084203863
0.406108927821
0.406134991631
0.406160070879
0.406184151674
0.406206470038
0.40622552105
0.406241574963
0.406253748252
0.406261733295
0.406263853277
0.406259033017
0.406250072306
0.406237067844
0.406220047522
0.406193978117
0.406163173929
0.406127242617
0.406086036593
0.406042068866
0.405996432537
0.40594952529
0.405901498287
0.405852271069
0.405801450941
0.405748482305
0.405693089562
0.405635450377
0.405575591514
0.405513346815
0.405450022623
0.405384750803
0.405315033313
0.405242535298
0.405168399026
0.405093494935
0.405018967243
0.404945951878
0.404875469021
0.404808402384
0.404745419869
0.404686877466
0.404632715907
0.404582522398
0.404536045983
0.404493074826
0.404453093545
0.404415191798
0.404377965867
0.404332230259
0.404283077388
0.404236292703
0.404193250123
0.404154467301
0.404119226001
0.404084648659
0.404049654193
0.404016485414
0.403988543711
0.403966250145
0.403948725966
0.403934236061
0.403921178463
0.403909765076
0.40390121241
0.403896475184
0.403895881066
0.403899127606
0.403905770381
0.403915820232
0.403929451142
0.403946488187
0.403966905112
0.403990355505
0.404016081049
0.404044843708
0.404075623097
0.40410961828
0.404148829661
0.404193067163
0.404241928329
0.404295644332
0.404354223641
0.404417549515
0.404485658565
0.404558375991
0.404634959868
0.40471248276
0.404784480505
0.404854898014
0.404927172436
0.405002153637
0.405080269044
0.405161948454
0.405245343049
0.405330139101
0.405418758638
0.405510085254
0.405602603036
0.40569618735
0.405790661579
0.405885892399
0.405981893375
0.406078406259
0.406174985437
0.40627138029
0.406367689349
0.406463382119
0.406556793964
0.4066497032
0.406744533695
0.406841849339
0.406941053404
0.407041022458
0.407140606577
0.407236601988
0.407330968223
0.407426704412
0.407523238356
0.407621038099
0.407717327769
0.407814232426
0.407914635325
0.408015546795
0.408115729692
0.40821728448
0.408321040185
0.408426554118
0.408534814001
0.408644756585
0.408756834237
0.408870633797
0.408980377441
0.409093242391
0.409208576375
0.409326336701
0.409447503099
0.409571449384
0.409695656807
0.409821640543
0.409950398523
0.41008118993
0.410212278464
0.41034293727
0.410475193346
0.410604737152
0.410735438487
0.410868293365
0.410998292084
0.411121972814
0.411244210319
0.4113635267
0.411478986688
0.411587473904
0.411688620227
0.411783069978
0.411874310564
0.41196325983
0.412049646292
0.412132699954
0.412211958696
0.412287114095
0.412354983219
0.412416131052
0.412472063517
0.41252598509
0.412579054879
0.412633014751
0.412689195962
0.412748243282
0.412810421749
0.412875378258
0.412941211024
0.41300933533
0.413079654575
0.413151439044
0.413223748584
0.413292894891
0.413358001625
0.413420476342
0.413480526839
0.413538038093
0.41359164931
0.413639241593
0.413678373655
0.413709155081
0.413736832838
0.413762896861
0.413787319489
0.413810017517
0.413830201643
0.413844911614
0.413850695083
0.413850717735
0.413843316654
0.413830259693
0.413812020118
0.413788445293
0.413759836794
0.413723164652
0.4136756942
0.413622507558
0.413567077974
0.413509884279
0.413450963081
0.413390581787
0.413328783063
0.413265148308
0.413198905138
0.413128965145
0.413053684348
0.412972420471
0.41288705852
0.412799250306
0.412709507664
0.412617638353
0.412523055503
0.412425046317
0.412323016114
0.412216455924
0.41210436989
0.411987682819
0.411869512717
0.411751512622
0.411634268888
0.411518007773
0.411403650152
0.411292359954
0.411184166433
0.411077513939
0.410973263032
0.410872845614
0.410776499012
0.410684418155
0.410597133215
0.410515351173
0.410439698751
0.41037061017
0.410308298893
0.410252726868
0.41020354828
0.410160059269
0.410121443436
0.41008756668
0.410059069875
0.410036598777
0.410020484544
0.410010759777
0.410007199495
0.410009313047
0.410016226519
0.410026525566
0.41003875345
0.410051740755
0.410065234418
0.410077892408
0.410087324683
0.410095160075
0.410103938686
0.410114485118
0.410126469844
0.410139254409
0.410152875604
0.410167823081
0.410184510172
0.410203004941
0.410222911593
0.410243051984
0.41026093446
0.410273580124
0.410284421193
0.410295631902
0.410307670358
0.410320358857
0.410333236901
0.410345612041
0.410356359844
0.410363665012
0.410364702501
0.410359410962
0.410350451927
0.410338307993
0.410322736569
0.4103039016
0.410282073954
0.410257893766
0.410232131421
0.410205120012
0.410176601868
0.410146516315
0.410115401756
0.41008352689
0.410049051093
0.41000939067
0.409967026711
0.409922400607
0.40987538977
0.40982504189
0.409772283678
0.409716612392
0.409654784278
0.409591425619
0.409527711721
0.40946330662
0.409397595316
0.409330809015
0.409263839917
0.409197155468
0.409130674779
0.409063562433
0.408992366822
0.408915769815
0.408839020126
0.408762589488
0.40868503069
0.408602911847
0.408516325506
0.408425682753
0.408331051636
0.408230814667
0.408123069342
0.408011116169
0.407896772869
0.407778920861
0.407657381709
0.407530971292
0.407397523984
0.407260781323
0.407123649421
0.406986917259
0.406850639207
0.406714580755
0.406578212826
0.4064408072
0.406302107778
0.406162785298
0.406023621381
0.405885248361
0.405748423365
0.405613734862
0.405480642266
0.405346953393
0.405214101482
0.405082940584
0.404953440197
0.404824925642
0.404696556666
0.404568784388
0.404443141729
0.40432062606
0.404201398979
0.404085131614
0.403971641528
0.403860640099
0.403751372638
0.403641713012
0.403511264554
0.403369642561
0.403224115267
0.403073890146
0.402923035084
0.402772384367
0.402621630458
0.402470452091
0.402318552891
0.402164834088
0.402010743323
0.401856263256
0.401701327996
0.401547523065
0.401395997349
0.401247294807
0.401101666222
0.400959119284
0.400819471247
0.400682626051
0.400548833674
0.400413196563
0.400279636193
0.400148535353
0.400020722876
0.399896307593
0.399775039046
0.39965071626
0.399527960458
0.399408318726
0.399292473054
0.399180768941
0.399073753752
0.398971966548
0.398875637624
0.398784737597
0.398699096031
0.398618704561
0.398543641933
0.398474686457
0.398412907986
0.398358619627
0.398311625435
0.398271498214
0.398237775133
0.398209855681
0.398186796482
0.398167112373
0.3981487954
0.398130194681
0.3981107429
0.398088144554
0.398063571234
0.398041566306
0.398023518732
0.398011956382
0.398008294133
0.398012707252
0.398024289494
0.398040582268
0.398060503689
0.398087727556
0.398124047854
0.398169580203
0.398223128138
0.39828095976
0.398339628242
0.398397396361
0.398463569618
0.398540625911
0.398628909129
0.398728088704
0.398837440832
0.398956617227
0.399085616871
0.399224104546
0.399371075002
0.399520629374
0.39967463154
0.399834972774
0.400001306074
0.40017357271
0.400352010942
0.400535949921
0.400721083357
0.40091110377
0.401106788684
0.401308132779
0.401514957053
0.401726781918
0.401942807478
0.402162477641
0.402385853954
0.402613008549
0.402843537232
0.403070900672
0.403295678307
0.403524023169
0.403756924568
0.403994194886
0.404233952409
0.404473552487
0.404715223329
0.404958850396
0.405203575167
0.405448423455
0.405692854078
0.405936664944
0.406179368276
0.406419940093
0.406656558421
0.406888887506
0.407119020736
0.407347868074
0.40757685488
0.407807406863
0.408039663402
0.408272450703
0.408505079113
0.408738532449
0.408972800481
0.40920714071
0.409440400923
0.409672018912
0.409903100901
0.410134907319
0.410367293768
0.410598187342
0.410828049125
0.411056617263
0.411284119517
0.41151021666
0.411732548016
0.411945670239
0.412149364522
0.412348448142
0.412544028394
0.412732902612
0.412919773796
0.413103402185
0.413283537113
0.413460757625
0.413635088287
0.413806133696
0.413973017464
0.414133562692
0.414284910804
0.414427348917
0.41456160239
0.414688039391
0.414806547124
0.414916758721
0.415017595545
0.415108915203
0.415191517
0.415265767272
0.415333315836
0.415395327153
0.415452336864
0.415504585754
0.415545271228
0.415576308968
0.415602410505
0.41562327869
0.415638452517
0.415647348381
0.415649272483
0.415643609903
0.415630120803
0.415608287108
0.415575637864
0.415533055339
0.415477028258
0.415408392862
0.415334894702
0.415256156121
0.415169078034
0.415075615546
0.414978565153
0.414878434027
0.414775780446
0.414671422042
0.414556008062
0.41443599597
0.414317834099
0.414202159915
0.414089192023
0.41397923138
0.413872310304
0.41376350636
0.413656470903
0.413552504993
0.41345086019
0.413350928253
0.413252390624
0.413154846481
0.413057941147
0.412961131963
0.412859908423
0.412752876946
0.412644409621
0.412536117155
0.41242992002
0.412325913157
0.412223445355
0.41212217184
0.412022551209
0.411924742602
0.411828338787
0.411732531574
0.411635525136
0.411533573594
0.411426499085
0.411317969296
0.41120582169
0.411091532068
0.410976697944
0.41086040564
0.410742890916
0.410625184689
0.410507709897
0.410390588784
0.41027395416
0.410158047298
0.410043182556
0.409929695621
0.409817912638
0.409708003996
0.409598423293
0.40948127339
0.40936204034
0.409243719623
0.409127647285
0.40901456988
0.408904846672
0.40879866035
0.408696007234
0.408597296623
0.408503311381
0.40841446471
0.408330830594
0.408252286617
0.408178484006
0.408108264302
0.408036430001
0.407960283751
0.407882928887
0.407805695988
0.407724018811
0.407639323675
0.407555364196
0.407472024867
0.407388970041
0.407305949011
0.407222857713
0.407139681774
0.40705606353
0.406968530039
0.406872585397
0.406774728844
0.406677170655
0.406580393321
0.406484685461
0.406390151294
0.406290545778
0.406191625141
0.406092523263
0.405991959753
0.405893066477
0.405791670069
0.405690493568
0.40558957176
0.40548676034
0.40538556838
0.405287038264
0.405191312178
0.405098432437
0.405008442753
0.404921395545
0.404837350498
0.404756292216
0.404674986074
0.404594710679
0.404516520071
0.404437292744
0.404354410596
0.404271680012
0.404190642843
0.404111024317
0.404032110061
0.4039532001
0.403873764945
0.403792753924
0.403708617804
0.403619424172
0.403526770168
0.4034314895
0.403335390107
0.403241049048
0.403150371577
0.403064061347
0.40298271956
0.402906942475
0.402837240118
0.402773978709
0.402717349042
0.402665619013
0.402616484411
0.402570965753
0.402526539354
0.402480442209
0.402434704749
0.402394891566
0.40236154292
0.402334804978
0.402314577753
0.402299143478
0.402288728413
0.402285663207
0.402290325895
0.402302723078
0.402322655596
0.402349324919
0.402380169387
0.402409541203
0.402438368105
0.402471468606
0.402507935515
0.402547544629
0.40258962142
0.402625660124
0.402663253362
0.402703257159
0.402747316136
0.402796075188
0.402849895796
0.402908296886
0.402970018249
0.403034075511
0.403100533679
0.403165947341
0.403230209508
0.403294256942
0.403358128482
0.403423240162
0.403491210962
0.403562721476
0.403636450397
0.403707983663
0.403778519045
0.403849950144
0.403922416544
0.403997794249
0.404072399857
0.404150904005
0.404234933484
0.404324877019
0.404419323508
0.404516213416
0.404617427343
0.404724244971
0.404836536254
0.404953462957
0.405073579179
0.405195262241
0.405317468011
0.405439488833
0.405560062324
0.405678705223
0.40579706519
0.405916483501
0.406037334152
0.406159119808
0.40627846845
0.40639161389
0.40650462307
0.406619226282
0.406735593307
0.406853537867
0.406972818328
0.407093531017
0.407216123157
0.407341022068
0.407468370253
0.407597936561
0.407729177428
0.407861470093
0.407994284413
0.408127336898
0.408261205659
0.408396464526
0.408533134978
0.408671033799
0.408809951606
0.408949414798
0.409087926545
0.409224230009
0.409357811071
0.409487713621
0.409615844756
0.409742221853
0.409867008107
0.40999017446
0.410110943023
0.410227648852
0.410339501524
0.41044585466
0.410546478325
0.410643628672
0.410735892653
0.410816512111
0.410887412401
0.410952704761
0.411011127273
0.411061524875
0.41110702895
0.411149539048
0.411189471802
0.411227168143
0.411263100681
0.411297480719
0.411330223653
0.411361140843
0.411390053336
0.411416659017
0.411440310563
0.411459920441
0.411473962912
0.411481044984
0.411482004962
0.411478125257
0.411469447904
0.411456032293
0.411439087734
0.411420252086
0.411400520563
0.411380265304
0.411359486182
0.411337896783
0.411315058369
0.41129089752
0.411265939182
0.411240920674
0.41121646881
0.411193056288
0.411171073926
0.411150800663
0.411132361937
0.411115754576
0.411100897389
0.411087660061
0.411075822954
0.411064861421
0.411053260369
0.411038457321
0.411020951495
0.411002499623
0.410982621418
0.410956735895
0.4109252557
0.410888660289
0.410842728598
0.410790871979
0.410735832989
0.41067856799
0.410619102168
0.410556494047
0.410492608678
0.410428526189
0.410363671341
0.410296563318
0.410226489738
0.410153107342
0.410073865332
0.4099893972
0.409903105764
0.409817200411
0.409731115523
0.409638063272
0.40953847864
0.409431838414
0.409326317562
0.409224023172
0.40912510309
0.409028459985
0.408927804151
0.408819894384
0.408712392101
0.408606876987
0.408504149419
0.408404711095
0.408308711619
0.408215827452
0.40812513988
0.408033845462
0.4079388785
0.407846333124
0.407757437841
0.407672412588
0.407591067763
0.407512900878
0.407437096514
0.40736253772
0.407288018144
0.407212929817
0.407136887473
0.407058193734
0.406971710536
0.40688169939
0.406790460901
0.406697931458
0.406604075427
0.406509554645
0.406414452386
0.406319820258
0.406225918058
0.406131171475
0.406034007172
0.405936087926
0.405838780462
0.40574231936
0.405646391654
0.405550342075
0.405453703494
0.405356634814
0.405259805477
0.405164131327
0.405064374713
0.404962845174
0.404862353296
0.40476621304
0.404674819746
0.404587305883
0.404499410697
0.404414943862
0.404335296017
0.404258939473
0.404184568877
0.404114678632
0.404050003279
0.403990673872
0.403936491002
0.403886717493
0.403840230585
0.403796282443
0.403753367436
0.403708759311
0.403663317168
0.403618225722
0.403574084917
0.403531186271
0.403488917642
0.403445371529
0.403398029568
0.403346195679
0.403287620867
0.403220921655
0.403148113788
0.403070398898
0.402988011352
0.402900833195
0.402809265237
0.402714192218
0.402616345897
0.402515514653
0.40240948085
0.40229803219
0.402184060419
0.402068766186
0.401952523071
0.401835238054
0.401710679557
0.401586948369
0.401465275258
0.401345979546
0.401229331106
0.401115714258
0.401005491388
0.400898841936
0.400795747069
0.400696058444
0.400599063694
0.400503665767
0.400412280804
0.400327262806
0.400249485763
0.400179234427
0.400116460171
0.400060823888
0.400011620063
0.39996763423
0.399928039013
0.39989252176
0.399858285384
0.399826995267
0.399799664182
0.399775923784
0.399754908847
0.399737366256
0.399723039672
0.399707605397
0.39969462279
0.399685744907
0.399681226471
0.39968100459
0.399684650648
0.399691807833
0.399702594548
0.399712555047
0.399723997928
0.399740014309
0.399759831664
0.399781509254
0.399807513856
0.399840868238
0.3998828306
0.399933952221
0.399994267767
0.400063283637
0.400139861345
0.400222231639
0.400306507266
0.400391387865
0.400480834502
0.400574968929
0.400674279997
0.400778990332
0.400886972813
0.400995326686
0.401108857527
0.40122771671
0.401351856978
0.401481564722
0.401616687477
0.401756258623
0.401898684864
0.402042711419
0.402186823142
0.402328353478
0.402466207893
0.402602324286
0.40273911844
0.402878253766
0.403019998798
0.403162818909
0.403307893092
0.403456497209
0.403608386916
0.403762928458
0.403920292135
0.404080833698
0.404244393042
0.404410354133
0.40457788206
0.404746005909
0.404913525114
0.405079421695
0.405243072814
0.405403977769
0.405561769698
0.40571636498
0.405866802686
0.406010179027
0.406140794546
0.406268123146
0.406394394285
0.406520266294
0.406646267983
0.40677276477
0.40689978252
0.407025741014
0.407146191495
0.407264768526
0.407383214581
0.407501176458
0.407617779933
0.407731971338
0.407841937388
0.407944681115
0.408042502555
0.408135998131
0.408224852207
0.408308367265
0.408385487379
0.408452797224
0.408509905466
0.40855952903
0.408602847838
0.408641661788
0.408677517197
0.408711369245
0.40874387134
0.40877559839
0.408807131279
0.408839043027
0.408872204823
0.408907807923
0.408946808905
0.408989771782
0.409036670671
0.409084569106
0.409136000062
0.409191802518
0.409251621124
0.409313997688
0.40937601745
0.409436647314
0.409494439418
0.409546430756
0.409599184735
0.409650528951
0.4096857458
0.409709488101
0.409731622501
0.409754452746
0.409778756595
0.409804716358
0.409832846958
0.409863874061
0.409897846374
0.409933953354
0.409971316887
0.41001013538
0.410050706543
0.410092461533
0.410134115115
0.410174018004
0.41021248633
0.410251921363
0.410293418894
0.410335896831
0.410379013135
0.410425491898
0.410475661177
0.410529390451
0.410586848136
0.410648303827
0.410713810412
0.410782997624
0.410854787828
0.410926864669
0.410995905368
0.411059457338
0.411120131316
0.411181561892
0.411244965827
0.411310127738
0.41137598317
0.41144107287
0.411505006982
0.411565096738
0.411622817667
0.411682368184
0.411743616707
0.411805481836
0.411864000562
0.411913693162
0.41195706631
0.411995879778
0.412031432727
0.412064579213
0.412095391246
0.41212379621
0.412149905381
0.412173629137
0.412189723698
0.412201036622
0.41220927185
0.412212016781
0.412211635595
0.412210053871
0.412202543725
0.412187322885
0.412170315745
0.412152832625
0.412134360751
0.412113589444
0.41208837509
0.412056670099
0.412019219008
0.411974892775
0.411922544457
0.411863913741
0.411798688639
0.411726303194
0.411648460848
0.411568459072
0.411487351796
0.411401725086
0.411311066369
0.411219850191
0.411125050319
0.411024740887
0.410924637582
0.410824307649
0.410723306067
0.410621348586
0.410517875894
0.410409630359
0.410294379989
0.410176844825
0.410057460189
0.409935775337
0.409810617428
0.409681407651
0.409548553843
0.40941257953
0.409275054877
0.409134860929
0.408990672658
0.4088465406
0.408702788091
0.408557843732
0.408406726829
0.408256615998
0.408107572817
0.407959360471
0.407812410165
0.407666948587
0.407521374669
0.407373488925
0.407227063061
0.407082787825
0.406940248982
0.406799047114
0.406656206307
0.406508021657
0.406360895165
0.406214101272
0.406066400294
0.40591655449
0.405764340477
0.405610082534
0.405453968322
0.405296262255
0.40513743178
0.404977839036
0.404817142916
0.404654833273
0.40449171654
0.404326295736
0.404157705392
0.403990414442
0.403824748989
0.40366079632
0.403498051619
0.403334338568
0.403167881232
0.402997301066
0.402824002242
0.402649298443
0.402475238861
0.402303867821
0.402133957713
0.401966834107
0.401806628825
0.401654372297
0.401510470412
0.401375031152
0.401247898822
0.40112831371
0.401014101403
0.400904166851
0.400798282993
0.400697304916
0.400602539019
0.400514492595
0.400433037351
0.400357012364
0.400283058939
0.400208626516
0.400135378628
0.400063979577
0.399993872633
0.399926443275
0.399863741942
0.399805486451
0.399748956286
0.399689746315
0.399631389038
0.399575762531
0.399522813477
0.399473266351
0.399427113678
0.399382814853
0.399336794052
0.399287060993
0.399238457903
0.399193849177
0.399154008331
0.399118477098
0.399087885308
0.399063529924
0.399046150211
0.399036182984
0.399033954613
0.399038159422
0.399048097038
0.399066673682
0.39909415671
0.39913050841
0.399175470959
0.399228617323
0.39928963772
0.399358279678
0.399433736809
0.399513336856
0.399588595762
0.39966431751
0.399745621891
0.399832612658
0.399924883253
0.400022026213
0.400121348385
0.400216391733
0.400306409127
0.400400234193
0.400497935806
0.400598334954
0.400699574032
0.400796996405
0.40089191442
0.400988691535
0.401083347958
0.40117927008
0.401277722177
0.401375396237
0.401466097485
0.401554261724
0.401641290356
0.401727690049
0.401814134995
0.401900071852
0.401984500529
0.402069004884
0.402154955628
0.402239664305
0.402324315957
0.402409725959
0.40249490288
0.402580320103
0.402666418345
0.402752997395
0.402839743209
0.402926661403
0.403014493382
0.403104202709
0.403196497702
0.403291628899
0.403388046444
0.403481720119
0.403574675234
0.403668860597
0.403764913587
0.403862114924
0.403960517388
0.404061925373
0.404167059073
0.40427531155
0.404385741911
0.404497825303
0.404611832249
0.404728074338
0.404846467709
0.404966728465
0.405088358538
0.405210319893
0.405329862879
0.405445585305
0.405559530126
0.405672078113
0.405782684188
0.405890175284
0.405992379707
0.406086530409
0.406173692117
0.40625381959
0.40632998996
0.406403055
0.406469372544
0.406528454297
0.406580681527
0.406623490382
0.406658915948
0.406689095173
0.406714333956
0.406734736554
0.406750031746
0.406759501951
0.406762878519
0.406760462162
0.406752092725
0.406737933829
0.406718693511
0.406694741251
0.406666033973
0.406632368497
0.406593681866
0.406549719583
0.406498096649
0.406439161632
0.406375750224
0.406308441278
0.406237230727
0.406161842146
0.406081767427
0.405996582049
0.405906480893
0.405812269215
0.405714810805
0.405614674335
0.405512085799
0.405406971385
0.405299043982
0.405187977768
0.405073637454
0.404956284537
0.404836583081
0.404715328377
0.404593125171
0.404463973761
0.404334135928
0.404205248349
0.40407764269
0.403951355765
0.403827158373
0.403706153436
0.403586724356
0.403464532617
0.403342964894
0.403225310468
0.403109973947
0.402991124037
0.402872933165
0.402756436747
0.402642209835
0.402530861084
0.402421445064
0.402310886361
0.402197600413
0.402085982412
0.401979418395
0.401878425783
0.401781647791
0.40168701901
0.401594754806
0.401509295831
0.401433048711
0.401366774348
0.401310615096
0.401264202089
0.401223713978
0.401190875175
0.401166616755
0.40115062326
0.40114259658
0.401142073793
0.401148547697
0.401161992679
0.401182738595
0.401211061065
0.401247232137
0.401291477308
0.401343849372
0.401404284191
0.401472727122
0.401549117086
0.401633288645
0.401724907646
0.401823308655
0.401926592584
0.402030408637
0.402132786458
0.402238629695
0.402349564754
0.402465197837
0.402584111702
0.402704563552
0.40282544968
0.402945264693
0.403062689725
0.403177103336
0.403291819445
0.403409002189
0.403527774573
0.403647692276
0.403766452466
0.403888262452
0.404013010161
0.404140703305
0.404271179903
0.404403457074
0.404537628043
0.404674700892
0.404814081636
0.404951559974
0.405090381615
0.405227228876
0.405362448382
0.405499913845
0.405640918177
0.405785650049
0.405933096224
0.406080692639
0.406230157128
0.406383801544
0.406540903001
0.406695602041
0.406851094906
0.407004237602
0.407158944066
0.407310701788
0.407463161312
0.40761767622
0.407774205612
0.407932767893
0.408092593485
0.408248868665
0.408393706147
0.408532668241
0.408669022833
0.408802178501
0.408934130352
0.409068306766
0.409205537184
0.409344264432
0.409483638437
0.409624107822
0.409765695771
0.409907596381
0.410046917529
0.410185419058
0.410324474426
0.41046396898
0.410603325628
0.410741452851
0.410875308874
0.41100072443
0.411121616379
0.411236786772
0.411344662959
0.411446969793
0.411544864532
0.411635898066
0.411716449986
0.41178434053
0.4118468325
0.411903433489
0.411952652342
0.411997948429
0.412042112789
0.412085977516
0.412129759455
0.412173410146
0.412216136523
0.412253203967
0.412286142553
0.412317626679
0.412348758893
0.412379953116
0.412411281573
0.412442839329
0.412474955849
0.412507983156
0.412541927381
0.412576320532
0.412610803486
0.412645664232
0.412680932388
0.412715862011
0.412750173344
0.412784206238
0.412818375617
0.41285335258
0.412889118795
0.412924664046
0.41295831551
0.412988400989
0.413013822543
0.413034174602
0.413049552616
0.413059976268
0.41306461946
0.4130617367
0.413049151822
0.413028453696
0.413003117009
0.412975362021
0.412945908318
0.412914625832
0.4128809961
0.412844366651
0.412804001324
0.412757209916
0.412703904141
0.412643389057
0.412576330055
0.4125034857
0.412423726241
0.412339123442
0.412252138461
0.412163609953
0.412073605029
0.411981640734
0.411886628382
0.411787331858
0.411683085318
0.411573119625
0.411456457018
0.411331908696
0.411201919167
0.411069870971
0.410936424234
0.410793220604
0.410647098834
0.410498222405
0.410347700056
0.410191111296
0.410035686454
0.409884622449
0.409738249114
0.40959607333
0.409457082987
0.40932123558
0.409189024351
0.409060565615
0.408935677007
0.408813699046
0.408694879663
0.408579829666
0.408468038332
0.408358588242
0.408248728094
0.408138138668
0.408027478868
0.407916426924
0.40780542874
0.407695132525
0.407585924748
0.407478101715
0.407372042727
0.407268136591
0.407166626189
0.407067823729
0.406972366374
0.406880798965
0.406792810048
0.406704638689
0.40661690696
0.406532837324
0.406451976963
0.406369435094
0.406282729327
0.40619969645
0.406122079234
0.406048453277
0.405977312239
0.405912080016
0.405852436313
0.405797634353
0.40574636701
0.405696341784
0.405642169374
0.405580068328
0.40551509217
0.405449331933
0.405383708713
0.405318795097
0.40525528268
0.405193120165
0.405129413012
0.405061745575
0.404994201641
0.404929258908
0.404867251525
0.404807387442
0.404749247767
0.404693627535
0.404641411365
0.404593130959
0.404548485293
0.404503221925
0.404458710232
0.404416842478
0.404377042015
0.404338727118
0.404301333234
0.404264426836
0.404228536865
0.404194837193
0.404163468681
0.404127224483
0.404092047724
0.404057417573
0.404022329876
0.403988672598
0.403957091502
0.403919557329
0.403881506735
0.403844182248
0.403802455482
0.403759551221
0.403717458217
0.403677461431
0.403640555021
0.403607220092
0.403577817306
0.403552880353
0.403532675437
0.4035169456
0.403504682787
0.403493918378
0.403483049132
0.403471026488
0.403455644685
0.403433072393
0.403405417503
0.403377514254
0.403351553027
0.403327692848
0.403305540987
0.403284229006
0.403262294231
0.403237930627
0.403203950396
0.403167713695
0.403125684454
0.403079176992
0.403033990618
0.402991006871
0.402950177271
0.402911070276
0.402873174159
0.402836095351
0.402799459681
0.40276250272
0.402724363211
0.402685605885
0.402646343489
0.402606425818
0.402567124227
0.402529174358
0.402492657966
0.402457183992
0.402421628981
0.402384298711
0.402344257481
0.402303232988
0.402263859388
0.402227517611
0.402194641929
0.402164227803
0.402132683527
0.4021025773
0.402068530075
0.402035248917
0.402004649351
0.401976707732
0.40195043654
0.401924221585
0.401895584076
0.401868478607
0.4018423626
0.40181740821
0.401794137211
0.401772183589
0.401749814674
0.401725186988
0.4016988334
0.401671191436
0.40164276957
0.401613831065
0.4015843575
0.401553772367
0.401517923785
0.401465591183
0.401407367284
0.401347104053
0.401281164168
0.40121042887
0.401136776361
0.401063905314
0.400991479513
0.400919493487
0.400848680916
0.400779697297
0.400712782802
0.400646657101
0.400579247947
0.400513893915
0.400451247325
0.400391197057
0.400333368465
0.400275707224
0.400216490715
0.400157282975
0.400098291247
0.400040039689
0.399983018974
0.399927641266
0.399874309247
0.399823212701
0.399771691714
0.399716428507
0.399660162095
0.399604714919
0.399551194434
0.399494991976
0.399440322756
0.399386530013
0.399332665014
0.399278921079
0.399226252085
0.399175302633
0.399125760069
0.399076029381
0.399023409646
0.398965756074
0.398897669191
0.398820077013
0.398740573952
0.398661193511
0.398583698592
0.398510044407
0.398439859944
0.398363104063
0.398291922148
0.398226612365
0.398166222374
0.398110533134
0.398059629917
0.398012263087
0.397967164671
0.397924847708
0.39788567665
0.397849381532
0.397815595557
0.397784116495
0.397754872433
0.397727965979
0.397703846905
0.397683263518
0.397666751252
0.397652743424
0.397641435406
0.397634988562
0.397633258434
0.397635250989
0.397639584184
0.397645761303
0.397654619508
0.397666941462
0.397682858517
0.397702015408
0.397723936392
0.397748103969
0.397771652704
0.397794668774
0.397817042276
0.39784044112
0.397867123837
0.397897884143
0.397932894981
0.397971937693
0.398014405108
0.398059254658
0.398105146372
0.398151197214
0.398197589953
0.39824509469
0.398294526923
0.398346591617
0.398401829272
0.398460407859
0.398522151342
0.398587431935
0.398657007928
0.398730998253
0.398808912282
0.398890301799
0.398974260113
0.399054819183
0.399136115617
0.399220267297
0.399309142079
0.399403111287
0.399501794836
0.399603969855
0.399708328296
0.399815434143
0.399924052641
0.400033635376
0.400144439115
0.400254387461
0.400358992182
0.400457868409
0.400551512371
0.400639381799
0.400721437832
0.400798281111
0.400870452909
0.400938522137
0.401002933933
0.401064121403
0.401122169221
0.401176437219
0.401225943325
0.401270231473
0.401309227207
0.401343744831
0.40137546044
0.401405694476
0.401434976786
0.401463509612
0.401491469652
0.401518908905
0.401545740221
0.401572141545
0.401598690287
0.401626135521
0.401655171896
0.40168627437
0.401719459102
0.401749308418
0.401778911928
0.401810048209
0.401842724873
0.401876627416
0.401911020883
0.401945034715
0.401978630391
0.402011751727
0.402043406784
0.402071875864
0.402094419314
0.402107125562
0.402113887446
0.402116082685
0.402113566365
0.40210511194
0.402092034455
0.402071950834
0.402040150371
0.402005402916
0.401967459994
0.401927582238
0.401887548822
0.401848106511
0.401809743469
0.401772847024
0.401737610865
0.401703831028
0.401671095217
0.401639685315
0.40161038636
0.401583666071
0.401559380298
0.401535963357
0.401512168152
0.401489818546
0.401470053311
0.401452826236
0.401437696626
0.401424266834
0.401412261759
0.401401810147
0.401393367641
0.401387191389
0.401383210647
0.401381058485
0.401379938588
0.401378177537
0.401374175791
0.401369356476
0.401365331427
0.401362840037
0.401362487811
0.401364989187
0.401371219896
0.401381931444
0.401397510016
0.40141793651
0.40144276649
0.401471353895
0.401503122105
0.401538337919
0.401577781922
0.401621360694
0.401667517502
0.40171616151
0.401768420081
0.401823307313
0.401878976072
0.401934980412
0.401990944534
0.402045470144
0.402101435514
0.402160725586
0.402223092882
0.402286789958
0.402348906471
0.402410458768
0.402472408685
0.402534119468
0.402589130008
0.402642532966
0.402698206244
0.402756437317
0.402816935569
0.402879297639
0.402942996057
0.403006657875
0.403068427436
0.403126641441
0.403180474595
0.403232993871
0.403278336715
0.403312553896
0.403342327036
0.403369850671
0.403400094324
0.403433749809
0.403470826496
0.4035110271
0.403553822675
0.403598460576
0.403642725808
0.403683786734
0.403724229309
0.403764334305
0.403804199436
0.403842468715
0.403876838009
0.403907454659
0.40393544829
0.403961604911
0.403986255681
0.404007037444
0.404025068569
0.404043357332
0.404062739599
0.404083334047
0.404104665838
0.404125913363
0.404146171664
0.404164724604
0.404181189793
0.404195727185
0.404209214542
0.404222775738
0.404237330634
0.40425356674
0.404271991403
0.404292873065
0.404310396437
0.404328820075
0.404349573314
0.404372324306
0.40439658192
0.404422097408
0.404448756992
0.404476181679
0.404504504401
0.404534174779
0.404565105367
0.404596606495
0.404627817842
0.404658568143
0.404689523847
0.404720071145
0.404746006468
0.404768304994
0.404789920947
0.40481239613
0.404836439396
0.404860649388
0.404880843668
0.404902749461
0.404928557505
0.404959393245
0.404995940064
0.405038276372
0.405085901829
0.405137542231
0.405190861211
0.405243183365
0.40529270217
0.40533829452
0.405380552908
0.405420380616
0.40545924777
0.405494589795
0.405529919162
0.405565256554
0.405600024163
0.405631782717
0.405652905153
0.405673261262
0.40569234556
0.405709331992
0.405725109381
0.405741645037
0.405760037912
0.40578055688
0.405802958417
0.405826686982
0.405851564752
0.405877727645
0.405902795258
0.405921605224
0.405940007917
0.405959344231
0.405973796698
0.40598457082
0.405993719234
0.4060022318
0.406010564855
0.406016868307
0.406013135764
0.406006100994
0.40599854643
0.405990017654
0.405979649662
0.405966689974
0.405950462134
0.405928226361
0.405900398136
0.405870741228
0.405838220699
0.405802173983
0.405760722947
0.4057164177
0.405672803867
0.405629377147
0.405585045005
0.405538535064
0.405489331064
0.405437916721
0.405381655656
0.405322317757
0.405263356969
0.405204774176
0.405146069201
0.405087252851
0.405028472048
0.404965421356
0.404897690772
0.404831297658
0.404766825581
0.404703696969
0.404641822468
0.404582101169
0.404525389019
0.404472093369
0.404422559414
0.40437666622
0.404333813662
0.404293750988
0.40425628436
0.404221335422
0.404188911043
0.40416000826
0.404134816686
0.404112766465
0.404093437019
0.404075951865
0.404059867831
0.404047043591
0.404038484353
0.404034117533
0.404034126029
0.404038408542
0.404046160272
0.404056046558
0.404066561345
0.404076793914
0.404086978715
0.404098947258
0.404113935942
0.404132102371
0.404153254483
0.404177315173
0.40420423565
0.404233641816
0.404263379422
0.404287061523
0.404310612448
0.404334772602
0.404359504746
0.404384494619
0.404407882588
0.404428131385
0.404445280398
0.404460364967
0.404474773948
0.404486186594
0.404492902556
0.404497352247
0.404501834179
0.404506964948
0.404512496803
0.404517376754
0.404520448469
0.404522038663
0.404522935109
0.404523434294
0.404523647906
0.404523708245
0.404523755327
0.404523719478
0.404522270676
0.404519478378
0.404517341889
0.404516884942
0.404518478806
0.404519287905
0.404519927909
0.404519356987
0.404518883223
0.404519814391
0.404522374502
0.404526899878
0.404533547148
0.404542052134
0.404551833812
0.404562564793
0.404574103905
0.404586065664
0.404597818259
0.404608692375
0.4046182843
0.4046268487
0.404635182413
0.404643918919
0.404653338683
0.404663532842
0.404674541957
0.404686425417
0.404699212807
0.404712741858
0.404726500251
0.404739517144
0.404750353091
0.404758453079
0.40476517203
0.404771682773
0.404778255981
0.404784328046
0.404789253128
0.404792164619
0.40479152275
0.40478814784
0.404783316254
0.404777189521
0.404768895005
0.404756426645
0.404737760188
0.404710628965
0.404675440475
0.404631413456
0.404580130434
0.404523792442
0.404462624172
0.404401222899
0.404341163338
0.404283102046
0.404227159233
0.404172899625
0.404119128552
0.404064378741
0.404008962372
0.403954073209
0.403899741644
0.403842839422
0.403778456736
0.403715122862
0.403654585264
0.403595495161
0.403537897051
0.403484056476
0.403435022801
0.403391055071
0.403352120628
0.403317819424
0.403286371721
0.4032550223
0.403220973994
0.403187562635
0.403155553993
0.403121981434
0.403090541102
0.403062826862
0.403038815552
0.403018433975
0.403001737016
0.402988600992
0.402978774712
0.402972659266
0.40297060269
0.402971976869
0.402972995862
0.402973538608
0.402976818215
0.402984031979
0.402995591915
0.403011289526
0.403030019496
0.403049874082
0.403069548355
0.403089196805
0.40310967047
0.403130840763
0.403152819874
0.40317525159
0.403195454465
0.403216930802
0.403241445308
0.403268975028
0.403298894167
0.403329903986
0.403358823454
0.403380821311
0.403399132359
0.403414657427
0.403424113223
0.403431623614
0.403438268589
0.403445961429
0.403454820124
0.403461056735
0.403463878559
0.403467190561
0.403470410977
0.403472749191
0.403474012023
0.403474369645
0.403473940366
0.403472926908
0.403471698337
0.403470593945
0.403469688249
0.403468497257
0.403462134441
0.403443116098
0.403417187764
0.403387537484
0.403359366191
0.403332620584
0.403306744181
0.403281419128
0.403257056
0.403234659637
0.403215404052
0.403200269348
0.403189775479
0.40318199383
0.403174816416
0.403173018005
0.403176386276
0.403183598221
0.403192407355
0.403203394162
0.40321875208
0.403239548905
0.403265330885
0.403292330488
0.403323977105
0.40336031334
0.403401092673
0.40344430514
0.403487325662
0.403529406802
0.403570832779
0.403615022605
0.403662552653
0.403712674104
0.403765473276
