-0.0
2.88230266393e-05
0.000115293293694
0.000259414359757
0.000461192146442
0.000720634924272
0.00103775329287
0.00141256015538
0.00184507068702
0.00233530229767
0.00288327458838
0.00348900930165
0.0041525302653
0.00487386332977
0.0056530362986
0.00649007885198
0.00738502246291
0.00833790030593
0.00934874715798
0.010417599291
0.0115444943564
0.01272947126
0.0139725700285
0.0152738316655
0.0166332979982
0.0180510115126
0.0195270151784
0.0210613522619
0.0226540661262
0.0243052000196
0.02601479685
0.0277828989449
0.0296095477974
0.0314947837957
0.0334386459375
0.0354411715263
0.0375023958502
0.0396223518422
0.0418010697208
0.0440385766092
0.0463348961345
0.0486900480028
0.0511040475522
0.0535769052804
0.0561086263467
0.0586992100476
0.0613486492649
0.0640569298842
0.0668240301836
0.0696499201922
0.0725345610148
0.075477904125
0.0784798906226
0.0815404504567
0.0846595016119
0.0878369492579
0.0910726848604
0.0943665852543
0.0977185116771
0.101128308763
0.104595803497
0.10812080413
0.111703099053
0.115342455633
0.119038619012
0.122791310866
0.126600228131
0.130465041694
0.134385395056
0.138360902961
0.142391150012
0.146475689252
0.150614040743
0.154805690132
0.159050087214
0.163346644501
0.167694735806
0.17209369485
0.176542813905
0.18104134248
0.185588486073
0.190183404989
0.19482521325
0.199512977613
0.204245716707
0.209022400313
0.213841948806
0.218703232778
0.223605072866
0.228546239797
0.233525454694
0.238541389635
0.243592668514
0.248677868206
0.253795520068
0.258944111783
0.264122089577
0.269327860809
0.27455979695
0.279816236964
0.285095491079
0.290395844958
0.295715564263
0.301052899582
0.306406091725
0.311773377342
0.317152994844
0.322543190582
0.327942225242
0.333348380413
0.338759965258
0.344175323247
0.349592838879
0.355010944325
0.360428125948
0.365842930611
0.371253971728
0.376659935002
0.382059583794
0.387451764074
0.392835408945
0.398209542686
0.403573284333
0.408925850777
0.414266559411
0.419594830346
0.424910188246
0.430212263836
0.435500795149
0.440775628593
0.446036719938
0.451284135293
0.456518052212
0.461738761
0.466946666346
0.472142289387
0.477326270293
0.482499371481
0.487662481541
0.492816619957
0.49796294269
0.503102748686
0.508237487357
0.513368767074
0.518498364709
0.523628236243
0.528760528468
0.533897591805
0.539041994253
0.544196536521
0.549364268367
0.554548506233
0.559752852265
0.56498121485
0.57023783084
0.575527289716
0.580854559967
0.586225018082
0.591644480608
0.597119239881
0.602656104132
0.608262442847
0.613946238461
0.619716145668
0.625581559931
0.631552697124
0.637640686642
0.643857680864
0.650216984541
0.656733208521
0.663422453344
0.670302529714
0.677393224711
0.684716625203
0.692297513283
0.700163853221
0.708347395802
0.716884434844
0.725816763326
0.73519289473
0.745069641828
0.755514184838
0.766606821416
0.778444685371
0.791146872203
0.804861659052
0.819776932075
0.83613568822
0.854259874288
0.87458854642
0.897741961132
0.924635706091
0.956699137364
0.996332365104
1.04796643137
1.1206618346
1.22770752681
1.24191616787
1.13108025607
1.05349718289
0.998729086535
0.956798976509
0.92286531358
0.894341825436
0.869705130494
0.847987560309
0.82853786272
0.810897501939
0.794731793029
0.779789189256
0.765875996904
0.752840013692
0.740559568245
0.728935956906
0.717888089358
0.707348612072
0.697261045648
0.687577633326
0.678257698249
0.669266371138
0.660573591996
0.652153317465
0.643982884585
0.636042494937
0.628314792502
0.620784515231
0.613438205171
0.606263965534
0.599251255717
0.592390717275
0.585674025322
0.579093760978
0.572643301371
0.566316724363
0.560108725707
0.55401454677
0.548029911282
0.542150969821
0.536374250982
0.530696618333
0.525115232399
0.519627517035
0.514231129643
0.508923934762
0.503703980616
0.498569478288
0.493518783195
0.488550378604
0.483662860959
0.478854926809
0.474125361152
0.469473027038
0.464896856297
0.460395841249
0.455969027302
0.451615506325
0.447334410718
0.443124908095
0.438986196511
0.434917500175
0.430918065584
0.426987158045
0.423124058523
0.419328060792
0.415598468841
0.411934594521
0.408335755388
0.404801272731
0.40133046976
0.397922669937
0.394577195426
0.391293365667
0.388070496036
0.384907896603
0.381804870972
0.378760715183
0.375774716695
0.372846153417
0.36997429281
0.36715839103
0.364397692136
0.361691427342
0.35903881432
0.35643905656
0.353891342773
0.351394846353
0.348948724895
0.346552119769
0.344204155751
0.34190394073
0.339650565468
0.337443103447
0.335280610781
0.333162126221
0.331086671234
0.329053250188
0.327060850621
0.325108443623
0.323194984315
0.321319412449
0.319480653115
0.317677617581
0.315909204245
0.31417429972
0.312471780052
0.310800512063
0.309159354833
0.307547161305
0.305962780035
0.304405057051
0.302872837855
0.301364969527
0.299880302953
0.298417695145
0.296976011663
0.29555412911
0.294150937701
0.292765343876
0.291396272958
0.290042671821
0.288703511563
0.287377790148
0.286064535013
0.28476280561
0.283471695846
0.282190336433
0.280917897086
0.279653588571
0.278396664579
0.277146423393
0.275902209341
0.274663414012
0.273429477218
0.272199887688
0.270974183489
0.269751952152
0.268532830514
0.267316504254
0.266102707139
0.26489121997
0.263681869241
0.262474525518
0.261269101548
0.260065550106
0.258863861606
0.25766406149
0.256466207411
0.255270386232
0.254076710876
0.252885317023
0.251696359719
0.250510009876
0.249326450729
0.248145874246
0.246968477533
0.245794459247
0.244624016051
0.243457339121
0.242294610742
0.241136000997
0.239981664584
0.238831737771
0.237686335503
0.236545548688
0.23540944167
0.234278049902
0.233151377838
0.232029397047
0.23091204457
0.229799221529
0.22869079198
0.227586582051
0.226486379342
0.22538993261
0.22429695174
0.223207108014
0.222120034671
0.221035327766
0.21995254734
0.218871218883
0.217790835106
0.21671085801
0.215630721251
0.214549832801
0.213467577881
0.212383322175
0.211296415301
0.210206194525
0.209111988703
0.208013122424
0.206908920341
0.205798711656
0.204681834724
0.203557641766
0.202425503624
0.201284814557
0.200134997014
0.198975506348
0.197805835449
0.196625519227
0.195434138923
0.194231326205
0.193016766995
0.191790205015
0.19055144499
0.189300355495
0.188036871406
0.18676099594
0.185472802257
0.184172434613
0.182860109053
0.18153611364
0.180200808221
0.178854623745
0.177498061127
0.176131689693
0.17475614522
0.173372127594
0.171980398126
0.17058177655
0.169177137735
0.167767408164
0.166353562201
0.164936618201
0.163517634487
0.162097705243
0.16067795636
0.159259541269
0.157843636789
0.156431439034
0.155024159401
0.153623020663
0.152229253197
0.150844091358
0.149468770031
0.148104521354
0.146752571645
0.145414138527
0.144090428259
0.142782633281
0.14149192997
0.140219476605
0.138966411543
0.137733851594
0.136522890594
0.13533459817
0.13417001868
0.133030170333
0.131916044465
0.130828604974
0.129768787891
0.128737501088
0.127735624106
0.126764008095
0.125823475857
0.124914821976
0.124038813036
0.123196187914
0.122387658128
0.121613908252
0.120875596374
0.120173354603
0.1195077896
0.118879483147
0.118288992736
0.117736852177
0.117223572218
0.116749641172
0.116315525553
0.115921670709
0.115568501455
0.115256422698
0.11498582006
0.114757060485
0.114570492837
0.114426448482
0.114325241859
0.114267171031
0.114252518219
0.114281550317
0.114354519391
0.114471663152
0.114633205415
0.114839356536
0.115090313823
0.115386261931
0.115727373237
0.116113808188
0.116545715635
0.117023233138
0.117546487258
0.118115593826
0.118730658187
0.119391775432
0.120099030605
0.120852498888
0.12165224578
0.122498327238
0.123390789817
0.124329670784
0.125314998214
0.126346791072
0.127425059278
0.128549803755
0.129721016461
0.130938680407
0.13220276966
0.133513249332
0.13487007555
0.136273195425
0.137722546995
0.139218059165
0.140759651628
0.142347234783
0.143980709636
0.145659967693
0.147384890845
0.149155351244
0.150971211169
0.152832322888
0.15473852851
0.156689659836
0.158685538199
0.160725974304
0.162810768068
0.164939708449
0.167112573279
0.169329129099
0.171589130991
0.173892322413
0.176238435034
0.178627188582
0.181058290685
0.18353143673
0.186046309719
0.188602580147
0.191199905877
0.193837932037
0.196516290922
0.19923460192
0.201992471441
0.204789492877
0.207625246571
0.210499299806
0.213411206822
0.216360508845
0.21934673415
0.222369398139
0.225428003446
0.228522040074
0.231650985554
0.234814305123
0.238011451949
0.241241867363
0.244504981129
0.24780021174
0.25112696674
0.25448464307
0.257872627439
0.261290296722
0.264737018374
0.268212150866
0.271715044143
0.275245040088
0.278801473007
0.282383670119
0.285990952049
0.289622633332
0.293278022906
0.296956424605
0.30065713764
0.304379457071
0.308122674253
0.311886077266
0.315668951318
0.319470579112
0.323290241189
0.327127216219
0.330980781266
0.334850211996
0.338734782847
0.342633767146
0.346546437181
0.350472064219
0.35440991848
0.358359269055
0.362319383788
0.366289529112
0.37026896984
0.374256968933
0.378252787233
0.382255683178
0.386264912505
0.390279727949
0.394299378942
0.398323111337
0.402350167146
0.40637978432
0.410411196579
0.414443633286
0.418476319403
0.422508475507
0.426539317901
0.430568058804
0.434593906642
0.438616066427
0.44263374023
0.446646127745
0.450652426929
0.454651834705
0.458643547723
0.46262676313
0.466600679344
0.470564496782
0.4745174185
0.478458650694
0.482387403012
0.486302888592
0.490204323765
0.494090927337
0.497961919347
0.501816519207
0.505653943118
0.509473400624
0.513274090194
0.517055193691
0.520815869581
0.524555244735
0.528272404676
0.531966382108
0.53563614357
0.539280574062
0.542898459491
0.546488466792
0.550049121607
0.553578783405
0.55707561798
0.560537567295
0.563962316681
0.56734725951
0.570689459498
0.573985610958
0.57723199742
0.580424449233
0.58355830094
0.586628349464
0.589628814408
0.59255330205
0.595394774951
0.598145529412
0.600797183315
0.603340677199
0.605766291592
0.608063683731
0.610221946718
0.612229693885
0.614075170528
0.615746394344
0.617231324634
0.618518058823
0.619595052997
0.620451361185
0.621076886069
0.621462631978
0.621600949566
0.621485760773
0.621112752641
0.620479529465
0.619585714619
0.618432996033
0.617025112541
0.615367781864
0.613468574411
0.611336740135
0.608982997983
0.606419298952
0.603658574249
0.600714479696
0.597601146406
0.59433294611
0.590924277584
0.587389378584
0.583742165776
0.57999610342
0.57616410017
0.572258432293
0.568290690837
0.564271749886
0.560211752789
0.556120113321
0.552005528826
0.547876002679
0.543738873682
0.539600850336
0.53546804827
0.531346029395
0.527239841641
0.523154058393
0.519092816945
0.515059855472
0.511058548185
0.507091938441
0.50316276968
0.499273514149
0.495426399414
0.491623432708
0.487866423205
0.484157002315
0.480496642123
0.476886672082
0.473328294098
0.469822596127
0.466370564396
0.462973094384
0.459631000652
0.456345025637
0.453115847509
0.449944087171
0.446830314486
0.443775053815
0.44077878892
0.437841967312
0.434965004078
0.43214828526
0.429392170818
0.426696997221
0.424063079708
0.421490714242
0.418980179194
0.416531736787
0.414145634307
0.411822105119
0.409561369496
0.407363635275
0.405229098365
0.403157943105
0.401150342486
0.399206458258
0.397326440899
0.395510429493
0.393758551476
0.392070922294
0.390447644944
0.388888809415
0.387394492029
0.38596475467
0.384599643907
0.383299190013
0.382063405861
0.380892285708
0.379785803852
0.378743913155
0.377766543433
0.376853599701
0.37600496025
0.375220474581
0.374499961138
0.373843204876
0.373249954617
0.372719920195
0.372252769381
0.371848124562
0.371505559165
0.371224593815
0.371004692202
0.370845256648
0.370745623357
0.370705057333
0.370722746947
0.370797798151
0.370929228313
0.371115959676
0.371356812432
0.371650497408
0.371995608367
0.372390613937
0.372833849185
0.373323506863
0.373857628363
0.374434094441
0.37505061576
0.375704723361
0.376393759145
0.377114866511
0.377864981289
0.378640823163
0.379438887787
0.38025543984
0.381086507296
0.381927877212
0.382775093384
0.383623456237
0.384468025333
0.385303624919
0.386124852934
0.386926093876
0.387701535929
0.388445192709
0.389150929899
0.389812497006
0.390423564312
0.390977764989
0.391468742173
0.391890200614
0.392235962319
0.392500025396
0.392676625125
0.392760296052
0.392745933787
0.392628855018
0.392404854218
0.392070255486
0.391621958035
0.391057473966
0.390374957176
0.389573222486
0.388651754422
0.38761070539
0.386450883378
0.385173729622
0.383781287063
0.382276160626
0.380661470631
0.378940800766
0.377118142145
0.375197834979
0.373184509349
0.37108302643
0.36889842141
0.366635849112
0.364300533182
0.361897719455
0.359432633945
0.356910445696
0.35433623459
0.351714964037
0.349051458378
0.346350384733
0.343616238953
0.340853335312
0.338065799512
0.335257564617
0.332432369486
0.32959375934
0.326745088068
0.323889521968
0.321030044588
0.31816946242
0.315310411191
0.312455362559
0.309606631031
0.306766380969
0.303936633548
0.301119273588
0.298316056176
0.295528613019
0.292758458503
0.290006995404
0.287275520266
0.284565228411
0.281877218607
0.279212497376
0.276571982977
0.273956509063
0.271366828037
0.268803614129
0.266267466212
0.263758910378
0.261278402298
0.258826329398
0.256403012853
0.254008709444
0.251643613278
0.249307857417
0.247001515404
0.244724602737
0.242477078291
0.24025884571
0.238069754788
0.235909602852
0.233778136168
0.231675051383
0.22959999701
0.227552574982
0.225532342277
0.223538812634
0.221571458362
0.219629712265
0.217712969673
0.215820590611
0.213951902092
0.212106200551
0.21028275442
0.208480806847
0.206699578566
0.204938270907
0.203196068946
0.201472144803
0.199765661061
0.198075774315
0.196401638824
0.194742410276
0.193097249616
0.191465326958
0.189845825531
0.18823794565
0.186640908693
0.185053961049
0.183476378011
0.181907467597
0.180346574257
0.178793082452
0.177246420058
0.175706061585
0.174171531173
0.172642405341
0.171118315467
0.169598949972
0.168084056198
0.166573441951
0.165066976706
0.163564592452
0.162066284192
0.160572110064
0.159082191117
0.157596710721
0.156115913636
0.154640104744
0.153169647459
0.151704961844
0.150246522439
0.148794855842
0.147350538053
0.145914191622
0.144486482612
0.143068117426
0.141659839517
0.140262426001
0.138876684219
0.137503448269
0.136143575525
0.134797943184
0.13346744485
0.132152987186
0.130855486648
0.129575866322
0.128315052874
0.127073973633
0.125853553806
0.124654713852
0.123478367002
0.122325416941
0.12119675565
0.120093261419
0.119015797012
0.117965208003
0.116942321258
0.115947943589
0.114982860538
0.114047835318
0.113143607885
0.112270894142
0.111430385269
0.11062274716
0.109848619981
0.109108617818
0.108403328422
0.10773331304
0.107099106326
0.106501216315
0.105940124472
0.10541628579
0.104930128942
0.104482056481
0.104072445072
0.103701645767
0.103369984305
0.103077761433
0.102825253256
0.102612711595
0.102440364365
0.102308415959
0.102217047636
0.102166417924
0.102156663013
0.102187897156
0.102260213063
0.102373682297
0.102528355663
0.102724263589
0.102961416507
0.103239805219
0.103559401264
0.103920157267
0.104322007293
0.104764867179
0.105248634869
0.105773190734
0.106338397889
0.106944102499
0.107590134084
0.108276305808
0.109002414776
0.109768242313
0.110573554244
0.111418101174
0.112301618762
0.113223827988
0.114184435429
0.115183133524
0.11621960085
0.117293502387
0.118404489796
0.119552201693
0.120736263925
0.121956289858
0.123211880658
0.124502625586
0.125828102294
0.12718787713
0.128581505443
0.1300085319
0.131468490809
0.132960906443
0.13448529338
0.136041156839
0.13762799303
0.139245289505
0.140892525515
0.142569172377
0.144274693836
0.146008546438
0.147770179904
0.1495590375
0.151374556419
0.15321616815
0.155083298855
0.156975369741
0.158891797424
0.160831994294
0.162795368872
0.164781326159
0.166789267975
0.168818593294
0.170868698563
0.172938978015
0.175028823964
0.177137627095
0.179264776736
0.181409661118
0.183571667624
0.185750183021
0.187944593689
0.190154285825
0.192378645652
0.194617059605
0.19686891452
0.199133597814
0.201410497661
0.203699003169
0.205998504559
0.208308393349
0.21062806255
0.212956906867
0.215294322924
0.217639709505
0.21999246782
0.222352001795
0.224717718402
0.227089028018
0.229465344825
0.231846087255
0.234230678483
0.236618546965
0.239009127034
0.241401859548
0.243796192597
0.246191582264
0.24858749345
0.250983400755
0.253378789415
0.255773156298
0.258166010956
0.260556876721
0.262945291856
0.265330810741
0.267713005104
0.270091465273
0.272465801461
0.274835645059
0.277200649945
0.279560493785
0.281914879327
0.28426353568
0.286606219557
0.288942716484
0.291272841964
0.293596442579
0.295913397025
0.298223617081
0.300527048485
0.302823671727
0.305113502739
0.307396593488
0.309673032456
0.311942945013
0.314206493665
0.316463878196
0.318715335681
0.320961140384
0.323201603531
0.325437072972
0.327667932714
0.329894602349
0.332117536362
0.334337223328
0.336554185005
0.338768975315
0.340982179224
0.343194411519
0.345406315482
0.347618561464
0.349831845353
0.352046886939
0.35426442817
0.356485231294
0.358710076875
0.360939761688
0.363175096464
0.365416903487
0.367666014024
0.369923265558
0.372189498828
0.374465554637
0.376752270397
0.37905047641
0.381360991825
0.383684620256
0.386022145022
0.388374323967
0.390741883821
0.393125514063
0.395525860232
0.397943516642
0.400379018453
0.40283283304
0.40530535062
0.407796874063
0.410307607861
0.412837646182
0.415386959979
0.417955383103
0.420542597394
0.423148116725
0.425771269992
0.428411183063
0.431066759723
0.433736661679
0.436419287732
0.439112752262
0.441814863226
0.444523099944
0.447234590998
0.449946092679
0.452653968485
0.455354170302
0.45804222198
0.460713206148
0.463361755211
0.46598204759
0.468567810325
0.471112329239
0.473608467881
0.476048696414
0.478425131525
0.480729588252
0.482953644334
0.485088717323
0.487126154212
0.489057332774
0.490873773138
0.492567257458
0.494129954825
0.49555454795
0.49683435758
0.497963460288
0.498936795116
0.499750254683
0.500400756792
0.500886293237
0.501205953472
0.501359921884
0.501349448665
0.501176795444
0.500845158046
0.500358569631
0.499721788262
0.498940173366
0.498019555733
0.496966105622
0.495786203176
0.494486314884
0.493072879173
0.491552203537
0.489930374906
0.488213184317
0.48640606632
0.484514053081
0.482541742713
0.480493281041
0.478372355791
0.476182202024
0.473925617552
0.471604987035
0.469222313423
0.466779255457
0.464277169963
0.461717157711
0.45910011167
0.456426766546
0.453697748533
0.450913624294
0.448074948229
0.445182307188
0.442236361865
0.439237884197
0.436187790212
0.433087167887
0.429937299688
0.426739679621
0.423496024734
0.420208281144
0.416878624812
0.413509457364
0.410103397387
0.4066632677
0.403192079162
0.399693011618
0.396169392602
0.392624674439
0.389062410322
0.385486229959
0.381899815293
0.378306876764
0.374711130512
0.371116276846
0.367525980244
0.36394385107
0.36037342915
0.356818169269
0.353281428611
0.349766456136
0.346276383808
0.342814219615
0.339382842249
0.335984997334
0.332623295051
0.329300209045
0.326018076431
0.322779098799
0.319585344051
0.316438748962
0.313341122328
0.310294148601
0.307299391904
0.304358300336
0.30147221048
0.298642352053
0.295869852625
0.293155742353
0.290500958696
0.287906351049
0.28537268529
0.282900648195
0.280490851704
0.278143837025
0.275860078564
0.273639987662
0.271483916146
0.269392159686
0.267364960944
0.265402512542
0.263504959823
0.261672403426
0.259904901673
0.258202472769
0.25656509683
0.254992717735
0.253485244809
0.252042554356
0.250664491024
0.249350869033
0.248101473259
0.246916060179
0.245794358687
0.244736070795
0.243740872199
0.242808412752
0.241938316816
0.241130183519
0.240383586915
0.239698076049
0.239073174944
0.238508382495
0.238003172301
0.23755699241
0.237169265013
0.236839386062
0.236566724841
0.236350623485
0.236190396445
0.23608532992
0.236034681251
0.23603767828
0.236093518696
0.23620136935
0.236360365572
0.236569610467
0.23682817423
0.237135093459
0.237489370484
0.23788997273
0.238335832101
0.23882584441
0.239358868854
0.23993372755
0.240549205132
0.24120404842
0.241896966175
0.242626628941
0.243391668982
0.244190680324
0.245022218913
0.245884802882
0.246776912945
0.247696992914
0.24864345035
0.249614657338
0.250608951399
0.251624636529
0.252659984365
0.25371323548
0.254782600783
0.255866263038
0.256962378477
0.258069078503
0.259184471466
0.260306644502
0.261433665415
0.262563584594
0.263694436939
0.264824243788
0.26595101483
0.267072749981
0.268187441226
0.269293074404
0.270387630938
0.271469089502
0.272535427638
0.273584623315
0.274614656459
0.275623510458
0.276609173677
0.277569641018
0.278502915544
0.279407010234
0.2802799499
0.281119773326
0.281924535685
0.282692311292
0.283421196749
0.284109314544
0.284754817149
0.285355891674
0.285910765108
0.286417710182
0.286875051861
0.28728117448
0.28763452949
0.287933643789
0.28817712858
0.288363688683
0.288492132195
0.288561380388
0.288570477716
0.288518601754
0.28840507294
0.288229363907
0.28799110825
0.28769010854
0.287326343393
0.286899973454
0.286411346113
0.285860998841
0.285249661031
0.284578254256
0.283847890908
0.283059871182
0.282215678439
0.281316972987
0.280365584351
0.279363502169
0.278312865808
0.2772159529
0.276075166927
0.274893024073
0.273672139516
0.272415213351
0.271125016349
0.269804375705
0.268456160979
0.26708327036
0.265688617401
0.264275118355
0.262845680193
0.261403189417
0.259950501695
0.258490432397
0.257025748033
0.255559158623
0.254093310976
0.252630782891
0.251174078212
0.249725622752
0.24828776099
0.24686275354
0.245452775309
0.244059914301
0.242686171013
0.241333458363
0.240003602095
0.238698341612
0.237419331182
0.236168141468
0.234946261334
0.233755099899
0.232595988772
0.231470184458
0.230378870891
0.229323162062
0.228304104718
0.227322681115
0.226379811788
0.225476358339
0.224613126214
0.223790867457
0.223010283435
0.222272027516
0.221576707705
0.220924889213
0.220317096966
0.219753818049
0.21923550408
0.2187625735
0.218335413803
0.217954383677
0.217619815072
0.217332015188
0.217091268385
0.216897838012
0.21675196816
0.216653885332
0.216603800038
0.216601908306
0.216648393116
0.216743425755
0.216887167092
0.217079768762
0.217321374282
0.217612120069
0.217952136381
0.218341548162
0.218780475795
0.219269035766
0.219807341222
0.220395502424
0.22103362709
0.221721820629
0.222460186237
0.22324882488
0.224087835117
0.224977312792
0.22591735055
0.22690803719
0.227949456829
0.229041687863
0.23018480171
0.231378861326
0.232623919458
0.233920016622
0.235267178791
0.236665414744
0.238114713078
0.239615038827
0.241166329674
0.242768491711
0.24442139471
0.246124866878
0.247878689033
0.249682588174
0.251536230385
0.25343921304
0.255391056242
0.257391193457
0.259438961286
0.26153358834
0.263674183147
0.265859721084
0.268089030267
0.270360776412
0.272673446628
0.275025332182
0.277414510247
0.279838824722
0.282295866219
0.284782951371
0.287297101663
0.289835022074
0.292393079868
0.29496728397
0.297553265475
0.300146259919
0.302741092087
0.305332164212
0.307913448581
0.310478485647
0.31302038883
0.315531857291
0.318005197939
0.32043235793
0.322804968809
0.325114403218
0.327351844862
0.329508371952
0.33157505391
0.333543060443
0.335403781459
0.337148955518
0.338770803815
0.340262165968
0.341616633355
0.342828675357
0.343893753711
0.344808420366
0.345570394634
0.34617861623
0.34663327176
0.346935793407
0.347088829882
0.347096190945
0.346962768016
0.346694434362
0.346297929081
0.345780729539
0.345150917028
0.344417040291
0.343587981128
0.342672825762
0.341680744929
0.340620884936
0.339502271186
0.338333724983
0.337123793844
0.335880695006
0.334612271486
0.333325959688
0.332028767442
0.330727261194
0.329427561093
0.328135342692
0.326855844095
0.325593877446
0.324353843771
0.323139750313
0.321955229608
0.320803559668
0.319687684749
0.318610236264
0.317573553514
0.316579703958
0.315630502821
0.314727531906
0.313872157493
0.31306554727
0.312308686271
0.311602391791
0.310947327312
0.31034401545
0.309792849958
0.309294106835
0.308847954581
0.308454463651
0.308113615156
0.307825308869
0.307589370578
0.30740555884
0.307273571184
0.307193049802
0.307163586774
0.307184728862
0.307255981914
0.307376814907
0.307546663657
0.307764934231
0.308031006077
0.308344234898
0.30870395529
0.309109483157
0.309560117923
0.310055144546
0.31059383536
0.311175451726
0.311799245532
0.31246446052
0.313170333459
0.313916095163
0.31470097135
0.315524183349
0.316384948653
0.317282481311
0.318215992159
0.319184688895
0.320187775976
0.321224454357
0.322293921046
0.323395368485
0.324527983747
0.325690947551
0.326883433081
0.328104604624
0.329353616003
0.330629608832
0.331931710561
0.333259032345
0.33461066672
0.335985685094
0.33738313507
0.3388020376
0.340241383991
0.341700132765
0.343177206405
0.344671488003
0.346181817827
0.347706989846
0.349245748236
0.350796783913
0.352358731118
0.353930164117
0.355509594054
0.357095466008
0.358686156326
0.360279970282
0.361875140136
0.363469823662
0.365062103217
0.366649985435
0.36823140161
0.369804208865
0.371366192166
0.372915067266
0.374448484645
0.375964034513
0.377459252916
0.378931629004
0.380378613473
0.381797628198
0.383186077042
0.384541357812
0.385860875295
0.387142055304
0.388382359608
0.389579301609
0.390730462607
0.391833508448
0.392886206336
0.393886441587
0.394832234043
0.395721753914
0.396553336749
0.397325497288
0.398036941941
0.398686579645
0.399273530901
0.399797134805
0.400256953933
0.40065277699
0.400984619159
0.401252720163
0.401457540067
0.401599752931
0.401680238435
0.401700071656
0.401660511197
0.401562985908
0.401409080443
0.401200519917
0.400939153922
0.400626940174
0.40026592803
0.399858242115
0.399406066274
0.398911628039
0.398377183779
0.39780500466
0.397197363543
0.396556522874
0.395884723657
0.395184175501
0.394457047787
0.393705461918
0.392931484634
0.392137122347
0.391324316451
0.390494939524
0.389650792378
0.388793601859
0.387925019346
0.387046619847
0.386159901641
0.385266286375
0.384367119556
0.383463671368
0.382557137757
0.381648641721
0.380739234764
0.379829898452
0.37892154605
0.37801502419
0.377111114543
0.376210535476
0.375313943663
0.374421935636
0.373535049274
0.372653765205
0.371778508117
0.370909647995
0.370047501254
0.369192331796
0.368344351977
0.367503723508
0.366670558275
0.365844919112
0.365026820523
0.364216229361
0.363413065494
0.362617202444
0.361828468044
0.361046645093
0.360271472047
0.359502643749
0.358739812211
0.357982587456
0.357230538448
0.356483194098
0.355740044374
0.355000541517
0.354264101371
0.353530104842
0.352797899473
0.352066801164
0.351336096019
0.350605042339
0.349872872741
0.349138796425
0.348402001559
0.347661657802
0.346916918939
0.346166925631
0.345410808261
0.344647689873
0.343876689178
0.343096923624
0.342307512509
0.341507580116
0.340696258858
0.339872692404
0.339036038782
0.338185473423
0.337320192134
0.336439413984
0.335542384076
0.334628376193
0.333696695302
0.332746679893
0.331777704154
0.330789179952
0.329780558631
0.328751332598
0.327701036714
0.326629249468
0.32553559395
0.324419738605
0.323281397802
0.322120332186
0.320936348861
0.319729301377
0.318499089561
0.317245659188
0.315969001503
0.314669152628
0.313346192838
0.312000245749
0.310631477408
0.309240095316
0.307826347385
0.306390520846
0.304932941116
0.303453970638
0.301954007697
0.300433485216
0.298892869547
0.297332659258
0.295753383909
0.294155602834
0.292539903918
0.290906902374
0.28925723952
0.287591581546
0.285910618284
0.284215061958
0.282505645935
0.280783123448
0.279048266317
0.277301863637
0.275544720454
0.273777656415
0.272001504394
0.270217109097
0.268425325635
0.266627018086
0.264823058029
0.263014323055
0.261201695271
0.259386059784
0.257568303179
0.255749311992
0.253929971182
0.25211116261
0.250293763525
0.248478645071
0.246666670806
0.244858695255
0.243055562496
0.241258104768
0.239467141142
0.237683476217
0.23590789888
0.234141181116
0.23238407687
0.230637320977
0.228901628152
0.227177692042
0.225466184351
0.223767754028
0.222083026527
0.220412603135
0.218757060371
0.217116949454
0.215492795842
0.213885098831
0.212294331236
0.210720939122
0.209165341611
0.207627930743
0.206109071402
0.204609101301
0.203128331021
0.201667044106
0.200225497204
0.198803920272
0.19740251681
0.196021464152
0.194660913799
0.193320991786
0.192001799096
0.1907034121
0.189425883038
0.188169240535
0.186933490133
0.185718614867
0.184524575855
0.18335131292
0.182198745229
0.181066771953
0.179955272951
0.178864109465
0.177793124834
0.176742145222
0.175710980358
0.174699424285
0.173707256127
0.172734240852
0.171780130053
0.170844662731
0.16992756608
0.169028556278
0.168147339281
0.167283611615
0.166437061171
0.165607367993
0.164794205071
0.163997239126
0.163216131389
0.162450538376
0.16170011266
0.160964503628
0.160243358237
0.159536321755
0.158843038495
0.158163152538
0.157496308446
0.156842151958
0.156200330679
0.155570494757
0.154952297538
0.154345396219
0.153749452476
0.153164133089
0.152589110543
0.152024063623
0.151468677986
0.150922646725
0.150385670919
0.149857460166
0.149337733099
0.148826217897
0.148322652776
0.147826786462
0.147338378661
0.146857200509
0.146383035006
0.145915677442
0.145454935808
0.145000631187
0.144552598144
0.144110685088
0.143674754626
0.143244683906
0.142820364933
0.142401704884
0.14198862639
0.141581067814
0.141178983507
0.140782344037
0.140391136409
0.140005364258
0.139625048019
0.13925022508
0.138880949899
0.138517294107
0.138159346581
0.137807213483
0.137461018281
0.137120901729
0.136787021825
0.136459553735
0.136138689683
0.135824638808
0.135517626992
0.135217896648
0.134925706481
0.134641331212
0.134365061266
0.134097202431
0.133838075482
0.133588015775
0.133347372804
0.133116509737
0.132895802915
0.13268564133
0.132486426067
0.132298569735
0.132122495864
0.131958638288
0.131807440504
0.131669355021
0.131544842687
0.131434372011
0.131338418466
0.131257463794
0.131191995303
0.131142505149
0.13110948964
0.131093448515
0.131094884251
0.131114301354
0.131152205674
0.13120910372
0.131285501988
0.131381906305
0.131498821184
0.131636749198
0.131796190367
0.13197764157
0.132181595973
0.132408542477
0.132658965191
0.132933342924
0.133232148707
0.133555849328
0.133904904902
0.13427976846
0.134680885563
0.135108693944
0.13556362317
0.136046094339
0.136556519787
0.137095302834
0.137662837548
0.138259508535
0.13888569075
0.139541749337
0.140228039489
0.140944906333
0.141692684834
0.142471699726
0.14328226546
0.144124686177
0.144999255699
0.145906257542
0.146845964947
0.147818640933
0.148824538362
0.149863900033
0.150936958784
0.152043937619
0.153185049841
0.154360499217
0.155570480144
0.156815177841
0.15809476855
0.159409419755
0.160759290412
0.1621445312
0.163565284774
0.165021686044
0.166513862456
0.16804193429
0.169606014972
0.171206211392
0.172842624234
0.174515348323
0.176224472972
0.177970082346
0.17975225583
0.181571068408
0.183426591049
0.1853188911
0.187248032688
0.189214077119
0.191217083297
0.19325710813
0.195334206956
0.197448433961
0.199599842604
0.201788486041
0.204014417552
0.206277690964
0.208578361081
0.2109164841
0.213292118037
0.21570532314
0.218156162303
0.220644701474
0.223171010053
0.225735161294
0.228337232685
0.230977306335
0.233655469341
0.236371814152
0.239126438918
0.241919447836
0.244750951478
0.247621067107
0.250529918985
0.25347763866
0.256464365248
0.259490245686
0.262555434977
0.265660096412
0.268804401767
0.27198853148
0.275212674794
0.278477029864
0.281781803837
0.285127212867
0.288513482092
0.291940845531
0.295409545911
0.298919834396
0.302471970203
0.306066220081
0.309702857627
0.313382162407
0.317104418838
0.320869914799
0.324678939893
0.328531783319
0.33242873127
0.336370063758
0.340356050782
0.344386947697
0.348462989656
0.352584384952
0.356751307074
0.360963885246
0.3652221932
0.369526235883
0.37387593376
0.378271104318
0.382711440341
0.387196484438
0.391725599274
0.396297932861
0.400912378224
0.405567526662
0.410261613799
0.414992457547
0.419757387099
0.424553162068
0.42937588098
0.434220878453
0.439082610656
0.443954529037
0.448828942903
0.453696872253
0.458547893395
0.46336998135
0.468149354927
0.472870332619
0.477515210146
0.48206417341
0.486495263587
0.490784413765
0.494905578328
0.498830976521
0.502531469401
0.505977084
0.509137689163
0.511983814176
0.514487584597
0.516623731196
0.518370610422
0.519711161695
0.520633721553
0.52113261982
0.521208499288
0.520868326184
0.520125090084
0.518997223527
0.517507798048
0.515683570534
0.513553959903
0.511150029652
0.508503539182
0.5056461096
0.502608531116
0.499420222256
0.49610883738
0.492700009362
0.48921720853
0.485681696528
0.482112553795
0.478526761081
0.474939318001
0.471363384599
0.46781043486
0.464290413775
0.46081189189
0.457382213159
0.454007633453
0.450693448197
0.44744410848
0.44426332557
0.441154164196
0.438119125202
0.435160218342
0.432279026069
0.429476759167
0.426754305078
0.42411226973
0.421551013596
0.419070682689
0.416671235087
0.414352463567
0.412114014809
0.40995540564
0.407876036666
0.405875203659
0.40395210697
0.402105859234
0.400335491597
0.398639958652
0.39701814226
0.395468854407
0.393990839236
0.392582774364
0.391243271594
0.389970877117
0.388764071303
0.387621268142
0.386540814426
0.385520988748
0.384560000378
0.383655988089
0.38280701901
0.382011087567
0.381266114583
0.38056994662
0.379920355615
0.379315038911
0.378751619742
0.378227648245
0.377740603106
0.377287893876
0.376866864069
0.376474795094
0.376108911093
0.375766384754
0.375444344143
0.375139880596
0.374850057707
0.374571921414
0.374302511186
0.374038872272
0.373778068964
0.373517198806
0.373253407628
0.372983905289
0.372705981968
0.372417024818
0.372114534772
0.37179614328
0.371459628736
0.371102932317
0.370724173004
0.370321661497
0.369893912788
0.36943965714
0.368957849279
0.368447675589
0.367908559183
0.367340162721
0.366742388929
0.36611537879
0.365459507438
0.364775377827
0.364063812309
0.363325842256
0.362562695935
0.361775784852
0.360966688807
0.360137139902
0.359289005792
0.358424272403
0.357545026396
0.356653437616
0.355751741725
0.354842223252
0.353927199214
0.353009003463
0.352089971891
0.351172428581
0.350258672972
0.349350968098
0.348451529913
0.347562517707
0.346686025601
0.345824075098
0.344978608636
0.344151484096
0.34334447022
0.342559242848
0.341797381933
0.341060369249
0.340349586728
0.339666315364
0.339011734605
0.338386922186
0.337792854337
0.337230406311
0.336700353185
0.336203370893
0.335740037438
0.335310834266
0.334916147756
0.334556270808
0.334231404499
0.333941659807
0.333687059368
0.333467539264
0.333282950849
0.33313306258
0.333017561885
0.332936057043
0.332888079096
0.332873083795
0.332890453588
0.332939499652
0.333019463998
0.333129521642
0.333268782862
0.33343629556
0.333631047729
0.333851970053
0.334097938633
0.334367777876
0.334660263532
0.334974125905
0.335308053238
0.33566069528
0.336030667029
0.33641655267
0.336816909677
0.337230273099
0.337655160002
0.338090074061
0.338533510274
0.338983959798
0.339439914852
0.339899873683
0.340362345545
0.340825855664
0.341288950148
0.3417502008
0.342208209784
0.342661614124
0.343109089952
0.343549356507
0.343981179803
0.344403375949
0.34481481408
0.345214418861
0.345601172535
0.345974116502
0.346332352404
0.346675042699
0.347001410743
0.347310740359
0.347602374917
0.347875715944
0.348130221287
0.348365402852
0.348580823974
0.348776096444
0.348950877253
0.349104865096
0.349237796692
0.349349442981
0.349439605243
0.349508111211
0.349554811218
0.349579574444
0.349582285299
0.349562840012
0.349521143442
0.349457106166
0.349370641873
0.349261665091
0.349130089264
0.348975825198
0.348798779881
0.348598855689
0.348375949955
0.348129954917
0.347860758003
0.347568242455
0.347252288255
0.346912773327
0.34654957498
0.346162571562
0.345751644276
0.34531667913
0.34485756897
0.34437421556
0.343866531665
0.343334443103
0.342777890711
0.342196832218
0.341591243956
0.34096112242
0.340306485612
0.339627374179
0.338923852315
0.338196008413
0.337443955476
0.336667831267
0.335867798221
0.335044043111
0.33419677649
0.333326231937
0.332432665099
0.331516352591
0.330577590745
0.32961669427
0.328633994825
0.32762983956
0.326604589639
0.325558618792
0.324492311909
0.323406063718
0.322300277574
0.321175364371
0.320031741607
0.318869832627
0.317690066034
0.316492875314
0.315278698648
0.314047978933
0.312801164011
0.311538707094
0.310261067382
0.308968710859
0.307662111261
0.306341751183
0.305008123324
0.30366173183
0.302303093728
0.300932740413
0.299551219164
0.298159094674
0.296756950554
0.295345390789
0.293925041129
0.292496550378
0.291060591573
0.289617863019
0.288169089177
0.286715021373
0.285256438332
0.283794146514
0.282328980253
0.280861801691
0.279393500506
0.277924993439
0.27645722362
0.274991159702
0.273527794812
0.272068145332
0.27061324952
0.269164165984
0.26772197204
0.266287761944
0.264862645045
0.263447743857
0.262044192071
0.260653132542
0.259275715245
0.257913095228
0.25656643059
0.255236880474
0.253925603116
0.252633753941
0.251362483737
0.250112936903
0.248886249786
0.247683549121
0.246505950566
0.245354557352
0.244230459047
0.24313473043
0.242068430489
0.241032601535
0.240028268433
0.239056437953
0.238118098238
0.237214218377
0.236345748101
0.235513617576
0.234718737301
0.23396199811
0.233244271257
0.232566408608
0.231929242899
0.231333588091
0.23078023979
0.230269975739
0.229803556386
0.2293817255
0.229005210851
0.228674724949
0.228390965817
0.228154617823
0.227966352546
0.22782682968
0.22773669797
0.227696596182
0.227707154098
0.227768993531
0.227882729361
0.228048970597
0.228268321433
0.228541382336
0.228868751122
0.229251024046
0.229688796888
0.230182666031
0.230733229534
0.231341088184
0.232006846535
0.232731113917
0.233514505408
0.234357642772
0.235261155341
0.236225680843
0.237251866147
0.238340367939
0.239491853281
0.240707000067
0.24198649733
0.243331045396
0.244741355845
0.246218151262
0.247762164726
0.249374139015
0.251054825466
0.252804982443
0.254625373354
0.256516764138
0.258479920151
0.260515602343
0.262624562635
0.264807538357
0.267065245611
0.269398371396
0.271807564305
0.274293423574
0.276856486253
0.279497212194
0.282215966565
0.285012999507
0.28788842254
0.29084218126
0.293874023815
0.296983464603
0.300169742583
0.303431773531
0.306768095556
0.310176807148
0.313655497048
0.317201165281
0.320810134755
0.324477953058
0.328199284302
0.331967791327
0.335776009125
0.339615211161
0.34347527131
0.347344525501
0.351209638798
0.355055485659
0.358865053359
0.362619380954
0.366297548541
0.369876733464
0.373332351257
0.376638298724
0.379767314147
0.38269146445
0.385382760886
0.387813893452
0.389959060385
0.391794854153
0.393301151559
0.394461945475
0.395266052023
0.395707631578
0.395786475232
0.395508029133
0.394883154272
0.393927644905
0.392661550615
0.391108361849
0.389294124915
0.387246550165
0.384994167972
0.382565573795
0.379988788701
0.377290747547
0.374496915141
0.371631021801
0.368714904099
0.365768433616
0.362809515895
0.359854142625
0.356916481923
0.35400899388
0.351142560942
0.348326625002
0.345569325105
0.342877631404
0.340257472415
0.337713853722
0.335250967125
0.332872289839
0.330580673805
0.328378425466
0.326267376537
0.324248946434
0.322324197065
0.320493880685
0.318758481522
0.317118251828
0.31557324298
0.314123332176
0.312768245254
0.311507576078
0.310340802917
0.309267302148
0.308286359636
0.307397180041
0.306598894312
0.305890565576
0.305271193607
0.304739718033
0.304295020427
0.303935925396
0.303661200787
0.303469557086
0.3033596461
0.303330059007
0.303379323816
0.303505902316
0.303708186567
0.303984494983
0.304333068068
0.304752063853
0.305239553097
0.305793514307
0.306411828652
0.30709227483
0.307832523978
0.308630134701
0.309482548331
0.310387084513
0.311340937236
0.312341171448
0.313384720379
0.314468383745
0.315588826981
0.316742581672
0.317926047371
0.319135494971
0.320367071825
0.321616808767
0.322880629221
0.32415436053
0.325433747618
0.326714469092
0.327992155806
0.329262411891
0.330520838194
0.331763057972
0.332984744652
0.33418165138
0.33534964198
0.336484722909
0.337583075681
0.338641089209
0.339655391432
0.340622879582
0.341540748425
0.34240651583
0.343218045028
0.343973563027
0.344671674675
0.345311372013
0.345892038646
0.346413449006
0.346875762521
0.347279512817
0.347625592243
0.347915232093
0.348149979033
0.348331668291
0.348462394252
0.348544479111
0.348580440262
0.348572957078
0.348524837715
0.348438986504
0.348318372464
0.348165999352
0.347984877637
0.347777998684
0.34754831134
0.347298701082
0.347031971783
0.346750830121
0.346457872578
0.346155574962
0.345846284328
0.345532213157
0.345215435643
0.344897885906
0.344581357955
0.344267507227
0.343957853521
0.343653785148
0.343356564145
0.34306733238
0.34278711842
0.342516845001
0.342257336996
0.342009329751
0.341773477681
0.341550363043
0.341340504768
0.341144367306
0.340962369382
0.340794892607
0.340642289882
0.340504893546
0.340383023209
0.34027699323
0.340187119804
0.340113727629
0.340057156105
0.340017765072
0.339995940036
0.339992096898
0.340006686151
0.340040196569
0.340093158354
0.340166145787
0.340259779351
0.340374727375
0.340511707196
0.340671485865
0.340854880428
0.341062757807
0.341296034307
0.341555674792
0.341842691552
0.342158142909
0.342503131597
0.342878802939
0.34328634288
0.343726975894
0.344201962812
0.344712598595
0.345260210099
0.345846153842
0.346471813827
0.347138599423
0.347847943342
0.348601299738
0.349400142429
0.35024596328
0.351140270746
0.352084588597
0.353080454832
0.354129420785
0.355233050443
0.356392919969
0.357610617428
0.358887742745
0.360225907857
0.361626737092
0.36309186775
0.364622950901
0.366221652379
0.367889653983
0.369628654867
0.371440373125
0.373326547554
0.375288939584
0.377329335377
0.379449548077
0.381651420186
0.383936826067
0.38630767454
0.388765911551
0.391313522874
0.393952536825
0.396685026909
0.399513114371
0.402438970556
0.405464818984
0.408592937027
0.411825657037
0.415165366743
0.418614508679
0.422175578354
0.425851120812
0.429643725115
0.433556016188
0.437590643324
0.441750264452
0.446037525066
0.450455030431
0.455005309335
0.459690767229
0.464513626062
0.469475847471
0.47457903517
0.479824311411
0.485212161219
0.490742236708
0.496413112207
0.502221979154
0.508164267865
0.514233181614
0.520419127207
0.526709026164
0.533085492662
0.539525870039
0.546001129159
0.552474652116
0.558900957046
0.565224467495
0.571378494317
0.577284676482
0.582853207284
0.587984228971
0.59257077043
0.5965034786
0.599677114531
0.601998354989
0.60339394719
0.603817881286
0.603256175907
0.601728236416
0.599284477966
0.596000753184
0.591970771687
0.587297938039
0.582087858781
0.576442333968
0.57045515892
0.564209669472
0.557777730434
0.551219780691
0.544585563271
0.537915235384
0.531240635053
0.524586556109
0.517971943203
0.51141096156
0.504913924689
0.498488080734
0.492138267694
0.485867452247
0.479677168221
0.473567870274
0.467539216996
0.461590295832
0.45571980048
0.449926169648
0.444207694568
0.438562601338
0.432989113049
0.42748549574
0.422050091461
0.416681341109
0.411377799185
0.406138142225
0.400961172327
0.395845816897
0.390791125565
0.385796265007
0.38086051227
0.3759832471
0.371163943638
0.366402161812
0.361697538648
0.357049779691
0.352458650685
0.347923969605
0.343445599126
0.33902343957
0.334657422375
0.330347504088
0.326093660888
0.321895883636
0.317754173436
0.313668537678
0.309638986545
0.30566552996
0.30174817493
0.297886923274
0.294081769685
0.290332700115
0.286639690439
0.283002705381
0.279421697662
0.275896607358
0.272427361441
0.269013873468
0.265656043424
0.262353757671
0.259106889009
0.255915296821
0.252778827294
0.2496973137
0.246670576728
0.24369842486
0.24078065477
0.237917051763
0.235107390214
0.232351434034
0.229648937134
0.226999643895
0.224403289641
0.221859601099
0.219368296863
0.216929087841
0.2145416777
0.212205763294
0.209921035082
0.20768717753
0.205503869508
0.203370784661
0.201287591778
0.199253955139
0.197269534852
0.195333987176
0.193446964832
0.191608117298
0.189817091099
0.188073530078
0.186377075657
0.184727367095
0.183124041729
0.181566735206
0.180055081713
0.178588714189
0.177167264543
0.17579036385
0.174457642556
0.173168730666
0.171923257934
0.170720854044
0.169561148794
0.168443772265
0.167368355002
0.166334528178
0.165341923767
0.164390174705
0.163478915064
0.162607780207
0.161776406956
0.160984433753
0.160231500821
0.159517250326
0.15884132654
0.158203375997
0.157603047658
0.157039993066
0.156513866513
0.156024325193
0.155571029363
0.155153642501
0.154771831464
0.15442526664
0.154113622106
0.153836575777
0.153593809558
0.153385009485
0.153209865876
0.153068073462
0.152959331526
0.152883344032
0.152839819746
0.152828472351
0.152849020561
0.152901188215
0.152984704374
0.153099303398
0.153244725016
0.153420714386
0.153627022138
0.153863404405
0.154129622838
0.154425444604
0.15475064237
0.15510499426
0.155488283802
0.15590029985
0.156340836479
0.156809692863
0.157306673126
0.157831586166
0.158384245453
0.158964468797
0.159572078087
0.160206899004
0.160868760693
0.161557495406
0.16227293812
0.163014926101
0.163783298452
0.16457789561
0.165398558813
0.166245129525
0.167117448829
0.168015356768
0.16893869166
0.169887289369
0.170860982531
0.171859599749
0.172882964746
0.173930895477
0.175003203208
0.176099691559
0.177220155509
0.178364380371
0.179532140738
0.1807231994
0.181937306232
0.183174197073
0.184433592573
0.18571519704
0.18701869727
0.188343761387
0.189690037676
0.191057153437
0.192444713857
0.193852300906
0.195279472282
0.196725760394
0.19819067141
0.199673684379
0.201174250433
0.202691792091
0.204225702672
0.205775345843
0.207340055302
0.208919134628
0.210511857306
0.212117466945
0.213735177711
0.215364174983
0.217003616261
0.218652632332
0.220310328716
0.221975787399
0.223648068875
0.225326214497
0.22700924916
0.228696184298
0.230386021221
0.232077754777
0.233770377336
0.23546288308
0.237154272601
0.23884355776
0.240529766804
0.242211949699
0.243889183645
0.245560578721
0.247225283631
0.248882491479
0.250531445523
0.252171444855
0.253801849925
0.255422087858
0.257031657486
0.258630134033
0.260217173387
0.261792515882
0.263355989544
0.264907512735
0.266447096147
0.26797484409
0.26949095506
0.270995721533
0.272489528974
0.273972854053
0.275446262056
0.27691040351
0.278366010011
0.279813889312
0.281254919664
0.282690043475
0.284120260307
0.285546619262
0.286970210814
0.288392158118
0.289813607859
0.291235720689
0.292659661296
0.294086588154
0.295517642999
0.296953940061
0.298396555111
0.299846514328
0.30130478304
0.30277225435
0.30424973768
0.305737947258
0.307237490561
0.30874885675
0.310272405118
0.311808353584
0.313356767269
0.314917547208
0.316490419246
0.318074923198
0.319670402359
0.321275993465
0.322890617243
0.324512969699
0.32614151431
0.327774475345
0.329409832532
0.331045317346
0.332678411195
0.334306345822
0.335926106266
0.337534436715
0.339127849612
0.340702638363
0.342254893964
0.343780525848
0.345275287179
0.346734804749
0.348154613547
0.349530195935
0.35085702522
0.352130613289
0.353346561745
0.354500615856
0.355588720435
0.356607076581
0.357552198118
0.358420966411
0.359210682221
0.359919113195
0.3605445357
0.361085769755
0.361542206029
0.361913824071
0.362201201219
0.362405511924
0.362528517526
0.362572546866
0.362540468353
0.362435654408
0.362261939378
0.362023572189
0.361725165068
0.361371639723
0.360968172315
0.360520138495
0.360033059633
0.35951255126
0.358964274523
0.358393891305
0.357807023496
0.357209216681
0.356605908431
0.35600240117
0.355403839551
0.354815192106
0.354241236949
0.353686551177
0.353155503642
0.35265225073
0.352180734769
0.351744684716
0.35134761877
0.350992848595
0.350683484849
0.350422443751
0.350212454438
0.350056066904
0.349955660329
0.34991345164
0.349931504157
0.350011736219
0.350155929684
0.350365738234
0.350642695405
0.350988222303
0.351403634956
0.351890151283
0.352448897636
0.353080914906
0.353787164187
0.354568531968
0.355425834849
0.356359823782
0.357371187809
0.3584605573
0.359628506669
0.360875556559
0.362202175463
0.363608780771
0.365095739201
0.366663366578
0.368311926925
0.370041630796
0.371852632802
0.373745028253
0.375718848816
0.377774057112
0.379910540113
0.382128101228
0.384426450908
0.386805195616
0.389263824963
0.391801696795
0.39441802
0.39711183476
0.399881989985
0.402727117588
0.405645603304
0.408635553689
0.411694758958
0.414820651308
0.418010258415
0.4212601518
0.424566389883
0.427924455614
0.431329188755
0.434774713124
0.438254359406
0.44176058455
0.445284889286
0.448817735946
0.452348469509
0.455865245743
0.459354971262
0.462803261452
0.466194423233
0.469511470618
0.472736181693
0.475849205855
0.478830229678
0.481658208321
0.484311666847
0.486769071947
0.489009269414
0.491011976596
0.492758312322
0.494231340333
0.495416596932
0.496302570428
0.496881099824
0.497147663654
0.497101536786
0.496745802797
0.496087220947
0.495135958372
0.493905208223
0.492410721962
0.490670288029
0.488703189559
0.486529671104
0.484170439311
0.481646216132
0.478977356439
0.476183535611
0.473283507357
0.470294927963
0.467234240369
0.464116609866
0.460955902622
0.457764698313
0.454554328804
0.451334935708
0.448115540728
0.444904123777
0.441707704865
0.438532426686
0.43538363562
0.432265959524
0.429183381222
0.426139307041
0.423136630034
0.420177787812
0.417264815051
0.414399390875
0.411582881403
0.408816377774
0.406100730023
0.403436577142
0.400824373707
0.398264413386
0.395756849673
0.393301714126
0.390898932405
0.388548338339
0.386249686276
0.384002661892
0.381806891676
0.379661951221
0.377567372495
0.37552265021
0.3735272474
0.371580600319
0.369682122736
0.367831209726
0.366027240995
0.364269583827
0.362557595698
0.360890626586
0.359268021045
0.357689120058
0.356153262701
0.354659787655
0.353208034575
0.351797345347
0.350427065235
0.349096543955
0.34780513666
0.346552204871
0.345337117344
0.344159250895
0.343017991174
0.341912733407
0.340842883103
0.339807856719
0.338807082313
0.337840000153
0.336906063309
0.336004738216
0.335135505213
0.334297859054
0.3334913094
0.332715381277
0.33196961552
0.331253569178
0.330566815906
0.329908946319
0.329279568325
0.328678307434
0.328104807028
0.327558728619
0.327039752065
0.326547575766
0.326081916837
0.325642511239
0.325229113905
0.32484149882
0.324479459089
0.324142806979
0.323831373934
0.32354501057
0.323283586657
0.323046991068
0.322835131724
0.322647935518
0.322485348222
0.322347334384
0.322233877219
0.322144978481
0.322080658337
0.322040955229
0.322025925737
0.322035644437
0.322070203758
0.322129713841
0.322214302402
0.322324114599
0.322459312898
0.322620076957
0.322806603506
0.323019106245
0.323257815748
0.323522979375
0.323814861204
0.324133741968
0.324479919006
0.324853706233
0.325255434116
0.325685449675
0.326144116488
0.326631814719
0.32714894116
0.327695909287
0.328273149337
0.328881108394
0.329520250502
0.330191056785
0.330894025592
0.331629672655
0.332398531271
0.333201152495
0.334038105361
0.334909977113
0.335817373471
0.336760918901
0.337741256925
0.338759050438
0.339814982067
0.34090975454
0.342044091095
0.343218735915
0.344434454588
0.34569203461
0.34699228592
0.348336041472
0.349724157846
0.351157515913
0.352637021533
0.354163606316
0.355738228432
0.357361873479
0.359035555417
0.360760317568
0.362537233696
0.364367409154
0.366251982131
0.36819212498
0.370189045654
0.372243989246
0.374358239652
0.37653312135
0.378770001329
0.381070291163
0.383435449244
0.385866983196
0.388366452483
0.390935471221
0.393575711224
0.396288905298
0.399076850813
0.401941413564
0.404884531977
0.407908221663
0.411014580377
0.414205793413
0.417484139481
0.420851997123
0.424311851711
0.427866303106
0.431518074036
0.435270019281
0.439125135751
0.443086573555
0.447157648175
0.451341853868
0.455642878436
0.460064619523
0.464611202603
0.469287000855
0.474096657128
0.479045108227
0.484137611767
0.48937977583
0.494777591718
0.500337470038
0.506066280369
0.511971394706
0.518060734774
0.524342823187
0.530826838151
0.537522671066
0.544440985762
0.551593277242
0.558991926443
0.566650245487
0.574582504838
0.58280392919
0.591330641988
0.600179528093
0.609367968474
0.618913377252
0.628832436181
0.639139868921
0.6498465199
0.66095639042
0.672462129278
0.684338275319
0.696531332177
0.708945622414
0.721424088124
0.733724360175
0.745493514847
0.756251079245
0.765398540536
0.772279006114
0.776299203
0.777087136332
0.774612342847
0.769195291996
0.761399700459
0.751875049219
0.741226584376
0.729946802946
0.718400174437
0.706837681626
0.695421694407
0.684250452336
0.673378052491
0.662829319548
0.652610300017
0.642715432733
0.633132343754
0.623845000031
0.614835751242
0.606086627174
0.597580140251
0.589299760924
0.581230177979
0.573357418434
0.565668876826
0.558153287087
0.550800659185
0.543602195327
0.536550195614
0.529637959706
0.52285968882
0.516210390866
0.509685790479
0.503282244996
0.496996666925
0.490826453124
0.48476942066
0.47882374916
0.472987929372
0.467260717558
0.461641095323
0.45612823446
0.450721466368
0.445420255626
0.44022417731
0.435132897661
0.430146157735
0.425263759696
0.420485555422
0.415811437156
0.411241329927
0.406775185501
0.402412977666
0.398154698653
0.394000356528
0.389949973413
0.386003584414
0.38216123713
0.378422991666
0.37478892106
0.371259112051
0.367833666143
0.3645127009
0.361296351443
0.358184772107
0.355178138242
0.352276648126
0.349480524978
0.346790019059
0.344205409856
0.341727008332
0.339355159256
0.337090243598
0.334932681001
0.332882932327
0.330941502294
0.32910894219
0.3273858527
0.325772886829
0.324270752956
0.322880218008
0.321602110785
0.320437325441
0.319386825135
0.318451645872
0.317632900544
0.316931783195
0.316349573512
0.315887641582
0.315547452902
0.315330573688
0.315238676471
0.315273546014
0.315437085537
0.315731323288
0.316158419422
0.316720673213
0.31742053056
0.318260591766
0.319243619538
0.320372547127
0.321650486507
0.323080736442
0.324666790233
0.326412342866
0.328321297192
0.330397768633
0.332646087755
0.335070799833
0.337676660247
0.340468624186
0.343451828664
0.346631564206
0.35001323275
0.353602287235
0.357404146914
0.361424080625
0.365667047826
0.370137484151
0.374839014279
0.379774069954
0.384943384869
0.390345330794
0.395975051072
0.401823339131
0.407875202635
0.414108051869
0.420489459812
0.42697447157
0.433502507791
0.439994031504
0.44634735314
0.452436246419
0.458109413951
0.463193174116
0.467498822542
0.470835635264
0.473029158539
0.473942362745
0.473495163784
0.471676993362
0.468548506966
0.464231871542
0.45889272214
0.452718946054
0.445901215172
0.438618337865
0.431028325234
0.423264494823
0.415435225737
0.407625931469
0.399902104806
0.392312660707
0.384893125757
0.377668454584
0.370655399527
0.363864441157
0.357301326222
0.350968273357
0.344864907232
0.338988975781
0.333336896866
0.327904172312
0.322685699591
0.317676004963
0.312869416606
0.308260192027
0.303842610744
0.299611040652
0.295559984501
0.291684111397
0.287978277055
0.284437535665
0.281057145526
0.27783257011
0.274759475797
0.271833727236
0.269051381053
0.266408678444
0.263902037065
0.261528042512
0.259283439635
0.257165123834
0.255170132465
0.253295636437
0.251538932062
0.24989743319
0.24836866366
0.246950250071
0.245639914882
0.244435469842
0.24333480973
0.242335906417
0.24143680322
0.240635609549
0.23993049583
0.23931968869
0.238801466401
0.238374154564
0.238036122023
0.237785777007
0.237621563493
0.237541957767
0.237545465206
0.23763061725
0.237795968577
0.238040094486
0.238361588463
0.238759059962
0.239231132388
0.239776441286
0.240393632746
0.241081362041
0.241838292479
0.242663094512
0.243554445092
0.244511027284
0.245531530162
0.246614648994
0.247759085719
0.248963549755
0.250226759117
0.25154744189
0.25292433805
0.25435620165
0.255841803381
0.257379933516
0.258969405243
0.260609058392
0.262297763556
0.264034426599
0.265817993557
0.26764745591
0.269521856217
0.271440294097
0.273401932533
0.275406004462
0.277451819639
0.279538771721
0.281666345536
0.2838341245
0.286041798128
0.288289169582
0.290576163223
0.292902832091
0.295269365282
0.297676095137
0.300123504226
0.302612232046
0.305143081395
0.30771702438
0.310335208007
0.312998959316
0.315709790033
0.318469400679
0.321279684142
0.324142728633
0.327060820033
0.330036443551
0.333072284667
0.336171229278
0.339336362966
0.342570969258
0.345878526736
0.34926270477
0.352727357603
0.356276516413
0.359914378893
0.363645295701
0.367473753003
0.371404350065
0.375441770597
0.379590746154
0.383856009491
0.388242235157
0.39275396394
0.397395506877
0.402170823456
0.407083367316
0.412135891128
0.417330200452
0.422666844147
0.428144726499
0.433760623713
0.439508585195
0.445379198669
0.451358698724
0.457427902511
0.463560966538
0.469723978447
0.475873431867
0.481954686058
0.487900588903
0.493630541186
0.499050390806
0.504053638753
0.508524461959
0.512342939999
0.515392546344
0.517569418107
0.518792251861
0.519011122226
0.518213381346
0.516425261273
0.513708786489
0.510154746678
0.505873324956
0.500984239671
0.49560795619
0.489858904726
0.483840992876
0.4776452215
0.471348958701
0.465016362515
0.458699495935
0.452439781285
0.446269550125
0.440213537603
0.434290239224
0.42851309487
0.422891493917
0.417431611666
0.41213709521
0.407009619611
0.402049335022
0.397255223692
0.392625383373
0.3881572512
0.383847779693
0.3796935745
0.37569100161
0.371836270341
0.368125497096
0.364554753907
0.361120104954
0.357817633612
0.354643462021
0.351593764797
0.348664778137
0.345852805342
0.343154219543
0.34056546426
0.338083052319
0.3357035635
0.33342364125
0.33123998871
0.329149364256
0.327148576723
0.325234480436
0.323403970155
0.321653976028
0.319981458617
0.318383404065
0.316856819451
0.315398728384
0.314006166882
0.312676179565
0.311405816211
0.310192128707
0.309032168425
0.307922984067
0.306861620006
0.305845115167
0.30487050246
0.303934808828
0.303035055906
0.30216826135
0.301331440839
0.300521610775
0.299735791704
0.298971012458
0.298224315026
0.297492760136
0.29677343355
0.296063453028
0.295359975929
0.2946602074
0.29396140909
0.29326090831
0.292556107557
0.291844494287
0.291123650855
0.29039126446
0.28964513701
0.288883194734
0.288103497425
0.287304247171
0.286483796427
0.285640655312
0.284773497997
0.283881168075
0.282962682822
0.282017236263
0.281044200991
0.280043128693
0.279013749373
0.277955969275
0.276869867532
0.275755691602
0.274613851541
0.27344491323
0.272249590627
0.271028737185
0.269783336553
0.268514492693
0.267223419543
0.265911430379
0.264579926983
0.263230388779
0.261864362022
0.260483449177
0.259089298579
0.257683594462
0.256268047435
0.254844385463
0.253414345415
0.2519796652
0.250542076535
0.249103298345
0.247665030809
0.246228950045
0.244796703423
0.243369905487
0.241950134463
0.24053892932
0.239137787362
0.237748162307
0.236371462818
0.235009051455
0.233662244004
0.23233230915
0.231020468457
0.229727896617
0.22845572194
0.227205027044
0.225976849731
0.224772183997
0.223591981175
0.222437151169
0.221308563764
0.220207049991
0.219133403527
0.218088382119
0.217072709007
0.216087074343
0.215132136583
0.214208523857
0.213316835291
0.212457642281
0.211631489714
0.21083889712
0.210080359762
0.209356349648
0.208667316463
0.208013688422
0.207395873034
0.206814257778
0.206269210686
0.205761080826
0.205290198692
0.204856876487
0.204461408307
0.204104070209
0.203785120182
0.20350479799
0.203263324907
0.203060903333
0.202897716283
0.202773926751
0.202689676942
0.202645087371
0.202640255825
0.202675256175
0.202750137051
0.202864920353
0.203019599616
0.203214138205
0.203448467352
0.203722484016
0.204036048574
0.204388982333
0.204781064861
0.205212031133
0.205681568502
0.206189313476
0.206734848319
0.207317697478
0.207937323829
0.208593124768
0.209284428144
0.210010488068
0.210770480595
0.21156349932
0.212388550917
0.213244550653
0.214130317923
0.215044571858
0.215985927063
0.216952889565
0.217943853028
0.218957095351
0.219990775727
0.221042932283
0.222111480419
0.223194211982
0.224288795399
0.225392776938
0.226503583232
0.227618525226
0.228734803703
0.229849516545
0.230959667849
0.232062179049
0.233153902127
0.234231634995
0.235292139086
0.236332159156
0.237348445226
0.238337776579
0.239296987615
0.240222995351
0.241112828241
0.24196365597
0.242772819771
0.2435378628
0.244256560026
0.244926947082
