2.17603712827e-16
0.000612563812719
0.00245102151441
0.00551767573396
0.00981637702154
0.0153525432455
0.0221331870386
0.0301669515914
0.0394641551827
0.0500368449417
0.061898860445
0.0750659078768
0.0895556456151
0.105387782267
0.122584188346
0.141169022996
0.161168877387
0.182612936698
0.205533162896
0.229964500917
0.25594511127
0.283516632616
0.312724478504
0.343618173147
0.376251732062
0.410684094417
0.446979615274
0.485208627468
0.525448084833
0.567782300863
0.612303799882
0.659114301496
0.70832586375
0.760062216305
0.814460322418
0.871672218128
0.931867189428
0.995234364429
1.06198581878
1.13236032094
1.20662788196
1.28509532591
1.36811316788
1.45608385159
1.54940773618
1.62050689187
1.62043257401
1.5992801088
1.5754139467
1.55284834809
1.53338369525
1.51606360236
1.50079472947
1.48333357662
1.4795601509
1.46478244884
1.4599730624
1.44823567582
1.4401900468
1.44491225909
1.43868611263
1.42662366629
1.4303176858
1.42411263948
1.42683535608
1.43531498231
1.43445553474
1.44547060141
1.450150844
1.4474546055
1.45845519779
1.4704574451
1.48257262351
1.48894418657
1.50767194088
1.52282613408
1.54157450875
1.56139819264
1.58557028042
1.59868654982
1.62270614808
1.60981037787
1.51742178729
1.42591987509
1.33966321336
1.25821779511
1.18119953272
1.10827346695
1.03914584946
0.973557741659
0.911279815585
0.852108095878
0.795860445952
0.742373647725
0.691500958797
0.643110056636
0.597081298721
0.553306242376
0.511686379414
0.472132049526
0.434561503235
0.398900090676
0.365079556777
0.333037426831
0.302716469236
0.274064224396
0.24703259061
0.22157745922
0.197658392569
0.175238339263
0.154283382094
0.134762514703
0.116647443573
0.0999124125199
0.0845340471911
0.0704912174714
0.0577649159913
0.0463381511826
0.0361958535538
0.027324794052
0.0197135135444
0.0133522626039
0.00823295091244
0.00434910571924
0.00169583889302
0.000269822211498
6.92706202416e-05
0.00109393328185
0.00334509231974
0.00682556924315
0.011539739122
0.0174935526633
0.0246945664265
0.0331519815067
0.0428766911093
0.0538813375465
0.0661803792985
0.0797901689125
0.0947290426539
0.111017422985
0.128677935138
0.147735539246
0.168217679768
0.190154454194
0.21357880339
0.2385267263
0.265037522204
0.293154064289
0.32292310892
0.354395645813
0.387627295234
0.422678759505
0.459616337489
0.498512512412
0.539446625475
0.582505650276
0.62778508628
0.675389993535
0.725436195905
0.77805168644
0.833378276621
0.891573541709
0.952813127951
1.01729350514
1.08523527142
1.15688714851
1.23253084751
1.31248704299
1.39712276752
1.48685871971
1.58133328783
1.62575170709
1.60117161899
1.5913875535
1.56676600841
1.53967642749
1.52813696199
1.50962771927
1.49513881253
1.48264309607
1.46915599292
1.46566239083
1.45380131302
1.45338925429
1.43705916047
1.43948050945
1.43995226087
1.43684227317
1.42528805732
1.42540505973
1.42503530733
1.42711648701
1.43486813039
1.44530894172
1.44416657505
1.4494250556
1.4603120813
1.47799870256
1.47836133711
1.49712661894
1.50985011651
