5.82867087928e-17
0.00953310864209
0.0383148939912
0.0869067523345
0.156293381514
0.247965040683
0.364052217195
0.507535430348
0.665069027004
0.525752460215
0.379674172591
0.261160282512
0.167373679957
0.0961083078591
0.0458077383171
0.0154390172022
0.00440432908046
0.0124916428042
0.0398569320765
0.0870344193495
0.15497473899
0.245110766707
0.359434519253
0.500504535974
0.662187984522
0.555183837592
0.406869238152
0.28514759435
0.18854745222
0.114888027524
0.0625253554261
0.0303538315904
0.0177236978971
0.024385958054
0.0504693614792
0.0964855120972
0.163357582365
0.252454699231
0.365535229259
0.504156184126
0.660636002505
0.594708608583
0.446620647686
0.32079452125
0.220477808435
0.1437722861
0.0889048873763
0.0546526265466
0.0402869574191
0.045507851504
0.0704110048864
0.115483884704
0.181616283156
0.270062909826
0.38201150567
0.515691806739
0.657319537895
0.625797265774
0.499376522812
0.369479470606
0.264257220448
0.183625808662
0.125673662894
0.0889751750799
0.0726735034968
0.0763913064162
0.100176275666
0.1444776607
0.210111566537
0.297998893546
0.407253437021
0.52672622721
0.658947007024
0.631764662284
0.544531317841
0.431505587223
0.321463479733
0.235727731529
0.173902711294
0.134269833572
0.115750667501
0.117840167052
0.140503968408
0.184106737049
0.249236088052
0.335544755205
0.435115615567
0.533518649662
0.665549281323
0.643302865465
0.562166457455
0.484596860939
0.392030054374
0.301695994342
0.235001083619
0.191792074997
0.170671366309
0.170909615071
0.192312812631
0.235020893535
0.298791201269
