1.0
0.990554727309
0.962596945348
0.917245154134
0.856312155802
0.782230299998
0.697951308953
0.606824928338
0.512461538647
0.418584527324
0.328878635657
0.246840639561
0.175638594396
0.117985477853
0.0760324203189
0.0512858483954
0.0445518235366
0.0559096805575
0.0847158124378
0.129637163703
0.188712740845
0.259440278997
0.338884169461
0.423799896297
0.510769587334
0.596342881223
0.677177162116
0.750171320718
0.812587556587
0.862156323046
0.897160303826
0.916494262686
0.919698679599
0.906966231284
0.879121338933
0.83757414098
0.78425130488
0.721507024633
0.652018322116
0.578669349577
0.504429756795
0.432232327724
0.36485500656
0.304812130752
0.254259186391
0.214914726127
0.188002274607
0.174214130183
0.173697996649
0.186066388728
0.210427793547
0.245437678222
0.289366647957
0.3401824109
0.395641719706
0.453388151772
0.511051468723
0.56634436045
0.617152621599
0.661615212588
0.698191200512
0.725711229544
0.743411903519
0.750952241022
0.748412150012
0.736273630489
0.715386117665
0.686917996193
0.652296824371
0.613141188047
0.571187345403
0.528213920762
0.485967859558
0.44609467509
0.410075714217
0.379174761582
0.35439581246
0.336453297387
0.325755463516
0.322401034501
0.326188707971
0.336638530813
0.353023737789
0.374411265229
0.399708870872
0.427716611168
0.457180351195
0.486845008241
0.515505351644
0.542052388879
0.565513647757
0.585086001345
0.600160058425
0.610335539954
0.615427462928
0.615463340179
0.61067196226
0.601464642288
0.58841006557
0.572204085126
0.553635937201
