2.22044604925e-16
0.00250417781162
0.0100673865262
0.022845827963
0.0411145095375
0.0652921202219
0.0959825847097
0.134042878784
0.180695373406
0.237721221793
0.307813235193
0.395274038627
0.50756164157
0.659320045815
0.886075068835
1.32439182699
1.76680146469
1.02457453618
0.740957686289
0.564603432765
0.438358554266
0.341750819759
0.265088226902
0.203025623967
0.152316657837
0.110857526335
0.0772235890907
0.0504230593289
0.0297570009114
0.014735947957
0.00502895753685
0.000432611962506
0.000853339877486
0.00629963429247
0.016882749821
0.0328260038618
0.0544843886199
0.0823783441123
0.117249065686
0.160149256704
0.212596499138
0.276845732505
0.356408870521
0.457147397441
0.589911925879
0.778432694656
1.09394774326
2.1954867307
1.21806405176
0.839628859058
0.629985618314
0.486459983404
0.379091796759
0.294957561671
0.227307028512
0.172182811793
0.127081175125
0.0903337917776
0.0607903907067
0.0376428700167
0.0203223141616
0.00843655764914
0.00173194767064
7.06868046815e-05
0.0034192049799
0.0118453991014
0.0255242453569
0.0447527979927
0.0699774235389
0.101838933939
0.141246277764
0.18949923031
0.248501371968
0.321153352828
0.41214377119
0.529741004463
0.69063382296
0.937438397727
1.45979855925
1.539533837
0.963789480005
0.706228511694
0.540649229425
0.42038661031
0.327647688394
0.253739030984
0.193773268943
0.144744087505
0.104686270431
0.0722613832541
0.0465347020726
0.0268472442471
0.0127391045756
0.00390252744845
0.000153502543017
0.00141592485387
0.00771529285183
0.0191808036329
0.0360562203732
0.0587215233778
0.0877296604961
0.123866594182
0.168250162089
0.222498329059
0.28903121774
0.371655369306
0.476816956344
0.616719205167
0.819099007738
1.17468716243
2.71016363778
1.13054873107
0.797262670265
0.602411010276
0.466348711354
0.363553926902
0.282562039329
0.217243855455
0.163951791017
0.120354527629
0.0848879170178
0.0564689583883
0.0343355808663
0.0179521479736
0.00695195532937
0.00110207408613
0.000282787203025
0.00447755286082
0.0137716460395
0.0283592351124
0.0485601787964
0.0748497741442
0.107907759996
0.148698439234
0.198604826506
0.259663610651
0.335004480435
0.42974902192
0.553098170591
0.724191662884
0.994847155182
1.64628291616
1.38396600738
0.909726397493
0.67388818546
0.517925422628
0.40317485853
0.314069022662
0.242780016172
0.184827857738
0.137423785507
0.0987299256818
0.0674879416933
0.0428166469017
0.0240948908518
0.010891026496
0.00291969546101
1.5853576664e-05
0.00212068652316
0.00927675664275
0.0216315063561
0.0394497473224
0.0631374691795
0.0932817918984
0.130716175065
0.176628212937
0.232744489619
0.301666069529
0.387527343249
0.497439391722
0.645195200543
0.863522469257
1.27119461508
1.92596259827
1.05621547917
0.7583383
0.576412148254
0.447151204096
0.348621576017
0.270604399543
0.207517849041
0.155993190052
0.113856694636
0.0796405870911
0.052324732932
0.0311904818374
0.0157338822119
0.00561271366109
0.000614198792133
0.000636421238448
0.00567982956067
0.0158472740673
0.0313525831417
0.0525392472996
0.0799128539354
0.11419428507
0.156406892025
0.208023358157
0.271225391252
0.349395745002
0.448143496453
