1.0
0.990754539485
0.963369284348
0.918884261755
0.858988851793
0.78595754962
0.702563483265
0.611972979517
0.517625191548
0.423101370176
0.331988754277
0.247744259892
0.173563154236
0.112257709893
0.0661504533693
0.0369860653378
0.0258652786647
0.0332032818751
0.0587142019566
0.101422247067
0.159699074607
0.231325951986
0.31357833424
0.40332963045
0.497170202
0.591537057938
0.6828493079
0.767644216652
0.842708684386
0.905201154121
0.952759315118
0.983589514819
0.996534490863
0.991116862253
0.967556743287
0.926762829981
0.870297318944
0.800316014275
0.71948592135
0.630883481248
0.537877333645
0.444000081377
0.352813944341
0.267775418363
0.192104087594
0.128660575799
0.0798382690312
0.047472913291
0.0327735060661
0.0362770866079
0.0578291173472
0.0965901730431
0.15106865225
0.219178235729
0.298317876225
0.385471249324
0.477321858405
0.57037939588
0.661112540316
0.746083130585
0.822076612643
0.88622380345
0.936109353956
0.969862805808
0.986228804807
0.984613832362
0.965107713709
0.928479124131
0.876145305044
0.810117182824
0.732922017279
0.647506558237
0.557124425428
0.465212020917
0.375257712308
0.290669272779
0.214644621564
0.150050773924
0.0993155883887
0.0643364037366
0.0464090079132
0.0461796010076
0.0636215344348
0.0980376623282
0.148088165015
0.211842735571
0.286855095713
0.370256961884
0.458867848254
0.549316498412
0.638169303941
0.722060812187
0.797821356675
0.862596963938
0.913956995161
0.949985457853
0.969352553265
0.971363785127
0.955984815141
0.923841177667
0.876192924663
