1.0
0.995527174247
0.982264426306
0.960673628007
0.931507011332
0.895781397283
0.854743161431
0.809824800075
0.762593952007
0.714695584728
0.667787924027
0.623473026578
0.583224405242
0.548317363065
0.519771744638
0.498318249161
0.484394246196
0.47816369838
0.47954567733
0.488235456001
0.503712526406
0.525243296304
0.551891489896
0.582542946552
0.615942307079
0.650736229393
0.685520244071
0.718888503726
0.749485644321
0.776059073012
0.797509406114
0.812936738202
0.821680725373
0.823352865915
0.817859673116
0.805415507293
0.786543522294
0.762062398895
0.733055586033
0.700820046184
0.666795538336
0.632486721877
0.599405752915
0.568975203289
0.542388670154
0.520336079893
0.503375672686
0.491937688835
0.485943359919
0.485022645393
0.488665404971
0.496226999819
0.506765696011
0.519460712544
0.533597791192
0.548582931926
0.563924721188
0.579196442534
0.594001369272
0.607952008492
0.62066626851
0.631779347069
0.640967068507
0.647974041094
0.65263898343
0.654911405993
0.654858904996
0.652666763463
0.648629214861
0.643133992495
0.636642343251
0.629662670564
0.622716799567
0.616302035405
0.610855124001
0.606724825085
0.604157319468
0.603290480141
0.604148958799
0.606655358445
0.610625736015
0.615708217216
0.621508942861
0.627635880791
0.633727358873
0.639475033353
0.644640791672
0.649068917411
0.652690323885
0.655516520701
0.657623885976
0.659131194663
0.660174582615
0.660883832402
0.661363104628
0.661678933135
0.661857470076
0.661890720884
0.661749273468
0.661398115831
0.660812410554
0.65999072332
0.65896339455
0.657797435933
0.656601187801
0.655527311738
0.654738820705
0.654411222102
0.65463963673
0.655417746054
0.656701287911
0.658406459896
0.66038496105
0.662446142182
0.664384497091
0.666006060413
0.667153757887
0.667726972667
0.667692777496
0.667079040043
0.665964283186
0.664490445004
0.662821646437
0.661171193664
0.6597748924
0.658777630911
0.658324834126
0.6584824477
0.659245243531
0.660545699473
0.662316494788
0.664334227727
0.666341666542
0.668087474108
0.669345527508
0.669981910701
0.669909718922
0.669174438168
0.667847197127
0.666110148666
0.664192312426
0.662297044474
0.660654366326
0.659489986819
0.658886062258
0.658900200297
0.659490468655
0.660554614802
0.661931222038
0.663407770132
0.664752517339
0.665749964999
0.666239642814
0.666147192621
0.665456606867
0.664220485678
0.662587458399
0.660799374498
0.659065028375
0.657605118702
0.65665058884
0.656330970951
0.656667646938
0.657597122658
0.658974837938
0.660589947764
0.662203752069
0.663580554575
0.664507703958
0.664814690973
0.664397040658
0.663260229246
0.661473646263
0.659162316155
0.656551297019
0.65389253201
0.651438908272
0.649440218454
0.648101960177
0.647521000513
0.647719362466
0.648686634221
0.650241043706
0.652105533386
0.654020259179
0.655732097792
0.657007629709
0.657656009242
0.657554627758
0.656669985897
0.655064282796
0.65288370514
0.650336028925
0.647672942873
0.645152473209
0.643013190124
0.641444639274
0.640547748608
0.640367963181
0.640874473649
0.642011205786
