1.0
0.999837511276
0.999350180388
0.998538413037
0.997402884853
0.995944540609
0.9941645931
0.992064521722
0.989646070725
0.986911247162
0.983862318532
0.980501810112
0.97683250199
0.972857425807
0.9685798612
0.964003331957
0.959131601897
0.953968670468
0.948518768076
0.942786351155
0.93677609697
0.930492898184
0.923941857171
0.917128280103
0.910057670807
0.902735724408
0.895168320759
0.887361517676
0.879321543979
0.871054792358
0.86256781206
0.853867301425
0.844960100264
0.835853182098
0.826553646275
0.817068709957
0.807405700009
0.797572044786
0.787575265834
0.777422969523
0.767122838608
0.756682623748
0.746110134975
0.735413233142
0.724599821349
0.713677836366
0.702655240061
0.691540010839
0.680340135122
0.669063598852
0.65771837906
0.646312435484
0.634853702266
0.623350079732
0.611809426261
0.600239550263
0.588648202269
0.577043067144
0.565431756437
0.553821800871
0.542220642989
0.53063562996
0.519074006554
0.507542908303
0.496049354838
0.484600243434
0.473202342745
0.461862286764
0.45058656898
0.439381536781
0.428253386067
0.417208156111
0.406251724656
0.395389803258
0.384627932881
0.373971479747
0.363425631441
0.352995393287
0.342685584981
0.332500837494
0.322445590252
0.312524088579
0.302740381418
0.29309831933
0.283601552764
0.274253530605
0.265057498997
0.25601650044
0.247133373164
0.238410750771
0.229851062155
0.221456531683
0.213229179644
0.20517082297
0.1972830762
0.189567352718
0.182024866228
0.174656632491
0.167463471291
0.160446008648
0.153604679264
0.14693972919
0.140451218715
0.134139025477
0.12800284777
0.122042208065
0.116256456711
0.110644775836
0.105206183418
0.0999395375301
0.0948435407504
0.0899167447242
0.0851575548746
0.0805642352504
0.076134913504
0.0718675859893
0.067760122972
0.0638102739419
0.0600156730193
0.0563738444453
0.0528822081473
0.0495380853707
0.0463387043663
0.0432812061259
0.0403626501547
0.0375800202728
0.0349302304358
0.0324101305657
0.0300165123822
0.0277461152257
0.025595631864
0.0235617142717
0.0216409793756
0.019830014756
0.0181253842966
0.0165236337734
0.0150212963755
0.0136148981498
0.0123009633605
0.0110760197575
0.00993660374559
0.00887926544732
0.00790057365237
0.00699712064757
0.00616552692055
0.00540244573107
0.0047045675444
0.00406862432088
0.00349139365666
0.00296970277061
0.00250043233257
0.00208052012889
0.00170696456099
0.00137682797333
0.00108723980742
0.000835399578786
0.000618579674291
0.00043412796748
0.000279470250712
0.000152112486681
4.96429419314e-05
3.02669797621e-05
8.98576901478e-05
0.000131284938731
0.000156614707978
0.000167823472343
0.000166797126667
0.000155330241991
0.000135125515826
0.00010779340918
7.48519690596e-05
3.77268488354e-05
2.25060861871e-06
4.38331893736e-05
8.58761439398e-05
0.000127318305531
0.000167189948997
0.000204610135108
0.000238785512721
0.000269008980064
0.000294658198775
0.000315193964221
0.000330158436879
0.000339173239917
0.000341937428399
0.000338225335693
0.000327884302869
0.000310832297028
0.000287055424673
0.000256605346392
0.000219596599369
0.000176203834763
0.000126658979296
7.12483495852e-05
1.03108351441e-05
5.57723122671e-05
0.000126564349656
0.00020159424702
0.000280349695979
0.000362282760222
0.000446813043241
0.000533330933202
0.000621200865334
0.000709764590023
0.000798344438908
0.000886246582034
0.00097276426937
0.00105718105011
0.00113877396331
0.00121681669354
0.00129058268532
0.00135934821029
0.00142239538112
0.00147901510647
0.00152850998125
0.00157019710688
0.00160341083616
0.00162750543767
0.00164185767492
0.00164586929547
0.00163896942551
0.00162061686586
0.00159030228507
0.0015475503061
0.00149192148285
0.00142301416333
0.00134046623639
0.00124395675925
0.00113320746331
0.00100798413632
0.000868097879276
0.00071340623826
0.000543814217046
0.000359275210065
0.000159792330355
5.45947227521e-05
0.000283756904669
0.000527562747796
0.000785804234008
0.0010582272057
0.00134452705963
0.00164434876475
0.00195728715346
0.00228288736314
0.00262064540976
0.0029700088881
0.00333037779548
0.00370110547613
0.00408149968357
0.00447082375811
0.00486829791637
0.00527310064949
0.00568437022682
0.00610120630106
0.00652267161146
0.00694779378064
0.00737556720113
0.00780495500726
0.00823489112771
0.00866428241436
0.00909201084242
0.00951693577708
0.00993789630168
0.0103537136022
0.0107631934028
0.0111651284476
0.0115583010223
0.0119414855116
0.0123134509856
0.0126729638108
0.013018790279
0.0133496992497
0.0136644647998
0.0139618688746
0.0142407039357
0.014499775599
0.0147379052585
0.0149539326893
0.015146718625
0.0153151473045
0.015458128982
0.0155746023958
0.0156635371906
0.0157239362879
0.0157548382008
0.0157553192867
0.0157244959349
0.0156615266837
0.0155656142633
0.0154360075592
0.0152720034941
0.0150729488218
0.0148382418324
0.0145673339623
0.0142597313086
0.0139149960426
0.0135327477203
0.0131126644883
0.0126544841803
0.012158005304
0.0116230879158
0.011049654381
0.0104376900185
0.00978724362841
0.00909842790211
0.0083714197132
0.00760646029003
0.00680385527009
0.00596397463844
0.00508725255676
0.00417418710149
0.00322533997679
0.00224133650898
0.00122286834209
0.000170822467429
0.000914516614503
0.00203166681196
0.00317995293204
0.00435838145305
0.00556591168789
0.00680144986895
0.00806384979448
0.00935191426738
0.0106643967748
0.0120000033026
0.013357394255
0.0147351864667
0.0161319552996
0.017546236821
0.0189765300568
0.0204212993152
0.0218789765782
0.0233479639544
0.0248266361893
0.0263133432292
0.0278064128324
0.0293041532245
0.0308048557916
0.0323067978072
0.0338082451876
0.0353074552707
0.0368026796131
0.0382921668005
0.0397741652662
0.0412469261121
0.042708705928
0.0441577696035
0.0455923931269
0.0470108663669
0.0484114958317
0.0497926074006
0.0511525490222
0.0524896933765
0.053802440493
0.055089220324
0.056348495264
0.0575787626148
0.0587785569888
0.0599464526484
0.0610810657761
0.0621810566709
0.0632451318691
0.0642720461831
0.0652606046569
0.0662096644336
0.0671181365317
0.0679849875279
0.0688092411424
0.0695899797253
0.0703263456397
0.0710175425417
0.0716628365523
0.0722615573217
0.0728130989829
0.0733169209932
0.073772548863
0.0741795747698
0.0745376580571
0.0748465256177
0.0751059721604
0.0753158603599
0.0754761208902
0.0755867523422
0.0756478210238
0.0756594606459
0.0756218718927
0.0755353218795
0.0754001434971
0.0752167346456
0.0749855573595
0.0747071368244
0.0743820602887
0.0740109758729
0.0735945912767
0.0731336723892
0.072629041803
0.0720815772366
0.0714922098663
0.0708619225735
0.0701917481083
0.0694827671746
0.0687361064395
0.0679529364716
0.0671344696112
0.0662819577779
0.0653966902177
0.0644799911964
0.0635332176412
0.0625577567372
0.0615550234815
0.0605264582005
0.059473524035
0.0583977043975
0.0573005004068
0.0561834283041
0.0550480168561
0.0538958047495
0.0527283379817
0.0515471672532
0.0503538453647
0.0491499246264
0.0479369542817
0.0467164779514
0.0454900311024
0.0442591385468
0.0430253119733
0.0417900475185
0.0405548233798
0.0393210974762
0.0380903051596
0.0368638569817
0.0356431365201
0.0344294982671
0.0332242655858
0.0320287287359
0.0308441429738
0.0296717267291
0.0285126598615
0.0273680820011
0.0262390909738
0.0251267413161
0.0240320428799
0.0229559595309
0.021899407943
0.0208632564884
0.0198483242279
0.018855380001
0.0178851416177
0.0169382751535
0.0160153943478
0.0151170601068
0.0142437801119
0.0133960085327
0.0125741458459
0.0117785387594
0.0110094802416
0.0102672096548
0.0095519129933
0.0088637232234
0.0082027207262
0.00756893384053
0.00696233950511
0.00638286399818
0.00583038377275
0.00530472638547
0.00480567151681
0.00433295208035
0.00388625541846
0.00346522458184
0.00306945968985
0.00269851936889
0.00235192226532
0.00202914863005
0.00172964197098
0.00145281076996
0.00119803026063
0.000964644263217
0.000751967072637
0.000559285396021
0.00038586033649
0.000230929423531
9.37087378149e-05
2.66066059006e-05
0.000130834119365
0.000219812285979
0.000294389422719
0.000355425247651
0.000403788143072
0.000440352940972
0.000465998724223
0.000481606633489
0.00048805768243
0.00048623058521
0.000476999600631
0.000461232397246
0.000439787943762
0.00041351442904
0.000383247215902
0.00034980683292
0.000313997008288
0.000276602749811
0.000238388475041
0.000200096195629
0.000162443760299
0.00012612316211
9.17989205743e-05
6.01065737336e-05
3.16515076999e-05
7.01392714165e-06
1.33026139934e-05
2.87434675344e-05
3.8863999241e-05
4.32298090532e-05
4.14462155299e-05
3.31575761147e-05
1.80479730464e-05
4.15863293656e-06
3.36954733941e-05
7.07564843865e-05
0.000115492213555
0.000168011064379
0.000228378775628
0.000296618251309
0.000372709495088
0.000456589644418
0.000548153103729
0.000647251776331
0.000753695394568
0.000867251947582
0.000987648205888
0.00111457034172
0.00124766464396
0.00138653832626
0.00153076042677
0.00167986279772
0.00183334118287
0.00199065638084
0.00215123549182
0.00231447324539
0.00247973340675
0.00264635025861
0.00281363015568
0.00298085314891
0.00314727467608
0.0033121273154
0.00347462259867
0.0036339528805
0.00378929325953
0.00393980354828
0.00408463028723
0.00422290879948
0.0043537652816
0.00447631892669
0.00458968407517
0.00469297238918
0.00478529504607
0.00486576494658
0.00493349893328
0.00498762001479
0.00502725959114
0.00505155967596
0.00505967511071
0.00505077576669
0.00502404873009
0.00497870046579
0.00491395895528
0.00482907580442
0.00472332831662
0.00459602152712
0.00444649019412
0.00427410074268
0.00407825315716
0.00385838281832
0.00361396228117
0.00334450298974
0.00304955692525
0.00272871818411
0.00238162448277
0.00200795858692
0.001607449665
0.00117987457572
0.000725059168506
0.000242881030261
0.000266747122288
0.00080382450216
0.00136833347041
0.00196018796723
0.00257924960629
0.00322532570448
0.00389816876207
0.00459747613994
0.00532288985865
0.00607399650846
0.00685032726774
0.00765135802969
0.00847650963711
0.00932514822543
0.0101965856736
0.0110900801625
0.012004836841
0.0129400085976
0.0138946969381
0.0148679529675
0.015858778475
0.0168661271201
0.0178889057193
0.0189259756298
0.0199761542299
0.0210382164924
0.0221108966494
0.0231928899453
0.0242828544759
0.0253794131097
0.0264811554897
0.0275866401104
0.0286943964681
0.0298029272813
0.0309107107751
0.0320162030288
0.0331178403804
0.0342140418848
0.0353032118218
0.0363837422489
0.0374540155949
0.0385124072897
0.0395572884259
0.0405870284469
0.0415999978579
0.0425945709539
0.0435691285606
0.0445220607832
0.0454517697579
0.0463566724016
0.0472352031549
0.0480858167129
0.0489069907395
0.0496972285604
0.050455061829
0.0511790531615
0.0518677987357
0.052519930849
0.0531341204309
0.0537090795049
0.0542435635964
0.0547363740808
0.0551863604687
0.0555924226224
0.0559535129013
0.0562686382309
0.0565368620916
0.0567573064246
0.0569291534494
0.0570516473912
0.0571240961139
0.0571458726552
0.0571164166621
0.0570352357222
0.0569019065897
0.0567160763021
0.0564774631872
0.0561858577558
0.0558411234803
0.0554431974564
0.054992090947
0.0544878898052
0.0539307547786
0.05332092169
0.0526587014973
0.0519444802296
0.0511787188004
0.0503619526978
0.0494947915513
0.0485779185761
0.0476120898951
0.0465981337396
0.0455369495295
0.0444295068344
0.0432768442167
0.042080067959
0.0408403506767
0.0395589298183
0.0382371060564
0.0368762415695
0.0354777582206
0.034043135632
0.0325739091616
0.031071667783
0.0295380518728
0.0279747509083
0.0263835010801
0.0247660828224
0.0231243182659
0.0214600686165
0.019775231465
0.0180717380313
0.0163515503485
0.0146166583913
0.012869077154
0.0111108436838
0.00934401407777
0.00757066045609
0.00579286794652
0.00401273181663
0.00223235573452
0.000453882660257
0.00132074860152
0.00308922039372
0.00484953469133
0.00659959743127
0.00833733249456
0.010060679912
0.0117675984346
0.0134560685005
0.015124095255
0.0167697115591
0.0183909809645
0.0199860006475
0.021552904293
0.0230898649232
0.0245950976679
0.0260668624684
0.0275034667134
0.0289032678006
0.0302646756198
0.0315861549547
0.0328662277971
0.034103475572
0.0352965412678
0.0364441314697
0.0375450182916
0.0385980412037
0.0396021087536
0.040556200176
0.0414593668907
0.0423107338843
0.0431095009749
0.0438549439562
0.0445464156207
0.045183346659
0.0457652464341
0.0462917036295
0.0467623867705
0.0471770446168
0.0475355064261
0.0478376820898
0.0480835621376
0.0482732176138
0.0484067998246
0.0484845399558
0.0485067485637
0.0484738149377
0.048386206338
0.0482444671082
0.0480492176646
0.0478011533645
0.047501043255
0.0471497287045
0.0467481219194
0.0462972043486
0.0457980249779
0.0452516985185
0.0446594034913
0.0440223802111
0.0433419286745
0.0426194063535
0.0418562259007
0.0410538527688
0.0402138027478
0.0393376394261
0.0384269715779
0.0374834504826
0.0365087671798
0.0355046496655
0.0344728600337
0.0334151915681
0.0323334657896
0.031229529464
0.0301052515746
0.028962520266
0.0278032397635
0.026629327273
0.0254427098674
0.0242453213645
0.0230390992013
0.0218259813106
0.0206079030043
0.0193867938699
0.0181645746838
0.0169431543484
0.0157244268564
0.0145102682887
0.0133025338498
0.0121030549474
0.0109136363183
0.00973605320884
0.00857204861114
0.00742333056262
0.00629156951179
0.00517839575573
0.00408539695485
0.00301411573441
0.00196604740426
0.000942638061466
5.47541808427e-05
0.00102468971765
0.0019659785495
0.00287736498354
0.0037576814416
0.00460582170513
0.00542074219364
0.00620146335372
0.00694707096384
0.0076567173301
0.00832962236693
0.00896507455945
0.00956243180602
0.0101211221393
0.0106406443252
0.0111205683383
0.0115605357135
0.0119602597743
0.0123195257357
0.0126381906842
0.0129161834325
0.0131535042525
0.0133502244845
0.0135064860253
0.0136225006957
0.013698549489
0.0137349817014
0.0137322139477
0.013690729062
0.0136110748874
0.0134938629563
0.0133397670639
0.0131495217373
0.012923920604
0.0126638146623
0.0123701104559
0.0120437681583
0.0116857995684
0.0112972660223
0.0108792762246
0.0104329840027
0.00995958599024
0.00946031924059
0.00893645877791
0.00838931508822
0.00782023155581
0.0072305818494
0.00662176726285
0.00599521401509
0.00535237051422
0.00469470459079
0.00402370070529
0.00334085713557
0.00264768315096
0.00194569618558
0.00123641905786
0.000521377745392
0.000197914462387
0.0009199115995
0.00164311678494
0.00236601932965
0.00308712403148
0.00380495027976
0.00451803461287
0.00522493336926
0.00592422531591
0.00661451423421
0.00729443145561
0.00796263834148
0.00861782870264
0.00925873115418
0.00988411140161
0.0104927744542
0.0110835667619
0.0116553782718
0.0122071444014
0.0127378479244
0.0132465207667
0.0137322457083
0.0141941579902
0.0146314468221
0.015043356788
0.0154291891497
0.0157883030429
0.0161201165671
0.016424107765
0.0166998154912
0.0169468401685
0.0171648444311
0.0173535536522
0.0175127563577
0.0176423045229
0.0177421137538
0.0178121633518
0.017852496262
0.017863218906
0.0178445008987
0.0177965746504
0.0177197348552
0.0176143378662
0.017480800959
0.0173196014857
0.0171312759194
0.0169164187928
0.0166756815323
0.0164097711889
0.0161194490695
0.0158055292713
0.0154688771207
0.0151104075205
0.0147310832085
0.0143319129308
0.0139139495323
0.0134782879685
0.013026063243
0.0125584482726
0.0120766516852
0.011581915555
0.0110755130769
0.0105587461868
0.0100329431301
0.0094994559848
0.00895965814081
0.00841494174308
0.00786671510088
0.00731640006889
0.00676542940447
0.00621524410589
0.00566729073625
0.00512301873792
0.00458387774222
0.00405131487942
0.00352677209401
0.00301168347068
0.00250747257767
0.0020155498368
0.00153730994133
0.00107412939462
0.000627364614309
0.000198358409939
0.000211656926977
0.000601284273735
0.000969347095139
0.0013146223214
0.00163593067245
0.00193213125186
0.00220212308196
0.0024448470558
0.0026592879028
0.00284447610064
0.00299948971482
0.00312345615812
0.00321555386507
0.00327501387805
0.0033011213419
0.00329321690443
0.00325069802034
0.00317302015632
0.00305969789531
0.0029103059381
0.00272448000058
0.0025019176053
0.00224237876638
0.00194568656702
0.00161172763102
0.0012404524948
0.000831875920591
0.000386077598352
9.68147423245e-05
0.000616557379305
0.00117290878267
0.00176552630231
0.00239401118719
0.00305790219475
0.00375667600725
0.00448974793574
0.00525647275567
0.00605614565248
0.00688800327102
0.00775122486584
0.00864493354964
0.00956819763765
0.0105200320854
0.011499400017
0.0125052143423
0.0135363394578
0.0145915930313
0.0156697478646
0.0167695338321
0.0178896398919
0.0190287161659
0.0201853760845
0.0213581985935
0.0225457304179
0.02374648838
0.0249589617668
0.0261816147429
0.0274128888052
0.0286512052742
0.0298949678188
0.0311425650091
0.0323923728933
0.033642757595
0.0348920779254
0.0361386880055
0.0373809398965
0.0386171862301
0.0398457828375
0.0410650913713
0.0422734819147
0.0434693355766
0.0446510470649
0.0458170272363
0.0469657056161
0.0480955328862
0.0492049833349
0.0502925572656
0.0513567833604
0.0523962209937
0.0534094624942
0.0543951353482
0.0553519043438
0.0562784736506
0.0571735888324
0.0580360387887
0.0588646576227
0.0596583264331
0.0604159750252
0.0611365835402
0.0618191839996
0.0624628617619
0.06306675689
0.0636300654259
0.0641520405731
0.0646319937819
0.0650692957387
0.065463377256
0.0658137300625
0.0661199074926
0.0663815250735
0.0665982610098
0.0667698565647
0.0668961163375
0.0669769084373
0.0670121645524
0.0670018799164
0.06694611317
0.0668449861207
0.0666986833991
0.0665074520145
0.0662716008095
0.0659914998152
0.0656675795084
0.0653003299729
0.0648902999644
0.0644380958844
0.063944380661
0.0634098725424
0.0628353438025
0.0622216193634
0.0615695753349
0.060880137476
0.0601542795798
0.0593930217851
0.0585974288179
0.0577686081656
0.0569077081875
0.0560159161652
0.0550944562952
0.0541445876292
0.0531676019633
0.0521648216821
0.0511375975601
0.0500873065243
0.0490153493826
0.0479231485213
0.0468121455757
0.0456837990782
0.0445395820875
0.0433809798033
0.0422094871704
0.0410266064756
0.0398338449432
0.0386327123315
0.0374247185342
0.0362113711929
0.034994173322
0.0337746209515
0.0325542007912
0.0313343879207
0.0301166435071
0.0289024125575
0.027693121706
0.0264901770422
0.0252949619826
0.0241088351892
0.0229331285382
0.0217691451424
0.0206181574306
0.019481405286
0.0183600942478
0.0172553937779
0.0161684355956
0.0151003120831
0.0140520747639
0.0130247328562
0.0120192519044
0.011036552489
0.0100775090189
0.00914294860531
0.00823365002165
0.00735034274816
0.00649370610438
0.00566436846965
0.00486290659303
0.00408984499329
0.00334565545
0.00263075658675
0.00194551354929
0.00129023779052
0.000665187056839
7.05718741056e-05
0.000493482569191
0.00102685253288
0.0015295063803
0.00200145453721
0.00244276053723
0.00285354030027
0.00323396153269
0.00358424306587
0.00390465411657
0.00419551346734
0.00445718856761
0.0046900945574
0.00489469321516
0.00507149183222
0.00522104201584
0.00534393842335
0.00544081742982
0.00551235573189
0.00555926889037
0.00558230981451
0.00558226719068
0.00555996385852
0.00551625513759
0.00545202710749
0.00536819484482
0.00526570062006
0.00514551205771
0.00500862026304
0.00485603791881
0.0046887973553
0.00450794859728
0.00431455739116
0.00410970321597
0.00389447728158
0.00366998051773
0.00343732155726
0.00319761471721
0.00295197798108
0.00270153098585
0.00244739301718
0.00219068101622
0.00193250760137
0.00167397910857
0.00141619365348
0.00116023921948
0.000907191776631
0.000658113442242
0.000414050728446
0.000176033367574
5.4941996746e-05
0.000277857651056
0.000491770172007
0.000695732260941
0.000888827390017
0.00107016651401
0.00123888933422
0.00139416565824
0.00153519672311
0.00166121646262
0.00177149271284
0.0018653283531
0.00194206238058
0.00200107091653
0.002041768143
0.00206360716864
0.00206608082242
0.00204872237438
0.00201110618251
0.001952848265
0.00187360679734
0.00177308253379
0.00165101915293
0.00150720352722
0.00134146591641
0.00115368008548
0.000943763347975
0.000711676538841
0.000457423939203
0.000181053460192
0.000117348985024
0.000437641909561
0.000779655798554
0.00114317260709
0.00152793403117
0.00193364123545
0.00235995547793
0.00280649884313
0.00327285504598
0.00375857029945
0.00426315424268
0.00478608092751
0.00532678986101
0.00588468710198
0.00645914640926
0.00704951043928
0.00765509199082
0.00827517529433
0.00890901734335
0.00955584926565
0.0102148777312
0.0108852863946
0.0115662373691
0.0122568727294
0.0129563160412
0.013663673913
0.0143780375695
0.0150984844421
0.0158240797744
0.0165538782397
0.0172869255676
0.0180222601767
0.0187589148111
0.0194959181768
0.0202322965766
0.0209670755393
0.0216992814414
0.022427943118
0.0231520934607
0.0238707709987
0.0245830214628
0.0252878993267
0.0259844693253
0.0266718079468
0.0273490048966
0.0280151645293
0.0286694072485
0.0293108708711
0.0299387119535
0.0305521070792
0.0311502541043
0.03173237336
0.0322977088097
0.0328455291599
0.0333751289222
0.0338858294256
0.0343769797775
0.0348479577727
0.0352981707474
0.0357270563797
0.0361340834336
0.0365187524464
0.0368805963583
0.0372191810847
0.0375341060288
0.0378250045356
0.0380915442863
0.0383334276328
0.0385503918724
0.0387422094625
0.0389086881759
0.0390496711955
0.0391650371508
0.0392547000944
0.0393186094207
0.0393567497265
0.0393691406145
0.0393558364399
0.0393169260023
0.0392525321826
0.0391628115263
0.0390479537743
0.0389081813438
0.0387437487575
0.0385549420259
0.0383420779821
0.0381055035714
0.0378455950965
0.0375627574214
0.0372574231346
0.036930051673
0.0365811284107
0.0362111637109
0.0358206919463
0.0354102704881
0.0349804786662
0.0345319167019
0.034065204617
0.0335809811189
0.0330799024664
0.032562641316
0.0320298855527
0.0314823371066
0.0309207107574
0.0303457329297
0.0297581404799
0.0291586794793
0.0285481039921
0.0279271748543
0.0272966584522
0.0266573255053
0.0260099498538
0.0253553072537
0.0246941741814
0.0240273266498
0.0233555390375
0.0226795829334
0.0220002259985
0.0213182308466
0.0206343539456
0.0199493445414
0.019263943606
0.0185788828105
0.0178948835264
0.0172126558548
0.0165328976856
0.015856293789
0.015183514938
0.0145152170666
0.0138520404615
0.0131946089904
0.0125435293673
0.0118993904553
0.0112627626079
0.0106341970506
0.010014225301
0.00940335863075
0.00880208756796
0.00821088144093
0.00763018796394
0.00706043286493
0.0065020195553
0.005955328842
0.00542071868188
0.00489852397815
0.00438905641891
0.00389260435752
0.00340943273441
0.00293978304016
0.00248387331946
0.00204189821569
0.00161402905663
0.00120041398403
0.000801178142778
0.000416424062537
4.62407262243e-05
0.000309348098519
0.00065026904622
0.000976523512096
0.00128811876259
0.00158508339365
0.00186746655397
0.00213533744039
0.00238878479899
0.00262791640672
0.00285285852996
0.00306375536002
0.00326076842654
0.00344407599011
0.0036138724153
0.00377036752577
0.00391378594268
0.00404436640803
0.00416236109442
0.00426803490256
0.00436166474835
0.00444353884067
0.00451395595171
0.00457322468115
0.00462166271573
0.00465959608578
0.00468735842002
0.00470529020026
0.00471373801731
0.00471305382959
0.00470359422577
0.00468571969293
0.00465979389135
0.0046261829375
0.00458525469628
0.00453737808393
0.00448292238263
0.00442225656803
0.00435574865094
0.00428376503398
0.00420666988445
0.00412482452434
0.00403858683833
0.00394831070075
0.00385434542224
0.00375703521703
0.00365671869139
0.00355372835402
0.00344839014898
0.00334102301168
0.00323193844852
0.00312144014048
0.00300982357118
0.00289737567969
0.00278437453833
0.00267108905577
0.00255777870549
0.00244469327974
0.00233207266907
0.00222014666744
0.00210913480273
0.00199924619273
0.00189067942626
0.00178362246926
0.0016782525957
0.0015747363427
0.00147322948988
0.00137387706217
0.00127681335583
0.00118216198707
0.00109003596284
0.00100053777308
0.000913759503828
0.000829782970597
0.000748679871274
0.000670511957782
0.000595331225798
0.000523180121709
0.00045409176599
0.000388090192185
0.000325190600605
0.000265399625905
0.000208715617645
0.000155128933096
0.000104622241954
5.71708465296e-05
1.27431404876e-05
2.87000883762e-05
6.72027185355e-05
0.000102816129102
0.000135596873528
0.000165606871667
0.00019291302304
0.00021758684336
0.00023970410184
0.000259344458324
0.000276591100818
0.000291530384255
0.000304251471322
0.000314845976228
0.000323407612228
0.000330031843732
0.000334815543792
0.000337856657727
0.00033925387363
0.000339106300473
0.000337513154484
0.000334573454449
0.000330385726551
0.00032504771934
0.000318656129367
0.000311306337998
0.000303092159894
0.000294105603577
0.000284436644491
0.000274173010916
0.000263399983054
0.000252200205577
0.000240653513861
0.000228836774128
0.000216823737643
0.000204684909095
0.000192487429244
0.000180294971877
0.000168167655069
0.00015616196674
0.000144330704405
0.000132722929047
0.000121383932954
0.00011035522136
9.96745077164e-05
8.93757223765e-05
7.94890345172e-05
7.00408871418e-05
6.10540451286e-05
5.25476565506e-05
4.45373280902e-05
3.70352168096e-05
3.00501442641e-05
2.35877497446e-05
1.76507360493e-05
1.22394163665e-05
7.35370636594e-06
3.00902207102e-06
1.11147065579e-06
4.36809338196e-06
7.25813109721e-06
9.69713328807e-06
1.16954624626e-05
1.32712428089e-05
1.44454848944e-05
1.52410718626e-05
1.56823493873e-05
1.57948634058e-05
1.56051446383e-05
1.51405109659e-05
1.44288780084e-05
1.34985744504e-05
1.23781609533e-05
1.10962524318e-05
9.68134390058e-06
8.16164033459e-06
6.56489123666e-06
4.91823130365e-06
3.24803228026e-06
1.57980925337e-06
6.96521466174e-08
1.65573227758e-06
3.1771422765e-06
4.60706793098e-06
5.92664208686e-06
7.11873092116e-06
8.16798425181e-06
9.06091656548e-06
9.78598381735e-06
1.03336517589e-05
1.06964547567e-05
1.0869044684e-05
1.08482296483e-05
1.06330023942e-05
1.02245582756e-05
9.62630272732e-06
8.84384820433e-06
7.88500059424e-06
6.75973514194e-06
5.48016196526e-06
4.0604812928e-06
2.516928723e-06
8.67713357974e-07
8.67091684764e-07
2.6655289594e-06
4.50399738772e-06
6.3572494236e-06
8.1985376572e-06
9.99973114876e-06
1.1731442685e-05
1.33631637414e-05
1.48634065488e-05
1.61998527773e-05
1.73395083443e-05
1.82488638381e-05
1.8894060029e-05
1.92410579194e-05
1.92558127701e-05
1.8904451524e-05
1.81534530364e-05
1.69698305195e-05
1.53213156182e-05
1.31765436105e-05
1.0505239564e-05
7.27840736653e-06
3.46854927105e-06
9.51167155049e-07
6.00268403926e-06
1.17098440569e-05
1.80921358537e-05
2.51671231273e-05
3.29498828522e-05
4.14528334148e-05
5.0685579741e-05
6.06547667332e-05
7.13639403913e-05
8.28134169313e-05
9.50001603806e-05
0.000107917669165
0.00012155587219
0.000135901034912
0.000150935675863
0.00016663849407
0.000182984307804
0.00019994400502
0.000217484505876
0.000235568737641
0.000254155622304
0.000273200077132
0.000292653028426
0.000312461438657
0.00033256834714
0.000352912924379
0.000373430540161
0.000394052845442
0.000414707868043
0.000435320122112
0.000455810731292
0.000476097565484
0.000496095391043
0.000515716034236
0.000534868557715
0.000553459449742
0.000571392825863
0.000588570642674
0.000604892923301
0.000620257994152
0.000634562732512
0.000647702824446
0.000659573032498
0.000670067472616
0.000679079899687
0.000686504001066
0.000692233697407
0.00069616345013
0.00069818857477
0.000698205559471
0.000696112387846
0.000691808865392
0.000685196948645
0.000676181076223
0.000664668500901
0.000650569621822
0.000633798315975
0.000614272268004
0.000591913297448
0.000566647682485
0.000538406479235
0.000507125835705
0.00047274729943
0.000435218117881
0.000394491530731
0.000350527053076
0.00030329074882
0.000252755493597
0.000198901227418
0.000141715201051
8.11922510571e-05
1.73362287196e-05
4.98485126283e-05
0.000120335573872
0.000194101817989
0.000271111805262
0.00035132177908
0.000434679371508
0.000521123496268
0.000610584277996
0.000702983005575
0.000798232107788
0.0008962351512
0.000996886860546
0.00110007316196
0.00120567124935
0.00131354967428
0.00142356845953
0.0015355792366
0.00164942540729
0.00176494232943
0.00188195752688
0.00200029092372
0.00211975510256
0.00224015558691
0.00236129114738
0.00248295413149
0.00260493081675
0.00272700178675
0.00284894232972
0.00297052285921
0.00309150935623
0.00321166383236
0.00333074481319
0.00344850784123
0.00356470599778
0.00367909044269
0.00379141097131
0.00390141658762
0.00400885609261
0.00411347868687
0.00421503458622
0.00431327564951
0.00440795601705
0.00449883275881
0.00458566653087
0.00466822223905
0.00474626970811
0.00481958435546
0.00488794786776
0.00495114887898
0.00500898364867
0.00506125673862
0.0051077816868
0.00514838167662
0.00518289020034
0.00521115171488
0.00523302228842
0.00524837023643
0.00525707674526
0.00525903648199
0.00525415818874
0.00524236526004
0.00522359630149
0.00519780566845
0.00516496398288
0.00512505862714
0.00507809421301
0.00502409302456
0.00496309543348
0.00489516028537
0.00482036525564
0.00473880717374
0.00465060231438
0.0045558866545
0.00445481609482
0.00434756664479
0.00423433456991
0.0041153365003
0.00399080949963
0.00386101109347
0.00372621925623
0.00358673235587
0.00344286905577
0.00329496817302
0.0031433884927
0.00298850853758
0.00283072629287
0.00267045888572
0.00250814221928
0.00234423056104
0.00217919608562
0.00201352837173
0.0018477338538
0.00168233522807
0.00151787081386
0.00135489387004
0.00119397186746
0.00103568571782
0.000880628959622
0.000729406902156
0.000582635728535
0.000440941559406
0.00030495948148
0.000175332561922
5.27112244455e-05
6.2252085232e-05
0.000168891831606
0.000266547036592
0.000354551085115
0.00043223656804
0.000498936232406
0.000553984227094
0.00059671739239
0.000626476575438
0.000642607966956
0.000644464456527
0.000631407004124
0.000602806025617
0.000558042790021
0.000496510826268
0.000417617337555
0.000320784622536
0.000205451511876
7.10750120531e-05
8.28706294492e-05
0.000256885596025
0.000451452636109
0.00066702896175
0.000904047061845
0.00116291314935
0.00144400580157
0.0017476746338
0.00207423899906
0.00242398671495
0.00279717281981
0.00319401836089
0.00361470921677
0.00405939495694
0.00452818774076
0.00502116125854
0.00553834971703
0.0060797468719
0.0066453051094
0.00723493457973
0.00784850238416
0.00848583181834
0.00914670167363
0.00983084559884
0.010537951524
0.0112676611486
0.0120195694951
0.0127932245309
0.013588126859
0.0144037294796
0.0152394376241
0.0160946086627
0.0169685520863
0.0178605295648
0.018769755082
0.0196953951486
0.020636569093
0.0215923494322
0.0225617623212
0.0235437880832
0.0245373618202
0.0255413741032
0.0265546717432
0.0275760586425
0.0286042967259
0.029638106951
0.0306761703979
0.031717129437
0.0327595889741
0.0338021177722
0.0348432498483
0.0358814859445
0.0369152950718
0.0379431161254
0.0389633595689
0.0399744091868
0.0409746239029
0.0419623396624
0.0429358713756
0.0438935149212
0.0448335492066
0.0457542382827
0.0466538335106
0.047530575777
0.0483826977565
0.0492084262171
0.0500059843653
0.0507735942293
0.0515094790751
0.052211865854
0.0528789876767
0.0535090863112
0.0541004147007
0.0546512394981
0.0551598436134
0.0556245287696
0.0560436180647
0.0564154585341
0.0567384237119
0.0570109161841
0.0572313701332
0.0573982538679
0.0575100723338
0.0575653696038
0.0575627313405
0.0575007872297
0.0573782133796
0.0571937346819
0.0569461271309
0.0566342200976
0.0562568985534
0.055813105241
0.0553018427878
0.0547221757594
0.0540732326476
0.0533542077915
0.0525643632264
0.0517030304591
0.0507696121638
0.0497635837979
0.0486844951331
0.0475319716992
0.0463057161378
0.0450055094629
0.0436312122264
0.0421827655854
0.0406601922688
0.0390635974416
0.0373931694645
0.0356491805468
0.0338319872904
0.0319420311247
0.0299798386291
0.0279460217433
0.0258412778627
0.0236663898202
0.0214222257515
0.0191097388444
0.0167299669726
0.0142840322138
0.0117731402562
0.00919857970471
0.00656172133474
0.00386401762431
0.00110700953263
0.00170774476623
0.00457847916206
0.00750347139484
0.0104808781602
0.0135087871908
0.0165852154375
0.0197081105935
0.0228753529801
0.0260847575834
0.0293340762035
0.0326209997065
0.0359431603725
0.0392981343369
0.0426834441212
0.0460965612498
0.0495349089496
0.0529958649289
0.056476764232
0.0599749021656
0.0634875372937
0.067011894496
0.0705451680874
0.0740845249923
0.0776271079712
0.0811700388946
0.0847104220593
0.088245347543
0.0917718945931
0.0952871350435
0.0987881367564
0.102271967083
0.105735696338
0.109176401286
0.112591168629
0.1159770985
0.119331307939
0.122650934377
0.125933139083
0.129175110615
0.13237406822
0.135527265228
0.138631992395
0.141685581209
0.144685407159
0.147628892943
0.150513511633
0.153336789771
0.156096310412
0.158789716087
0.161414711706
0.163969067374
0.166450621135
0.168857281624
0.171187030636
0.173437925595
0.175608101938
0.177695775386
0.179699244124
0.181616890862
0.183447184798
0.185188683463
0.186840034448
0.188399977017
0.189867343599
0.191241061158
0.192520152433
0.193703737058
0.19479103255
0.195781355167
0.196674120639
0.197468844758
0.198165143842
0.198762735067
0.199261436655
0.199661167936
0.19996194927
0.200163901839
0.200267247298
0.200272307299
0.200179502878
0.199989353708
0.199702477226
0.199319587625
0.198841494723
0.1982691027
0.197603408711
0.196845501384
0.195996559187
0.195057848684
0.194030722675
0.192916618222
0.191717054568
0.190433630945
0.189068024289
0.187621986846
0.186097343686
0.184495990128
0.182819889072
0.181071068256
0.179251617418
0.177363685403
0.175409477182
0.173391250811
0.171311314336
0.169172022626
0.166975774168
0.164725007805
0.162422199439
0.160069858693
0.15767052554
