3.70074341542e-18
4.45759801966e-05
0.00017829942472
0.00040115683649
0.000713125690751
0.00111417439063
0.00160426220491
0.00218333918789
0.00285134608152
0.00360821419944
0.00445386529323
0.00538821140049
0.00641115467496
0.00752258719844
0.00872239077446
0.0100104367038
0.0113865855414
0.0128506868353
0.0144025788465
0.016042088251
0.0177690298223
0.0195832060963
0.0214844070167
0.0234724095621
0.0255469773544
0.0277078602482
0.0299547939022
0.0322874993309
0.0347056824392
0.0372090335372
0.0397972268383
0.0424699199377
0.0452267532746
0.0480673495758
0.050991313283
0.053998229963
0.057087665702
0.0602591664841
0.0635122575544
0.0668464427692
0.0702612039309
0.0737560001121
0.0773302669668
0.0809834160325
0.0847148340221
0.0885238821087
0.092409895204
0.0963721812323
0.100410020402
0.104522664474
0.108709336037
0.11296922778
0.117301501773
0.121705288761
0.126179687462
0.130723763884
0.13533655066
0.140017046402
0.144764215082
0.149576985438
0.154454250417
0.159394866649
0.164397653966
0.169461394965
0.17458483462
0.179766679946
0.185005599728
0.190300224308
0.195649145441
0.201050916233
0.206504051142
0.212007026077
0.217558278577
0.223156208084
0.22879917631
0.234485507711
0.240213490056
0.245981375107
0.251787379411
0.2576296852
0.2635064414
0.269415764755
0.275355741067
0.281324426534
0.287319849205
0.293340010528
0.299382886997
0.305446431882
0.311528577038
0.317627234775
0.32374029978
0.329865651063
0.336001153919
0.342144661862
0.348294018528
0.354447059474
0.360601613863
0.366755505954
0.372906556331
0.379052582746
0.38519140039
0.391320821262
0.397438652
0.403542689028
0.409630708833
0.415700449426
0.421749575997
0.427775618906
0.433775864956
0.43974717318
0.445685675631
0.451586316416
0.457442189607
0.463243680425
0.468977530377
0.474626183234
0.480168157777
0.485580676422
0.490846030488
0.495962200545
0.50095428605
0.505870941364
0.510668316101
0.514781024475
0.516598058219
0.514326810812
0.507891072923
0.498764147032
0.488441105454
0.477837549423
0.467349546994
0.45710786173
0.447132851058
0.437406287734
0.427900984364
0.41859197138
0.409459722942
0.40049022026
0.39167395252
0.383004727893
0.374478625036
0.36609317952
0.357846800982
0.349738380988
0.341767044339
0.333932001289
0.326232466866
0.318667622433
0.311236602246
0.303938493659
0.296772343874
0.28973716906
0.28283196354
0.276055707956
0.26940737598
0.262885939567
0.256490372867
0.250219655051
0.24407277225
0.238048718842
0.23214649823
0.226365123272
0.22070361645
0.215161009861
0.209736345084
0.204428672961
0.19923705332
0.194160554656
0.189198253784
0.184349235473
0.179612592063
0.174987423075
0.170472834806
0.166067939926
0.161771857066
0.1575837104
0.153502629228
0.149527747558
0.145658203685
0.141893139766
0.138231701404
0.134673037226
0.131216298465
0.127860638544
0.124605212663
0.121449177387
0.118391690236
0.115431909286
0.112568992768
0.109802098668
0.107130384343
0.104553006131
0.102069118976
0.0996778760488
0.0973784283863
0.0951699245271
0.0930515101612
0.0910223277849
0.0890815163648
0.087228211011
0.0854615426592
0.083780637764
0.082184618002
0.0806725999869
0.0792436949967
0.0778970087135
0.0766316409771
0.0754466855526
0.0743412299134
0.0733143550397
0.0723651352341
0.0714926379541
0.0706959236636
0.0699740457026
0.069326050178
0.0687509758741
0.0682478541861
0.0678157090744
0.0674535570441
0.0671604071472
0.0669352610105
0.0667771128888
0.0666849497453
0.0666577513578
0.0666944904543
0.0667941328756
0.0669556377678
0.0671779578035
0.0674600394336
0.0678008231684
0.0681992438901
0.0686542311948
0.0691647097663
0.0697295997792
0.0703478173339
0.0710182749206
0.071739881914
0.0725115450965
0.0733321692107
0.0742006575398
0.0751159125144
0.0760768363459
0.0770823316845
0.0781313023004
0.0792226537869
0.0803552942847
0.0815281352237
0.082740092082
0.08399008516
0.0852770403663
0.0865998900149
0.0879575736294
0.0893490387533
0.0907732417638
0.0922291486847
0.0937157359985
0.0952319914525
0.0967769148579
0.0983495188786
0.0999488298062
0.10157388832
0.10322375023
0.104897487195
0.106594187421
0.108312956335
0.110052917229
0.111813211874
0.113593001104
0.115391465368
0.117207805248
0.11904124194
0.120891017701
0.12275639626
0.124636663194
0.126531126262
0.128439115713
0.130359984546
0.132293108752
0.134237887503
0.136193743326
0.138160122236
0.140136493839
0.14212235141
0.144117211942
0.146120616164
0.148132128536
0.150151337212
0.152177853985
0.154211314195
0.156251376613
0.158297723293
0.160350059394
0.162408112964
0.16447163469
0.166540397603
0.168614196743
0.170692848778
0.172776191568
0.174864083676
0.17695640383
0.179053050316
0.18115394032
0.183259009202
0.185368209713
0.187481511157
0.189598898488
0.191720371359
0.193845943127
0.195975639806
0.198109498987
0.200247568724
0.202389906386
0.204536577485
0.206687654475
0.208843215537
0.21100334335
0.213168123866
0.215337645131
0.217511996182
0.219691266099
0.2218755433
0.224064915161
0.226259468087
0.2284592881
0.230664461973
0.232875078874
0.235091232336
0.237313022241
0.239540556333
0.241773950654
0.244013328185
0.246258815056
0.248510533839
0.250768593893
0.253033079345
0.255304036129
0.25758146053
0.259865292557
0.262155418282
0.264451685388
0.266753935617
0.269062055993
0.271376047626
0.273696106444
0.276022704611
0.278356655243
0.280699137286
0.283051653226
0.285415891324
0.287793467567
0.29018553212
0.292592241377
0.295012120564
0.297441373183
0.299873232001
0.302297488913
0.304700379807
0.307065020775
0.309372572138
0.311604225543
0.313743953854
0.315781776131
0.317717053991
0.319560479725
0.3213343818
0.323069995952
0.324801449284
0.326575225862
0.328415032955
0.3303052087
0.332207647577
0.334012500563
0.335589562492
0.336768553436
0.337358937615
0.337247810783
0.336383518767
0.334766320135
0.332440924113
0.329626293803
0.32648530903
0.323171791959
0.319802491477
0.316444618501
0.313145594648
0.30993069533
0.306815949999
0.303802604918
0.300875788312
0.298013946863
0.295206541412
0.292444664684
0.289718954533
0.287021397049
0.284345438201
0.281686827258
0.279043265652
0.276414551015
0.273802577578
0.271209627686
0.268638422381
0.266091847289
0.263572693517
0.261083471902
0.258626299369
0.256202847184
0.253814337135
0.251461571062
0.249144980914
0.246864689162
0.244620571981
0.24241231992
0.240239492613
0.238101565547
0.23599796813
0.233928113104
0.231891417995
0.229887319628
0.227915282916
0.225974805158
0.224065416993
0.222186681058
0.220338189179
0.218519558806
0.216730429194
0.214970457711
0.213239316501
0.211536689654
0.209862270932
0.208215762064
0.206596871554
0.205005313954
0.20344080952
0.201903084167
0.200391869657
0.198906903936
0.197447931573
0.196014704236
0.194606981179
0.193224529698
0.191867125541
0.190534553253
0.18922660646
0.187943088062
0.186683810376
0.185448595192
0.184237273778
0.183049686817
0.181885684305
0.180745125398
0.179627878224
0.178533819662
0.177462835099
0.176414818158
0.175389670417
0.17438730111
0.173407626811
0.172450571112
0.171516064299
0.170604043007
0.169714449883
0.168847233235
0.168002346681
0.167179748798
0.166379402759
0.16560127598
0.164845339763
0.164111568939
0.163399941516
0.16271043833
0.162043042708
0.161397740131
0.160774517914
0.160173364898
0.159594271153
0.159037227705
0.158502226276
0.157989259048
0.157498318451
0.157029396976
0.15658248701
0.156157580708
0.155754669878
0.155373745909
0.155014799718
0.154677821722
0.154362801836
0.1540697295
0.15379859371
0.153549383074
0.153322085878
0.15311669015
0.152933183727
0.15277155432
0.152631789553
0.152513876997
0.152417804172
0.15234355852
0.152291127348
0.152260497734
0.152251656398
