-0.0
3.90333168158e-05
0.00015611800036
0.000351208227406
0.000624227550856
0.000975068787268
0.00140359385957
0.00190963359517
0.00249298747973
0.00315342336687
0.00389067714427
0.00470445235667
0.00559441978616
0.0065602169907
0.00760144780145
0.00871768177984
0.00990845363552
0.0111732626063
0.0125115718016
0.0139228075106
0.015406358477
0.0169615751432
0.0185877688644
0.0202842110969
0.0220501325618
0.023884722389
0.0257871272428
0.0277564504353
0.0297917510289
0.0318920429359
0.0340562940166
0.0362834251848
0.0385723095238
0.0409217714209
0.0433305857272
0.0457974769492
0.0483211184814
0.0509001318873
0.053533086238
0.0562184975181
0.0589548281085
0.0617404863567
0.0645738262443
0.0674531471645
0.0703766938189
0.0733426562465
0.0763491699952
0.0793943164493
0.0824761233217
0.0855925653244
0.0887415650265
0.0919209939109
0.0951286736384
0.0983623775288
0.101619832266
0.104898719832
0.108196679683
0.111511311153
0.114840176111
0.118180801855
0.12153068424
0.124887291054
0.128248065609
0.131610430571
0.134971791985
0.138329543514
0.141681070852
0.145023756314
0.148354983568
0.151672142506
0.154972634217
0.158253876041
0.161513306693
0.164748391409
0.167956627108
0.171135547524
0.174282728296
0.177395791974
0.180472412925
0.183510322103
0.186507311651
0.189461239327
0.192370032704
0.19523169314
0.198044299474
0.200806011454
0.203515072843
0.206169814215
0.208768655406
0.211310107609
0.213792775112
0.216215356652
0.218576646393
0.220875534518
0.223111007434
0.225282147592
0.227388132933
0.22942823597
0.231401822512
0.233308350065
0.235147365927
0.236918505002
0.23862148738
0.240256115695
0.241822272301
0.243319916268
0.244749080186
0.246109866744
0.247402445028
0.248627046512
0.249783960851
0.250873531877
0.251896154498
0.252852272961
0.253742379152
0.254567007124
0.255326720866
0.256022099281
0.256653732174
0.257222246623
0.257728364061
0.258172933089
0.258556874783
0.258881063215
0.25914617768
0.25935218821
0.259497887174
0.259585175304
0.25961579536
0.259591281429
0.259513030717
0.259382270085
0.259199986191
0.25896723035
0.25868340045
0.258343234268
0.257955571629
0.257520559794
0.257041662921
0.25652042383
0.25595826029
0.255353700593
0.254709905165
0.254030542326
0.25331752194
0.252571156091
0.251792652157
0.250984889279
0.250151675654
0.249296479005
0.248421198241
0.24752798602
0.246616905783
0.245691107348
0.244752398014
0.243801614848
0.24284009077
0.241865687407
0.240880845832
0.239886879572
0.238885264152
0.237878615261
0.236868777693
0.23585519103
0.234837345213
0.233816211684
0.232794049225
0.231771392831
0.230749178286
0.229730980728
0.228718654225
0.227713182214
0.226715694006
0.225725357306
0.22474317222
0.223770727053
0.222808333118
0.221857786055
0.220920027837
0.219995428942
0.219084334389
0.218187019956
0.21730362887
0.216433971224
0.215576662237
0.214732091573
0.213900844996
0.213082207493
0.21227645857
0.211484132485
0.21070503961
0.209938342189
0.209184583842
0.208444170629
0.207717045486
0.207003063474
0.206302028703
0.205613736206
0.204937984221
0.204274563767
0.203623258075
0.202983856028
0.202356161065
0.20173998538
0.201135138589
0.200541421166
0.199958619822
0.199386494723
0.198824729232
0.19827227273
0.197727776233
0.197192506051
0.196666343605
0.196149006773
0.19564043659
0.195140719262
0.194649889694
0.194167912552
0.193694709927
0.193230180327
0.192774210421
0.19232668264
0.191887479091
0.191456479716
0.191033552432
0.190618558315
0.19021142246
0.189812148851
0.189420734769
0.189037143911
0.188661311804
0.188293139289
0.187932443436
0.187578805688
0.187231899235
0.186892080079
0.186559603197
0.18623455743
0.185917003803
0.185607028406
0.185304750029
0.185010292572
0.184723757856
0.184445219029
0.184174731872
0.183912354184
0.183658156014
0.183412211555
0.183174585741
0.1829453285
0.182724476778
0.182512061137
0.182308115013
0.182112683679
0.181925828303
0.181747622669
0.181578145356
0.181417472371
0.181265672885
0.181122807785
0.180988929728
0.180864083628
0.180748307087
0.180641630616
0.180544077703
0.18045566482
0.180376401445
0.180306290141
0.180245326718
0.180193500476
0.180150794534
0.180117186204
0.180092647338
0.180077144581
0.180070639405
0.180073087944
0.180084440629
0.180104641732
0.180133628877
0.180171332532
0.180217675451
0.180272571919
0.180335926413
0.180407630416
0.180487552143
0.180575493168
0.180671035347
0.180773782273
0.180883962333
0.1810016742
0.181126837897
0.181259327764
0.181399003051
0.1815457013
0.181699146949
0.18185870737
0.182024333292
0.182196298511
0.182374529172
0.182558825759
0.182748894037
0.18294444051
0.183145350795
0.183351555124
0.183562963248
0.183779561985
0.184001311618
0.184228139938
0.184459976721
0.184696766141
0.184938466353
0.18518504346
0.185436463404
0.185692684166
0.185953650335
0.186219290163
0.186489512062
0.18676419308
0.187043149984
0.187326137811
0.187613022761
0.187903859348
0.188198687501
0.188497483147
0.188800198206
0.189106772036
0.189417130719
0.189731186113
0.190048828342
0.190369891809
0.190694082497
0.19102124704
0.191351490963
0.191684824792
0.192021204368
0.192360572916
0.192702866458
0.193048012801
0.193395929555
0.193746519698
0.194099661599
0.194455202743
0.194813008287
0.195173027696
0.195535239888
0.195899598087
0.196266032059
0.19663445582
0.197004765978
0.197376831029
0.197750485509
0.198125578254
0.198502047734
0.198879874127
0.199258992518
0.199639283124
0.200020622604
0.200402951737
0.200786279404
0.201170637502
0.201556050143
0.201942522431
0.202330040835
0.202718578767
0.203108101913
0.203498571539
0.203889946194
0.204282182633
0.204675236495
0.205069062907
0.205463616927
0.205858853682
0.206254728067
0.206651193988
0.207048203255
0.207445704255
0.207843640547
0.208241949419
0.208640560216
0.209039390722
0.209438317316
0.20983661387
0.210234243106
0.21063164529
0.211028713921
0.211425306465
0.21182128446
0.212216530348
0.212610936668
0.213004383079
0.213396709999
0.213787674926
0.214177034912
0.214564756222
0.214950801301
0.215335010277
0.21571712276
0.216096787059
0.216473642114
0.216847490925
0.217218306358
0.217586069267
0.21795070227
0.218312086508
0.218670074748
0.219024477168
0.219374952088
0.219720492105
0.220060251308
0.220395297642
0.220726130631
0.221052755358
0.221375035684
0.221692719821
0.222005427525
0.222312951025
0.222615197392
0.222911913233
0.223202758626
0.223487420818
0.223765650036
0.224037174793
0.22430160667
0.22455865932
0.224808416306
0.225049302951
0.22528253511
0.22550740227
0.225723364915
0.225931113978
0.226130912938
0.226322989783
0.226507064598
0.226682736715
0.226849778509
0.227007689762
0.227156092126
0.227295073067
0.227424611621
0.227544604296
0.227654830978
0.227754886778
0.227844043558
0.227920907938
0.227983765202
0.228032574462
0.228068083762
0.228090233683
0.228099151059
0.228095080329
0.228077983097
0.228047728242
0.228003861035
0.227945354793
0.227871799927
0.227784367606
0.227684041375
0.227571263753
0.227446251004
0.227308338191
0.227157556892
0.226995581385
0.226823053114
0.226640341548
0.226447570944
0.226244561036
0.226030123256
0.225803846494
0.225566867953
0.225319618837
0.225062171768
0.224793808017
0.224513741658
0.224221463469
0.223917225878
0.223599001055
0.223269104627
0.222927304786
0.222573667688
0.222210301051
0.221837593758
0.221455052412
0.221060769318
0.220657327846
0.220245412655
0.219824929265
0.219396655627
0.218962132495
0.218522080234
0.218077005855
0.21762737556
0.217173651147
0.216716294476
0.216255755736
0.215792446314
0.215326633608
0.214858019164
0.214386407604
0.213912434086
0.213435006878
0.21295484368
0.212474126564
0.211993538545
0.211513407929
0.211033987648
0.210555498627
0.210078123668
0.209601514938
0.209124186547
0.208648385727
0.208174626658
0.207703185515
0.207234196818
0.206767020257
0.206300590781
0.205836500887
0.205375342197
0.204917205936
0.204462112829
0.204010129655
0.203561521216
0.203116627167
0.202675705593
0.202238936372
0.201806392223
0.201378004607
0.200953993969
0.200534705874
0.200120233038
0.199710500763
0.199305466789
0.198905251406
0.198509986797
0.198119700651
0.197734315032
0.19735375099
0.19697808213
0.196607519336
0.196242309138
0.195882663923
0.195528731123
0.195180600541
0.194838327319
0.194501952566
0.194171518342
0.193847079197
0.193528708472
0.193216495594
0.192910537787
0.192610933884
0.192317782048
0.192031177562
0.191751208566
0.191477950606
0.19121145834
0.190951745242
0.190698777735
0.190452610382
0.190213371389
0.189981131392
0.189755918719
0.189537738652
0.189326574901
0.189122380847
0.188925059686
0.188734436231
0.18855026666
0.188372386488
0.188200865707
0.188035893316
0.187877622411
0.187726156009
0.18758157854
0.187443972153
0.187313411316
0.187189953627
0.187073638232
0.18696448907
0.18686251858
0.186767730527
0.186680122103
0.186599685809
0.186526411378
0.186460287583
0.186401303398
0.186349447776
0.186304707337
0.186267060224
0.186236457774
0.186212749178
0.186195473581
0.186184417736
0.186180058026
0.186182602664
0.186192082047
0.186208481897
0.186231775056
0.186261931975
0.186298925311
0.186342729913
0.186393319268
0.18645066139
0.186514716344
0.186585435578
0.186662762169
0.186746631249
0.186836970276
0.186933699073
0.187036729652
0.187145965848
0.187261302909
0.187382627535
0.187509819568
0.187642756907
0.187781323656
0.187925417266
0.188074948226
0.188229831831
0.188389981977
0.188555316302
0.188725755687
0.188901203049
0.189081409092
0.1892654737
0.189453956151
0.189646921211
0.189844187907
0.190045552927
0.190250839028
0.190459933622
0.190672781721
0.190889345522
0.191109573114
0.191333386555
0.19156068082
0.191791327453
0.192025178169
0.192262064148
0.192501793807
0.19274416108
0.192988974608
0.193236096704
0.193485457088
0.193737027492
0.193990784073
0.194246682562
0.194504646418
0.194764550894
0.195026174303
0.195289159969
0.195553299437
0.195818820854
0.196085953645
0.196354742048
0.196625126017
0.196896984704
0.197170163672
0.197444515114
0.197719936675
0.197996371504
0.198273774563
0.198552084401
0.198831215716
0.199111062487
0.19939150024
0.199672382539
0.199953495363
0.200233316119
0.200511971085
0.200790279973
0.201068138607
0.201345472911
0.201622233954
0.201898394385
0.202173936191
0.202448811446
0.202722936459
0.202996291325
0.203268912887
0.203540789321
0.20381186066
0.204082054018
0.20435130047
0.20461953881
0.204886723585
0.205152837327
0.205417889533
0.205681898361
0.20594487089
0.206206791951
0.206467619124
0.206727279997
0.206985671216
0.207242661616
0.207498101942
0.207751839319
0.208003726611
0.208253614965
0.208501339096
0.208746741999
0.208989742733
0.209230360824
0.209468668786
0.20970473902
0.209938662579
0.210170556229
0.210400515006
0.210628578379
0.210854679886
0.211078755582
0.211300994282
0.211521576718
0.211740594071
0.211958102742
0.212174144826
0.212388751704
0.212601939875
0.21281370048
0.213023984277
0.213232700139
0.213439779923
0.213645268336
0.213849274848
0.214051878417
0.214253103373
0.214452931369
0.21465132227
0.214848235436
0.215043636739
0.21523748613
0.21542972047
0.215620242737
0.215808903549
0.215995343855
0.21617790777
0.216354742866
0.21652812179
0.216698519454
0.216864972694
0.217028025889
0.21718788087
0.217344542032
0.217498083081
0.217648485178
0.217795885459
0.217940468033
0.218082286312
0.218221374881
0.218357803111
0.218491641128
0.218622911691
0.218751573815
0.21887752527
0.219000609303
0.219120613927
0.219237276154
0.219350398913
0.21945973665
0.219563753657
0.219663531022
0.219759032016
0.219849766276
0.219935363567
0.22001615094
0.220092289835
0.220163676771
0.220230120503
0.220291398385
0.22034725801
0.220397406983
0.220441595575
0.220479740323
0.220511784105
0.220537527152
0.220556602426
0.220568474458
0.220572416057
0.220567593881
0.220553239251
0.220528334387
0.220492789093
0.220447371106
0.220392525831
0.220329089361
0.220256750336
0.220173579714
0.220079839781
0.219976066118
0.219863254718
0.219742787713
0.21961501949
0.21948001438
0.219337774004
0.219187991198
0.219029933323
0.218861472462
0.218684211284
0.218499747608
0.218309085332
0.218112952222
0.217911800635
0.217705955726
0.217495657769
0.217281059663
0.217062190897
0.21683894467
0.216611202269
0.216378792423
0.216141641927
0.215900266537
0.215655166016
0.215406512112
0.215153944249
0.214896296207
0.214634378025
0.214367932526
0.214096251875
0.213819429687
0.213538292903
0.213253783337
0.212966504119
0.212676795294
0.212384936227
0.212091194359
0.211795773975
0.211498794993
0.211200335106
0.210900504327
0.210599486475
0.210297451323
0.209994391703
0.209690434822
0.209386182083
0.209082109539
0.208778333825
0.208474889239
0.208172079461
0.207870193561
0.207569336475
0.207269511174
0.206970740992
0.206673126901
0.206376802813
0.206081859116
0.205787912507
0.205495299042
0.205204214112
0.204914406004
0.204625980508
0.204339239859
0.204054329692
0.203771415127
0.20349068224
0.203212293187
0.202936355112
0.202662870702
0.202391665955
0.202122656227
0.20185612732
0.20159224112
0.201330928582
0.201072272137
0.200816599464
0.200564145227
0.200315038941
0.200069365103
0.19982720026
0.199588616974
0.199353666111
0.199122361281
0.198894618443
0.198669382961
0.19844576292
0.198225465485
0.198008697065
0.197795435615
0.197585634823
0.197379248356
0.197176239575
0.196976587517
0.196780289794
0.196587361598
0.196397830716
0.19621173082
0.196029096616
0.195849963354
0.195674370099
0.195502362527
0.1953339897
0.195169291928
0.195008280428
0.194850912084
0.194697074725
0.194546629528
0.194399527931
0.19425585863
0.194115742465
0.193979231807
0.193846304452
0.193716989884
0.193591487092
0.193470046561
0.193352855183
0.193240036166
0.193131672796
0.193027823309
0.192928528565
0.192833816298
0.192743703648
0.192658198507
0.192577299734
0.192500996657
0.192429270068
0.192362091425
0.19229776427
0.192235286313
0.192177265596
0.192123734478
0.192074673042
0.192030058622
0.191989859215
0.191952210882
0.191916625242
0.19188538478
0.191858501042
0.191835972654
0.191817798576
0.191803978248
0.191794510774
0.191789393297
0.191788617116
0.191792156824
0.191799940529
0.191811832666
0.191827782081
0.191847808545
0.191871867858
0.191899957056
0.191932179557
0.191968665495
0.192009505959
0.192054749207
0.192104412667
0.192158488643
0.192216887589
0.192278667482
0.192344428105
0.192414431428
0.192488636532
0.192567000081
0.192649489837
0.192736086313
0.192826776141
0.192921536831
0.193020314743
0.193123022424
0.193229610621
0.193340103985
0.193454517056
0.193572820296
0.193694958029
0.193820867596
0.193950487239
0.19408374232
0.194220483538
0.194360336185
0.19450288122
0.1946483134
0.19479689487
0.194948764175
0.195104049017
0.195262839319
0.195425176131
0.195591063821
0.195760478299
0.195933367482
0.196109644769
0.196289172415
0.196471719907
0.196656854796
0.196843824927
0.197031922451
0.197220580721
0.197409568421
0.197599742388
0.197792090195
0.197986933942
0.198184306782
0.198384093864
0.198586098843
0.198790193245
0.198996225307
0.199204249569
0.199414433893
0.199626870235
0.199841550552
0.200058413884
0.200277419418
0.200498576111
0.200721895767
0.200947349573
0.201174831192
0.201404109418
0.201634981657
0.201867474114
0.202101623321
0.202337440122
0.202574969979
0.202814234163
0.20305516235
0.203297583179
0.203541360345
0.203786517309
0.204033083607
0.204280997399
0.20453010599
0.204780063921
0.205029847167
0.205279064731
0.205527745746
0.205775744057
0.206023001115
0.206269784986
0.206516643945
0.206763614266
0.207010642824
0.207257651457
0.207504549516
0.207751235459
0.207997593051
0.208243477033
0.208488649793
0.208732684727
0.208975486444
0.209217454834
0.209458807263
0.20969960067
0.209939828962
0.210179462965
0.210418492304
0.210656979499
0.210895031724
0.211132713901
0.211370027253
0.211606938945
0.211843412682
0.21207941549
0.212314897953
0.21254975167
0.212783702892
0.213015958097
0.21324550513
0.213473036398
0.213699282122
0.213924409178
0.214148395191
0.21437112525
0.214592384111
0.21481182022
0.215029034797
0.215243893816
0.215456509189
0.21566688056
0.215874696422
0.216079046661
0.21627875798
0.216474296918
0.216666221468
0.216854576058
0.217038758293
0.217217787005
0.217392079881
0.217562202085
0.217727860732
0.217888518214
0.218044034007
0.218194791435
0.21834101824
0.218482461283
0.218619232548
0.218751605298
0.218879581946
0.219003131768
0.219122235086
0.219236820381
0.219346719508
0.219451669694
0.2195513387
0.219645370947
0.219733475861
0.219815490558
0.219891329422
0.219960702948
0.220022476903
0.220077191658
0.220125788181
0.220168349502
0.22020414057
0.220231840128
0.220251911996
0.220265050622
0.220271421131
0.22027109867
0.22026385521
0.22024939647
0.220226797302
0.220193420132
0.220152772312
0.220104810151
0.22004906442
0.219984984891
0.219912130335
0.219830366112
0.219739792868
0.219640408161
0.219531673053
0.219412973203
0.219285355239
0.21914928757
0.219004758773
0.218849777337
0.218683645895
0.21850918051
0.21832642389
0.218135672043
0.217937393962
0.217731899507
0.217519422507
0.217300062546
0.21707361337
0.216839458878
0.216597629381
0.216349771559
0.216096919394
0.215839553128
0.215577890034
0.215311804815
0.215040742137
0.214765135306
0.214485061137
0.21420031881
0.213910937935
0.213617254284
0.21331959464
0.213018206481
0.212713470173
0.212405912753
0.212096080126
0.211784455673
0.211471435634
0.211157329358
0.210842359245
0.210526650258
0.21021023074
0.209893095789
0.209575329928
0.209257169591
0.208938928554
0.208620855411
0.208303034288
0.207985346387
0.207667781861
0.20735063265
0.207034168294
0.206718675636
0.20640446514
0.206091812437
0.205780934034
0.205471973121
0.205165007666
0.20486010829
0.204557380073
0.204256873343
0.203958521115
0.203660400967
0.203363722902
0.203068867953
0.202776993852
0.202488453549
0.202203364005
0.201921755844
0.201643614945
0.201368905675
0.201097546957
0.200829428882
0.20056462105
0.200303440135
0.200046229992
0.199793266855
0.199544765439
0.199300873655
0.199060822504
0.198824658981
0.19859331966
0.198366824549
0.198145159055
0.197928287785
0.197716177884
0.197508842404
0.197306355964
0.197108811006
0.196916270134
0.196728749971
0.196546222936
0.196368624938
0.196195868211
0.196027859594
0.195864517993
0.195705784553
0.195551636491
0.195402115367
0.195256317163
0.195114752854
0.194978190097
0.194846712013
0.194720372264
0.194599202862
0.194483220112
0.194372428414
0.194266822626
0.194166389566
0.194071108852
0.193980953042
0.193895886924
0.193815865686
0.193740831285
0.19367070482
0.193605368609
0.193544624789
0.193488149921
0.193435660299
0.193387208943
0.193342960475
0.193302973973
0.193267234479
0.193235698835
0.193208314471
0.19318502233
0.193165751542
0.193150418513
0.193138949679
0.193131305711
0.193127451481
0.193127326696
0.193130898161
0.193138202484
0.193149289006
0.19316417072
0.193182828436
0.193205220801
0.193231328942
0.19326119908
0.193294900345
0.193332472009
0.193373903343
0.19341911072
0.193467898185
0.193520028652
0.193575526299
0.19363463049
0.193697520042
0.193764284397
0.193834961854
0.193909559986
0.193988065261
0.194070448955
0.194156671783
0.194246687724
0.194340446726
0.194437895884
0.194538978728
0.194643631992
0.194751778912
0.194863318845
0.194978116682
0.19509600443
0.195216816003
0.195340456916
0.195466940425
0.195596331571
0.195728684057
0.195864028922
0.196002383137
0.196143753236
0.196288131432
0.196435484227
0.196585713117
0.196738470562
0.196892942176
0.197049035853
0.197205951236
0.197364747989
0.197526112781
0.19769006256
0.197856556479
0.198025548669
0.198196995189
0.198370849047
0.198547051095
0.198725535701
0.198906259796
0.199089194675
0.199274287489
0.199461445126
0.199650530878
0.199841368139
0.200033760244
0.200227528764
0.200422545033
0.200618723998
0.200815997323
0.201014301388
0.201213565085
0.201413671418
0.201614393123
0.201815370079
0.202016391179
0.202217624857
0.20241914744
0.202620827999
0.202822929006
0.203025638708
0.203228927463
0.203432687788
0.203636785787
0.203841016973
0.204044786112
0.204247952857
0.204450847344
0.204653342767
0.204855323582
0.205056538796
0.205256557123
0.205456145049
0.205655795556
0.205855603918
0.206055472559
0.206255166756
0.206454559787
0.206653848806
0.206853289215
0.207052664111
0.207251858996
0.20745120126
0.207650723141
0.207850225307
0.20804927113
0.208245006492
0.208441099527
0.208637465667
0.208833804412
0.209030202568
0.209227117243
0.209424826131
0.209623387231
0.209822715369
0.210022636314
0.210222967929
0.21042362293
0.210624630419
0.210826051349
0.211027910718
0.211230200074
0.211432877356
0.211635842242
0.211838930356
0.212041927344
0.21224458941
0.212446664052
0.212647902821
0.212848068692
0.213046967167
0.213244484567
0.213440574366
0.213635199888
0.213828225822
0.214019172181
0.214207098462
0.214391865173
0.214574644055
0.214755779275
0.214935207584
0.215112712744
0.215287974715
0.215460390015
0.215629179575
0.215794666237
0.215956757393
0.216115110168
0.216269163479
0.216418668845
0.216563916091
0.216705179182
0.216842580382
0.216976126304
0.217105606016
0.217230307833
0.217350526884
0.217465617859
0.21757373945
0.217676366581
0.217774132302
0.217867069151
0.217955094274
0.218037955051
0.218115165934
0.218186279701
0.218251452089
0.218311070087
0.21836526308
0.218413995744
0.218457171394
0.218494673302
0.218526377109
0.218552142284
0.218571744286
0.218584700655
0.218590750644
0.218589268217
0.218580183384
0.218563673984
0.218538807444
0.218507214214
0.21846784328
0.21842035156
0.218366012352
0.21830522375
0.218238008126
0.218164212278
0.218083657863
0.217996453596
0.217903099393
0.217803912443
0.217699043835
0.217588554706
0.217471902024
0.217347257424
0.217216779425
0.217080823983
0.216939056672
0.216791596546
0.216639287782
0.216482597198
0.216321489296
0.216155228764
0.21598125287
0.21580133333
0.215616664287
0.215428834125
0.215238335461
0.215045410078
0.214850270079
0.214653106251
0.214453962092
0.214250559245
0.214045478078
0.213839588448
0.213633347545
0.213427028402
0.213220855176
0.213014825325
0.212808054718
0.212600172737
0.212392127415
0.212183768403
0.211974927288
0.211765868307
0.211556915167
0.211348229698
0.211138597437
0.210927777543
0.210717374113
0.210507374773
0.210297697772
0.210088409361
0.209879735531
0.209671878005
0.209464920996
0.209258864964
0.20905370984
0.208849499987
0.208646311559
0.208444228005
0.208243309507
0.208043576262
0.207845022764
0.207647652449
0.207451494757
0.207256578961
0.207062871789
0.206870303742
0.206678961123
0.20648889298
0.206300093132
0.206112526176
0.205926125124
0.205740793571
0.205556432626
0.205372972792
0.205190374922
0.205008628358
0.204827757826
0.204647816909
0.204468864207
0.204290934759
0.204114007242
0.203937900886
0.203762185426
0.203586891554
0.203411981418
0.203237016475
0.203061241208
0.202884444336
0.202707094313
0.202529765776
0.202352846529
0.202176527133
0.202000915361
0.201826100114
0.201652159835
0.201479157349
0.201307140563
0.201136145336
0.200966197933
0.20079731863
0.200629529006
0.200462862928
0.200297376833
0.200133154109
0.199970301364
0.19980893728
0.19964917858
0.199491129004
0.199334873963
0.199180480379
0.199028000393
0.198877476817
0.19872880512
0.198581954534
0.198437205314
0.198294618949
0.198154259423
0.19801619939
0.197880518022
0.197747293871
0.197616600807
0.197488508114
0.197363081673
0.197240384286
0.197120474733
0.197003405846
0.196889222152
0.196777957612
0.196669633845
0.196564258852
0.196461825893
0.196362312034
0.196265676744
0.196171863275
0.196080807165
0.195992450003
0.195906754728
0.195823721089
0.19574336541
0.195665693741
0.195590703083
0.195518406941
0.195448863185
0.195382157296
0.195318398743
0.195257731764
0.195200309675
0.195146267642
0.195095718869
0.1950487604
0.195005477738
0.194965946232
0.194930229919
0.194898378576
0.194870423337
0.194846372474
0.19482621479
0.194809940005
0.194797556782
0.194789083258
0.194784536518
0.194783921656
0.194787195705
0.194794234181
0.194804876806
0.194819086535
0.194837011818
0.194858845321
0.194884717161
0.194914685268
0.194948744371
0.194986818468
0.195028748249
0.195074365992
0.195123684913
0.195176856029
0.195232506499
0.195291293396
0.195354123692
0.19542093951
0.195491599887
0.195565934955
0.195643892203
0.195725497879
0.195810741293
0.195899572428
0.195991922363
0.196087710338
0.196186844248
0.196289221827
0.196394735008
0.196503276133
0.19661474337
0.196729046885
0.196846127145
0.196965989829
0.197088721781
0.197214457567
0.197343333791
0.197475468884
0.197610962963
0.197749902668
0.197892364456
0.198038415766
0.198188115116
0.19834151161
0.198498643401
0.198659534915
0.198824194474
0.198992615637
0.199164783765
0.199340681319
0.199520277102
0.199703502211
0.199890305691
0.200080653537
0.200273874153
0.200468849288
0.20066702262
0.200868510164
0.201073267815
0.201281225177
0.201492305966
0.201706431813
0.20192352186
0.202143492522
0.202366260234
0.202591747107
0.202819884738
0.203050610355
0.203283854406
0.203519522278
0.203757474429
0.203997521589
0.204239465196
0.204483138331
0.204728291221
0.204974672631
0.205222118928
0.205469014362
0.205715811693
0.205962557547
0.20620940039
0.206456357374
0.206703297099
0.206949926139
0.207195813547
0.207440337865
0.207682726184
0.207922757384
0.208160626793
0.208396234072
0.208629744934
0.208860968263
0.209089606053
0.209316671487
0.209542315663
0.209766497702
0.209989126774
0.21021007847
0.210429196261
0.210646286414
0.2108611064
0.211073346379
0.211282616639
0.211488498166
0.211690685768
0.211889067638
0.212083654277
0.212274448355
0.212461362395
0.212644213221
0.212822744451
0.212996712102
0.213165926951
0.213330127836
0.213489909478
0.213645351791
0.213796482065
0.213943308981
0.214085828133
0.214223970018
0.214357566319
0.214486428439
0.214610467525
0.214729635747
0.214843709489
0.21494937313
0.215048339756
0.215142528315
0.215231879208
0.215315054561
0.215392959788
0.215466690853
0.215536411997
0.215602110724
0.215663661888
0.215720696174
0.215772003951
0.2158177177
0.215858163111
0.215893274697
0.215923733349
0.215950025075
0.215972330964
0.215990771911
0.216005461262
0.216016502731
0.216023982946
0.21602795262
0.216028410611
0.216025309035
0.216018536082
0.216007834363
0.215992754575
0.215972902343
0.215948183401
0.215918561123
0.215883597955
0.215842545259
0.215795933926
0.215742961426
0.215683129307
0.215616257675
0.215543642764
0.215465953626
0.215383072885
0.215294573918
0.215200276613
0.215100188097
0.214992713074
0.214877553459
0.214756380005
0.214628707784
0.214494976396
0.21435589871
0.214211867859
0.214063221196
0.213910299458
0.213753284767
0.213591465487
0.213420225474
0.213242220227
0.213060268597
0.212875233096
0.212687552691
0.212497422267
0.212304511598
0.212109349787
0.211913104533
0.211716312042
0.211519265728
0.211322069739
0.211123590695
0.210923073235
0.210722161834
0.210520869725
0.210319278666
0.210117648434
0.209916139756
0.209714741444
0.209513433033
0.209311643285
0.20911044854
0.208910344905
0.208711411881
0.208513680606
0.208317230545
0.208122178557
0.207928591941
0.207736412332
0.207545455981
0.207355571256
0.207166758683
0.206978989363
0.2067920916
0.206605982713
0.20642092573
0.206237339405
0.206055565834
0.205875831213
0.205698272546
0.205522965106
0.205349936498
0.205179167032
0.205010582368
0.204844049505
0.204679396829
0.204516490344
0.204355317655
0.204195944141
0.204038423853
0.203882776812
0.203728962742
0.203576832851
0.203426177213
0.203276900578
0.203129086103
0.202982912502
0.20283853435
0.202696005897
0.202555294952
0.202416439757
0.202279472026
0.202144374408
0.202011106842
0.201879606328
0.201749786993
0.201621574301
0.201494970711
0.201370065902
0.201246973544
0.201125784557
0.201006561104
0.200889344205
0.200774160257
0.200661024319
0.200549941122
0.200440904766
0.200333897766
0.20022888992
0.200125837788
0.200024686077
0.199925372117
0.199827831513
0.199731998436
0.199637797367
0.199545139489
0.199453948856
0.19936420692
0.199275952011
0.199189234688
0.199104086275
0.199020510724
0.198938483916
0.198857945317
0.198778741098
0.198700355252
0.198621945282
0.198544067651
0.198467439314
0.198392280628
0.198318673573
0.198246665546
0.198176292052
0.198107582585
0.198040561672
0.197975247322
0.197911647188
0.197849751937
0.197789523974
0.197730878415
0.197673656257
0.197617611621
0.197562483965
0.197508183492
0.197454874477
0.197402828568
0.197352255499
0.197302993655
0.197254636409
0.197207954953
0.197163107605
0.197118667096
0.197073181438
0.197028235872
0.196984612699
0.196943026021
0.196903748266
0.196866878207
0.196832466496
0.196800547194
0.196771143677
0.19674426666
0.196719909737
0.196698048283
0.196678653746
0.196661730136
0.196647341476
0.196635577043
0.196626465292
0.196619969546
0.19661614418
0.196615060666
0.196616465313
0.196619017116
0.196624243296
0.196632668555
0.196644417598
0.196659483357
0.196677783736
0.196699361845
0.196724464752
0.196753322054
0.196786071806
0.196822805136
0.196863605644
0.196908561371
0.196957730472
0.197010511318
0.197066666864
0.197127187272
0.197192097535
0.197261268072
0.197334465577
0.197411509419
0.197492442372
0.197577387471
0.197666335231
0.197757551254
0.197850472345
0.19794726947
0.198047930036
0.198152101616
0.198259422611
0.198370263379
0.198484805885
0.198601588033
0.198720067707
0.198842321847
0.198968413009
0.199098356684
0.199232035972
0.199368927803
0.199509646681
0.199654246503
0.1998027528
0.199955157948
0.200111422218
0.20027149955
0.200435342902
0.200602841484
0.200773780411
0.200947984626
0.201125456918
0.201306292534
0.201490536624
0.201678184293
0.201869205116
0.202063550834
0.202261150862
0.202461903447
0.202665666588
0.202872247202
0.203081388397
0.203292773581
0.203506097203
0.203721198773
0.203938100961
0.204156887939
0.204377581404
0.20460009935
0.204824275615
0.205049910082
0.205276797925
0.205504705237
0.2057333262
0.205962315502
0.206191631009
0.20642147143
0.20665193865
0.206883029883
0.207114676587
0.207346788566
0.207579302606
0.207812190964
0.208045352784
0.208277590001
0.208509180885
0.208740248186
0.208968272939
0.209195801724
0.209422855875
0.209649180153
0.20987442345
0.210098040439
0.210319142861
0.210537589677
0.210753884692
0.210968280398
0.211180880187
0.211391559156
0.211600212728
0.211806849081
0.212011195146
0.212212441044
0.212410338892
0.212604609589
0.212794491274
0.212979221692
0.213159486222
0.213335189826
0.21350423825
0.213668618584
0.213828860798
0.213984512797
0.214136226341
0.214284650008
0.214430036693
0.214572467116
0.214711841318
0.214847512688
0.214979250157
0.215107431754
0.215232286255
0.215353942657
0.215472364161
0.215587054763
0.215697310083
0.215803418268
0.21590591178
0.216004984409
0.216100761293
0.216193384615
0.216282966788
0.216369581319
0.216453284906
0.216534124844
0.216612125512
0.216687262346
0.216759439645
0.216828481098
0.216894153123
0.216956379925
0.217015370305
0.217071219276
0.217123867339
0.217173410229
0.21721993223
0.217263381479
0.217303616339
0.21734041361
0.217373419555
0.217402072688
0.217425724411
0.217444117798
0.217457072202
0.217462705677
0.217460562418
0.217452962384
0.217440353739
0.217422526817
0.21739905804
0.217369745599
0.217334994075
0.217295495668
0.217251722193
0.217203821935
0.217151246619
0.217094188006
0.217032931946
0.216967464556
0.216897659327
0.216822880382
0.216740461008
0.216652411219
0.21655900401
0.216460078985
0.216356047843
0.216247171955
0.21613342683
0.216014641226
0.215890565784
0.21576091066
0.215625412022
0.215483790473
0.215335820085
0.21518251368
0.21502422306
0.214861268073
0.214693738591
0.214520926882
0.214343415202
0.214161610033
0.213975208418
0.213784644367
0.213590492702
0.213392963704
0.213192115501
0.212988137314
0.212781442008
0.212572490209
0.212361696277
0.212149408936
0.211935904721
0.211721389269
0.211505999318
0.211289556002
0.211070906299
0.210851529583
0.210631942677
0.210412322533
0.21019275359
0.209973224616
0.209753732674
0.209534402074
0.209315393955
0.209096850332
0.208878915121
0.208661748053
0.208445520487
0.208230395067
0.208016483463
0.20780359594
0.207589694902
0.207375646606
0.207162941387
0.206951688854
0.20674181141
0.206533218378
0.20632579818
0.206119327086
0.20591441465
0.205711324391
0.205510120542
0.205310811084
0.205113393893
0.2049179148
0.204724481566
0.204533213698
0.204344197592
0.204157473883
0.203973034243
0.203790806036
0.203610614768
0.203432201426
0.203255475673
0.203080576297
0.202907629431
0.202736704965
0.202567845785
0.202401077065
0.202236409242
0.202073842743
0.201913373419
0.20175499701
0.201598712329
0.201444524275
0.201292447261
0.20114250472
0.200994718044
0.20084908638
0.20070556402
0.200564043836
0.200424371306
0.200286423535
0.200150210679
0.200015879876
0.199883633401
0.199753664568
0.199626135233
0.199501167778
0.199378834902
0.19925914693
0.199142041595
0.199027372279
0.198914775668
0.198803906932
0.198695221831
0.198588922724
0.198485009235
0.198383453408
0.198284244133
0.198187382481
0.198092874153
0.198000734228
0.197910844236
0.197822633485
0.197735753086
0.197650545549
0.197567372831
0.197486148663
0.19740568561
0.197325232977
0.197246259922
0.197169338889
0.197094540784
0.197021856997
0.196951287872
0.196882855901
0.196816582817
0.196752448138
0.196690321844
0.196629801719
0.196569673174
0.196508768597
0.196449262167
0.196391739897
0.196336407411
0.196283370606
0.196232709886
0.19618449462
0.196138783952
0.196095626184
0.19605505941
0.196017112217
0.195981807998
0.195949180438
0.195919288876
0.195892209468
0.195868011234
0.195846742717
0.19582843174
0.195813088552
0.195800707045
0.195791262968
0.195784706648
0.195780945819
0.195779851182
0.195781310457
0.195785192845
0.195791407228
0.195799824622
0.195810342896
0.195823389433
0.195839469958
0.195858799271
0.195881349707
0.195906816073
0.195934603888
0.195964773742
0.195998005035
0.196034669737
0.196074893455
0.196118639401
0.196165654766
0.196215863708
0.196269627627
0.196327200017
0.196388730654
0.196454327899
0.196524058266
0.196597943961
0.196675998416
0.196758286458
0.196844912511
0.196935961221
0.197031477529
0.197131473658
0.197235934131
0.19734480557
0.197457970348
0.197575315587
0.19769671981
0.197821674762
0.19795047803
0.198082283166
0.198216214229
0.198353064486
0.198493053421
0.198635838717
0.198781524742
0.198930385109
0.199082409411
0.199237301657
0.199394536376
0.199554155949
0.199716467
0.199881552433
0.200049378612
0.200219852637
0.200392846382
0.200568223867
0.200745874697
0.20092572773
0.201107735792
0.201291857283
0.20147804795
0.201666251764
0.201856267218
0.202043733899
0.202232396177
0.202422894846
0.202614280168
0.202805142463
0.202997734034
0.203192142642
0.203388388416
0.203586493295
0.203786472176
0.203988321194
0.204192012865
0.204397492523
0.20460466266
0.204813346504
0.205023255865
0.205234193673
0.20544625504
0.205659351795
0.205873532852
0.206088971209
0.206305714245
0.206523726569
0.206742905025
0.206963045063
0.207183848063
0.207403323884
0.207619837221
0.207834265535
0.208047976226
0.208261540431
0.208474873877
0.208687549125
0.208899194534
0.20910985301
0.209319190252
0.209526970425
0.209733329363
0.20993860024
0.210142955081
0.210346287697
0.210548213566
0.210748687184
0.210947950945
0.21114603787
0.211342868609
0.211538320308
0.211732238834
0.211924453659
0.212114798653
0.212303085529
0.212489061709
0.212672414934
0.212852812879
0.213029918155
0.213203352393
0.213372687766
0.213537536275
0.213697710543
0.213853246591
0.214004171755
0.214150457101
0.214292118258
0.214429176612
0.214561637561
0.214689675658
0.214813398828
0.214932613313
0.215047209308
0.215156389932
0.215260193738
0.215358723466
0.215451548359
0.215538114317
0.215617796944
0.215689877536
0.215753914249
0.215810461936
0.21586077542
0.215905656737
0.215945016175
0.215976614085
0.215999488131
0.216015394415
0.216024240635
0.216026184528
0.216021348886
0.2160101257
0.215992734917
0.215969363674
0.215940260442
0.21590567397
0.215865787247
0.215820686132
0.215770296341
0.215714166107
0.215651834293
0.215583313275
0.215508447199
0.215427236108
0.215339701297
0.215245742094
0.215145175771
0.215037796308
0.214923579866
0.214802779135
0.214675620626
0.214542050286
0.214402358
0.214257053738
0.214106224155
0.213949732269
0.213787486495
0.213619517076
0.213446061729
0.213267385665
0.213083677878
0.212894764521
0.212699838982
0.212499060536
0.212293429487
0.212083763356
0.211870102348
0.211653700991
0.211434971242
0.211214235087
0.210991547835
0.210765966488
0.210537691324
0.210307928529
0.210077084739
0.209845383146
0.209612955804
0.20937987469
0.209146175045
0.20891186207
0.20867689089
0.208441083924
0.20820402382
0.207965441205
0.207725269669
0.207483150227
0.207239755339
0.206995589385
0.20675080374
0.206505029
0.206256923371
0.206007195477
0.205754759088
0.205499919599
0.20524485043
0.20499014903
0.204736073136
0.204483091616
0.204231484986
0.20398142125
0.203730910846
0.203481000401
0.203232346198
0.202984848389
0.202739358622
0.202495921836
0.202254568131
0.202015313753
0.201778161892
0.201543103804
0.201310120788
0.201079187575
0.200850277106
0.20062336518
0.200398432417
0.200175461228
0.199954421305
0.199735218055
0.199517615749
0.199301467631
0.199086601928
0.198873332541
0.198662610989
0.198454630846
0.198249204349
0.198045609284
0.197844631665
0.197646850157
0.197452419688
0.197261428937
0.197073957865
0.196890092124
0.196709924839
0.19653355125
0.196361060515
0.196192527331
0.196028003739
0.195867510801
0.195711033529
0.195558533321
0.195409989281
0.195265426187
0.195124885006
0.194988386478
0.194855931562
0.19472752438
0.194603191336
0.194482980944
0.194366949939
0.194255151829
0.194147633301
0.194044431838
0.193945569808
0.193851045727
0.193760820037
0.193674790274
0.193592790792
0.193513191339
0.193437270886
0.193365615464
0.193298261305
0.193235195388
0.193176369775
0.193121699248
0.193071040952
0.193024146662
0.192980593323
0.192939829092
0.192901694273
0.192866412665
0.192833971189
0.192804288049
0.192777545669
0.19275397082
0.192733665483
0.192716646818
0.192702873017
0.192692200511
0.192684551204
0.192680115416
0.192679017882
0.192681276908
0.192686868044
0.192695749655
0.192707874181
0.192723193113
0.192741657777
0.192763219009
0.192787828213
0.192815438563
0.192846001469
0.192879455426
0.192915718453
0.192954719365
0.192996437613
0.193040860434
0.193087924794
0.193137486855
0.193189384826
0.193243627584
0.193300301895
0.193359422717
0.193420948133
0.193484808253
0.193550917331
0.193619178197
0.193689483858
0.193761718182
0.193835756633
0.193911467435
0.193988715736
0.194067376055
0.194147241448
0.194228093541
0.194310201862
0.194393663069
0.194478493416
0.194564580749
0.194651316365
0.194738695671
0.19482738506
0.194917603106
0.195009477663
0.195103063746
0.195198358761
0.195295329238
0.195393930782
0.195494124084
0.195595882934
0.195699187996
0.195804009246
0.195910289847
0.196017950215
0.196126927363
0.196237230359
0.196348954295
0.196462239677
0.196577229458
0.196694050348
0.196812801916
0.196933535351
0.197056191389
0.197180460041
0.197306260784
0.197434055652
0.197564101731
0.197696503899
0.197831277617
0.197968319323
0.198107723315
0.198249684564
0.19839405227
0.198540483005
0.198689467272
0.198841260277
0.198995850289
0.199153138988
0.199313013735
0.199475416005
0.199640373651
0.199807801942
0.199976963061
0.200148464575
0.200322603272
0.200499278105
0.200678345416
0.200859684333
0.201043201507
0.201228790985
0.201416283284
0.201605352184
0.201795558356
0.201986765537
0.202178485879
0.202369959279
0.202561884352
0.202754217973
0.20294646149
0.203138972251
0.203331981572
0.20352532547
0.203718835154
0.203912440103
0.204105629476
0.204298057394
0.204490747132
0.204684101893
0.204878158219
0.205072858953
0.205268119254
0.205463844751
0.205659928545
0.2058562591
0.206052748882
0.20624933661
0.206445943636
0.206642423931
0.206838489758
0.207033596586
0.207227386195
0.207419331419
0.207609278574
0.207797601068
0.20798374966
0.208166953697
0.208347058834
0.208524358322
0.208699247809
0.208871845153
0.209041176011
0.209207221279
0.209370709495
0.209531772287
0.209690484937
0.209846881198
0.210000913051
0.210152478101
0.210301534992
0.210448163858
0.210592476412
0.210734543943
0.210874413357
0.211012110395
0.211147619243
0.211280878153
0.21141177711
0.211540138233
0.211665647206
0.211787656678
0.211904855708
0.212016482125
0.212123029629
0.212225046505
0.212323163131
0.212417732817
0.212508823833
0.212596294959
0.212679792847
0.212758809237
0.21283256103
0.212901931571
0.212967570604
0.213029666848
0.213088227396
0.213143036759
0.21319319917
0.213238255582
0.213277365673
0.213311139478
0.213340494238
0.213365880733
0.213387488898
0.213405368617
0.2134195001
0.213429844032
0.213436364018
0.213439015914
0.213437722059
0.213432349771
0.213422688478
0.213408592953
0.213390009507
0.213366859615
0.213339762321
0.213309343781
0.213275933194
0.213239102222
0.213197302876
0.213152482454
0.213105253514
0.213055704735
0.213003934029
0.212950152181
0.212894507428
0.212836638294
0.212777065586
0.21271593051
0.212652406852
0.212584710089
0.212514338585
0.212443049587
0.212370994388
0.212298126684
0.212224292818
0.212149194485
0.212072261958
0.211992664917
0.211909417007
0.211822486007
0.211732009979
0.21163540705
0.211534036677
0.211428890073
0.211320719321
0.211209890142
0.211096382157
0.210979705762
0.210859138374
0.210734261029
0.210605594324
0.210473943669
0.21033950132
0.210201632288
0.21005937813
0.209913225415
0.209764322602
0.209613796286
0.209462192668
0.209309458914
0.209154872125
0.208999068042
0.208842730499
0.208686123646
0.208529481292
0.208372669984
0.208215512341
0.208058781113
0.207902617254
0.207747070605
0.207592160598
0.207437868621
0.207283902201
0.207129267182
0.206974866293
0.20682093209
0.206667422818
0.206514269398
0.206361387032
0.206208663562
0.20605593795
0.205903005627
0.205749744794
0.205596256683
0.205442747977
0.20528938044
0.20513625752
0.204983452464
0.204831025982
0.204679028221
0.204527479925
0.204376189643
0.204222675066
0.204067692826
0.203913060172
0.203758886758
0.203605183094
0.203451947332
0.203299173254
0.203146854431
0.202994987229
0.20284356613
0.202692555873
0.202541887314
0.202391606058
0.20224181109
0.202092554083
0.201943899636
0.201795951811
0.20164882726
0.201502619287
0.201357383703
0.201213152824
0.201069973781
0.200927944009
0.200787207967
0.200647922568
0.200510223474
0.200374207099
0.200239927017
0.200107398018
0.199976603167
0.199847503332
0.199720050956
0.199594208163
0.199469961404
0.199347316345
0.19922627451
0.199106858952
0.198989179466
0.198873379199
0.198759584517
0.19864791644
0.198538498227
0.198431450605
0.19832688473
0.198224896664
0.198125561739
0.198028918596
0.19793483819
0.197843018087
0.197753860896
0.197667565758
0.197584239679
0.197504007415
0.197427007641
0.197353378686
0.197283250461
0.197216742958
0.197153966844
0.197095020392
0.197039969285
0.196988731927
0.196940539708
0.196894957365
0.196852947903
0.196814635018
0.196780142524
0.196749767207
0.196723650085
0.196701864798
0.196684503685
0.19667168278
0.196663520159
0.196660126865
0.196661606318
0.196668050463
0.196679532404
0.196696099787
0.196717770802
0.19674453242
0.196776340535
0.196813123708
0.19685479525
0.196901276129
0.196952513556
0.197008460031
0.197068975451
0.197133706421
0.197202526838
0.197275700846
0.197353228322
0.197434816675
0.197520375445
0.197610066001
0.197703888362
0.197801697239
0.197903165007
0.198007478993
0.198114379809
0.198224060604
0.198336308265
0.198450929795
0.198568573757
0.198689477098
0.198813673761
0.198941070534
0.199071452368
0.199204454434
0.199339609187
0.199476641158
0.199615711446
0.199757110761
0.19990097243
0.200047255504
0.20019579538
0.200346418134
0.200499066937
0.200653707642
0.200809970368
0.2009668864
0.20112461326
0.201284065372
0.201445542634
0.201609061572
0.201774522699
0.201941737142
0.202110381266
0.202279921052
0.202450212488
0.202621675471
0.20279450716
0.202968692622
0.203144057336
0.203320179182
0.203496889145
0.203674389407
0.203852654743
0.204031527979
0.20421086895
0.204390668036
0.204570992288
0.204751899294
0.204933374316
0.205115285106
0.205297333023
0.205479480396
0.20566207931
0.205845182597
0.206028581318
0.206211716902
0.20639394753
0.206575377282
0.206756558428
0.20693798513
0.207119731271
0.20730174191
0.207483907705
0.207666093893
0.207848162852
0.208029997146
0.208211516348
0.208392667008
0.208572361829
0.208750782751
0.208928698204
0.209105870057
0.209281687732
0.209455836111
0.209629176122
0.209801666838
0.209973432074
0.210144718122
0.210315256809
0.210484714151
0.210652814688
0.210819108519
0.210983097041
0.211145494888
0.211306472586
0.211465913351
0.211623646721
0.211779563258
0.211933665836
0.212086016344
0.21223664839
0.212385495853
0.212532359253
0.21267710539
0.212819840765
0.212960623399
0.213099334297
0.213235718916
0.213369471284
0.213500031988
0.213625772152
0.213748347043
0.213868279118
0.213985659868
0.21410052515
0.21421284771
0.214322555691
0.21442970268
0.21453434943
0.214636405116
0.214735657844
0.214831867978
0.214924911877
0.2150148272
0.215101698141
0.215185415899
0.215264985989
0.215340769849
0.215413349544
0.215482519133
0.21554626137
0.215603984627
0.215656106236
0.215704686156
0.215749899152
0.215791750735
0.215830267189
0.21586551008
0.215897569441
0.215926542111
0.215952500891
0.215975459453
0.215995339178
0.216011961864
0.216025124226
0.216034744522
0.216040902402
0.216043727647
0.216043294309
0.216039491238
0.216031715774
0.216020021675
0.216004342347
0.215984394977
0.215960032643
0.21593102804
0.21589700061
0.215857113936
0.21580934451
0.215756567251
0.215699304983
0.215637804406
0.215572161833
0.215502489198
0.215428728136
0.215349742104
0.215266873867
0.215180312836
0.215089307073
0.214993320879
0.214892783342
0.214787129693
0.214675952291
0.214559520209
0.21443893846
0.214315110661
0.214188544841
0.214059515428
0.213928141541
0.213794418408
0.213658228862
0.213519243107
0.213376069957
0.213230005646
0.213081249644
0.21292997219
0.212776314474
0.212620314576
0.21246166519
0.212298969736
0.212131773656
0.211961509622
0.211788793672
0.211614102921
0.211437794403
0.211260070424
0.211081026091
0.210900658546
0.210718927341
0.210535907736
0.210351670388
0.210166214531
0.209979523234
0.209791597504
0.209602452659
0.209412089728
0.209220468496
0.209027510023
0.208833143748
0.208637348078
0.208439996038
0.208240944242
0.208040726688
0.207839633993
0.207637832523
0.207435460628
0.207232609603
0.207029097252
0.206824939788
0.206620696845
0.206416585409
0.206212731127
0.206009235073
0.205806176317
0.205603636217
0.205401743462
0.205200651675
0.205000492253
0.204801364388
0.204603339132
0.204406461627
0.20421075056
0.204016196565
0.203822762466
0.203630392363
0.203439040951
0.203248718186
0.20305950898
0.202871548836
0.202684991302
0.20249998959
0.202316685066
0.202135197857
0.201955621109
0.201778019343
0.20160243029
0.201428871175
0.201257351917
0.201087808526
0.200917816938
0.200749521065
0.200583502693
0.200419824505
0.200258468192
0.200099385027
0.19994243761
0.19978740262
0.199634393513
0.199479849165
0.199327908463
0.199178929237
0.199033028879
0.19889033696
0.1987509765
0.198615054864
0.198482667013
0.198353896486
0.198228812818
0.198107467208
0.197989885668
0.197876054577
0.197765889733
0.197659200306
0.19755577605
0.197455666804
0.197359154883
0.197266469962
0.197177722684
0.197092961347
0.197012243738
0.196935689416
0.196863461716
0.196795705058
0.196732500598
0.196673831647
0.196619458379
0.196568831368
0.196522219672
0.196480128282
0.19644273206
0.19641008865
0.196382202068
0.196359040459
0.196340538996
0.196326591728
0.196317033688
0.196311615674
0.196309939957
0.19631120639
0.196314825843
0.196321625065
0.196332212482
0.196346797195
0.196365455101
0.196388209372
0.196415062107
0.196446012633
0.196481060972
0.196520154426
0.196562361268
0.196605798096
0.19665287375
0.196704064701
0.196759338141
0.196818571949
0.19688157713
0.196948122406
0.197017994659
0.19709094851
0.197166593131
0.197244714915
0.197325524627
0.197409063546
0.197494963888
0.197582875145
0.197673090604
0.197765870124
0.197860836034
0.197957807318
0.198057373523
0.198159757122
0.198263900643
0.198370656909
0.198480151299
0.198591851302
0.19870531325
0.198820677753
0.198938081519
0.199057526242
0.199178954906
0.19930225309
0.199427303353
0.199554081435
0.199682683796
0.1998132256
0.199945699094
0.200079089052
0.200212476787
0.200347368019
0.200483810224
0.200621790614
0.200761320441
0.20090238942
0.201044924139
0.201188774783
0.201333775332
0.201479856225
0.201627039692
0.201775350851
0.20192479251
0.202075356829
0.202227026994
0.202379767522
0.202533512928
0.202688154948
0.202843497079
0.202998848816
0.203152102259
0.203303615118
0.203454573694
0.203604387322
0.203751408162
0.203897042505
0.20404220986
0.204186207136
0.204330073653
0.204473983288
0.204617797486
0.204760796883
0.204902271958
0.205042890587
0.205182792699
0.205321914424
0.205460235301
0.205597812994
0.205734715811
0.205870962981
0.20600651641
0.206141298763
0.206275217859
0.206408189616
0.206540151137
0.206671057801
0.206800869504
0.206929537039
0.207056995992
0.207183171532
0.207307977775
0.207431098724
0.207552359946
0.207672145753
0.207790484862
0.207907347087
0.208022691823
0.208136472343
0.208248625411
0.208358863192
0.208466060027
0.208570984397
0.208674615011
0.208777203465
0.208878881068
0.208979750919
0.209079902029
0.209179414985
0.209278369412
0.209376847151
0.209474927242
0.20957267508
0.209670130141
0.209767293945
0.20986411552
0.209960464468
0.210056030662
0.21015017273
0.210242674297
0.210333593303
0.210423118723
0.210511565672
0.210599218615
0.210686389272
0.210773312935
0.210860073893
0.210946665137
0.211033032498
0.211119100161
0.2112047852
0.21129000228
0.211374656503
0.211458593859
0.211541401186
0.211623053706
0.211702669463
0.211779828545
0.211855568956
0.21193016997
0.212003762039
0.212076426379
0.21214818429
0.212218951658
0.212288486058
0.212356444483
0.212422467357
0.212485195794
0.212541177433
0.212592725264
0.212642092477
0.212689651087
0.212735290944
0.212778587319
0.212819047825
0.212856660403
0.212891145907
0.212922330377
0.212950512821
0.212974993981
0.212992286382
0.213005587262
0.213016665548
0.213025587744
0.213032207749
0.213036288278
0.213037522257
0.213035003706
0.213028649997
0.213018571949
0.21300517458
0.212988589774
0.212967818098
0.212943232706
0.212915259943
0.212883959276
0.212849438268
0.212811756923
0.212770042502
0.212723891486
0.212674744607
0.212622778377
0.21256800775
0.212510354218
0.212449578279
0.212384570517
0.212314602939
0.21224036326
0.21216143267
0.212077280508
0.211987092047
0.211889611472
0.211787307302
0.211680170849
0.211567854853
0.211450182585
0.211327620726
0.211200843117
0.211070335152
0.210936396697
0.210799190425
0.210658656873
0.210515212465
0.210367559294
0.210217122826
0.210064662774
0.209910275313
0.209753950202
0.209595396204
0.209434329206
0.209270998773
0.20910563892
0.208938527856
0.20876994871
0.208600072441
0.208429101731
0.208257397484
0.208085301743
0.207913061548
0.207740855484
0.207568811537
0.207397021053
0.207225572283
0.207054592901
0.20688425234
0.206714720894
0.206546135039
0.20637854524
0.206209773938
0.206041756709
0.205874889913
0.205709118417
0.20554435038
0.205380490034
0.205217500336
0.205055467551
0.204894556903
0.204734437046
0.204575293734
0.204417972
0.204262509436
0.20410845424
0.203955362465
0.203803824391
0.203654398899
0.203506981354
0.203360864766
0.203216500069
0.203074593795
0.202935314049
0.202798647373
0.202664641374
0.20253344816
0.202405131196
0.202279624399
0.202156906061
0.202037126136
0.201920418527
0.201806813712
0.201696278579
0.201588766537
0.201484259523
0.201382779555
0.201284358132
0.201188981118
0.201096572538
0.201007148602
0.200920794547
0.20083758385
0.20075757269
0.200680781493
0.200607181793
0.20053669429
0.200469213442
0.200404630203
0.200342818162
0.200283662117
0.20022709022
0.200173017768
0.200121265004
0.200071492781
0.200023329292
0.199976777451
0.199932053715
0.199889257218
0.199848377851
0.199809347776
0.199772063573
0.19973641958
0.199702402106
0.19967012766
0.19963973154
0.199611290753
0.199584822564
0.199560294043
0.199537622648
0.199516673818
0.199497252976
0.199478066126
0.199458182662
0.199439200976
0.199420613172
0.199402678423
0.199386392442
0.199372158587
0.199360113723
0.199350315544
0.199342788127
0.199337534771
0.199334541416
0.199333775983
0.199335183569
0.199338621511
0.199341642439
0.199345790068
0.199351663395
0.199359161034
0.199368277583
0.199379090023
0.199391715546
0.199406283665
0.19942290025
0.199441631722
0.199462505999
0.199485514904
0.199510617053
0.199537746859
0.199566833994
0.199597828938
0.199630719071
0.199665522036
0.199702243116
0.199738464887
0.199774634776
0.199812328052
0.199851853693
0.19989289943
0.199935120454
0.199978773977
0.200023918907
0.200070463258
0.200118274495
0.200166998648
0.200216874988
0.2002682333
0.20032110112
0.20037416379
0.200426391445
0.200480016043
0.200535621255
0.200593440426
0.20065359392
0.200716134729
0.200781075675
0.200848406192
0.200918103642
0.200990142026
0.201064498727
0.201141158704
0.201220115657
0.201301370487
0.201384927891
0.2014707918
0.201558960584
0.201649423602
0.201742160341
0.201836970167
0.201933646218
0.202032514082
0.202133547225
0.202236569456
0.202339067353
0.202442696853
0.202548346568
0.202655959761
0.202765433453
0.202876656922
0.20298953844
0.2031040115
0.203220007742
0.203337473195
0.203456482318
0.203577293435
0.203700215345
0.203825486833
0.203953240274
0.204083463478
0.204215964388
0.20435061478
0.204487628722
0.204627237156
0.20476952298
0.204914478439
0.205062048701
0.205212149011
0.205364667887
0.205519412585
0.205674249237
0.205829671612
0.205986852457
0.206145593525
0.206305605979
0.20646654897
0.206628083863
0.206789964956
0.206952100539
0.207114448825
0.20727688334
0.207439175221
0.207601040201
0.20776219592
0.207922396549
0.208081416614
0.208238998196
0.208394907262
0.208549134044
0.208701795313
0.208852895136
0.209002340229
0.209150114085
0.209296376853
0.209441357651
0.209585242207
0.209728160532
0.209870199572
0.210011403954
0.210151773858
0.210291267986
0.210429810711
0.210567301202
0.21070362394
0.210838660836
0.210972304053
0.211104465647
0.211235075982
0.211364057351
0.211491268788
0.211616572941
0.211740036344
0.211861739042
0.211981639442
0.212099595443
0.212215361286
0.212328636852
0.212439248008
0.212547083034
0.212651986037
0.212753807131
0.21285248427
0.212948069876
0.213040669378
0.213130373187
0.213217226804
0.213301210391
0.213382193198
0.213459808394
0.213533485936
0.213603527752
0.213670405473
0.213734309229
0.213795331306
0.213853532136
0.213908948321
0.213961577164
0.214011355107
0.2140581517
0.214101826294
0.214142357225
0.21417987284
0.21421450327
0.214246170148
0.214274340539
0.214298721153
0.214319511125
0.214337065355
0.214351977214
0.214364708946
0.214375482001
0.214384346243
0.214391141826
0.214395317334
0.214396103852
0.214393013258
0.214386074074
0.214375507569
0.214361681194
0.214345082272
0.214326118053
0.214304833235
0.214281444922
0.214256344615
0.214229631895
0.214201324729
0.214171312034
0.214139397554
0.214105628261
0.214070325547
0.214033747258
0.21399599925
0.213957019779
0.213916638055
0.213874916638
0.213831745803
0.213786949082
0.213740411738
0.213692070942
0.213641765326
0.213589220807
0.213534216799
0.213476591664
0.213416200496
0.213352883646
0.213286167502
0.213216335416
0.213144302814
0.213070542346
0.212995241576
0.212918470601
0.212840259462
0.212760599059
0.212679341118
0.212596085306
0.21251075513
0.21242388263
0.212335805092
0.212246581987
0.21215607866
0.212064343435
0.211971567035
0.211877816019
0.211783108327
0.211687494016
0.211591071329
0.211493895948
0.211395948252
0.211297121399
0.211197194122
0.211095851747
0.210992870112
0.210888259848
0.210782130928
0.210674557302
0.21056556558
0.21045517296
0.210343400934
0.210230254194
0.210115705915
0.209999762808
0.209882517214
0.209764011394
0.209643714231
0.209519595267
0.209393395811
0.209265386338
0.209135654229
0.2090036071
0.208868904716
0.208730428092
0.208590386662
0.208448685472
0.208305080793
0.208159457492
0.208011930325
0.207862665007
0.207711801844
0.207559477441
0.207405844328
0.207251078411
0.207095378408
0.206938958998
0.20678203961
0.206624831723
0.206467526652
0.206310281332
0.206153184856
0.205996160815
0.205839078547
0.205682190619
0.205525650194
0.205369355484
0.205213367033
0.205057903636
0.204901330604
0.204744884798
0.204589169142
0.204434109398
0.204279598584
0.20412559224
0.203972126081
0.203819246607
0.203667063877
0.203515742376
0.203365380402
0.203216005624
0.203067607467
0.202920154054
0.202773593928
0.202627838863
0.202482710798
0.202337855583
0.202192819961
0.202047595213
0.201902748799
0.201758581857
0.201615194123
0.201472613177
0.20133084482
0.201189910427
0.201049865264
0.200910778207
0.200772693961
0.200635618483
0.200499576036
0.200364646204
0.200230885669
0.200098305746
0.199966883935
0.19983648714
0.199706897356
0.199578279709
0.199451099267
0.199325683188
0.199202223756
0.199080855513
0.198961687405
0.198844813405
0.198730316075
0.198618267886
0.198508731848
0.198401762013
0.19829740426
0.198195697292
0.198096671603
0.198000338296
0.197906647586
0.197815355533
0.197725611427
0.197635623438
0.197544875394
0.197455405167
0.197368482875
0.197284566377
0.197203888299
0.197126612185
0.197052876198
0.196982804386
0.196916505356
0.196854068981
0.196795563082
0.196741022439
0.196690426379
0.196643720191
0.196600967244
0.196562389189
0.196528206368
0.196498579367
0.196473625157
0.196453430839
0.196438060287
0.196427558617
0.196421956304
0.196421274377
0.196425533267
0.196434764836
0.196449019009
0.196468357014
0.196492837148
0.196522504741
0.196557388843
0.196597499093
0.196642815684
0.196693288468
0.196748893937
0.196809716525
0.196875920249
0.196947638613
0.197024940063
0.197107843256
0.197196331873
0.197290364974
0.197389885117
0.197494821779
0.197605088362
0.19772057704
0.197841157742
0.197966683332
0.198096988265
0.19823183262
0.198370951165
0.198514342864
0.198661927367
0.198813105384
0.198967274063
0.19912520166
0.199286974849
0.199452322196
0.199620527833
0.199790288031
0.199962725597
0.200138302517
0.200316841064
0.200497922426
0.200680875324
0.200865179978
0.201051072772
0.201238841156
0.201428494947
0.201619520596
0.201810314833
0.20200168602
0.20219467055
0.202389333727
0.202585564847
0.202783232863
0.20298220087
0.203182302925
0.203383318604
0.203584955354
0.203786914798
0.203989046385
0.204191314303
0.204393758329
0.204596443801
0.20479938249
0.205002525669
0.205205751941
0.20540876548
0.205611084352
0.205812735681
0.206013882785
0.206214459707
0.206414307671
0.206613127419
0.206810032906
0.20700424848
0.20719572756
0.207385417636
0.207573326314
0.207759372286
0.207943511129
0.208125730279
0.208306004717
0.208484228754
0.208660324223
0.208834126844
0.209005418927
0.209174554195
0.209341703907
0.2095065763
0.209669301318
0.209830383469
0.209990154697
0.210148920937
0.210306934742
0.210464377867
0.210621368436
0.210777969786
0.21093419154
0.211089982523
0.211245220923
0.211399721976
0.211553305165
0.211705863306
0.211857398824
0.212008070774
0.212157987685
0.212307094807
0.212455323666
0.212602752137
0.212749543233
0.21289573563
0.213037300999
0.21317492959
0.21330997907
0.21344365365
0.21357568208
0.213705962938
0.213834692498
0.213962155852
0.214088620673
0.214214294678
0.214339129677
0.214461078206
0.214581379377
0.21470086869
0.214819270735
0.21493561004
0.215047915652
0.215156846994
0.215263336291
0.215367277637
0.215467819486
0.215564318195
0.215657067765
0.215745103341
0.215825579182
0.21590106172
0.215972828376
0.216040939063
0.216105381144
0.216165134029
0.21622026969
0.216271607681
0.216318994129
0.216362010461
0.21640019901
0.216433547902
0.216461756804
0.21648544865
0.216504628677
0.216519120089
0.216528771801
0.216533359365
0.216531892315
0.216524497884
0.216511230037
0.216489126954
0.216461649996
0.216428636642
0.21638928156
