1.0
0.999675048981
0.998700783472
0.997078964484
0.994812521572
0.991905544671
0.988363272702
0.984192078995
0.979399453573
0.97399398238
0.967985323504
0.961384180499
0.954202272889
0.946452303969
0.938147926011
0.929303703003
0.91993507105
0.910058296578
0.899690432495
0.888849272444
0.877553303336
0.865821656299
0.853674056235
0.841130770148
0.828212554418
0.81494060121
0.801336484191
0.787422103741
0.773219631834
0.758751456782
0.744040128017
0.729108301081
0.713978683023
0.698673978345
0.683216835702
0.667629795482
0.651935238461
0.636155335666
0.620311999586
0.604426836906
0.588521102852
0.572615657308
0.556730922803
0.540886844489
0.525102852191
0.509397824641
0.49379005597
0.478297224513
0.462936364019
0.447723837291
0.432675312313
0.417805740888
0.403129339817
0.388659574622
0.374409145825
0.360389977763
0.34661320994
0.333089190872
0.319827474402
0.306836818443
0.294125186081
0.281699749007
0.269566893175
0.257732226652
0.246200589543
0.234976065929
0.224061997712
0.213461000277
0.203174979867
0.193205152558
0.183552064736
0.174215614954
0.165195077054
0.156489124445
0.148095855408
0.14001281931
0.132237043617
0.124765061577
0.117592940447
0.110716310173
0.104130392371
0.0978300295277
0.0918097142863
0.0860636187218
0.0805856234968
0.0753693467961
0.0704081729445
0.0656952806134
0.0612236705299
0.0569861926045
0.0529755723985
0.0491844368606
0.0456053392642
0.0422307832839
0.0390532461562
0.0360652008744
0.033259137373
0.0306275826648
0.0281631198967
0.0258584062989
0.0237061900063
0.0216993257368
0.0198307893174
0.0180936910524
0.0164812879361
0.0149869947151
0.0136043938104
0.0123272441153
0.0111494886874
0.0100652613598
0.00906889229678
0.00815491252686
0.0073180574851
0.00655326960323
0.00585569998631
0.00522070921792
0.00464386733778
0.00412095303744
0.00364795212098
0.00322105527882
0.00283665522365
0.00249134323807
0.0021819051834
0.00190531701988
0.00165873988731
0.00143951479553
0.00124515697273
0.00107334991909
0.000921939211864
0.000788926106656
0.000672460978319
0.000570836642954
0.000482481600889
0.000405953238424
0.00033993102416
0.000283209733518
0.000234692732864
0.000193385352361
0.00015838837434
0.000128891661626
0.000104167947892
8.35668097537e-05
6.650883796e-05
5.24800227309e-05
4.10263660191e-05
3.17487312526e-05
2.42979389694e-05
1.83701146837e-05
1.37022933347e-05
1.00682827788e-05
7.27478699898e-06
5.15778801984e-06
3.57918395409e-06
2.42367915524e-06
1.59592112458e-06
1.01787761769e-06
6.26446317936e-07
3.71288492992e-07
2.1287722459e-07
1.20750100376e-07
7.195567782e-08
4.96825707895e-08
4.20596661137e-08
4.11157459602e-08
4.18866673262e-08
4.16582269608e-08
3.93329127097e-08
3.49089042546e-08
2.90599307987e-08
2.28049134205e-08
1.72567083034e-08
1.34397164333e-08
1.216662807e-08
1.39651187569e-08
1.90459002285e-08
2.73041467946e-08
3.83469582139e-08
5.15401764988e-08
6.60685395199e-08
8.10038219875e-08
9.5376277969e-08
1.08245352518e-07
1.18766267589e-07
1.26249703964e-07
1.30212391662e-07
1.30416981902e-07
1.26900100403e-07
1.19987971221e-07
1.102994498e-07
9.87367109958e-08
8.6464200949e-08
7.48767794419e-08
6.55582511425e-08
6.0231709613e-08
6.07032973999e-08
6.88011196128e-08
8.63111382603e-08
1.14911921781e-07
1.56110130588e-07
2.11178587318e-07
2.81098712364e-07
3.66509004122e-07
4.67661112161e-07
5.84384893675e-07
7.16063662454e-07
8.61620638886e-07
1.01951739282e-06
1.18776484225e-06
1.36394713336e-06
1.54525848562e-06
1.72855284215e-06
1.9104059252e-06
2.08718906172e-06
2.25515391858e-06
2.41052707353e-06
2.54961315028e-06
2.66890506536e-06
2.76519977456e-06
2.83571776851e-06
2.87822445333e-06
2.89115146345e-06
2.87371589211e-06
2.82603539053e-06
2.74923708036e-06
2.64555824579e-06
2.51843682118e-06
2.37258976769e-06
2.21407753595e-06
2.05035294156e-06
1.89029293419e-06
1.74421191752e-06
1.62385547439e-06
1.54237356786e-06
1.51427252082e-06
1.55534532319e-06
1.6825800729e-06
1.91404662278e-06
2.26876177663e-06
2.76653365174e-06
3.42778609863e-06
4.27336433887e-06
5.32432324561e-06
6.60169994608e-06
8.12627266748e-06
9.91830797529e-06
1.1997298763e-05
1.4381695542e-05
1.70886337493e-05
2.01336599311e-05
2.3530459783e-05
2.72905911103e-05
3.14232248385e-05
3.59348972288e-05
4.08292764566e-05
4.61069466763e-05
5.17652126302e-05
5.77979277656e-05
6.41953486945e-05
7.09440186729e-05
7.80266825877e-05
8.54222357231e-05
9.31057083333e-05
0.000101048287781
0.000109217379708
0.000117576709388
0.000126086464082
0.000134703476877
0.000143381452108
0.000152071232105
0.000160721104642
0.000169277150048
0.000177683626595
0.000185883392369
0.000193818361487
0.000201429992116
0.000208659803451
0.000215449918432
0.00022174362868
0.000227485977845
0.000232624359273
0.000237109123668
0.000240894192219
0.000243937670463
0.000246202458026
0.000247656849271
0.000248275119817
0.000248038093823
0.000246933687009
0.000244957420351
0.000242112899533
0.000238412255341
0.000233876540353
0.000228536077491
0.000222430756243
0.000215610272642
0.000208134309407
0.00020007265301
0.000191505244799
0.000182522163734
0.000173223538713
0.000163719388938
0.000154129391246
0.000144582573819
0.000135216936218
0.000126178996168
0.000117623264087
0.000109711646852
0.000102612782822
9.65013106765e-05
9.15570751101e-05
8.79642729411e-05
8.59105436644e-05
8.55860089337e-05
8.71822658986e-05
9.08913397215e-05
9.6904600982e-05
0.00010541165401
0.000116599202499
0.000130649899013
0.000147741185223
0.000168044129894
0.000191722271771
0.000218930474602
0.000249813801582
0.000284506416486
0.000323130518698
0.000365795319252
0.00041259606483
0.000463613116469
0.000518911089465
0.000578538060694
0.000642524849195
0.000710884375504
0.000783611104805
0.00086068057848
0.000942049038195
0.00102765314608
0.00111740980404
0.0012112160747
0.00130894920576
0.00141046675908
0.00151560684511
0.00162418846259
0.00173601194298
0.00185085949822
0.00196849586996
0.0020886690777
0.0022111112627
0.00233553962381
0.00246165744103
0.00258915518175
0.00271771168443
0.00284699541364
0.00297666578023
0.00310637451984
0.00323576712251
0.00336448430598
0.00349216352488
0.00361844050777
0.00374295081387
0.00386533140104
0.00398522219668
0.00410226766301
0.00421611834823
0.00432643241524
0.00443287713966
0.00453513036889
0.00463288193457
0.00472583501057
0.0048137074094
0.00489623281006
0.00497316191062
0.00504426349977
0.0051093254414
0.00516815556721
0.00522058247295
0.00526645621399
0.00530564889704
0.00533805516518
0.00536359257392
0.00538220185686
0.00539384708007
0.00539851568477
0.00539621841889
0.0053869891584
0.00537088462014
0.00534798396834
0.00531838831774
0.00528222013669
0.00523962255427
0.00519075857583
0.005135810212
0.00507497752667
0.00500847760958
0.00493654347998
0.00485942292782
0.00477737729932
0.00469068023404
0.00459961636077
0.00450447995967
0.00440557359833
0.00430320674912
0.00419769439584
0.00408935563689
0.00397851229276
0.00386548752508
0.00375060447448
0.00363418492425
0.00351654799661
0.00339800888788
0.00327887764889
0.00315945801616
0.00304004629931
0.00292093032972
0.00280238847473
0.00268468872154
0.00256808783431
0.00245283058746
0.00233914907768
0.00222726211672
0.00211737470632
0.00200967759629
0.00190434692623
0.00180154395062
0.00170141484691
0.0016040906053
0.00150968699893
0.00141830463214
0.00133002906466
0.00124493100869
0.00116306659567
0.00108447770926
0.00100919238044
0.000937225240723
0.000868578028893
0.0008032401467
0.000741189258593
0.000682391930542
0.000626804302817
0.000574372791574
0.000525034814015
0.00047871953193
0.000435348608446
0.000394836972879
0.000357093588696
0.000322022219743
0.000289522190023
0.000259489132556
0.000231815723039
0.000206392394273
0.000183108027616
0.000161850617974
0.000142507909184
0.000124967996923
0.000109119896643
9.48540743446e-05
8.20629383566e-05
7.064129064e-05
6.04867364789e-05
5.15000517656e-05
4.35855074342e-05
3.66511509264e-05
3.06090449007e-05
2.53754637068e-05
2.08710484468e-05
1.70209217263e-05
1.37547634625e-05
1.10068493615e-05
8.71605389946e-06
6.82581984537e-06
5.28409653694e-06
4.04324927872e-06
3.05994235664e-06
2.29499826761e-06
1.7132358397e-06
1.28328997059e-06
9.77415738252e-07
7.71279639683e-07
6.43740691036e-07
5.76624076417e-07
5.54489964484e-07
5.64400022443e-07
5.95684047743e-07
6.39709010136e-07
6.89652652372e-07
7.40283638503e-07
7.87750066247e-07
8.29377976208e-07
8.63481297849e-07
8.89184471994e-07
9.06258784458e-07
9.14973237146e-07
9.15960573713e-07
9.1009886874e-07
8.98408884279e-07
8.819671975e-07
8.61834909995e-07
8.39001564645e-07
8.14343721715e-07
7.88597483338e-07
7.62344106386e-07
7.36007708992e-07
7.0986395695e-07
6.84058513674e-07
6.58633952259e-07
6.33563760938e-07
6.08792024381e-07
5.84277332993e-07
5.60039460733e-07
5.36207358911e-07
5.13067038455e-07
4.91107956021e-07
4.71066579139e-07
4.53965881763e-07
4.41149612925e-07
4.34310286726e-07
4.35509960279e-07
4.47192996106e-07
4.72190145346e-07
5.13713436436e-07
5.75341508934e-07
6.60995192176e-07
7.74903291695e-07
9.21558710969e-07
1.10566520024e-06
1.33207518611e-06
1.60571929339e-06
1.93152832277e-06
2.31434859213e-06
2.75885168457e-06
3.26943977041e-06
3.85014778264e-06
4.50454382337e-06
5.23562926242e-06
6.04574005673e-06
6.93645086946e-06
7.90848360051e-06
8.96162195474e-06
1.00946336692e-05
1.13052019978e-05
1.25898680077e-05
1.39439851823e-05
1.53616877416e-05
1.68358739947e-05
1.83582059207e-05
1.99191260413e-05
2.15078924973e-05
2.31126330804e-05
2.47204187895e-05
2.63173572941e-05
2.7888706487e-05
2.94190080981e-05
3.08922411282e-05
3.2291994639e-05
3.36016592136e-05
3.48046361783e-05
3.58845634514e-05
3.68255566689e-05
3.7612464019e-05
3.82311330157e-05
3.86686872418e-05
3.89138109089e-05
3.89570389112e-05
3.87910498946e-05
3.8410959725e-05
3.78146126219e-05
3.70028671244e-05
3.59798739843e-05
3.47533430242e-05
3.33347959759e-05
3.17398023068e-05
2.99881950698e-05
2.81042638596e-05
2.61169220348e-05
2.40598454689e-05
2.19715802238e-05
1.98956166928e-05
1.7880427943e-05
1.59794701929e-05
1.42511435886e-05
1.27587116945e-05
1.15701783874e-05
1.07581211314e-05
1.03994799227e-05
1.05753015138e-05
1.1370438865e-05
1.28732061166e-05
1.51749897308e-05
1.83698168131e-05
2.2553881983e-05
2.78250345322e-05
3.42822279635e-05
4.202493436e-05
5.11525263819e-05
6.17636300195e-05
7.39554515539e-05
8.78230824775e-05
0.000103458786414
0.000120951272337
0.000140384958616
0.000161839232645
0.000185387710978
0.000211097505029
0.000239028497561
0.000269232635204
0.000301753242338
0.000336624361675
0.000373870126825
0.000413504172083
0.000455529084576
0.000499935903738
0.000546703672916
0.000595799047694
0.000647175965249
0.000700775378765
0.000756525060608
0.000814339477606
0.000874119741359
0.000935753636125
0.000999115726343
0.00106406754541
0.0011304578668
0.00119812305818
0.00126688751851
0.00133656419774
0.00140695519811
0.00147785245544
0.00154903849827
0.0016202872824
0.0016913650974
0.00176203154148
0.00183204056054
0.00190114154659
0.00196908049037
0.0020356011825
0.00210044645717
0.00216335947174
0.0022240850157
0.0022823708416
0.00233796901072
0.0023906372458
0.00244014028301
0.00248625121524
0.00252875281858
0.00256743885408
0.00260211533651
0.00263260176226
0.00265873228847
0.00268035685563
0.00269734224609
0.0027095730714
0.00271695268142
0.00271940398869
0.00271687020194
0.002709315463
0.00269672538205
0.00267910746633
0.00265649143855
0.00262892944119
0.00259649612417
0.00255928861345
0.00251742635928
0.00247105086317
0.00242032528353
0.00236543392067
0.00230658158248
0.00224399283285
0.00217791112572
0.00210859782819
0.00203633113695
0.00196140489288
0.00188412729942
0.0018048195508
0.0017238143769
0.00164145451206
0.00155809109572
0.00147408201306
0.0013897901845
0.00130558181306
0.00122182459907
0.00113888593193
0.00105713106873
0.000976921309917
0.00089861218211
0.000822551638216
0.000749078285055
0.000678519648539
0.000611190486311
0.000547391157564
0.00048740605944
0.000431502139124
0.000379927490319
0.000332910042371
0.0002906563498
0.000253350489456
0.000221153071921
0.000194200373146
0.000172603591641
0.000156448235813
0.000145793645334
0.000140672649623
0.000141091365764
0.000147029137368
0.000158438615071
0.000175245978539
0.00019735129903
0.000224629040737
0.000256928698338
0.000294075567355
0.000335871643179
0.000382096643836
0.000432509150857
0.000486847861913
0.000544832948231
0.000606167509166
0.000670539115785
0.000737621434733
0.000807075923243
0.000878553585694
0.000951696781805
0.00102614107622
0.00110151711903
0.00117745254664
0.00125357389213
0.00132950849454
0.00140488639614
0.00147934221707
0.001552516997
0.00162405999327
0.00169363042578
0.00176089915874
0.00182555031021
0.00188728278044
0.00194581169095
0.00200086972634
0.00205220837196
0.00209959904072
0.00214283408339
0.00218172767729
0.00221611658888
0.00224586080687
0.00227084404294
0.00229097409808
0.00230618309351
0.00231642756561
0.00232168842549
0.00232197078441
0.00231730364712
0.00230773947588
0.00229335362889
0.00227424367737
0.00225052860637
0.00222234790497
0.0021898605522
0.00215324390566
0.00211269250023
0.00206841676476
0.00202064166525
0.00196960528316
0.00191555733802
0.00185875766356
0.00179947464705
0.00173798364148
0.00167456536034
0.00160950426479
0.00154308695302
0.00147560056139
0.00140733118686
0.00133856233998
0.00126957343731
0.00120063834211
0.00113202396133
0.00106398890687
0.000996782228379
0.000930642224377
0.000865795337978
0.000802455142827
0.000740821424247
0.00068107935995
0.000623398803967
0.000567933676753
0.000514821463724
0.000464182823754
0.000416121308427
0.000370723192141
0.000328057412423
0.000288175619119
0.00025111233043
0.000216885193111
0.000185495343475
0.000156927865255
0.000131152339784
0.000108123483402
8.77818664871e-05
7.00547080577e-05
5.4856739448e-05
4.20911302079e-05
3.16504690389e-05
2.34177923135e-05
1.72676525042e-05
1.30672186825e-05
1.06774011398e-05
9.95399212393e-06
1.07488146871e-05
1.29108716936e-05
1.62874871421e-05
2.07254321203e-05
2.60720279159e-05
3.21762190719e-05
3.88896094769e-05
4.60674549344e-05
5.35696060453e-05
6.12613956691e-05
6.90144656937e-05
7.67075283422e-05
8.4227057768e-05
9.14679082396e-05
9.83338557831e-05
0.000104738060737
0.000110603449266
0.000115863012491
0.000120460022484
0.000124348164997
0.000127491589389
0.000129864876786
0.000131452928118
0.000132250774209
0.000132263310629
0.00013150496056
0.000129999269363
0.000127778435035
0.000124882779106
0.000121360162965
0.000117265354881
0.00011265935333
0.000107608672475
0.000102184595835
9.64624043836e-05
9.05205853859e-05
8.44400283901e-05
7.83032147803e-05
7.21934072877e-05
6.61938457774e-05
6.03869555059e-05
5.48535738863e-05
4.96722015851e-05
4.49182835283e-05
4.06635251094e-05
3.69752485622e-05
3.39157941089e-05
3.15419701009e-05
2.99045559544e-05
2.90478612393e-05
2.90093438186e-05
2.98192894517e-05
3.15005547823e-05
3.40683751239e-05
3.75302379444e-05
4.18858224378e-05
4.71270050541e-05
5.32379303525e-05
6.01951460404e-05
6.79678005759e-05
7.65179012338e-05
8.58006300893e-05
9.57647149363e-05
0.000106352851758
0.000117502174985
0.000129144771441
0.000141208233549
0.000153616247109
0.000166289208714
0.000179144867668
0.000192098987119
0.000205066018985
0.000217959787205
0.00023069417378
0.000243183802102
0.000255344712108
0.00026709502189
0.000278355570538
0.000289050537149
0.000299108031147
0.00030846064933
0.000317045995309
0.000324807157343
0.000331693140909
0.000337659252706
0.000342667433212
0.000346686535301
0.000349692546882
0.000351668755953
0.000352605856935
0.000352501997612
0.000351362766467
0.000349201120694
0.000346037255607
0.000341898416655
0.000336818655679
0.000330838533507
0.000324004771386
0.00031636985416
0.000307991588474
0.000298932619655
0.000289259911213
0.000279044191225
0.000268359370121
0.0002572819346
0.000245890322613
0.000234264284491
0.000222484235401
0.000210630604406
0.000198783185408
0.00018702049527
0.000175419144345
0.000164053224562
0.000152993720073
0.000142307945323
0.000132059015166
0.000122305351443
0.00011310023013
0.000104491372877
9.65205864254e-05
8.92234529942e-05
8.26290743812e-05
7.67598720753e-05
7.16314452681e-05
6.72524881996e-05
6.36247678145e-05
6.07431622414e-05
5.85957601332e-05
5.71640204319e-05
5.64229916504e-05
5.6341589294e-05
5.68829295848e-05
5.8004717208e-05
5.96596843608e-05
6.17960779772e-05
6.43581916045e-05
6.72869380425e-05
7.05204585138e-05
7.3994763824e-05
7.76444026903e-05
8.14031521738e-05
8.52047249417e-05
8.89834879151e-05
9.2675186727e-05
9.62176703236e-05
9.95516099912e-05
0.000102621207086
0.000105374883769
0.000107765951139
0.00010975324925
0.00011130175368
0.000112383143498
0.00011297632572
0.000113067911612
0.000112652640507
0.000111733747149
0.000110323268925
0.000108442289793
0.000106121118071
0.000103399395769
0.000100326137564
9.69596980232e-05
9.33676661718e-05
8.96266870163e-05
8.58222101306e-05
8.20481659452e-05
7.84065708832e-05
7.50070630014e-05
7.19663702945e-05
6.94077143137e-05
6.74601522232e-05
6.62578608779e-05
6.59393669391e-05
6.66467274579e-05
6.85246657379e-05
7.17196676437e-05
7.63790438391e-05
8.26499637296e-05
9.06784671248e-05
0.000100608459853
0.000112580699724
0.00012673177936
0.000143193112516
0.000162089930518
0.000183540295486
0.00020765413692
0.000234532318172
0.000264265739159
0.000296934481522
0.000332607002201
0.000371339381138
0.000413174628522
0.000458142056667
0.000506256721219
0.000557518936009
0.000611913865427
0.000669411197727
0.000729964902205
0.000793513072675
0.000859977859142
0.000929265489055
0.00100126637896
0.0010758553368
0.0011528918546
0.00123222049072
0.0013136713401
0.00139706059085
0.00148219116437
0.0015688534362
0.00165682603403
0.00174587670881
0.00183576327456
0.00192623461198
0.00201703173046
0.00210788888299
0.00219853472778
0.00228869353037
0.00237808639964
0.00246643255091
0.00255345058915
0.00263885980521
0.0027223814778
0.00280374017409
0.00288266504147
0.00295889108346
0.0030321604125
0.00310222347263
0.00316884022528
0.00323178129148
0.00329082904416
0.00334577864446
0.00339643901625
0.00344263375354
0.00348420195573
0.00352099898622
0.00355289715008
0.0035797862874
0.00360157427891
0.0036181874614
0.00362957095087
0.00363568887164
0.00363652449064
0.00363208025622
0.0036223777418
0.00360745749467
0.00358737879143
0.00356221930163
0.00353207466182
0.00349705796286
0.00345729915362
0.0034129443648
0.00336415515697
0.00331110769744
0.00325399187079
0.00319301032835
0.00312837748236
0.0030603184504
0.00298906795652
0.0029148691951
0.00283797266414
0.00275863497447
0.00267711764161
0.00259368586692
0.00250860731501
0.00242215089378
0.00233458554398
0.00224617904466
0.0021571968408
0.00206790089945
0.00197854860006
0.00188939166485
0.00180067513444
0.00171263639389
0.00162550425367
0.00153949809004
0.00145482704864
0.00137168931472
0.00129027145323
0.00121074782117
0.00113328005448
0.00105801663102
0.000985092510972
0.00091462885523
0.000846732822119
0.000781497442189
0.000719001570388
0.000659309914476
0.000602473138099
0.00054852803652
0.000497497782584
0.000449392240136
0.000404208341712
0.000361930527018
0.000322531238389
0.000285971469111
0.000252201360298
0.000221160841711
0.000192780311798
0.000166981352016
0.000143677470399
0.000122774869249
0.000104173231761
8.77665223778e-05
7.34437956758e-05
6.10900086438e-05
5.05868312773e-05
4.1813450532e-05
3.46473628172e-05
2.89651503786e-05
2.46432371183e-05
2.15586196211e-05
1.9589569405e-05
1.8616302682e-05
1.85216142046e-05
1.91914720798e-05
2.05155707565e-05
2.23878397271e-05
2.470690583e-05
2.73765073948e-05
3.03058588339e-05
3.34099646453e-05
3.66098821581e-05
3.9832932714e-05
4.30128613361e-05
4.60899452898e-05
4.90110522824e-05
5.17296493799e-05
5.42057640405e-05
5.64058989645e-05
5.83029027502e-05
5.98757986112e-05
6.11095736583e-05
6.19949314762e-05
6.25280109253e-05
6.27100742797e-05
6.25471679649e-05
6.20497592864e-05
6.12323526423e-05
6.01130887873e-05
5.87133307643e-05
5.70572401403e-05
5.51713471788e-05
5.30841185498e-05
5.08255261209e-05
4.84266202919e-05
4.59191112312e-05
4.33349612406e-05
4.07059913303e-05
3.80635049112e-05
3.54379313259e-05
3.28584917329e-05
3.03528896372e-05
2.79470281258e-05
2.5664755619e-05
2.35276416939e-05
2.15547842686e-05
1.9762649168e-05
1.81649428172e-05
1.67725185303e-05
1.55933165886e-05
1.46323380283e-05
1.38916517853e-05
1.3370434584e-05
1.30650427001e-05
1.29691144797e-05
1.3073702263e-05
1.33674321407e-05
1.38366897591e-05
1.4465830202e-05
1.52374097998e-05
1.61324375607e-05
1.713064378e-05
1.8210763265e-05
1.93508305166e-05
2.05284841312e-05
2.17212776301e-05
2.29069938921e-05
2.40639603509e-05
2.5171362129e-05
2.62095503109e-05
2.71603426082e-05
2.80073137434e-05
2.87360729684e-05
2.93345262449e-05
2.97931207415e-05
3.01050694482e-05
3.02665538672e-05
3.02769029164e-05
3.01387463666e-05
2.98581413362e-05
2.94446705729e-05
2.89115114722e-05
2.82754750049e-05
2.75570139588e-05
2.67802001276e-05
2.59726703206e-05
2.51655412987e-05
2.43932939756e-05
2.3693627455e-05
2.31072836997e-05
2.26778438468e-05
2.24514973941e-05
2.24767856883e-05
2.28043213311e-05
2.34864853034e-05
2.45771037724e-05
2.61311066959e-05
2.82041704794e-05
3.08523470578e-05
3.41316818787e-05
3.80978233517e-05
4.28056263941e-05
4.83087527551e-05
5.46592708301e-05
6.19072576909e-05
7.01004060502e-05
7.92836388544e-05
8.94987341562e-05
0.000100783962856
0.000113173741823
0.000126698304818
0.000141383393514
0.000157249970798
0.000174313958398
0.000192586000707
0.000212071256535
0.000232769220316
0.000254673574139
0.000277772071755
0.000302046455511
0.00032747240697
0.000354019531751
0.000381651378901
0.000410325494917
0.0004399935123
0.000470601272305
0.000502088981368
0.000534391400437
0.00056743806628
0.000601153543603
0.000635457706662
0.000670266048833
0.000705490018488
0.000741037379303
0.000776812593051
0.000812717222726
0.000848650353796
0.00088450903123
0.00092018870987
0.000955583715663
0.000990587715178
0.00102509419082
0.00105899691913
0.00109219044946
0.00112457058059
0.00115603483237
0.00118648291017
0.00121581715938
0.00124394300761
0.00127076939221
0.00129620917092
0.00132017951334
0.00134260227136
0.00136340432656
0.00138251791279
0.00139988091244
0.00141543712481
0.0014291365055
0.00144093537542
0.00145079659888
0.00145868972962
0.0014645911245
0.00146848402442
0.00147035860213
0.00147021197717
0.00146804819789
0.00146387819112
0.00145771967981
0.0014495970696
0.00143954130489
0.0014275896958
0.0014137857168
0.00139817877872
0.00138082397528
0.00136178180591
0.00134111787645
0.00131890257954
0.0012952107566
0.00127012134324
0.00124371700026
0.00121608373222
0.00118731049559
0.00115748879886
0.00112671229638
0.00109507637846
0.00106267775951
0.00102961406659
0.000995983430241
0.0009618840797
0.0009274139445
0.00089267026425
0.000857749208482
0.00082274550826
0.00078775210121
0.000752859791472
0.000718156926028
0.000683729088688
0.000649658812938
0.000616025314695
0.000582904245921
0.000550367469885
0.000518482858737
0.000487314113952
0.000456920610008
0.000427357261602
0.000398674414506
0.000370917760084
0.000344128273339
0.000318342174244
0.000293590911982
0.000269901171621
0.000247294902624
0.000225789368498
0.00020539721679
0.000186126568553
0.000167981126295
0.000150960299395
0.000135059345856
0.000120269529235
0.000106578289527
9.3969426747e-05
8.24232958953e-05
7.19170120031e-05
6.24246639021e-05
5.39175353731e-05
4.63643323195e-05
3.97314146197e-05
3.39830313257e-05
2.90815578962e-05
2.49877341818e-05
2.16609019143e-05
1.90592404917e-05
1.71399998987e-05
1.5859729656e-05
1.51745027449e-05
1.50401335184e-05
1.5412388675e-05
1.62471904376e-05
1.75008111543e-05
1.91300586109e-05
2.10924514184e-05
2.33463839198e-05
2.58512801337e-05
2.85677363336e-05
3.14576519386e-05
3.44843484657e-05
3.76126763742e-05
4.08091097044e-05
4.40418284833e-05
4.72807889448e-05
5.04977816748e-05
5.36664778575e-05
5.67624638601e-05
5.97632644496e-05
6.26483549898e-05
6.53991630141e-05
6.79990596173e-05
7.04333411475e-05
7.26892017186e-05
7.47556970919e-05
7.66237005064e-05
7.82858510579e-05
7.97364952436e-05
8.09716223078e-05
8.19887940272e-05
8.27870695829e-05
8.33669261678e-05
8.37301759709e-05
8.38798801774e-05
8.382026061e-05
8.35566096237e-05
8.30951988485e-05
8.24431873558e-05
8.16085297987e-05
8.05998850536e-05
7.9426525862e-05
7.80982499398e-05
7.66252929953e-05
7.5018244059e-05
7.32879634986e-05
7.1445504057e-05
6.9502035215e-05
6.74687711483e-05
6.53569025085e-05
6.31775322272e-05
6.09416155054e-05
5.86599041149e-05
5.6342895109e-05
5.40007840032e-05
5.16434224593e-05
4.9280280473e-05
4.69204130403e-05
4.45724312481e-05
4.22444777122e-05
3.99442062598e-05
3.7678765736e-05
3.54547877894e-05
3.32783784805e-05
3.11551135343e-05
2.90900370524e-05
2.70876634809e-05
2.51519826277e-05
2.32864675096e-05
2.14940848082e-05
1.9777307707e-05
1.81381308806e-05
1.6578087408e-05
1.50982673808e-05
1.36993379808e-05
1.23815648072e-05
1.1144834236e-05
9.98867660262e-06
8.91229000709e-06
7.9145645473e-06
6.99410679787e-06
6.14926436085e-06
5.37815032579e-06
4.67866748789e-06
4.04853218484e-06
3.48529762457e-06
2.98637658865e-06
2.54906340801e-06
2.17055511992e-06
1.84797172728e-06
1.57837549305e-06
1.35878921411e-06
1.18621343045e-06
1.05764253577e-06
9.70079766554e-07
9.20551055907e-07
9.06117748e-07
9.23888177479e-07
9.71028126122e-07
1.04477017639e-06
1.14242198814e-06
1.26137353066e-06
1.39910330759e-06
1.55318361663e-06
1.72128489014e-06
1.90117916554e-06
2.09074273758e-06
2.28795804588e-06
2.49091485299e-06
2.69781076874e-06
2.90695117708e-06
3.11674862118e-06
3.3257217021e-06
3.53249354492e-06
3.73578988504e-06
3.93443682523e-06
4.12735831201e-06
4.31357337745e-06
4.49219318998e-06
4.66241795478e-06
4.82353370155e-06
4.97490899431e-06
5.1159915949e-06
5.24630510836e-06
5.36544563576e-06
5.4730784563e-06
5.56893475806e-06
5.65280843326e-06
5.72455295144e-06
5.78407832091e-06
5.83134814645e-06
5.86637678868e-06
5.88922662826e-06
5.90000543612e-06
5.89886384878e-06
5.8859929464e-06
5.86162192959e-06
5.82601588967e-06
5.77947366603e-06
5.72232578345e-06
5.65493246127e-06
5.57768168625e-06
5.49098734004e-06
5.39528737261e-06
5.29104201263e-06
5.17873200613e-06
5.05885687491e-06
4.93193318694e-06
4.79849283115e-06
4.65908128999e-06
4.51425590367e-06
4.36458412116e-06
4.21064173338e-06
4.05301108576e-06
3.89227926742e-06
3.72903627628e-06
3.5638731594e-06
3.39738012994e-06
3.23014466233e-06
3.06274956881e-06
2.89577106131e-06
2.72977680361e-06
2.5653239598e-06
2.40295724564e-06
2.24320699058e-06
2.08658721878e-06
1.93359375804e-06
1.78470238636e-06
1.64036702625e-06
1.50101799723e-06
1.36706033752e-06
1.23887220583e-06
1.11680337454e-06
1.00117382553e-06
8.92272459589e-07
7.9035593052e-07
6.95647614402e-07
6.08336724308e-07
5.28577580103e-07
4.56489042411e-07
3.92154119074e-07
3.35619751627e-07
2.86896788377e-07
2.45960149681e-07
2.12749189903e-07
1.87168259368e-07
1.69087468367e-07
1.58343653955e-07
1.54741548903e-07
1.5805515071e-07
1.68029287156e-07
1.84381373307e-07
2.06803353394e-07
2.34963819432e-07
2.68510296891e-07
3.07071686216e-07
3.50260847462e-07
3.97677313853e-07
4.4891011865e-07
5.03540718334e-07
5.61145993856e-07
6.21301310483e-07
6.83583615689e-07
7.47574553579e-07
8.12863573466e-07
8.79051009534e-07
9.45751107972e-07
1.01259497757e-06
1.07923343959e-06
1.14533975267e-06
1.21061218868e-06
1.27477643596e-06
1.33758780668e-06
1.39883322624e-06
1.45833298313e-06
1.51594221956e-06
1.57155214385e-06
1.62509094787e-06
1.67652441435e-06
1.7258562009e-06
1.77312779008e-06
1.81841809706e-06
1.86184272906e-06
1.90355289362e-06
1.94373395549e-06
1.98260364501e-06
2.02040992392e-06
2.05742851772e-06
2.09396012686e-06
2.13032733234e-06
2.16687121446e-06
2.20394770672e-06
2.24192370986e-06
2.28117299414e-06
2.32207192092e-06
2.36499501714e-06
2.41031043896e-06
2.45837536313e-06
2.50953134675e-06
2.56409969773e-06
2.62237689986e-06
2.68463013751e-06
2.75109296567e-06
2.8219611716e-06
2.8973888741e-06
2.97748490625e-06
3.06230952639e-06
3.151871501e-06
3.24612560117e-06
3.34497055233e-06
3.44824747417e-06
3.55573884467e-06
3.66716801844e-06
3.78219932591e-06
3.90043877531e-06
4.02143537477e-06
4.14468308683e-06
4.26962342227e-06
4.39564867432e-06
4.52210578873e-06
4.64830085886e-06
4.77350422874e-06
4.89695618079e-06
5.01787317855e-06
5.13545462815e-06
5.24889011653e-06
5.35736707755e-06
5.46007883188e-06
5.55623294044e-06
5.64505980599e-06
5.72582145251e-06
5.79782040743e-06
5.86040860775e-06
5.91299624782e-06
5.95506048347e-06
5.98615390519e-06
6.0059126916e-06
6.01406435371e-06
6.01043498061e-06
5.99495589809e-06
5.9676696537e-06
5.92873524395e-06
5.87843250339e-06
5.81716557922e-06
5.74546542076e-06
5.66399121871e-06
5.57353073677e-06
5.47499948512e-06
5.36943869453e-06
5.2580120585e-06
5.14200122116e-06
5.02279999884e-06
4.90190733438e-06
4.78091899462e-06
4.66151803342e-06
4.54546405452e-06
4.43458132083e-06
4.33074576909e-06
4.23587100096e-06
4.15189333385e-06
4.08075600651e-06
4.02439264581e-06
3.98471011208e-06
3.96357085075e-06
3.96277488728e-06
3.98404161146e-06
4.02899150435e-06
4.09912796829e-06
4.19581942533e-06
4.32028185397e-06
4.47356193674e-06
4.65652099251e-06
4.8698198672e-06
5.11390495518e-06
5.38899551983e-06
5.69507247723e-06
6.03186880003e-06
6.3988616905e-06
6.79526666156e-06
7.22003365339e-06
7.67184529966e-06
8.14911744318e-06
8.65000198419e-06
9.17239212735e-06
9.71393007468e-06
1.02720171914e-05
1.08438266511e-05
1.14263185452e-05
1.20162574173e-05
1.26102321634e-05
1.32046782107e-05
1.37959018701e-05
1.43801067279e-05
1.49534219234e-05
1.55119321341e-05
1.60517090688e-05
1.6568844248e-05
1.70594828287e-05
1.75198582167e-05
1.79463271859e-05
1.83354052159e-05
1.86838017385e-05
1.89884549794e-05
1.92465660678e-05
1.94556320813e-05
1.96134776931e-05
1.97182850827e-05
1.97686217782e-05
1.97634660998e-05
1.97022298871e-05
1.95847781988e-05
1.94114456932e-05
1.91830494144e-05
1.89008977286e-05
1.85667951818e-05
1.81830430776e-05
1.77524356021e-05
1.7278251358e-05
1.67642402063e-05
1.62146053505e-05
1.56339806399e-05
1.5027403112e-05
1.44002808352e-05
1.37583561626e-05
1.31076645502e-05
1.24544891429e-05
1.18053113784e-05
1.11667579053e-05
1.0545544161e-05
9.94841499824e-06
9.38208279706e-06
8.85316353823e-06
8.36811135836e-06
7.93315214258e-06
7.55421674684e-06
7.23687447316e-06
6.98626744876e-06
6.80704658344e-06
6.70330979815e-06
6.67854323151e-06
6.7355661393e-06
6.87648020446e-06
7.10262397229e-06
7.41453311575e-06
7.81190722044e-06
8.2935837564e-06
8.8575198755e-06
9.50078263745e-06
1.0219548226e-05
1.1009110668e-05
1.18639005132e-05
1.27775138719e-05
1.37427521388e-05
1.47516726604e-05
1.57956505225e-05
1.68654515527e-05
1.79513165418e-05
1.90430565993e-05
2.01301594572e-05
2.12019064412e-05
2.2247499725e-05
2.32561993794e-05
2.42174696248e-05
2.51211335907e-05
2.59575357811e-05
2.67177113425e-05
2.73935611312e-05
2.79780314771e-05
2.84652974506e-05
2.88509483467e-05
2.91321740207e-05
2.93079506306e-05
2.93792242733e-05
2.93490909388e-05
2.92229711575e-05
2.90087776678e-05
2.87170744056e-05
2.83612250889e-05
2.79575296673e-05
2.75253469061e-05
2.70872013898e-05
2.66688732588e-05
2.62994690375e-05
2.60114719632e-05
2.58407702998e-05
2.58266621989e-05
2.60118357739e-05
2.64423231583e-05
2.71674274497e-05
2.8239621574e-05
2.97144182597e-05
3.16502104717e-05
3.41080818322e-05
3.71515867382e-05
4.08465000841e-05
4.52605367011e-05
5.04630408374e-05
5.65246462247e-05
6.35169074998e-05
7.15119039808e-05
8.05818170309e-05
9.07984824756e-05
0.000102232919774
0.00011495483988
0.000129032133951
0.000144530345299
0.000161512127189
0.000180036689297
0.000200159235854
0.000221930398672
0.000245395668447
0.000270594827872
0.000297561390263
0.000326322047496
0.000356896131202
0.000389295091207
0.000423521995325
0.000459571054593
0.000497427178106
0.000537065561577
0.000578451313717
0.000621539124482
0.000666272979119
0.000712585921877
0.000760399873045
0.000809625502865
0.000860162165634
0.000911897897096
0.000964709477976
0.00101846256622
0.00107301190022
0.00112820157492
0.00118386539244
0.00123982728842
0.00129590183482
0.00135189481973
0.00140760390401
0.0014628193544
0.00151732485211
0.00157089837556
0.00162331315535
0.00167433869914
0.00172374188365
0.00177128811036
0.00181674252135
0.00185987127076
0.0019004428474
0.00193822944317
0.00197300836183
0.00200456346201
0.0020326866281
0.00205717926228
0.00207785379047
0.0020945351749
0.00210706242545
0.0021152901019
0.00211908979882
0.0021183516049
0.00211298552806
0.00210292287787
0.00208811759671
0.00206854753099
0.0020442156339
0.00201515109122
0.00198141036191
0.00194307812533
0.00190026812724
0.001853123917
0.0018018194687
0.00174655967947
0.00168758073839
0.00162515036032
0.00155956787901
0.00149116419483
0.00142030157278
0.00134737328737
0.00127280311122
0.00119704464551
0.00112058049055
0.001043921256
0.000967604410753
0.00089219297342
0.000818274045171
0.000746457187472
0.00067737264813
0.000611669439877
0.000550013276549
0.000493084372755
0.000441575113715
0.000396187602766
0.000357631094786
0.000326619324529
0.000303867739594
0.000290090648398
0.000285998294204
0.000292293866785
0.00030967046393
0.000338808015411
0.000380370182542
0.000435001246782
0.000503323001202
0.000585931658855
0.000683394792309
0.000796248318693
0.000924993544699
0.00107009428591
0.00123197407478
0.0014110134714
0.00160754749099
0.0018218631616
0.00205419722537
0.00230473399602
0.00257360338479
0.00286087910648
0.00316657707661
0.00349065400988
0.00383300622936
0.00419346869522
0.00457181426049
0.00496775316078
0.00538093274373
0.0058109374429
0.00625728899985
0.00671944693697
0.00719680928252
0.00768871354826
0.00819443795874
0.0087132029304
0.00924417279708
0.00978645777788
0.0103391161816
0.0109011568415
0.0114715417719
0.0120491890388
0.0126329758338
0.0132217417405
0.0138142921821
0.0144094020362
0.0150058194045
0.0156022695214
0.0161974587881
0.0167900789138
0.0173788111499
0.0179623305983
0.0185393105777
0.0191084270286
0.0196683629398
0.020217812778
0.0207554869009
0.0212801159375
0.021790455114
0.0222852885104
0.0227634332274
0.0232237434463
0.0236651143658
0.0240864859974
0.0244868468041
0.024865237167
0.0252207526639
0.0255525471475
0.0258598356093
0.0261418968165
0.0263980757122
0.0266277855677
0.0268305098789
0.0270058039975
0.027153296493
0.0272726902372
0.0273637632096
0.0274263690194
0.027460437143
0.0274659728778
0.0274430570107
0.0273918452072
0.0273125671218
0.0272055252358
0.0270710934292
0.0269097152927
0.0267219021885
0.0265082310709
0.0262693420751
0.0260059358876
0.0257187709093
0.0254086602267
0.0250764684025
0.0247231081035
0.0243495365798
0.023956752011
0.0235457897383
0.023117718396
0.0226736359641
0.0222146657555
0.0217419523581
0.0212566575493
0.0207599561989
0.0202530321805
0.0197370743072
0.0192132723089
0.0186828128681
0.0181468757309
0.0176066299085
0.0170632299835
0.0165178125373
0.0159714927107
0.015425360911
0.0148804796781
0.0143378807201
0.0137985621285
0.0132634857829
0.0127335749521
0.0122097120998
0.0116927369001
0.0111834444678
