1.0
0.999675048983
0.998700783504
0.997078964643
0.994812522073
0.991905545891
0.988363275226
0.984192083652
0.979399461484
0.97399399499
0.96798534262
0.961384208318
0.954202312029
0.946452357493
0.938147997447
0.929303796359
0.919935190829
0.910058447783
0.899690620632
0.888849503523
0.877553583861
0.86582199326
0.85367445709
0.841131242803
0.828213107202
0.814941242847
0.801337223766
0.78742295066
0.773220595785
0.758752547691
0.744041355994
0.729109676377
0.713980215969
0.6986756793
0.683218714991
0.667631863342
0.651937504975
0.636157810702
0.620314692739
0.604429757431
0.588524259606
0.572619058689
0.55673457669
0.540890758186
0.525107032369
0.509402277292
0.493794786348
0.478302237095
0.46294166246
0.447729424384
0.432681189954
0.417811910047
0.403135800513
0.3886663259
0.374416185741
0.360397303375
0.3466208173
0.333097075026
0.3198356294
0.306845237343
0.29413386097
0.281708671018
0.269576052519
0.257741612644
0.24621019064
0.234985869771
0.224071991167
0.213471169492
0.203185310318
0.193215629108
0.183562671697
0.174226336145
0.165205895873
0.15650002393
0.148106818309
0.14002382816
0.132248080803
0.124776109409
0.117603981235
0.110727326295
0.104141366346
0.0978409440833
0.0918205524293
0.0860743638038
0.0805962592782
0.0753798575084
0.0704185433485
0.0657054960552
0.0612337169929
0.0569960567574
0.0529852416402
0.0491938993604
0.0456145839973
0.0422398000629
0.0390620256583
0.0360737346628
0.0332674179151
0.0306356033439
0.0281708750204
0.0258658911018
0.0237134006489
0.0217062592989
0.0198374437876
0.0181000653134
0.0164873817455
0.0149928086823
0.01360992937
0.0123325034969
0.0111544748822
0.0100699780839
0.0090733439526
0.00815910416105
0.00732199474526
0.00655695869245
0.00585914761629
0.00522392256094
0.00464685397789
0.00412372092103
0.00365050950719
0.00322341069003
0.00283881739639
0.0024933210745
0.00218370770389
0.00190695331663
0.00166021907958
0.00144084598641
0.0012463492079
0.00107441214759
0.000922880249195
0.000789754600213
0.000673185375401
0.000571465161407
0.000483022202477
0.000406413605002
0.000340318536677
0.000283531453884
0.000234955388678
0.000193595324473
0.000158551687217
0.000129013976453
0.000104254558341
8.36226403173e-05
6.65384447465e-05
5.24875965951e-05
4.10157378921e-05
3.17233795232e-05
2.42609987595e-05
1.83243888514e-05
1.36502650328e-05
1.00121293914e-05
7.21639527496e-06
5.09877022023e-06
3.52089483121e-06
2.36723358142e-06
1.54221219198e-06
9.67595034693e-07
5.80094933227e-07
3.29206785319e-07
1.75255604146e-07
8.76488768654e-08
4.33225602655e-08
2.53695749715e-08
2.18393170774e-08
2.46964751382e-08
2.89273163795e-08
3.17815833091e-08
3.21382147681e-08
2.99832674857e-08
2.59886587021e-08
2.11806703825e-08
1.66875437041e-08
1.35559414328e-08
1.26265579691e-08
1.44597046388e-08
1.93022836533e-08
2.70881805436e-08
3.74647444002e-08
4.98386807036e-08
6.34353459354e-08
7.73660997973e-08
9.06990333533e-08
1.02529043714e-07
1.1204386236e-07
1.1858325965e-07
1.21689237692e-07
1.21145583323e-07
1.17005678604e-07
1.09607954718e-07
9.95788236939e-08
8.78233286671e-08
7.55041157238e-08
6.40096474887e-08
5.49128498093e-08
4.99216079024e-08
5.08227074087e-08
5.94209496436e-08
7.74752600584e-08
1.06633656072e-07
1.48368946917e-07
2.03917006197e-07
2.74219390114e-07
3.5987197352e-07
4.61081145336e-07
5.77628947609e-07
7.08848362095e-07
8.53609748305e-07
1.01031922119e-06
1.17692952867e-06
1.3509637528e-06
1.52955191754e-06
1.70948034374e-06
1.88725335259e-06
2.05916668506e-06
2.22139178054e-06
2.37006984544e-06
2.50141444582e-06
2.61182117852e-06
2.69798281615e-06
2.75700818413e-06
2.78654291479e-06
2.78489013595e-06
2.75112908965e-06
2.68522964352e-06
2.58816065034e-06
2.46199013413e-06
2.30997533022e-06
2.13664068435e-06
1.94784201943e-06
1.75081520783e-06
1.55420784051e-06
1.36809256033e-06
1.20396092306e-06
1.07469686502e-06
9.94529087327e-07
9.78961911644e-07
1.04468441848e-06
1.20945794332e-06
1.49198227561e-06
1.91174117802e-06
2.48882811506e-06
3.24375334861e-06
4.19723381971e-06
5.36996748887e-06
6.78239404731e-06
8.45444413743e-06
1.04052794287e-05
1.26530260835e-05
1.52145043137e-05
1.8104956869e-05
2.13377794174e-05
2.49242558607e-05
2.8873301692e-05
3.3191218528e-05
3.78814629479e-05
4.29444327363e-05
4.83772735641e-05
5.41737090416e-05
6.03238969542e-05
6.68143143286e-05
7.3627673791e-05
8.07428734643e-05
8.81349824039e-05
9.57752633077e-05
0.000103631233942
0.000111666768412
0.000119842239083
0.000128114699599
0.000136438109096
0.000144763597343
0.000153039770156
0.000161213054054
0.00016922807876
0.000177028095762
0.00018455543077
0.000191751967567
0.000198559660394
0.00020492107167
0.000210779931539
0.000216081715463
0.000220774235787
0.000224808242981
0.000228138032059
0.00023072204948
0.000232523495714
0.000233510918545
0.000233658792108
0.000232948076625
0.000231366753831
0.000228910333115
0.000225582323484
0.000221394666615
0.000216368126391
0.000210532630559
0.000203927560374
0.000196601984375
0.000188614832771
0.000180035009244
0.000170941437379
0.000161423039318
0.000151578644692
0.000141516828322
0.00013135567567
0.000121222475517
0.000111253339826
0.000101592751306
9.23930396713e-05
8.38137881353e-05
7.6021172194e-05
6.91872332687e-05
6.34890902755e-05
5.91080926882e-05
5.62289191281e-05
5.5038625967e-05
5.57256508605e-05
5.84787765232e-05
6.34860604283e-05
7.09337364487e-05
8.10050947526e-05
9.38793465251e-05
0.000109730480304
0.000128726116889
0.000151026369918
0.000176782719273
0.000206136904521
0.000239219845584
0.000276150597757
0.000317035348087
0.000361966459971
0.000411021572622
0.000464262761781
0.000521735767786
0.000583469296736
0.000649474400123
0.000719743937873
0.000794252129288
0.000872954195866
0.000955786099481
0.00104266437884
0.00113348608656
0.00122812882859
0.00132645090719
0.00142829156785
0.00153347135025
0.00164179254226
0.00175303973584
0.00186698048263
0.0019833660468
0.00210193225178
0.00222240041706
0.00234447838085
0.0024678616034
0.00259223434572
0.00271727091777
0.00284263698967
0.00296799095915
0.00309298536818
0.00321726836125
0.00334048517753
0.00346227966897
0.00358229583617
0.00370017937372
0.00381557921668
0.00392814907969
0.00403754898054
0.0041434467397
0.00424551944775
0.00434345489274
0.00443695293966
0.0045257268546
0.00460950456632
0.00468802985871
0.00476106348737
0.00482838421468
0.00488978975783
0.00494509764475
0.00499414597367
0.00503679407244
0.00507292305434
0.00510243626786
0.00512525963821
0.00514134189948
0.0051506547165
0.00515319269638
0.00514897329026
0.0051380365864
0.00512044499652
0.00509628283766
0.0050656558125
0.00502869039191
0.00498553310356
0.00493634973136
0.00488132443063
0.00482065876473
0.00475457066889
0.00468329334758
0.00460707411204
0.00452617316482
0.00444086233856
0.0043514237961
0.0042581486996
0.0041613358561
0.00406129034707
0.00395832214966
0.00385274475706
0.00374487380549
0.00363502571512
0.00352351635195
0.00341065971772
0.00329676667421
0.00318214370857
0.00306709174534
0.00295190501103
0.00283686995628
0.00272226424046
0.00260835578305
0.00249540188556
0.0023836484274
0.00227332913859
0.00216466495156
0.00205786343384
0.00195311830311
0.00185060902512
0.00175050049491
0.001652942801
0.00155807107181
0.00146600540296
0.00137685086396
0.00129069758178
0.00120762089907
0.00112768160373
0.00105092622665
0.000977387403849
0.000907084298939
0.000840023081718
0.000776197458252
0.000715589247752
0.000658169001299
0.000603896657358
0.000552722228952
0.000504586517246
0.000459421846341
0.000417152814031
0.000377697053366
0.000340965999919
0.000306865659803
0.000275297373602
0.000246158571571
0.000219343515688
0.000194744024324
0.000172250175617
0.000151750985848
0.000133135059481
0.00011629120777
0.000101109033237
8.74794775935e-05
7.5295331077e-05
6.44517014883e-05
5.48464415899e-05
4.63805338662e-05
3.89584320012e-05
3.24883587722e-05
2.68825603928e-05
2.20575176657e-05
1.79341146144e-05
1.44377655661e-05
1.14985019317e-05
9.05102019661e-06
7.03469287175e-06
5.39354437854e-06
4.07619403342e-06
3.03576847246e-06
2.22978600237e-06
1.62001548641e-06
1.17231246923e-06
8.56435314257e-07
6.45844171433e-07
5.17485610646e-07
4.51565749483e-07
4.31314672119e-07
4.42744881005e-07
4.74406445321e-07
5.17141411099e-07
5.63839919089e-07
6.09200339202e-07
6.49495576575e-07
6.8234753557e-07
7.06511546449e-07
7.21672366834e-07
7.28253168566e-07
7.27238712199e-07
7.20013698235e-07
7.08217068518e-07
6.93612814922e-07
6.77977637791e-07
6.63005585519e-07
6.50229601088e-07
6.40959703317e-07
6.36237341699e-07
6.36805285763e-07
6.43092244404e-07
6.55211259025e-07
6.72970777869e-07
6.9589719872e-07
7.23267564123e-07
7.54151008267e-07
7.87457488107e-07
8.21992283832e-07
8.56514725336e-07
8.89799592209e-07
9.20699644599e-07
9.48207770881e-07
9.71517284782e-07
9.90078968873e-07
1.00365354219e-06
1.01235832622e-06
1.0167069945e-06
1.01764141497e-06
1.01655473033e-06
1.01530496727e-06
1.01621862041e-06
1.02208381781e-06
1.03613284158e-06
1.06201394679e-06
1.10375259278e-06
1.16570237185e-06
1.25248608805e-06
1.3689276032e-06
1.51997522481e-06
1.71061756094e-06
1.94579290745e-06
2.23029336274e-06
2.56866498181e-06
2.96510538453e-06
3.42336032054e-06
3.94662076437e-06
4.53742216841e-06
5.19754753699e-06
5.92793600182e-06
6.72859857653e-06
7.59854274653e-06
8.53570750849e-06
9.53691041299e-06
1.05978080834e-05
1.17128715853e-05
1.28753779027e-05
1.40774186442e-05
1.53099269493e-05
1.65627234026e-05
1.78245815789e-05
1.90833136558e-05
2.03258763235e-05
2.15384970118e-05
2.27068202367e-05
2.38160736412e-05
2.48512530848e-05
2.57973259004e-05
2.6639451218e-05
2.73632160261e-05
2.79548854258e-05
2.84016653237e-05
2.86919756044e-05
2.88157316416e-05
2.87646318256e-05
2.85324486287e-05
2.81153205892e-05
2.75120424709e-05
2.67243507531e-05
2.57572015299e-05
2.46190378377e-05
2.33220434025e-05
2.18823797918e-05
2.03204039746e-05
1.86608633442e-05
1.69330653277e-05
1.5171018813e-05
1.34135447464e-05
1.17043534119e-05
1.00920860813e-05
8.63031893122e-06
7.37752734847e-06
6.39700900031e-06
5.75676431511e-06
5.52933331243e-06
5.79158802969e-06
6.62448011721e-06
8.1127435108e-06
1.03445524394e-05
1.34111353821e-05
1.74063459501e-05
2.24261920364e-05
2.85683249392e-05
3.59314905285e-05
4.46149448834e-05
5.47178371754e-05
6.63385629107e-05
7.95740909679e-05
9.45192681741e-05
0.00011126610545
0.000129903049817
0.000150514246804
0.000173178797995
0.000197970018658
0.000224954700537
0.000254192384995
0.000285734651831
0.000319624429071
0.00035589532911
0.000394571016514
0.000435664612759
0.000479178143035
0.000525102030167
0.000573414640455
0.000624081886069
0.000677056888351
0.000732279706089
0.000789677132511
0.000849162564379
0.000910635946162
0.00097398379187
0.00103907928666
0.00110578246988
0.00117394050068
0.00124338800686
0.00131394751709
0.00138542997606
0.00145763534158
0.00153035326217
0.00160336383309
0.00167643842808
0.00174934060383
0.00182182707339
0.0018936487443
0.0019645518169
0.00203427893746
0.00210257040059
0.00216916539499
0.00223380328584
0.0022962249274
0.00235617399831
0.00241339835259
0.0024676513784
0.00251869335698
0.00256629281369
0.00261022785315
0.00265028747039
0.00268627282991
0.00271799850469
0.00274529366717
0.00276800322447
0.00278598889035
0.00279913018661
0.00280732536697
0.00281049225693
0.00280856900322
0.00280151472738
0.00278931007803
0.00277195767719
0.00274948245656
0.00272193188016
0.00268937605054
0.00265190769617
0.00260964203859
0.00256271653837
0.00251129051977
0.00245554467466
0.00239568044695
0.00233191929959
0.00226450186683
0.00219368699519
0.00211975067728
0.00204298488325
0.00196369629532
0.00188220495152
0.00179884280525
0.00171395220791
0.00162788432239
0.00154099747558
0.00145365545857
0.0013662257836
0.00127907790709
0.00119258142837
0.00110710427397
0.00102301087748
0.000940660365081
0.00086040475682
0.000782587193871
0.000707540201672
0.00063558399891
0.000567024861978
0.000502153554336
0.000441243829835
0.000384551018707
0.000332310704478
0.000284737499573
0.000242023926841
0.000204339413643
0.000171829404524
0.000144614597818
0.000122790310838
0.000106425977562
9.55647819848e-05
9.02234295061e-05
9.03920579481e-05
9.60342889695e-05
0.000107087419843
0.000123462754738
0.000145046073838
0.000171698237819
0.000203255924426
0.000239532493101
0.000280318972885
0.000325385168063
0.00037448087538
0.000427337205942
0.000483668004365
0.000543171357119
0.000605531181536
0.000670418886441
0.000737495094998
0.000806411419973
0.00087681228134
0.00094833675591
0.0010206204485
0.00109329737404
0.00116600184
0.00123837031848
0.0013100432975
0.00138066710102
0.00144989566756
0.0015173922776
0.00158283122007
0.00164589938879
0.00170629780024
0.00176374302433
0.00181796852044
0.00186872587185
0.00191578591188
0.00195893973609
0.00199799959543
0.00203279966597
0.00206319669168
0.00208907049738
0.00211032436991
0.00212688530621
0.00213870412803
0.00214575546342
0.00214803759648
0.00214557218709
0.00213840386344
0.00212659969083
0.00211024852102
0.00208946022685
0.00206436482786
0.00203511151293
0.00200186756684
0.00196481720788
0.00192416034435
0.00188011125812
0.00183289722386
0.00178275707274
0.00172993970985
0.00167470259459
0.00161731019361
0.0015580324159
0.00149714303945
0.0014349181393
0.00137163452618
0.0013075682053
0.00124299286404
0.00117817839772
0.00111338948161
0.00104888419746
0.000984912722191
0.000921716085846
0.000859525005644
0.000798558802127
0.000739024403013
0.000681115439645
0.000625011440332
0.000570877124165
0.000518861798264
0.000469098860648
0.000421705410287
0.00037678196512
0.000334412288173
0.000294663321168
0.000257585224358
0.000223211520624
0.00019155934123
0.000162629770001
0.000136408282084
0.000112865272873
9.19566721619e-05
7.3624638078e-05
5.77983248994e-05
4.43947184427e-05
3.33195323543e-05
2.44681583093e-05
1.77266628691e-05
1.29728235256e-05
1.0077196306e-05
8.90420720155e-06
9.31325963068e-06
1.11598501483e-05
1.42966846638e-05
1.85747875377e-05
2.38445960821e-05
2.99570331962e-05
3.6764551122e-05
4.41221396035e-05
5.18882920755e-05
5.99259238898e-05
6.81032370053e-05
7.62945260239e-05
8.43809209351e-05
9.2251062445e-05
9.98017062981e-05
0.000106938253553
0.00011357520434
0.000119636533215
0.000125055984785
0.000129777288917
0.000133754295359
0.000136951028262
0.000139341661585
0.000140910416986
0.000141651386306
0.000141568281273
0.000140674113563
0.000138990808814
0.000136548758609
0.000133386314864
0.000129549231418
0.000125090057934
0.000120067491515
0.000114545691689
0.00010859356459
0.000102284022346
9.5693223767e-05
8.88998025051e-05
8.19840888653e-05
7.50273314185e-05
6.8110924494e-05
6.1315647508e-05
5.47209219222e-05
4.84040914248e-05
4.24397306806e-05
3.68989877182e-05
3.18489647052e-05
2.73521415136e-05
2.34658461027e-05
2.02417753374e-05
1.77255694357e-05
1.59564427899e-05
1.49668734399e-05
1.47823530013e-05
1.54211983629e-05
1.68944259739e-05
1.92056890493e-05
2.23512775258e-05
2.63201801141e-05
3.10942073146e-05
3.66481737971e-05
4.29501380941e-05
4.99616971265e-05
5.76383326725e-05
6.59298065041e-05
7.47806005629e-05
8.41303982195e-05
9.39146023684e-05
0.000104064885854
0.000114509769498
0.000125175222823
0.000135985282409
0.000146862682733
0.000157729494258
0.000168507763539
0.0001791201501
0.000189490554929
0.000199544735509
0.00020921090245
0.00021842029297
0.000227107716665
0.000235212069273
0.000242676810398
0.000249450401488
0.000255486700661
0.000260745311395
0.000265191882396
0.000268798356454
0.000271543166431
0.000273411377016
0.000274394771293
0.00027449188162
0.000273707964773
0.000272054921752
0.00026955116308
0.000266221420904
0.00026209650956
0.000257213036765
0.000251613067914
0.000245343746384
0.00023845687308
0.000231008448792
0.000223058183205
0.000214668974723
0.000205906365434
0.000196837975802
0.000187532923813
0.000178061233417
0.000168493237228
0.000158898978463
0.000149347617141
0.000139906845526
0.000130642317713
0.000121617098188
0.000112891134024
0.000104520755204
9.65582073512e-05
8.90512208989e-05
8.20426204421e-05
7.55699777246e-05
6.96653113582e-05
6.43548360193e-05
5.96587634829e-05
5.55911574479e-05
5.21598436894e-05
4.93663766393e-05
4.72060630531e-05
4.56680429705e-05
4.4735427722e-05
4.43854942822e-05
4.45899348157e-05
4.53151598219e-05
4.6522652847e-05
4.81693743124e-05
5.02082116037e-05
5.25884721799e-05
5.52564160985e-05
5.81558240162e-05
6.12285964151e-05
6.44153795223e-05
6.76562131474e-05
7.08911954457e-05
7.40611594408e-05
7.71083559979e-05
7.99771378397e-05
8.26146391359e-05
8.49714451727e-05
8.70022466308e-05
8.86664730577e-05
8.99289002213e-05
9.0760226168e-05
9.11376109918e-05
9.10451755298e-05
9.04744544587e-05
8.94247995484e-05
8.79037291517e-05
8.59272203582e-05
8.35199406201e-05
8.07154160609e-05
7.75561341083e-05
7.40935785367e-05
7.03881954735e-05
6.65092893987e-05
6.25348486597e-05
5.85513005165e-05
5.46531962352e-05
5.09428272473e-05
4.75297738887e-05
4.45303887234e-05
4.20672169374e-05
4.0268356754e-05
3.92667632723e-05
3.91994995599e-05
4.02069392372e-05
4.24319251724e-05
4.60188892557e-05
5.11129385453e-05
5.78589133598e-05
6.64004231475e-05
7.68788661735e-05
8.94324392399e-05
0.000104195143789
0.000121295794833
0.000140857039194
0.000162994389561
0.000187815280819
0.000215418155026
0.000245891581309
0.000279313416759
0.000315750014214
0.000355255482584
0.000397871005054
0.000443624220221
0.000492528670827
0.0005445833244
0.000599772169654
0.000658063892098
0.000719411631794
0.000783752825747
0.000851009136867
0.000921086470956
0.000993875082594
0.00106924977029
0.00114707016071
0.00122718108118
0.00130941301929
0.00139358266756
0.00147949355108
0.00156693673489
0.00165569160811
0.00174552674054
0.00183620080771
0.00192746357947
0.00201905696695
0.00211071612243
0.00220217058606
0.00229314547349
0.00238336269769
0.00247254221848
0.00256040331275
0.00264666585848
0.00273105162536
0.00281328556482
0.00289309709239
0.00297022135512
0.00304440047705
0.00311538477575
0.00318293394308
0.0032468181837
0.0033068193048
0.00336273175117
0.00341436357964
0.00346153736769
0.00350409105111
0.00354187868609
0.00357477113167
0.00360265664875
0.00362544141255
0.0036430499358
0.00365542540045
0.00366252989629
0.0036643445654
0.00366086965185
0.00365212445664
0.00363814719848
0.00361899478146
0.00359474247117
0.00356548348154
0.00353132847498
0.00349240497889
0.00344885672221
0.00340084289613
0.00334853734317
0.00329212767978
0.00323181435738
0.00316780966755
0.00310033669706
0.00302962823889
0.00295592566536
0.00287947776998
0.00280053958442
0.00271937117737
0.00263623644195
0.00255140187841
0.00246513537869
0.00237770501969
0.00228937787148
0.00220041882693
0.00211108945899
0.00202164691136
0.00193234282845
0.00184342232978
0.00175512303415
0.00166767413808
0.001581295553
0.00149619710504
0.00141257780111
0.00133062516412
0.0012505146403
0.00117240908058
0.00109645829777
0.00102279870099
0.000951553007845
0.000882830034904
0.000816724566093
0.000753317298527
0.000692674864607
0.000634849928871
0.000579881357626
0.000527794459012
0.000478601290706
0.00043230103216
0.000388880417891
0.000348314228031
0.00031056583207
0.000275587781446
0.000243322446421
0.000213702692494
0.000186652591407
0.000162088161727
0.000139918133826
0.00012004473408
0.000102364483043
8.6769002378e-05
7.31458253729e-05
6.13792059196e-05
5.13509209751e-05
4.29410616339e-05
3.60288081229e-05
3.04931842202e-05
2.62137868216e-05
2.30714866262e-05
2.09490961812e-05
1.97320018153e-05
1.93087562988e-05
1.95716293929e-05
2.04171137884e-05
2.17463842829e-05
2.34657084049e-05
2.54868070554e-05
2.77271641069e-05
3.01102842693e-05
3.25658988979e-05
3.50301197838e-05
3.74455413249e-05
3.97612918243e-05
4.19330349998e-05
4.39229231149e-05
4.56995034517e-05
4.72375801361e-05
4.85180336046e-05
4.95276002507e-05
5.02586150242e-05
5.07087199627e-05
5.08805418216e-05
5.07813421237e-05
5.04226430862e-05
4.98198329866e-05
4.89917546082e-05
4.79602804589e-05
4.67498784797e-05
4.53871719589e-05
4.39004973367e-05
4.231946353e-05
4.06745163284e-05
3.89965113037e-05
3.73162985495e-05
3.56643224142e-05
3.40702392201e-05
3.25625557697e-05
3.11682912305e-05
2.99126647653e-05
2.8818811034e-05
2.79075254427e-05
2.71970407511e-05
2.67028363808e-05
2.64374814873e-05
2.64105125774e-05
2.66283461718e-05
2.70942267231e-05
2.78082097235e-05
2.87671796519e-05
2.99649021405e-05
3.13921094755e-05
3.30366182885e-05
3.48834780539e-05
3.69151487735e-05
3.91117060131e-05
4.14510712561e-05
4.39092653526e-05
4.64606826774e-05
4.90783834669e-05
5.17344016729e-05
5.44000655722e-05
5.70463282827e-05
5.96441052777e-05
6.21646159486e-05
6.45797262502e-05
6.68622894682e-05
6.89864821723e-05
7.0928132472e-05
7.26650377563e-05
7.41772691932e-05
7.5447460372e-05
7.64610776003e-05
7.72066695145e-05
7.76760938249e-05
7.78647191923e-05
7.77716004291e-05
7.73996254157e-05
7.67556323442e-05
7.58504961189e-05
7.46991829811e-05
7.33207726573e-05
7.17384475752e-05
6.9979448935e-05
6.80749996666e-05
6.60601945499e-05
6.39738580134e-05
6.18583703647e-05
5.97594634357e-05
5.77259868497e-05
5.5809646329e-05
5.4064715668e-05
5.25477241834e-05
5.13171216363e-05
5.04329227807e-05
4.99563338435e-05
4.99493633712e-05
5.04744199961e-05
5.15938997679e-05
5.3369765779e-05
5.58631228698e-05
5.91337902394e-05
6.32398748116e-05
6.82373482054e-05
7.41796301429e-05
8.11171810902e-05
8.90971068741e-05
9.81627779398e-05
0.000108353465828
0.000119703999342
0.000132244442743
0.000145999798188
0.000160989734456
0.00017722834385
0.000194723928985
0.000213478820975
0.000233489230343
0.000254745131771
0.000277230183576
0.00030092168262
0.00032579055509
0.000351801383402
0.000378912469238
0.000407075932498
0.000436237845745
0.000466338403491
0.000497312125451
0.000529088092706
0.000561590215505
0.000594737531237
0.000628444530949
0.000662621512586
0.000697174959004
0.000732007938633
0.00076702052656
0.000802110243674
0.000837172511421
0.000872101119622
0.000906788704756
0.000941127236044
0.000975008506632
0.00100832462717
0.00104096851905
0.00107283440465
0.0011038182918
0.00113381845002
0.00116273587574
0.00119047474429
0.00121694284597
0.00124205200409
0.00126571847285
0.0012878633128
0.00130841274217
0.00132729846229
0.00134445795535
0.00135983475334
0.00137337867662
0.0013850460413
0.0013947998344
0.00140260985612
0.0014084528287
0.00141231247166
0.00141417954306
0.0014140518471
0.0014119342081
0.00140783841148
0.00140178311215
0.00139379371124
0.00138390220208
0.00137214698648
0.00135857266267
0.0013432297862
0.0013261746054
0.00130746877295
0.00128717903552
0.00126537690301
0.0012421382997
0.00121754319905
0.00119167524428
0.00116462135699
0.00113647133577
0.00110731744713
0.00107725401085
0.00104637698199
0.00101478353165
0.000982571628679
0.000949839624441
0.000916685842587
0.00088320817592
0.000849503692198
0.000815668250732
0.000781796131493
0.00074797967839
0.000714308958215
0.00068087143671
0.000647751673016
0.000615031033707
0.000582787427431
0.000551095061081
0.000520024218273
0.000489641060769
0.00046000745335
0.000431180812512
0.000403213979209
0.000376155115745
0.000350047626781
0.000324930104287
0.000300836296166
0.000277795098117
0.000255830568234
0.000234961963699
0.000215203798829
0.000196565923641
0.000179053622026
0.000162667728497
0.000147404762466
0.000133257078867
0.000120213033944
0.000108257164941
9.73703823932e-05
8.75301736924e-05
7.87108165739e-05
7.08836011524e-05
6.40170591282e-05
5.80771987873e-05
5.30277444245e-05
4.88303788353e-05
4.54449875462e-05
4.28299034821e-05
4.09421508062e-05
3.9737686711e-05
3.91716399879e-05
3.91985452552e-05
3.97725717851e-05
4.0847745931e-05
4.2378166226e-05
4.431821029e-05
4.66227327592e-05
4.92472535247e-05
5.21481356438e-05
5.52827523674e-05
5.86096428029e-05
6.20886558136e-05
6.56810818317e-05
6.93497723422e-05
7.30592468698e-05
7.67757873771e-05
8.0467520054e-05
8.41044845506e-05
8.76586907716e-05
9.11041634168e-05
9.4416974512e-05
9.75752642334e-05
0.000100559250381
0.000103351226908
0.000105935551958
0.000108298625902
0.000110428859906
0.000112316635587
0.000113954256352
0.00011533589103
0.000116457510429
0.000117316817456
0.000117913171472
0.000118247507522
0.000118322251113
0.000118141229202
0.000117709578034
0.000117033648487
0.000116120909542
0.000114979850497
0.000113619882506
0.000112051240036
0.000110284882762
0.00010833239843
0.000106205907182
0.000103917967793
0.000101481486246
9.89096270454e-05
9.62157276264e-05
9.34132161775e-05
9.05155331741e-05
8.75360568733e-05
8.44880329889e-05
8.13845087322e-05
7.82382713671e-05
7.50617913958e-05
7.18671704597e-05
6.86660940061e-05
6.54697887425e-05
6.22889848714e-05
5.91338830693e-05
5.60141261502e-05
5.29387753259e-05
4.99162909574e-05
4.69545176666e-05
4.4060673661e-05
4.12413441075e-05
3.85024783735e-05
3.58493909439e-05
3.32867658082e-05
3.08186641043e-05
2.84485347971e-05
2.61792281641e-05
2.4013011857e-05
2.19515893042e-05
1.99961202198e-05
1.81472429847e-05
1.64050986661e-05
1.47693564484e-05
1.32392402488e-05
1.18135563003e-05
1.04907214896e-05
9.26879224498e-06
8.14549377896e-06
7.11824949887e-06
6.18421040818e-06
5.34028433228e-06
4.58316481299e-06
3.90935952702e-06
3.31521809504e-06
2.79695915946e-06
2.35069662053e-06
1.97246493181e-06
1.65824336751e-06
1.40397918553e-06
1.20560962068e-06
1.05908265381e-06
9.60376512559e-07
9.05517869552e-07
8.90598713608e-07
9.1179187846e-07
9.65365222284e-07
1.04769445943e-06
1.15527465338e-06
1.28473038707e-06
1.43282463324e-06
1.59646635351e-06
1.77271686023e-06
1.95879498025e-06
2.15208106389e-06
2.35011988643e-06
2.55062249261e-06
2.75146703765e-06
2.95069868037e-06
3.14652858615e-06
3.33733209888e-06
3.52164614177e-06
3.69816590806e-06
3.86574090241e-06
4.02337039412e-06
4.17019834253e-06
4.30550785461e-06
4.42871523352e-06
4.53936367584e-06
4.63711667369e-06
4.72175117631e-06
4.79315056378e-06
4.85129748369e-06
4.89626659931e-06
4.92821729565e-06
4.94738638728e-06
4.95408086955e-06
4.94867075204e-06
4.93158201084e-06
4.9032896931e-06
4.86431120529e-06
4.81519981326e-06
4.75653838001e-06
4.68893336403e-06
4.61300909866e-06
4.52940237003e-06
4.43875730868e-06
4.34172060726e-06
4.23893707434e-06
4.13104553153e-06
4.0186750592e-06
3.90244159323e-06
3.78294487332e-06
3.66076574096e-06
3.53646378328e-06
3.4105753169e-06
3.28361170386e-06
3.1560579903e-06
3.0283718566e-06
2.9009828662e-06
2.77429199904e-06
2.64867145423e-06
2.52446470528e-06
2.40198679052e-06
2.28152482021e-06
2.16333868131e-06
2.04766192023e-06
1.9347027837e-06
1.8246453972e-06
1.71765106094e-06
1.61385964287e-06
1.51339104865e-06
1.41634674897e-06
1.32281134498e-06
1.23285415312e-06
1.14653079165e-06
1.06388475199e-06
9.84948938819e-07
9.09747164284e-07
8.38295582632e-07
7.70604053032e-07
7.06677419657e-07
6.46516699534e-07
5.9012017018e-07
5.37484350507e-07
4.88604870069e-07
4.43477223204e-07
4.02097406208e-07
3.64462437132e-07
3.30570759297e-07
3.00422531007e-07
2.74019805295e-07
2.51366604799e-07
2.32468898024e-07
2.17334484309e-07
2.05972795785e-07
1.9839462538e-07
1.94611790675e-07
1.94636743881e-07
1.98482138669e-07
2.0616036478e-07
2.17683061442e-07
2.3306062056e-07
2.52301690411e-07
2.75412690203e-07
3.02397345347e-07
3.33256252624e-07
3.67986483626e-07
4.06581233971e-07
4.49029524723e-07
4.95315961368e-07
5.45420554463e-07
5.99318604833e-07
6.56980654838e-07
7.18372505905e-07
7.83455301141e-07
8.52185670477e-07
9.24515934455e-07
1.00039436149e-06
1.07976547215e-06
1.16257038295e-06
1.248747181e-06
1.3382313199e-06
1.43095602661e-06
1.52685270831e-06
1.62585134755e-06
1.7278808741e-06
1.83286950148e-06
1.94074501614e-06
2.05143500788e-06
2.16486703021e-06
2.28096868013e-06
2.39966758771e-06
2.52089130701e-06
2.64456710071e-06
2.77062161287e-06
2.89898042532e-06
3.02956749513e-06
3.16230447257e-06
3.29710990087e-06
3.43389830109e-06
3.57257914794e-06
3.71305574406e-06
3.85522400306e-06
3.99897115345e-06
4.14417437786e-06
4.29069940428e-06
4.43839906764e-06
4.58711186238e-06
4.73666050801e-06
4.88685055146e-06
5.03746903104e-06
5.18828322826e-06
5.33903953416e-06
5.48946245749e-06
5.63925380234e-06
5.78809204238e-06
5.93563191864e-06
6.08150428668e-06
6.22531623794e-06
6.36665151824e-06
6.50507126461e-06
6.64011507909e-06
6.77130245569e-06
6.8981345732e-06
7.02009646367e-06
7.13665956229e-06
7.24728464054e-06
7.35142512039e-06
7.44853076257e-06
7.53805171775e-06
7.6194429242e-06
7.69216883112e-06
7.75570842171e-06
7.80956050515e-06
7.85324924205e-06
7.88632986296e-06
7.90839453534e-06
7.91907832991e-06
7.91806523327e-06
7.90509415022e-06
7.87996483587e-06
7.84254369474e-06
7.79276938205e-06
7.73065814029e-06
7.65630880337e-06
7.56990739998e-06
7.47173128786e-06
7.36215275196e-06
7.24164200045e-06
7.11076949555e-06
6.97020755872e-06
6.82073119384e-06
6.66321807671e-06
6.49864766426e-06
6.32809938322e-06
6.15274986463e-06
5.97386919795e-06
5.79281618676e-06
5.61103259642e-06
5.43003639334e-06
5.25141398506e-06
5.07681148006e-06
4.9079249968e-06
4.74649006138e-06
4.59427014427e-06
4.45304439667e-06
4.32459465757e-06
4.21069181302e-06
4.11308159869e-06
4.03346994669e-06
3.9735079862e-06
3.93477681628e-06
3.91877217636e-06
3.9268891472e-06
3.96040702043e-06
4.02047448007e-06
4.10809524275e-06
4.22411430599e-06
4.36920495506e-06
4.54385667869e-06
4.74836414242e-06
4.98281736535e-06
5.2470932414e-06
5.54084854035e-06
5.86351451624e-06
6.21429324181e-06
6.59215577697e-06
6.99584226744e-06
7.42386405622e-06
7.87450787594e-06
8.34584217395e-06
8.83572560515e-06
9.341817709e-06
9.86159176839e-06
1.03923498279e-05
1.0931239828e-05
1.14752747926e-05
1.20213539814e-05
1.25662859044e-05
1.31068130661e-05
1.36396382917e-05
1.41614524657e-05
1.46689634903e-05
1.51589262557e-05
1.56281733938e-05
1.60736465714e-05
1.64924280619e-05
1.68817723234e-05
1.7239137297e-05
1.75622151312e-05
1.78489620291e-05
1.80976269133e-05
1.83067785967e-05
1.84753311511e-05
1.86025671679e-05
1.86881586098e-05
1.87321849623e-05
1.87351484069e-05
1.86979857506e-05
1.86220768654e-05
1.85092494144e-05
1.83617796605e-05
1.81823891853e-05
1.79742373735e-05
1.77409095477e-05
1.7486400679e-05
1.72150946285e-05
1.69317389208e-05
1.66414150842e-05
1.63495046406e-05
1.60616508677e-05
1.57837164997e-05
1.55217375818e-05
1.52818737331e-05
1.50703551203e-05
1.48934264895e-05
1.47572886421e-05
1.46680377879e-05
1.46316032443e-05
1.46536839891e-05
1.47396846104e-05
1.48946512272e-05
1.51232079846e-05
1.542949475e-05
1.58171066581e-05
1.62890361697e-05
1.68476183167e-05
1.7494479814e-05
1.823049272e-05
1.90557333181e-05
1.99694468848e-05
2.09700189892e-05
2.20549539458e-05
2.3220861015e-05
2.44634489048e-05
2.57775290898e-05
2.71570284108e-05
2.85950113666e-05
3.00837124465e-05
3.16145787875e-05
3.31783233671e-05
3.47649888675e-05
3.63640222623e-05
3.79643600963e-05
3.95545243334e-05
4.11227285596e-05
4.26569942319e-05
4.41452765641e-05
4.55755995456e-05
4.69361994873e-05
4.82156763913e-05
4.94031523417e-05
5.04884360188e-05
5.14621923428e-05
5.23161161646e-05
5.30431088334e-05
5.36374563891e-05
5.40950080523e-05
5.44133536148e-05
5.45919982712e-05
5.46325333801e-05
5.45388015957e-05
5.43170547775e-05
5.39761030606e-05
5.35274534523e-05
5.29854363213e-05
5.23673181518e-05
5.16933989579e-05
5.09870927872e-05
5.02749897882e-05
4.95868983779e-05
4.89558661175e-05
4.84181779915e-05
4.80133308844e-05
4.77839831624e-05
4.77758783906e-05
4.8037742357e-05
4.86211527205e-05
4.95803807624e-05
5.09722048916e-05
5.28556957342e-05
5.52919728284e-05
5.83439331435e-05
6.20759518444e-05
6.65535559378e-05
7.18430716451e-05
7.80112465724e-05
8.512484796e-05
9.32502385234e-05
0.000102452931608
0.000112797127606
0.000124345233789
0.000137157369924
0.000151290862237
0.000166799728475
0.000183734157017
0.000202139983126
0.000222058165616
0.000243524267328
0.000266567942946
0.000291212437792
0.000317474101307
0.000345361919016
0.000374877066811
0.000406012491389
0.000438752520721
0.000473072508367
0.00050893851541
0.000546307033722
0.000585124754151
0.000625328383105
0.000666844510842
0.000709589534603
0.000753469639526
0.000798380840012
0.000844209084008
0.000890830422343
0.000938111244979
0.000985908585698
0.00103407049641
0.00108243649187
0.00113083806527
0.00117909927472
0.00122703740014
0.00127446366999
0.00132118405624
0.00136700013624
0.00141171001911
0.00145510933415
0.00149699227828
0.00153715271889
0.00157538534832
0.00161148688555
0.0016452573203
0.00167650119441
0.00170502891486
0.00173065809262
0.00175321490082
0.0017725354459
0.00178846714459
0.00180087009974
0.00180961846745
0.00181460180804
0.00181572641301
0.00181291660012
0.00180611596875
0.00179528860735
0.00178042024518
0.00176151934027
0.00173861809587
0.00171177339756
0.00168106766363
0.00164660960137
0.0016085348623
0.00156700658965
0.00152221585179
0.00147438195576
0.00142375263539
0.00137060410915
0.00131524100325
0.00125799613632
0.00119923016223
0.00113933106872
0.00107871352976
0.00101781811055
0.000957110324606
0.000897079543284
0.000838237758633
0.00078111820149
0.000726273817294
0.000674275603005
0.000625710809228
0.000581181012468
0.000541300063148
0.000506691915851
0.000477988348913
0.000455826581258
0.000440846795035
0.000433689573273
0.000434993262407
0.000445391270106
0.000465509309368
0.000495962600375
0.000537353042013
0.000590266365381
0.000655269281944
0.000732906639273
0.000823698597525
0.000928137839985
0.00104668683107
0.00117977513524
0.0013277968102
0.00149110788767
0.00167002395483
0.00186481784934
0.0020757174803
0.00230290378758
0.00254650885093
0.00280661416025
0.00308324905749
0.00337638936019
0.00368595617592
0.00401181491603
0.00435377451649
0.00471158687255
0.00508494649315
0.00547349038
0.00587679813546
0.0062943923019
0.00672573893473
0.00717024840973
0.00762727646454
0.00809612547302
0.00857604594987
0.00906623828222
0.00956585468328
0.0100740013626
0.0105897409061
0.0111120948576
0.011640046494
0.0121725437836
0.0127085025161
0.0132468095945
0.0137863264751
0.0143258927419
0.0148643298029
0.015400444692
0.0159330339626
0.016460887656
0.016982793329
0.0174975401235
0.0180039228614
0.0185007461484
0.0189868284674
0.0194610062463
0.0199221378813
0.0203691076995
0.0208008298428
0.0212162520577
0.0216143593727
0.0219941776495
0.022354776991
0.0226952749921
0.0230148398191
0.0233126931037
0.0235881126404
0.0238404348741
0.0240690571684
0.0242734398442
0.0244531079798
0.024607652966
0.0247367338082
0.0248400781712
0.0249174831625
0.0249688158506
0.0249940135174
0.0249930836433
0.0249661036268
0.0249132202395
0.0248346488207
0.0247306722148
0.0246016394586
0.024447964223
0.0242701230195
0.0240686531781
0.0238441506076
0.0235972673488
0.0233287089326
0.0230392315548
0.0227296390822
0.0224007799025
0.0220535436342
0.0216888577105
0.0213076838537
0.0209110144559
0.0204998688827
0.0200752897154
0.019638338951
0.0191900941737
0.0187316447173
0.0182640878339
0.017788524886
0.0173060575777
0.0168177842413
0.0163247961954
0.0158281741875
0.0153289849379
0.0148282777973
0.0143270815303
0.0138264012398
0.0133272154407
0.0128304732951
0.0123370920188
0.0118479544669
0.0113639069065
0.0108857569838
0.0104142718901
0.00995017673253
0.00949415311197
