-0.0
7.25195023931e-05
0.000290088942001
0.000652741184416
0.00116053123446
0.00181353658353
0.00261185770406
0.00355561869963
0.00464496812156
0.00588007996619
0.00726115486959
0.00878842152033
0.0104621383145
0.0122825952812
0.0142501163125
0.0163650617351
0.0186278312701
0.021038867431
0.0235986594209
0.0263077475967
0.02916672858
0.032176261106
0.035337072715
0.0386499674088
0.0421158344109
0.045735658192
0.0495105299479
0.0534416607437
0.0575303965764
0.0617782356431
0.066186848152
0.070758099067
0.0754940742427
0.0803971104803
0.0854698301317
0.0907151809815
0.0961364822719
0.10173747789
0.107522397926
0.11349603005
0.119663802415
0.126031880175
0.132607278102
0.139397992337
0.146413154989
0.153663216107
0.161160158654
0.168917753457
0.176951862878
0.185280804198
0.193925786672
0.202911440062
0.212266457465
0.22202438187
0.232224574488
0.24291341403
0.254145790267
0.265986972382
0.278514951593
0.291823373493
0.306025174386
0.321256980208
0.337684119237
0.355505489824
0.374955855706
0.396298671094
0.419790601012
0.445567366489
0.473322436107
0.501504079972
0.525803929873
0.538446775059
0.53320971087
0.512945722235
0.485837450102
0.457776487768
0.43126759447
0.407005873295
0.384984789332
0.364978229402
0.346719441802
0.329960567483
0.314488305685
0.300124337776
0.286721084725
0.274156602246
0.262329884413
0.251156908775
0.240567423958
0.230502378501
0.220911872265
0.211753523074
0.202991159902
0.194593772143
0.18653466001
0.178790743477
0.171341996835
0.164170983346
0.157262470132
0.150603107793
0.144181162527
0.137986291124
0.132009351126
0.126242240027
0.120677758543
0.115309493936
0.110131720147
0.105139312025
0.100327671479
0.0956926637163
0.0912305620511
0.0869380000273
0.0828119297921
0.0788495858323
0.0750484533221
0.071406240447
0.0679208541641
0.0645903789396
0.0614130580716
0.0583872772615
0.0555115501484
0.0527845055577
0.0502048762522
0.0477714890021
0.0454832558161
0.0433391661974
0.0413382803059
0.039479722926
0.037762678151
0.0361863847088
0.0347501318636
0.0334532558372
0.0322951367028
0.0312751957089
0.0303928930012
0.029647725712
0.0290392263942
0.0285669617819
0.0282305318625
0.0280295692494
0.0279637388505
0.0280327378279
0.0282362958499
0.0285741756397
0.0290461738285
0.0296521221222
0.0303918887988
0.0312653805531
0.0322725447114
0.033413371842
0.0346878987942
0.0360962121998
0.0376384524794
0.0393148184005
0.0411255722426
0.0430710456293
0.0451516460987
0.0473678644921
0.0497202832516
0.0522095857299
0.054836566631
0.0576021437169
0.0605073709344
0.0635534531394
0.0667417626231
0.0700738576749
0.0735515034545
0.0771766954889
0.0809516861635
0.084879014636
0.0889615406799
0.0932024830534
0.0976054630967
0.1021745544
0.106914339543
0.111829975104
0.116927266411
0.122212753773
0.127693812379
0.133378768488
0.139277035215
0.145399271983
0.151757572783
0.158365689729
0.165239300184
0.172396328121
0.179857333567
0.187645988318
0.195789662064
0.204320151401
0.213274595903
0.222696642343
0.232637942761
0.243160108827
0.254337300789
0.26625971636
0.279038384168
0.292811895974
0.307756103605
0.324098501633
0.342140308256
0.362291789759
0.385131675924
0.411513535537
0.44277212974
0.481169038287
0.531013205457
0.602233200961
0.728140981742
0.976676982708
0.684834351761
0.580275124981
0.516301152811
0.470082350994
0.433852196759
0.404027907134
0.378659963602
0.356569753062
0.336990422442
0.319395211732
0.303406872192
0.28874615717
0.275200758478
0.262605661669
0.250830225481
0.239769398611
0.229337578317
0.219464210238
0.210090567861
0.20116735062
0.19265286229
0.184511608608
0.176713202932
0.16923150174
0.16204391403
0.155130843989
0.148475236994
0.142062206594
0.135878725615
0.129913368505
0.124156094976
0.118598067218
0.113231494604
0.108049501067
0.103046011315
0.0982156527756
0.0935536707705
0.0890558548783
0.0847184747952
0.0805382243111
0.0765121722461
0.0726377193788
0.0689125605587
0.0653346513143
0.0619021783752
0.0586135336122
0.0554672909686
0.0524621860186
0.0495970978336
0.0468710328862
0.0442831107509
0.0418325513955
0.0395186638819
0.0373408363162
0.03529852691
0.0333912560297
0.0316185991259
0.0299801804472
0.0284756674564
0.0271047658725
0.0258672152753
0.0247627852148
0.0237912717744
0.022952494544
0.0222462939647
0.0216725290112
0.0212310751834
0.0209218227818
0.0207446754475
0.0206995489486
0.0207863701999
0.0210050765061
0.0213556150214
0.0218379424217
0.0224520247889
0.02319783771
0.0240753665964
0.0250846072331
0.0262255665695
0.0274982637687
0.0289027315355
0.0304390177463
0.0321071874118
0.0339073250037
0.0358395371876
0.0379039560053
0.0401007425602
0.0424300912649
0.0448922347188
0.0474874492953
0.0502160615245
0.0530784553745
0.056075080544
0.0592064618973
0.0624732101895
0.0658760342503
0.0694157548189
0.0730933202488
0.076909824333
0.0808665265381
0.0849648749743
0.0892065324822
0.0935934062733
0.0981276816288
0.102811860246
0.107648803916
0.112641784327
0.117794539948
0.123111341079
0.128597064399
0.134257278564
0.140098342727
0.146127520226
0.152353110158
0.158784600138
0.165432844272
0.172310271297
0.179431128996
0.18681177244
0.194471005506
0.202430487396
0.2107152189
0.219354126784
0.228380769271
0.237834191013
0.247759962093
0.258211441757
0.269251311617
0.280953420239
0.293404959946
0.306708931406
0.320986683525
0.336379909837
0.353050523701
0.37117458303
0.390921149942
0.412394687187
0.435492409298
0.459577579434
0.482832994188
0.501422655406
0.509821802468
0.504438990867
0.487369494221
0.464094860599
0.439106599876
0.414742727023
0.391907177192
0.370817192044
0.351411477733
0.333534038439
0.317010013764
0.301674495971
0.287381725702
0.274006410446
0.261442118187
0.249598802158
0.238400279003
0.227781958501
0.217688903944
0.208074215089
0.198897695128
0.190124756519
0.181725523233
0.173674092821
0.165947927955
0.158527352795
0.151395134376
0.144536133142
0.137937009938
0.131585979285
0.12547260078
0.119587602025
0.113922727751
0.10847061082
0.103224661542
0.0981789724193
0.0933282359191
0.0886676732886
0.084192972772
0.0799002358493
0.0757859303442
0.0718468494327
0.0680800757298
0.0644829497626
0.061053042237
0.0577881295947
0.05468617243
0.0517452963956
0.0489637752806
0.0463400159843
0.0438725451515
0.0415599972618
0.0394011039964
0.0373946847259
0.0355396379871
0.0338349338277
0.0322796069204
0.0308727503537
0.0296135100228
0.0285010795526
0.0275346956919
0.0267136341282
0.0260372056767
0.025504752805
0.0251156464597
0.0248692831655
0.0247650823728
0.0248024840328
0.0249809463849
0.0252999439412
0.0257589656617
0.0263575133116
0.0270951000001
0.0279712489005
0.0289854921574
0.0301373699887
0.031426429995
0.0328522266937
0.0344143212996
0.0361122817781
0.0379456832055
0.0399141084736
0.0420171493878
0.0442544082109
0.0466254997195
0.0491300538456
0.0517677189904
0.0545381661113
0.0574410936946
0.0604762337491
0.0636433589694
0.0669422912437
0.0703729117044
0.0739351725475
0.07762911088
0.08145486489
0.0854126926755
0.0895029941165
0.0937263362279
0.0980834824933
0.102575426755
0.107203432312
0.111969076992
0.116874305061
0.121921486991
0.127113488273
0.132453748657
0.137946373482
0.14359623905
0.149409114419
0.155391802499
0.161552303987
0.167900008523
0.174445918589
0.181202913099
0.188186059625
0.195412986793
0.202904331947
0.210684284072
0.218781248655
0.227228670682
0.236066065368
0.245340325656
0.255107404024
0.265434508819
0.27640302055
0.288112435712
0.300685809741
0.314277442455
0.329084014555
0.345361211836
0.363449413888
0.3838150384
0.407120391294
0.434348789727
0.467045141406
0.507818659217
0.561479409433
0.637340622781
0.737439472517
0.710531581715
0.610819237562
0.540098956471
0.488538895059
0.448284509465
0.415293268529
0.387321615025
0.363015303184
0.341499966405
0.322180575471
0.304634996715
0.28855355829
0.273702775085
0.259902544993
0.24701124666
0.234915674716
0.223524047275
0.212761027432
0.202564102011
0.192880897439
0.183667156733
0.174885191886
0.166502684042
0.15849174204
0.150828155632
0.143490797223
0.136461138282
0.12972285519
0.123261505562
0.117064260571
0.111119682169
0.105417536545
0.0999486370795
0.0947047114185
0.0896782884395
0.0848626016773
0.0802515064663
0.0758394085589
0.0716212023947
0.0675922175206
0.063748171922
0.0600851312385
0.0565994730077
0.0532878552205
0.0501471885852
0.0471746119937
0.0443674707577
0.0417232972523
0.0392397936531
0.0369148165026
0.0347463628774
0.0327325579602
0.0308716438476
0.0291619694492
0.0276019813511
0.0261902155351
0.0249252898597
0.0238058972198
0.0228307993155
0.021998820967
0.0213088449225
0.0207598071136
0.020350692317
0.0200805301901
0.0199483916497
0.0199533855703
0.0200946557821
0.0203713783508
0.0207827591276
0.0213280315599
0.0220064547549
0.0228173117952
0.0237599083034
0.0248335712614
0.0260376480879
0.0273715059838
0.0288345315581
0.0304261307488
0.0321457290581
0.0339927721241
0.0359667266566
0.0380670817662
0.0402933507247
0.0426450731952
0.0451218179812
0.0477231863454
0.0504488159602
0.0532983855577
0.0562716203567
0.0593682983539
0.06258825758
0.0659314044316
0.0693977232086
0.072987287002
0.0767002700972
0.0805369620832
0.0844977838832
0.0885833059558
0.0927942689513
0.0971316071531
0.101596475086
0.106190277733
0.110914704876
0.115771770167
0.12076385564
0.125893762492
0.131164769146
0.13658069776
0.142145990623
0.147865798142
0.153746080505
0.159793725568
0.166016686093
0.172424140219
0.179026680028
0.185836534297
0.19286783323
0.200136925129
0.207662757916
0.215467342434
0.223576319934
0.232019663756
0.240832556015
0.250056495439
0.259740714949
0.269944020778
0.280737215248
0.29220634323
0.304457126224
0.317621150653
0.331864719918
0.347401882287
0.364514253468
0.383582394293
0.405137914764
0.429955279372
0.45922626406
0.494926398846
0.540700535801
0.604513887629
0.710324691824
1.08394252849
0.748085314752
0.620979413083
0.549070127488
0.498489226262
0.459309278073
0.427235780496
0.400017508967
0.376326944222
0.355315915174
0.336409987668
0.319202496475
0.303395356626
0.288763868494
0.275134712894
0.262371614044
0.250365670674
0.239028641471
0.228288163152
0.218084269476
0.20836680812
0.199093491024
0.190228400495
0.181740828986
0.173604367061
0.165796178591
0.158296419032
0.151087764354
0.144155026453
0.137484836827
0.131065384647
0.124886198498
0.118937963479
0.113212367138
0.107701969042
0.102400089884
0.0973007168005
0.0923984222091
0.087688294001
0.0831658752851
0.0788271122199
0.0746683087107
0.070686086961
0.0668773530315
0.0632392666952
0.0597692149927
0.0564647889814
0.0533237632505
0.0503440778372
0.047523822234
0.0448612212205
0.0423546222925
0.040002484492
0.0378033684707
0.0357559276408
0.0338589002886
0.0321111025422
0.0305114220997
0.0290588126379
0.0277522888307
0.0265909219181
0.0255738357728
0.0247002034214
0.0239692439815
0.0233802199831
0.0229324350479
0.0226252319033
0.0224579907153
0.0224301277247
0.0225410941781
0.0227903755466
0.0231774910285
0.0237019933377
0.0243634687796
0.0251615376224
0.0260958547729
0.0271661107712
0.0283720331207
0.0297133879739
0.0311899822013
0.0328016658707
0.0345483351728
0.0364299358345
0.0384464670647
0.0405979860889
0.0428846133324
0.0453065383254
0.0478640264111
0.0505574263515
0.0533871789387
0.0563538267378
0.059458025105
0.0627005546462
0.0660823353111
0.0696044423438
0.0732681243497
0.0770748237821
0.081026200198
0.085124156699
0.0893708700372
0.0937688249597
0.098320853461
0.103030179742
0.107900471825
0.112935900953
0.118141210142
0.123521793514
0.129083788415
0.134834182727
0.140780940369
0.14693314865
0.153301192073
0.159896958324
0.166734083734
0.173828247492
0.181197526595
0.188862827148
0.196848412551
0.205182556012
0.213898354386
0.223034754057
0.232637859359
0.242762623237
0.253475063696
0.264855217039
0.277001145108
0.290034485817
0.304108323988
0.319418658245
0.336221641317
0.354860482773
0.375809348003
0.399749026513
0.427706676425
0.461338158958
0.503572771469
0.560373644655
0.647171750738
0.830467073107
0.790449449629
0.630513491071
0.548779906307
0.493687552876
0.452015920902
0.418430340457
0.390248312992
0.365931364474
0.344515911907
0.32535904347
0.308010886134
0.292144747564
0.277516243873
0.263938080595
0.251263800969
0.239376926665
0.228183475679
0.217606669597
0.207583103144
0.198059916059
0.188992667895
0.180343715891
0.172080959436
0.164176856079
0.156607641657
0.149352705904
0.142394087968
0.135716065397
0.129304816769
0.12314814284
0.117235234637
0.111556479468
0.106103297803
0.100868005437
0.0958436965102
0.0910241437886
0.0864037133561
0.0819772913464
0.0777402208088
0.0736882471256
0.0698174706741
0.0661243056492
0.0626054441384
0.0592578246924
0.0560786047483
0.0530651363697
0.0502149448441
0.0475257097495
0.0449952481607
0.042621499711
0.0404025132701
0.0383364350278
0.036421497809
0.0346560114648
0.0330383542091
0.0315669647878
0.0302403353827
0.0290570051671
0.0280155544413
0.027114599286
0.026352786683
0.025728790057
0.0252413052043
0.024889046575
0.0246707438866
0.0245851390477
0.0246309833784
0.0248070351173
0.0251120572085
0.0255448153681
0.0261040764312
0.0267886069864
0.0275971723063
0.0285285355888
0.0295814575246
0.0307546962132
0.0320470074517
0.0334571454241
0.0349838638255
0.0366259174572
0.0383820643346
0.0402510683543
0.042231702572
0.044322753147
0.0465230240168
0.0488313423695
0.0512465649887
0.0537675855535
0.0563933429821
0.0591228309169
0.0619551084578
0.0648893122602
0.067924670123
0.0710605162095
0.07429630805
0.0776316454974
0.0810662918215
0.0846001971474
0.0882335244711
0.0919666785102
0.0958003376843
0.0997354895598
0.103773470144
0.107916007472
0.112165270014
0.116523920508
0.120995175951
0.125582874628
0.130291551222
0.135126521301
0.140093976739
0.145201094019
0.150456157811
0.155868702836
0.161449677767
0.167211635956
0.173168959038
0.179338121208
0.185738004224
0.19239027625
0.199319851783
0.206555455578
0.21413032135
0.222083067154
0.230458805179
0.239310566871
0.248701158565
0.258705614819
0.269414497319
0.280938415554
0.293414356023
0.307014763532
0.321960946826
0.338543538729
0.357154989079
0.378343716481
0.402909921181
0.432088569293
0.46793611843
0.514272347262
0.579526444565
0.68933666929
0.975103633853
0.698217200926
0.581037331174
0.511902360812
0.462619210563
0.42421935292
0.392703943668
0.365942329577
0.342664925396
0.322054489795
0.303554280855
0.286768191868
0.271404560775
0.257242570496
0.244111149693
0.231875178546
0.22042616065
0.20967573122
0.199551026062
0.18999130605
0.180945449794
0.172370059772
0.164228010345
0.156487319591
0.149120262093
0.142102663594
0.135413334618
0.129033611548
0.122946981668
0.11713877445
0.111595905575
0.106306663296
0.101260529044
0.0964480259256
0.0918605901073
0.0874904610762
0.0833305875692
0.0793745465782
0.0756164733217
0.0720510004598
0.0686732051322
0.0654785626497
0.0624629058645
0.0596223894083
0.0569534581162
0.054452819066
0.0521174167484
0.0499444109591
0.0479311570648
0.0460751883459
0.044374200163
0.0428260357299
0.0414286733056
0.0401802146459
0.0390788745764
0.0381229715673
0.0373109192076
0.0366412184912
0.0361124508376
0.0357232717832
0.0354724052869
0.0353586386035
0.0353808176841
0.0355378430717
0.0358286662647
0.036252286527
0.0368077481296
0.0374941380113
0.0383105838538
0.0392562525684
0.0403303491977
0.0415321162383
0.0428608333985
0.0443158178045
0.0458964246784
0.0476020485135
0.0494321247784
0.0513861321874
0.053463595582
0.0556640894731
0.057987242304
0.0604327414999
0.0630003393834
0.0656898600412
0.0685012072451
0.071434373539
0.0744894506257
0.0776666411999
0.0809662723993
0.084388811068
0.0879348810569
0.0916052828164
0.0954010155785
0.0993233024704
0.103373618953
0.10755372505
0.111865701896
0.116311993239
0.120895452641
0.125619397236
0.130487669103
0.13550470548
0.140675619319
0.14600629198
0.151503480258
0.157174940421
0.163029572581
0.169077589509
0.175330715042
0.181802418616
0.18850819419
0.195465894263
0.202696132803
0.210222775271
0.218073539816
0.226280741955
0.234882226639
0.243922548182
0.253454482618
0.26354099265
0.274257819127
0.285696955763
0.297971394594
0.311221741489
0.325625654683
0.341411668975
0.358880057949
0.378435412243
0.400639535239
0.426301152427
0.456635115482
0.493554629855
0.540183534498
0.601207128095
0.675035292719
0.693395041132
0.62288199029
0.554574905975
0.502062416439
0.460680329296
0.426771690013
0.398095376554
0.373250888062
0.351321410823
0.331679569447
0.313879464013
0.29759396202
0.282576609251
0.268637536258
0.255627664006
0.243428022109
0.231942325088
0.221091688019
0.21081078477
0.201045002249
0.19174829694
0.182881556117
0.174411327931
0.166308825339
0.158549136158
0.15111059031
0.143974248327
0.137123484412
0.13054364398
0.124221760383
0.118146319076
0.112307060098
0.106694811738
0.101301349729
0.0961192774894
0.0911419238171
0.0863632551185
0.081777799823
0.0773805830476
0.0731670699288
0.0691331163104
0.065274925701
0.0615890115922
0.0580721643796
0.0547214222458
0.0515340454657
0.0485074936782
0.0456394057334
0.0429275817863
0.0403699673509
0.0379646390738
0.0357097920173
0.0336037282726
0.031644846748
0.0298316339967
0.0281626559706
0.0266365505965
0.0252520210898
0.0240078299284
0.0229027934218
0.0219357768179
0.021105689898
0.0204114830172
0.0198521435525
0.0194266927267
0.0191341827804
0.018973694468
0.0189443348574
0.0190452354155
0.0192755503661
0.0196344553053
0.0201211460677
0.0207348378313
0.0214747644575
0.022340178059
0.0233303487934
0.0244445648797
0.0256821328362
0.0270423779416
0.0285246449199
0.0301282988533
0.0318527263276
0.0336973368181
0.035661564324
0.0377448692652
0.0399467406554
0.0422666985722
0.0447042969479
0.0472591267112
0.049930819318
0.0527190507164
0.0556235458016
0.058644083431
0.0617805020795
0.0650327062377
0.0684006736713
0.0718844636866
0.0754842265738
0.0792002144319
0.0830327936171
0.0869824591
0.0910498510671
0.0952357741604
0.0995412198168
0.103967392244
0.108515738664
0.113187984548
0.11798617471
0.122912721228
0.127970459378
0.133162712904
0.138493370244
0.143966973549
0.149588822745
0.155365097254
0.16130299859
0.167410917675
0.173698631654
0.180177536098
0.186860920026
0.193764293187
0.200905777769
0.2083065804
0.215991565411
0.223989957427
0.23233621133
0.241071101957
0.25024310654
0.259910183464
0.270142096711
0.281023505668
0.292658150348
0.305174640031
0.318734648953
0.333544830519
0.349874668117
0.368084170871
0.388668635046
0.412334558875
0.44013594709
0.47373575834
0.515942667884
0.571830916481
0.649789948869
0.730883686955
0.676464012928
0.588271152769
0.523944867881
0.475616917092
0.437185759425
0.40530897761
0.378055312796
0.354227682502
0.333038805207
0.31394568588
0.296559200718
0.280591655997
0.265824789216
0.252089390021
0.239251841393
0.2272049506
0.215861532879
0.205149815462
0.195010077514
0.185392148934
0.176253518451
0.167557881982
0.159274014457
0.151374882828
0.143836941381
0.136639566536
0.129764599571
0.123195973697
0.116919407712
0.110922152611
0.105192780707
0.0997210090718
0.0944975509349
0.0895139899389
0.0847626732423
0.0802366202192
0.0759294441447
0.0718352847408
0.0679487498489
0.0642648648025
0.0607790283263
0.0574869739869
0.0543847363824
0.0514686213962
0.0487351799426
0.0461811847297
0.043803609631
0.0415996113276
0.0395665129262
0.0377017893095
0.036003054004
0.0344680473872
0.0330946260794
0.0318807533871
0.0308244906848
0.0299239896391
0.0291774851909
0.0285832892249
0.0281397848668
0.0278454213563
0.0276987094527
0.0276982173388
0.0278425669915
0.0281304309984
0.0285605297996
0.0291316293436
0.0298425391471
0.0306921107561
0.0316792366057
0.0328028492853
0.0340619212148
0.0354554647446
0.0369825326961
0.0386422193611
0.0404336619874
0.0423560427777
0.0444085914389
0.0465905883209
0.0489013681928
0.0513403247093
0.0539069156317
0.0566006688713
0.0594211894398
0.0623681673972
0.0654413869048
0.0686407365056
0.0719662207706
0.0754179734725
0.0789962724702
0.0827015565168
0.0865344442345
0.0904957555389
0.0945865358393
0.0988080833914
0.103161980243
0.107650127285
0.112274783997
0.117038613606
0.121944734454
0.12699677857
0.132198958586
0.137556144366
0.143073950997
0.14875884011
0.154618236932
0.160660665964
0.166895908878
0.173335189028
0.179991388055
0.186879301446
0.19401594169
0.201420900021
0.209116780785
0.217129726546
0.225490057439
0.234233055469
0.243399934149
0.253039046832
0.263207404429
0.273972596176
0.285415236574
0.297632097317
0.310740119839
0.324881523582
0.340230171183
0.356999064816
0.375447877783
0.395886491443
0.41866189943
0.444090730923
0.472227841441
0.502178499227
0.530411268212
0.548573362751
0.546931004402
0.526106452373
0.49616670725
0.465016202641
0.435851042628
0.409434282228
0.385673639408
0.364248234474
0.344816971244
0.327078188796
0.310780255057
0.295717329424
0.281721722954
0.26865647228
0.256409083736
0.244886529466
0.234011323291
0.223718461036
0.213953032452
0.204668349058
0.19582446738
0.18738701598
0.179326257007
0.171616329985
0.164234638122
0.157161346926
0.150378971935
0.143872037637
0.137626793671
0.131630977408
0.125873614306
0.120344849227
0.115035803266
0.109938451711
0.105045519595
0.10035039196
0.0958470364789
0.0915299365034
0.0873940329435
0.0834346736488
0.079647569195
0.0760287541507
0.0725745530528
0.0692815504367
0.0661465643732
0.0631666230438
0.0603389439581
0.0576609154764
0.0551300803483
0.0527441210196
0.0505008464981
0.0483981805937
0.0464341513787
0.0446068817329
0.0429145808576
0.0413555366588
0.0399281089137
0.0386307231463
0.0374618651487
0.0364200760924
0.0355039481841
0.0347121208248
0.0340432772384
0.0334961415408
0.0330694762257
0.0327620800464
0.0325727862764
0.0325004613368
0.0325440037784
0.0327023436115
0.0329744419761
0.0333592911506
0.0338559148959
0.0344633691345
0.0351807429675
0.0360071600315
0.0369417802007
0.0379838016403
0.0391324632195
0.0403870472944
0.0417468828719
0.0432113491692
0.0447798795853
0.046451966105
0.0482271641563
0.05010509795
0.0520854663312
0.0541680491806
0.0563527144068
0.05863942558
0.0610282502666
0.0635193691292
0.0661130858756
0.0688098381448
0.0716102094402
0.0745149422349
0.0775249523926
0.0806413450771
0.0838654323441
0.0871987526478
0.0906430925273
0.0942005107866
0.0978733655303
0.101664344482
0.105576499082
0.109613282957
0.11377859544
0.118076830971
0.122512935351
0.127092469989
0.131821685564
0.136707606758
0.141758130096
0.1469821374
0.152389627881
0.157991872669
0.16380159648
0.169833192331
0.176102976783
0.182629495266
0.18943388977
0.196540344879
0.203976633115
0.211774787384
0.219971937794
0.22861136341
0.237743828413
0.247429299398
0.257739180426
0.268759261737
0.280593667421
0.293370224202
0.307247885501
0.322427175465
0.339165129019
0.357796961645
0.378767660654
0.402677125129
0.430338351625
0.462819431835
0.501286985757
0.545700456765
0.588454060706
0.602238075004
0.571475083704
0.524711871323
0.481022453197
0.443662338418
0.411869506946
0.384467186671
0.360490935155
0.339221968316
0.32013074274
0.302823012632
0.287000362407
0.272432936943
0.258940729418
0.246380616983
0.234637239413
0.223616471376
0.213240670874
0.203445164076
0.194175605114
0.185385964983
0.17703697969
0.169094938404
0.161530726694
0.154319063481
0.14743788682
0.140867855203
0.134591939459
0.12859508632
0.122863939191
0.117386604929
0.11215245791
0.107151974517
0.102376592618
0.0978185916933
0.0934709901127
0.0893274567501
0.0853822346263
0.0816300746995
0.0780661782529
0.0746861465927
0.071485936991
0.0684618239783
0.065610365238
0.0629283714709
0.0604128796955
0.0580611295314
0.0558705420783
0.0538387010624
0.0519633359654
0.0502423068945
0.0486735909841
0.0472552701475
0.0459855200229
0.0448625999782
0.0438848440566
0.0430506527609
0.0423584855869
0.0418068542288
0.0413943163885
0.0411194701291
0.0409809487216
0.0409774159401
0.0411075617638
0.0413700984548
0.0417637569785
0.0422872837432
0.0429394376353
0.0437189873309
0.0446247088686
0.04565538347
0.0468097955966
0.0480867312369
0.0494849764173
0.0510033159364
0.0526405323225
0.0543954050209
0.056266709819
0.0582532185237
0.0603536989098
0.0625669149672
0.0648916274778
0.0673265949665
0.0698705750781
0.0725223264443
0.0752806111206
0.0781441976857
0.081111865117
0.084182407574
0.0873546402458
0.0906274064439
0.0939995861493
0.0974701062543
0.101037952772
0.104702185322
0.108461954243
0.112316520706
0.116265280278
0.120307790379
0.124443802162
0.128673297362
0.13299653072
0.13741407861
0.141926894572
0.146536372474
0.151244418105
0.156053530038
0.160966890706
0.165988468728
0.171123133637
0.176376784367
0.181756493084
0.187270666257
0.192929225304
0.198743809672
0.204728005952
0.210897607484
0.217270910041
0.223869050516
0.230716397094
0.23784100116
0.245275122928
0.253055844212
0.261225782051
0.269833914532
0.278936521905
0.288598225801
0.298893064245
0.309905445073
0.321730623283
0.334473942768
0.348247249713
0.36315917182
0.379292462299
0.396654696393
0.415076161277
0.434012215086
0.452211371006
0.467337059221
0.476052211508
0.475418951801
0.465088818628
0.447616676757
0.426436173484
0.404149985386
0.382225572286
0.361336999965
0.341723273786
0.323412973411
0.306342809347
0.290415519519
0.275526745747
0.261576759681
0.248474970706
0.236141083014
0.224504768479
0.213504748449
0.20308770414
0.193207205041
0.183822733123
0.174898827413
0.166404349053
0.158311856604
0.150597077913
0.143238464546
0.136216815926
0.129514961871
0.123117493926
0.117010537391
0.111181557328
0.105619192959
0.100313115851
0.0952539080694
0.090432957147
0.0858423652543
0.0814748703965
0.0773237778313
0.0733829001979
0.0696465050938
0.0661092690392
0.0627662369369
0.0596127862731
0.0566445954229
0.053857615518
0.0512480454159
0.0488123093777
0.0465470371185
0.0444490459411
0.042515324706
0.0407430194234
0.0391294202834
0.0376719499654
0.036368153087
0.0352156866737
0.0342123115452
0.0333558845255
0.0326443513997
0.0320757405457
0.031648157182
0.0313597781764
0.0312088473697
0.0311936713726
0.0313126157993
0.0315641019067
0.0319466036089
0.0324586448449
0.0330987972754
0.0338656782915
0.0347579493184
0.0357743144008
0.0369135190598
0.0381743494121
0.0395556315472
0.0410562311599
0.04267505344
0.0444110432231
0.0462631854141
0.0482305056961
0.050312071546
0.0525069935845
0.0548144272949
0.0572335751545
0.0597636892339
0.0624040743284
0.0651540917034
0.0680131635463
0.0709807782382
0.0740564965758
0.0772399590977
0.0805308946924
0.0839291306909
0.0874346046818
0.0910473783133
0.09476765339
0.0985957906068
0.102532331313
0.106578022746
0.110733847225
0.115001055871
0.119381207473
0.123876213209
0.12848838802
0.133220509545
0.138075885656
0.143058431778
0.148172759383
0.15342427728
0.158819307617
0.164365218916
0.170070578913
0.175945330656
0.182000996091
0.188250912467
0.194710508282
0.201397627314
0.208332911744
0.215540258542
0.223047367583
0.230886405623
0.239094817873
0.247716329123
0.256802190018
0.266412742362
0.276619401374
0.287507183496
0.299177944998
0.311754532762
0.325386062429
0.340254464588
0.356582089767
0.374639009976
0.394745191823
0.417252566954
0.442462431199
0.470349603512
0.499758873109
0.526530085563
0.541584179115
0.536007634254
0.512508706232
0.481469083254
0.450000763438
0.420770922067
0.394338081682
0.370548792769
0.349070947295
0.329567494661
0.311744367789
0.295357359527
0.280206881875
0.266130212745
0.252994219736
0.240689305627
0.229124590654
0.218224143002
0.207924042537
0.198170089824
0.188916010209
0.180122037126
0.171753786754
0.163781357641
0.156178605117
0.14892255247
0.141992909836
0.135371678567
0.129042823878
0.122992002376
0.117206334032
0.111674210309
0.106385131926
0.101329571002
0.096498853397
0.0918850578547
0.0874809291834
0.0832798032356
0.079275541833
0.0754624761186
0.0718353570763
0.0683893121692
0.0651198072238
0.0620226128283
0.0590937746289
0.0563295870052
0.0537265696875
0.0512814469425
0.0489911290121
0.0468526955357
0.044863380727
0.0430205601079
0.0413217386319
0.0397645400531
0.0383466974166
0.037066044565
0.0359205085696
0.0349081030074
0.0340269220187
0.033275135085
0.0326509824802
0.0321527713511
0.0317788723907
0.0315277170745
0.0313977954309
0.0313876543235
0.0314958962253
0.0317211784672
0.0320622129447
0.0325177662708
0.033086660362
0.0337677734471
0.0345600414888
0.0354624600092
0.0364740863119
0.0375940420919
0.0388215164289
0.0401557691559
0.0415961346012
0.0431420257
0.0447929384741
0.0465484568823
0.0484082580461
0.0503721178576
0.0524399169847
0.0546116472919
0.0568874187014
0.0592674665305
0.0617521593488
0.0643420074099
0.0670376717295
0.0698399738935
0.0727499067013
0.0757686457703
0.0788975622518
0.0821382368393
0.0854924752812
0.0889623256516
0.0925500976749
0.0962583844548
0.100090087018
0.104048442155
0.108137054122
0.11235993088
0.116721525641
0.121226784668
0.125881202412
0.130690885311
0.135662625808
0.140803988469
0.146123410475
0.151630319237
0.157335270524
0.163250111229
0.169388171932
0.175764495667
0.182396110978
0.189302359484
0.196505291056
0.204030143468
0.211905928451
0.220166152911
0.228849713355
0.238002014245
0.247676378482
0.257935842277
0.268855459796
0.280525288066
0.293054282096
0.306575403238
0.321252316246
0.337288066731
0.354935906717
0.374511396413
0.396401257417
0.421052470711
0.448886372675
0.479959779349
0.51285466415
0.541877018843
0.554675694075
0.542270271044
0.512694620886
0.478608306035
0.446142000805
0.416896871331
0.390870661604
0.367654109264
0.346800392124
0.327920406546
0.310696309624
0.294873260186
0.280247319997
0.266654488069
0.253961873351
0.242060872531
0.230861965398
0.220290748159
0.210284896252
0.200791821896
0.191766852126
0.183171799096
0.174973828262
0.167144554695
0.159659315646
0.152496580437
0.1456374683
0.139065351718
0.132765528058
0.126724946138
0.120931977273
0.115376222617
0.11004835026
0.104939956892
0.100043449838
0.0953519460987
0.0908591856181
0.0865594565426
0.082447530607
0.0785186071145
0.0747682642376
0.0711924165746
0.0677872780714
0.0645493295599
0.0614752902785
0.0585620928423
0.0558068612055
0.0532068912303
0.0507596335317
0.0484626783151
0.0463137419638
0.0443106551685
0.0424513524186
0.0407338627014
0.0391563012747
0.037716862397
0.0364138129156
0.0352454866249
0.03421027932
0.033306644479
0.0325330895162
0.0318881725582
0.0313704996961
0.0309787226775
0.0307115370043
0.0305676804063
0.0305459316652
0.0306451097664
0.0308640733589
0.0312017205062
0.0316569887143
0.0322288552243
0.0329163375602
0.0337184943248
0.0346344262393
0.0356632774245
0.0368042369261
0.0380565404872
0.0394194725782
0.0408923686969
0.0424746179562
0.0441656659845
0.0459650181686
0.047872243277
0.0498869775108
0.0520089290367
0.0542378830715
0.0565737075948
0.0590163597846
0.061565893283
0.0642224664192
0.0669863515328
0.0698579455665
0.0728377821161
0.0759265451576
0.0791250846986
0.0824344346346
0.0858558331324
0.0893907459009
0.0930408927657
0.0968082780144
0.100695225051
0.104704415973
0.108838936778
0.113102329011
0.117498648819
0.122032534507
0.126709283921
0.131534943233
0.136516409001
0.141661545792
0.146979322175
0.152479968526
0.158175160958
0.164078236796
0.170204448464
0.176571264578
0.183198729624
0.190109897013
0.197331355047
0.204893871684
0.212833192997
0.221191042676
0.230016387865
0.239367062385
0.249311876422
0.259933398495
0.271331681939
0.283629342386
0.296978605139
0.311571284175
0.327653216525
0.345545603625
0.36567721813
0.388633672152
0.41523205234
0.446623767097
0.48436867604
0.530021218684
0.581360831317
0.615582145374
0.594175479657
0.542237112167
0.492496961296
0.450804767267
0.416016633802
0.386481503883
0.360931471992
0.338465216571
0.318441324882
0.300394543042
0.283979702584
0.268935090404
0.255058299868
0.242190000907
0.230202792498
0.218993379672
0.20847697136
0.198583193096
0.189253053694
0.180436658901
0.172091463603
0.164180918428
0.15667340939
0.149541418184
0.142760850654
0.13631049488
0.130171580234
0.124327415819
0.118763091894
0.113465231684
0.108421783808
0.103621847669
0.0990555258058
0.0947137984007
0.0905884161259
0.086671808241
0.0829570034445
0.0794375614442
0.0761075135759
0.0729613110994
0.0699937800317
0.0672000815755
0.0645756773519
0.0621162987792
0.0598179200398
0.0576767341694
0.0556891318702
0.0538516827128
0.0521611184409
0.0506143181339
0.0492082950199
0.0479401847596
0.0468072350486
0.0458067964056
0.0449363140328
0.0441933206504
0.0435754302207
0.0430803324868
0.0427057882631
0.0424496254207
0.0423097355191
0.0422840710412
0.0423706431942
0.0425675202425
0.0428728263439
0.0432847408632
0.0438014981408
0.0444213876958
0.0451427548477
0.0459640017431
0.0468835887741
0.0479000363833
0.0490119272474
0.0502179088412
0.0515166963821
0.0529070761632
0.0543879092883
0.0559581358237
0.0576167793942
0.0593629522515
0.061195860855
0.0631148120124
0.0651192196357
0.0672086121805
0.0693826408461
0.0716410886259
0.0739838803128
0.0764110935749
0.078922971235
0.0815199349038
0.0842026001327
0.0869717932745
0.0898285702624
0.0927742375407
0.0958103754115
0.098938864095
0.102161912837
0.105482092448
0.108902371709
0.112426158148
0.116057343782
0.119800356507
0.123660217956
0.127642608799
0.131753942675
0.136001450157
0.140393274518
0.144938581431
0.149647685275
0.15453219534
0.159605186129
0.164881396978
0.170377467697
0.176112218793
0.182106987299
0.18838603259
0.194977031019
0.201911684367
0.209226475553
0.216963616939
0.22517225345
0.233910007058
0.243244984899
0.253258426531
0.264048246799
0.275733856181
0.288462838779
0.302420387882
0.317842923919
0.335038190784
0.354415562749
0.376532524972
0.402165915933
0.432414556777
0.46880025087
0.513048595088
0.564424284119
0.605410995624
0.593499575059
0.542549497201
0.491000089517
0.447600506991
0.411513306684
0.381001433169
0.354701209527
0.331644232968
0.311144709505
0.292707720407
0.275967724801
0.260648582259
0.246537355778
0.233466809072
0.221303449833
0.209939179643
0.199285340289
0.189268386743
0.179826686948
0.170908117047
0.16246822802
0.154468829428
0.146876882151
0.139663623142
0.132803866589
0.12627544073
0.120058730113
0.114136300614
0.108492589997
0.103113650822
0.0979869355029
0.093101115531
0.0884459286045
0.0840120486802
0.0797909749786
0.0757749367437
0.0719568111723
0.0683300524048
0.0648886298547
0.0616269744572
0.0585399316631
0.0556227202028
0.052870895808
0.0502803192064
0.0478471278198
0.0455677106787
0.0434386861443
0.0414568820901
0.0396193182458
0.0379231904494
0.0363658565909
0.0349448240595
0.0336577385341
0.0325023739765
0.0314766237085
0.0305784924656
0.0298060893372
0.0291576215121
0.0286313887594
0.0282257785819
0.0279392619869
0.0277703898245
0.0277177896497
0.0277801630679
0.0279562835268
0.0282449945216
0.0286452081838
0.0291559042223
0.0297761291939
0.0305049960751
0.031341684115
0.0322854389458
0.0333355729328
0.0344914657454
0.0357525651329
0.0371183878927
0.0385885210182
0.0401626230202
0.0418404254163
0.0436217343882
0.0455064326123
0.0474944812728
0.0495859222751
0.0517808806841
0.0540795674205
0.0564822822595
0.0589894171859
0.0616014601763
0.0643189994906
0.0671427285744
0.0700734516942
0.0731120904467
0.0762596913128
0.0795174344514
0.0828866439648
0.0863687999016
0.0899655523063
0.0936787376748
0.0975103982266
0.101462804473
0.105538481629
0.109740240509
0.114071213639
0.118534897441
0.123135201486
0.12787650597
0.132763728797
0.13780240385
0.142998772403
0.148359889939
0.153893751166
0.159609436598
0.165517284861
0.17162909587
0.177958371352
0.184520600914
0.191333604132
0.198417942288
0.20579741753
0.213499683051
0.221556995894
0.230007155313
0.238894685744
0.24827234684
0.25820308748
0.268762612396
0.28004280925
0.292156408029
0.305243443512
0.319480419046
0.335093624494
0.352379028088
0.371732895781
0.393700466715
0.419055807018
0.448935567773
0.485056753278
0.529975802736
0.586461322867
0.647376658627
0.65702000423
0.599199782321
0.538093537788
0.488694854016
0.448858847782
0.415831503003
0.387718326279
0.363271208178
0.341648558114
0.322263715803
0.304694487647
0.288628367745
0.273828348007
0.260110876782
0.247331207953
0.235373388193
0.224143241737
0.213563345132
0.203569355614
0.194107280704
0.18513141536
0.176602761154
0.168487799203
0.160757526572
0.153386691572
0.146353181047
0.139637525132
0.133222493724
0.127092765269
0.12123465305
0.115635877572
0.110285376188
0.105173143017
0.100290093661
0.0956279503582
0.0911791440594
0.0869367306074
0.0828943187229
0.079046007924
0.0753863348433
0.0719102266768
0.0686129607122
0.0654901290667
0.0625376079034
0.0597515305148
0.0571282637588
0.054664387412
0.0523566760719
0.0502020832939
0.0481977276951
0.046340880795
0.0446289563964
0.043059501334
0.0416301874439
0.0403388046235
0.0391832548683
0.0381615471861
0.0372717932978
0.0365122040463
0.0358810864409
0.0353768412711
0.0349979612309
0.034743029496
0.0346107187052
0.0345997902942
0.034709094139
0.0349375684645
0.0352842399777
0.0357482241884
0.0363287258789
0.0370250396913
0.0378365507993
0.0387627356368
0.0398031626577
0.0409574931038
0.0422254817645
0.0436069777123
0.0451019250079
0.0467103633694
0.048432428812
0.0502683542664
0.0522184701978
0.0542832052513
0.0564630869654
0.0587587426014
0.0611709001551
0.0637003896262
0.0663481446428
0.0691152045518
0.0720027171102
0.0750119419331
0.0781442548816
0.081401153602
0.0847842644616
0.088295351162
0.0919363253531
0.0957092596194
0.0996164032583
0.103660201336
0.107843317566
0.112168661637
0.116639421699
0.121259102801
0.126031572207
0.1309611126
0.136052484351
0.141310998159
0.146742599551
0.152353966906
0.158152624886
0.164147075389
0.170346948352
0.176763175025
0.183408186511
0.190296140564
0.19744317965
0.204867722967
0.212590794355
0.220636386141
0.229031855377
0.237808342076
0.247001186583
0.256650300658
0.266800406556
0.277500986207
0.288805653654
0.300770432717
0.313450008188
0.326890283408
0.341114296371
0.35609642542
0.371716708245
0.387683987249
0.403418684435
0.417909321658
0.429630506686
0.436728916932
0.437664615796
0.432041621281
0.420862620779
0.405922088638
0.388983569391
0.371348958321
0.353824720772
0.336849788162
0.320632090271
0.305247118587
0.290699210169
0.27695700911
0.263973166185
0.251694946976
0.240069739652
0.229047747584
0.218583150135
0.208634446404
0.19916437811
0.190139650034
0.181530567109
0.173310651748
0.165456274024
0.157946310065
0.150761834609
0.143885848602
0.137303040169
0.130999576085
0.124962920494
0.119181677573
0.113645455079
0.108344745984
0.103270825716
0.0984156628588
0.0937718414296
0.0893324931252
0.0850912381536
0.0810421334702
0.0771796274039
0.0734985198124
0.0699939270262
0.066661250952
0.0634961517952
0.0604945239416
0.0576524746006
0.0549663048733
0.0524324929531
0.0500476792095
0.0478086529399
0.0457123406039
0.0437557953801
0.0419361879087
0.0402507980978
0.0386970078924
0.0372722949145
0.0359742268961
0.0348004568364
0.0337487188236
0.0328168244669
0.0320026598935
0.031304183267
0.0307194227907
0.0302464751615
0.0298835044447
0.0296287413393
0.0294804828109
0.0294370920667
0.0294969988499
0.0296587000356
0.0299207605063
0.0302818142925
0.03074056596
0.0312957922323
0.0319463438344
0.0326911475489
0.0335292084761
0.0344596124942
0.0354815289168
0.0365942133509
0.03779701076
0.0390893587429
0.0404707910439
0.041940941315
0.0434995471564
0.0451464544701
0.0468816221661
0.0487051272716
0.0506171704988
0.0526180823411
0.0547083297714
0.0568885236344
0.059159426831
0.0615219634095
0.0639772286929
0.0665265005855
0.0691712522246
0.0719131661586
0.0747541502609
0.0776963556129
0.0807421966231
0.0838943736847
0.0871558987186
0.0905301239998
0.0940207747286
0.097631985883
0.101368343979
0.105234934483
0.109237395743
0.113381980502
0.11767562624
0.122126035867
0.126741770625
0.13153235746
0.136508413664
0.141681792249
0.147065752391
0.152675160382
0.158526728003
0.164639297123
0.171034181877
0.177735583153
0.184771094706
0.192172326493
0.199975679456
0.208223318159
0.216964404918
0.22625668393
0.23616854032
0.246781713243
0.258194924295
0.270528809154
0.283932739232
0.298594437352
0.314753803403
0.332723190863
0.352917659756
0.375900463538
0.402449934239
0.433645587929
0.470905744956
0.515512545261
0.56499957412
0.598487767988
0.5808618408
0.532285513884
0.484140050486
0.443306648584
0.409115374408
0.380079223414
0.354989687651
0.332968396686
0.313383002343
0.295771567249
0.27978970428
0.265175318008
0.251725080469
0.239278501089
0.227706929183
0.216905808316
0.206789114786
0.197285291689
0.18833422654
0.179884970109
0.171893990508
0.164323819795
0.157141992529
0.150320204324
0.143833638223
0.137660420506
0.131781177375
0.12617867102
0.120837498703
0.115743842294
0.110885258518
0.106250502273
0.101829377035
0.0976126075338
0.0935917309229
0.0897590033244
0.0861073192794
0.0826301420575
0.0793214431592
0.076175649635
0.0731875980833
0.0703524943754
0.0676658783172
0.0651235925781
0.0627217553268
0.0604567360957
0.0583251344691
0.0563237612489
0.0544496217988
0.0526999013118
0.0510719517789
0.0495632804641
0.0481715397191
0.046894517987
0.0457301318662
0.0446764191157
0.0437315325001
0.0428937343804
0.0421613919665
0.0415329731566
0.0410070428942
0.04058225998
0.0402573742831
0.0400312242978
0.039902735001
0.0398709159666
0.0399348596997
0.0400937401556
0.0403468114163
0.0406934064985
0.041132936272
0.0416648884757
0.0422888268179
0.0430043901583
0.0438112917698
0.0447093186889
0.0456983311655
0.0467782622319
0.0479491174172
0.0492109746412
0.0505639843273
0.0520083697863
0.0535444279266
0.0551725303596
0.0568931249766
0.0587067380835
0.0606139771903
0.0626155345654
0.0647121916737
0.0669048246322
0.06919441083
0.071582036873
0.0740689080307
0.076656359378
0.0793458688443
0.0821390724004
0.0850377816404
0.0880440040352
0.0911599661675
0.0943881402887
0.0977312745767
0.101192427518
0.10477500689
0.108482813887
0.112320092999
0.116291588364
0.120402607406
0.124659092733
0.129067703422
0.133635907049
0.138372084073
0.143285646504
0.148387173216
0.15368856471
0.159203220803
0.164946245408
0.170934683512
0.177187796518
0.183727383422
0.190578156726
0.197768183579
0.205329404169
0.213298240459
0.221716308222
0.230631242276
0.240097635639
0.250178071472
0.260944179198
0.272477546931
0.284870118489
0.298223286217
0.312644037908
0.328234771538
0.345069856176
0.363145093864
0.382273977922
0.401889063075
0.420713932795
0.436403538446
0.445665841201
0.445671350811
0.43615990791
0.419671584832
0.399564355964
0.378377843726
0.357547800614
0.33773700156
0.319182214071
0.301912862946
0.285867146647
0.270949105791
0.25705530088
0.244086555268
0.231952538059
0.220572999205
0.209877507363
0.199804581348
0.190300636843
0.181318940641
0.172818652814
0.16476398348
0.157123465865
0.149869336626
0.142977010592
0.136424636587
0.130192721908
0.124263814518
0.118622233561
0.113253840312
0.108145842944
0.103286629656
0.0986656255856
0.0942731697742
0.090100409046
0.0861392062158
0.0823820604733
0.078822038144
0.0754527123261
0.0722681101444
0.0692626665597
0.0664311838438
0.0637687959608
0.061270937216
0.0589333146243
0.0567518835327
0.0547228260957
0.0528425322604
0.0511075829624
0.0495147352756
0.0480609092893
0.0467431765176
0.0455587496641
0.0445049735911
0.0435793173536
0.0427793671753
0.042102820256
0.0415474793072
0.0411112477237
0.0407921253061
0.0405882044531
0.0404976667502
0.0405187798862
0.0406498948318
0.0408894432204
0.0412359348746
0.0416879554264
0.0422441639831
0.0429032907965
0.0436641348959
0.0445255616549
0.0454865002629
0.0465459410842
0.0477029328927
0.0489565799779
0.0503060391301
0.0517505165214
0.053289264511
0.0549215784159
0.0566467933039
0.0584642808778
0.0603734465392
0.0623737267361
0.0644645867195
0.0666455188516
0.0689160416331
0.0712756996369
0.0737240645603
0.0762607376313
0.0788853536296
0.0815975868067
0.0843971590152
0.0872838503789
0.0902575128586
0.09331808709
0.0964656228866
0.0997003038174
0.103022476283
0.106432683526
0.109931705012
0.113520601647
0.117200767285
0.120973986999
0.124842502639
0.128809086196
0.132877121594
0.137050695607
0.141334698732
0.145734937087
0.150258256644
0.15491268153
0.159707568658
0.164653781645
0.16976388795
0.175052384391
0.180535957876
0.186233790361
0.192167919988
0.198363674256
0.204850196441
0.21166109376
0.218835246049
0.226417828199
0.234461620561
0.243028712409
0.252192749952
0.262041951924
0.27268322869
0.284247924448
0.296900010434
0.310848094274
0.326363587776
0.343809243859
0.363686066408
0.386714876369
0.413988597648
0.4472843913
0.489791107769
0.548159662317
0.64045159418
0.855640306558
0.737566684518
0.593049308643
0.515202436979
0.461595089598
0.420580095784
0.387300133071
0.359265485362
0.335029825731
0.313678645538
0.294597075531
0.27735196224
0.261626756128
0.247183156543
0.233837319173
0.221444459013
0.20988852838
0.199075087136
0.188926249856
0.179377024279
0.170372605711
0.161866343057
0.153818186186
0.146193484342
0.138962044713
0.132097386547
0.125576144183
0.119377584832
0.113483215747
0.107876461708
0.102542398363
0.0974675302653
0.0926396050133
0.0880474567312
0.0836808735748
0.0795304850329
0.0755876656399
0.0718444523705
0.0682934735028
0.0649278871439
0.0617413279348
0.0587278607115
0.0558819401073
0.0531983752492
0.0506722988392
0.0482991400253
0.0460746005538
0.0439946337779
0.0420554261527
0.0402533809054
0.0385851036088
0.0370473894246
0.0356372118139
0.0343517125368
0.0331881927868
0.0321441053231
0.0312170474802
0.0304047549494
0.029705096237
0.0291160677162
0.0286357891972
0.0282624999525
0.0279945551357
0.0278304225464
0.0277686796939
0.027808011124
0.0279472059752
0.0281851557388
0.0285208522026
0.028953385562
0.0294819426917
0.0301058055717
0.0308243498717
0.0316370437014
0.0325434465402
0.0335432083669
0.0346360690152
0.0358218577875
0.0371004933661
0.0384719840679
0.0399364284944
0.0414940166386
0.0431450315142
0.0448898513842
0.0467289526719
0.0486629136471
0.0506924189888
0.0528182653377
0.0550413679605
0.057362768662
0.0597836450931
0.0623053216191
0.0649292819279
0.0676571835788
0.0704908747144
0.0734324131833
0.0764840883532
0.0796484459306
0.0829283161445
0.086326845708
0.0898475340317
0.0934942742428
0.0972713996594
0.101183736486
0.105236663643
0.109436180828
0.11378898613
0.118302564805
0.12298529119
0.127846546183
0.132896853315
0.138148037172
0.143613408946
0.149307985113
0.155248746939
0.161454950738
0.16794850173
0.174754408407
0.181901339746
0.189422315251
0.197355568436
0.20574563961
0.21464477584
0.224114748559
0.234229248254
0.245077091121
0.256766591523
0.269431646916
0.28324040419
0.29840793408
0.315215344325
0.334039653216
0.355402496513
0.380053637664
0.409123016306
0.44441782205
0.489047681041
0.54876731784
0.63298903609
0.70809505558
0.634034320474
0.548228612259
0.487099402881
0.44123258765
0.404800014837
0.374656985297
0.348980125836
0.326631984086
0.306859514325
0.289139992012
0.273096495678
0.258448664749
0.244982523526
0.232531187662
0.220962077114
0.210168176741
0.200061902528
0.190570695793
0.18163379359
0.173199818341
0.16522494985
0.157671518968
0.150506911581
0.14370270443
0.137233976461
0.131078754727
0.125217564614
0.119633061776
0.114309728702
0.109233622858
0.104392166312
0.099773969015
0.0953686795433
0.091166858437
0.0871598702295
0.0833397910369
0.079699329176
0.0762317567482
0.072930850502
0.0697908405859
0.066806366039
0.0639724360638
0.0612843962793
0.0587378992823
0.0563288789453
0.0540535279706
0.0519082782847
0.0498897839205
0.0479949060808
0.0462207001159
0.0445644041851
0.0430234293971
0.0415953512492
0.0402779022053
0.03906896527
0.0379665684287
0.0369688798402
0.0360742036748
0.0352809765039
0.0345877641532
0.0339932589429
0.0334962772418
0.0330957572724
0.0327907571075
0.0325804528098
0.0324641366673
0.0324412154871
0.0325112089152
0.0326737477573
0.0329285722796
0.0332755304791
0.0337145763151
0.0342457679046
0.0348692656862
0.0355853305694
0.0363943220887
0.0372966965897
0.0382930054845
0.0393838936158
0.0405700977809
0.0418524454713
0.0432318538922
0.0447093293357
0.0462859669858
0.0479629512482
0.0497415567007
0.0516231497771
0.0536091913033
0.055701240021
0.0579009572459
0.0602101128251
0.0626305925756
0.0651644074061
0.0678137043496
0.0705807797593
0.0734680949547
0.0764782946394
0.0796142284573
0.0828789761046
0.0862758764746
0.0898085613859
0.0934809945325
0.0972975163953
0.101262895988
0.105382390463
0.109661813795
0.114107616008
0.118726974697
0.123527901003
0.128519362632
0.133711427188
0.139115429823
0.144744170277
0.150612145714
0.156735827532
0.163133992725
0.169828123542
0.176842893551
0.18420676422
0.191952724446
0.200119217336
0.208751315508
0.217902231047
0.227635283288
0.238026504026
0.249168147632
0.261173514371
0.274183727462
0.288377501123
0.303985641595
0.321313334587
0.340775849552
0.36295869885
0.388725590857
0.419428503383
0.457363465748
0.506925511126
0.578347375104
0.707185296387
0.997611381681
0.656527997592
0.551605547156
0.487405929391
0.440948181213
0.404485330088
0.374450472877
0.348903887197
0.326673178239
0.306995646535
0.289347419092
0.273353296111
0.25873548198
0.245282662789
0.232830448713
0.22124851002
0.21043183267
0.200294605186
0.190765840368
0.181786172752
0.17330547229
0.165281036832
0.157676202882
0.150459263773
0.143602617252
0.137082086641
0.130876374984
0.124966622247
0.119336043231
0.113969629301
0.108853901025
0.10397670177
0.0993270244848
0.0948948655815
0.0906711010761
0.0866473811358
0.0828160399296
0.0791700182714
0.0757027970114
0.0724083394988
0.0692810417359
0.0663156890775
0.0635074185239
0.0608516858074
0.0583442366027
0.0559810812918
0.0537584728036
0.0516728871148
0.049721006062
0.0478997021606
0.0462060251698
0.0446371901759
0.0431905669974
0.0418636707377
0.0406541533372
0.0395597959896
0.0385785023073
0.0377082921343
0.0369472959157
0.0362937495459
0.0357459896275
0.0353024490812
0.0349616530572
0.0347222151053
0.0345828335692
0.0345422881794
0.0345994368229
0.0347532124796
0.0350026203179
0.0353467349528
0.0357846978735
0.0363157150584
0.0369390547978
0.0376540457557
0.0384600753073
0.0393565881959
0.0403430855616
0.0414191243977
0.0425843175036
0.0438383340038
0.0451809005135
0.046611803037
0.048130889691
0.0497380743526
0.0514333413355
0.053216751207
0.0550884478606
0.0570486669672
0.05909774593
0.0612361354757
0.0634644130187
0.0657832979383
0.0681936689199
0.0706965835112
0.0732933000598
0.0759853022058
0.078774326119
0.0816623906904
0.0846518309126
0.0877453347207
0.090945983606
0.0942572973803
0.0976832835384
0.101228491771
0.1048980743
0.108697852878
0.112634393486
0.116715090022
0.12094825862
0.125343244617
0.129910544739
0.134661947731
0.13961069752
0.144771684097
0.150161668758
0.155799552203
0.161706696527
0.167907315462
0.174428951782
0.181303067041
0.188565777502
0.19625878244
0.204430548703
0.213137841343
0.222447728822
0.232440250345
0.243212025101
0.254881231336
0.267594628265
0.281537713908
0.296949861133
0.314147674443
0.33356257571
0.355804465158
0.381776677882
0.412901431827
0.45161383997
0.502630083419
0.57712200288
0.714623425739
0.853308760786
0.627400706382
0.531146890385
0.470044202328
0.425211368093
0.389788137164
0.360510948293
0.3355713562
0.313862602969
0.294658121798
0.277455293706
0.261891999054
0.247698724172
0.234669467987
0.222643236234
0.211491812891
0.201111415995
0.191416845757
0.182337282211
0.173813204409
0.165794090392
0.158236672144
0.151103592436
0.144362357572
0.137984511287
0.131944976202
0.126221523806
0.12079434414
0.115645693646
0.110759604874
0.106121645583
0.10171871761
0.097538887994
0.093571246461
0.0898057845869
0.0862332928987
0.0828452729092
0.0796338616473
0.0765917666976
0.0737122101182
0.0709888798907
0.0684158877855
0.0659877327071
0.0636992687367
0.0615456772087
0.0595224422596
0.0576253293684
0.0558503664776
0.0541938273387
0.0526522167756
0.0512222575988
0.0499008789354
0.0486852057734
0.0475725495382
0.0465603995471
0.0456464152009
0.0448284187937
0.0441043888348
0.0434724537901
0.0429308861646
0.0424780968597
0.0421126297474
0.0418331564167
0.0416384710562
0.0415274854456
0.0414992240389
0.0415528191298
0.0416875060979
0.0419026187422
0.0421975847164
0.042571921086
0.0430252300364
0.0435571947638
0.0441675755921
0.0448562063586
0.0456229911216
0.0464679012465
0.0473909729298
0.0483923052293
0.0494720586672
0.0506304544843
0.0518677746182
0.053184362492
0.0545806246934
0.0560570336362
0.0576141312925
0.059252534092
0.0609729390841
0.0627761314648
0.0646629935713
0.0666345154534
0.0686918071341
0.0708361126766
0.073068826184
0.0753915098648
0.0778059143081
0.0803140011296
0.082917968163
0.0856202773999
0.0884236859097
0.0913312800078
0.0943465129958
0.097473246853
0.100715798344
0.104078990107
0.107568207403
0.111189461386
0.114949459928
0.118855687294
0.122916494275
0.127141200776
0.131540213358
0.136125160855
0.140909052019
0.14590646017
0.151133741184
0.156609292956
0.162353866801
0.168390944426
0.174747198377
0.18145305972
0.188543424865
0.196058544952
0.204045157675
0.212557945518
0.221661440141
0.231432547021
0.241963949071
0.253368783032
0.265787204798
0.279395838359
0.294421773226
0.311164016999
0.330027737716
0.351581694627
0.376660688103
0.406563377958
0.443476897501
0.491535874282
0.560160286658
0.68043208178
1.10253390656
0.65788485327
0.54689100606
0.480479546042
0.432874209318
0.395718647817
0.365234675428
0.339389508344
0.316963021309
0.29716522214
0.279455264489
0.263446644194
0.248853587646
0.235458862142
0.223093492806
0.211623463612
0.200940702014
0.190956791495
0.181598478033
0.172804389557
0.164522595705
0.156708762357
0.149324735207
0.142337438163
0.135718006312
0.129441096121
0.123484331222
0.117827853152
0.112453954174
0.107346774944
0.102492053848
0.0978769178667
0.0934897070758
0.089319826576
0.0853576209563
0.0815942673729
0.078021684103
0.0746324520298
0.0714197469908
0.0683772812918
0.06549925299
0.0627803017874
0.0602154705697
0.0578001717804
0.0555301579493
0.0534014957987
0.0514105434347
0.0495539302062
0.0478285388683
0.0462314897412
0.0447601265937
0.0434120040174
0.0421848760866
0.0410766861247
0.0400855574204
0.0392097847541
0.0384478266141
0.0377982979937
0.0372599636767
0.0368317319257
0.0365126485035
0.0363018909618
0.0361987631438
0.0362026898534
0.0363132116513
0.0365299797452
0.036852750948
0.037281382683
0.0378158280216
0.038456130745
0.0392024204245
0.0400549075236
0.0410138785271
0.04207969111
0.0432527693616
0.0445335990899
0.0459227232317
0.0474207374055
0.0490282856456
0.0507460563686
0.0525747786262
0.0545152187112
0.0565681771919
0.0587344864614
0.0610150089021
0.0634106357788
0.065922286992
0.0685509118392
0.0712974909549
0.0741630396216
0.0771486126706
0.0802553112205
0.083484291533
0.0868367763013
0.0903140687238
0.093917569763
0.09764879903
0.101509419795
0.105501268671
0.109626390596
0.113887079792
0.11828592747
0.122825877139
0.12751028848
0.132343010861
0.137328467736
0.142471753318
0.147778743166
0.153256220579
0.158912021044
0.164755197404
0.170796209002
0.17704713872
0.183521942761
0.19023673914
0.197210142296
0.20446365299
0.212022114856
0.219914251522
0.228173301206
0.236837768677
0.245952317072
0.255568822591
0.265747610616
0.276558875603
0.288084245123
0.300418351065
0.313670054697
0.327962499938
0.343430141775
0.360208660768
0.378408830443
0.398055173585
0.418950410776
0.44039797406
0.460720580567
0.476751219445
0.484235592136
0.480312905761
0.46612349385
0.445695988418
0.422878956652
0.400013132452
0.378189853137
0.357800567912
0.338907269371
0.321434490717
0.30525886928
0.290248424019
0.276278562598
0.263237638873
0.251027966926
0.239564981004
0.228775751434
0.218597386512
0.208975538007
0.199863085735
0.191219013768
0.183007464871
0.17519695081
0.167759694832
0.160671084399
0.15390921513
0.147454509922
0.141289399971
0.135398056798
0.129766166399
0.124380738259
0.119229943321
0.114302976075
0.109589936812
0.105081730787
0.100769981617
0.0966469566942
0.0927055027702
0.0889389901869
0.085341264459
0.0819066041341
0.0786296840206
0.0755055430095
0.0725295558365
0.069697408224
0.0670050749231
0.0644488002441
0.0620250807196
0.059730649593
0.0575624628665
0.0555176866766
0.0535936857972
0.0517880130951
0.0500983997867
0.0485227463649
0.0470591140827
0.0457057168959
0.0444609137833
0.0433232013732
0.0422912068196
0.0413636808798
0.0405394911577
0.0398176154824
0.039197135406
0.0386772298046
0.0382571685822
0.0379363064761
0.0377140769758
0.0375899863673
0.0375636079243
0.037634576273
0.0378025819589
0.038067366254
0.0384287162432
0.0388864602371
0.0394404635593
0.0400906247651
0.0408368723513
0.0416791620194
0.0426174745651
0.0436518144655
0.0447822092462
0.0460087097108
0.0473313911244
0.0487503554456
0.0502657347068
0.0518776956498
0.0535864457255
0.055392240574
0.0572953931051
0.0592962843033
0.0613953758874
0.0635932249572
0.0658905007669
0.0682880037681
0.0707866870728
0.0733876804944
0.0760923173344
0.0789021640974
0.0818190533346
0.0848451198397
0.0879828404583
0.0912350778119
0.0946051282998
0.0980967748177
0.101714344732
0.105462773778
0.109347676714
0.113375425775
0.117553238231
0.121889274712
0.126392750355
0.131074061414
0.135944930656
0.141018575737
0.146309905946
0.151835754179
0.157615152968
0.163669666028
0.170023790262
0.176705447926
0.183746595195
0.191183982489
0.199060114829
0.207424479097
0.216335132341
0.225860786032
0.236083583467
0.247102865012
0.259040372656
0.272047605213
0.286316481424
0.302095264508
0.319713190656
0.339620183802
0.362454231733
0.389163111031
0.4212425946
0.461253923538
0.514117035716
0.590983851706
0.719616808801
0.738282378711
0.601238732252
0.51925730676
0.463425754611
0.421313580809
0.387561087703
0.359425031881
0.335322708441
0.314260512693
0.295574623491
0.278799907043
0.263597953008
0.249714932409
0.236955600873
0.225166560694
0.214225091608
0.204031467767
0.194503533128
0.185572783655
0.177181481101
0.169280489188
0.161827625914
0.154786391307
0.148124972711
0.141815458233
0.1358332084
0.130156349511
0.12476536164
0.119642741008
0.114772721314
0.110141042252
0.105734756048
0.101542064901
0.0975521836792
0.0937552234239
0.0901420920605
0.0867044094476
0.083434434415
0.0803250018803
0.0773694684718
0.0745616653569
0.0718958571957
0.0693667063169
0.0669692413559
0.0646988297146
0.0625511532997
0.0605221870753
0.0586081800349
0.0568056382529
0.0551113097219
0.0535221707263
0.052035413532
0.0506484352051
0.0493588273975
0.0481643669584
0.0470630072518
0.0460528700762
0.0451322381006
0.0442995477399
0.0435533824129
0.0428924661282
0.0423156573627
0.0418219431991
0.0414104337027
0.0410803565227
0.0408310517108
0.0406619667569
0.0405726518477
0.0405627553572
0.0406320195864
0.0407802767698
0.041007445374
0.0413135267139
0.0416986019162
0.0421628292642
0.0427064419573
0.0433297463231
0.044033120521
0.0448170137776
0.0456819461976
0.0466285091925
0.0476573665746
0.0487692563622
0.0499649933462
0.0512454724685
0.0526116730664
0.0540646640398
0.0556056099995
0.0572357784619
0.0589565481583
0.0607694185338
0.0626760205179
0.0646781286586
0.066777674722
0.0689767628736
0.071277686575
0.0736829473463
0.0761952755752
0.0788176535773
0.0815533411536
0.0844059039321
0.087379244838
0.0904776390984
0.0937057732724
0.0970687888919
0.100572331421
0.104222605386
0.108026436719
0.111991343561
0.116125617086
0.120438414214
0.12493986455
0.129641194435
0.134554871683
0.139694775496
0.145076397227
0.150717079159
0.156636300488
0.16285602237
0.169401107439
0.176299834091
0.183584532472
0.191292378419
0.199466394702
0.208156727717
0.21742229516
0.227332940841
0.237972294173
0.249441626767
0.261865148396
0.275397427474
0.290234025414
0.306627126435
0.324909164408
0.345529654041
0.369114474015
0.396564028334
0.429216935301
0.469099141465
0.519053566727
0.580279841087
0.630186978121
0.605479198958
0.542513403965
0.48720790774
0.443112393639
0.407346520713
0.377528725867
0.352070939367
0.32991704668
0.310343447736
0.292837535136
0.277024847792
0.262624383544
0.249420309372
0.237243477675
0.225958990619
0.215457609416
0.205649677743
0.196460731866
0.187828268901
0.17969932714
0.172028646655
0.164777251722
0.157911344694
0.151401433107
0.145221633726
0.139349112426
0.13376362949
0.128447167541
0.123383624852
0.118558560821
0.113958983396
0.109573170476
0.105390519034
0.101401416957
0.0975971336686
0.0939697262894
0.0905119587798
0.0872172319266
0.0840795224492
0.0810933297921
0.0782536294179
0.0755558316126
0.0729957449771
0.0705695439096
0.0682737394948
0.066105153304
0.0640608936877
0.0621383342037
0.060335093878
0.0586490190411
0.0570781665184
0.0556207879904
0.0542753153617
0.0530403470054
0.0519146347694
0.0508970716481
0.0499866800422
0.0491826005384
0.0484840811579
0.0478904670308
0.0474011904627
0.0470157613717
0.0467337580786
0.0465548184425
0.0464786313411
0.046504928501
0.0466334766891
0.0468640702864
0.0471965242668
0.0476306676143
0.0481663372183
0.0488033722923
0.0495416093708
0.0503808779482
0.0513209968279
0.0523617712652
0.0535029909911
0.054744429218
0.0560858427364
0.0575269732224
0.0590675498861
0.060707293601
0.0624459226631
0.0642831603391
0.0662187443681
0.0682524385904
0.0703840468803
0.0726134295651
0.0749405225103
0.0773653590572
0.0798880949909
0.0825090367179
0.0852286728295
0.0880477092213
0.0909671079429
0.0939881299514
0.0971123819562
0.100341867559
0.103679042931
0.107126877313
0.110688918712
0.114369365266
0.118173142893
0.122105990052
0.126174550667
0.130386476634
0.134750541738
0.139276769333
0.143976576882
0.148862941282
0.153950590097
0.159256225248
0.164798787663
0.170599773893
0.176683619095
0.183078165316
0.189815240236
0.196931380217
0.204468743677
0.212476278417
0.221011232144
0.230141133766
0.239946431365
0.250524063933
0.261992390095
0.274498138818
0.288226460749
0.303415895725
0.320381446651
0.339551659142
0.361531309137
0.387214316448
0.418004399827
0.456296016945
0.506698119321
0.579992047881
0.712769625382
0.851067900276
0.633863270291
0.537013190244
0.475461896463
0.430292742081
0.394596479249
0.365085013372
0.339937046447
0.31803853385
0.298658471641
0.281291366303
0.265573131584
0.251232840711
0.238063430895
0.225903077216
0.214622889872
0.204118522969
0.194304292181
