0.79767131792
0.797772033391
0.797877095132
0.797987036859
0.79810250028
0.798224266453
0.798353299489
0.798490808822
0.798638340462
0.798797915129
0.798972245336
0.799165092975
0.799381892576
0.799630919519
0.799925698362
0.800290668622
0.800777433576
0.801530480437
0.803453345936
0.802322142871
0.80126721083
0.800728998347
0.800372576613
0.800110124669
0.799905292197
0.799739483829
0.799601901164
0.799485714914
0.799386331374
0.799300512877
0.799225892376
0.799160687541
0.799103523391
0.799053317549
0.799009203248
0.798970476156
0.798936556719
0.79890696279
0.798881289474
0.798859193916
0.798840383723
0.798824607994
0.798811650283
0.798801323027
0.798793463111
0.79878792829
0.798784594227
0.798783352157
0.798784106885
0.798786775201
0.798791284488
0.798797571642
0.798805582121
0.798815269175
0.79882659321
0.798839521254
0.798854026538
0.798870088155
0.798887690784
0.798906824532
0.79892748477
0.798949672102
0.79897339236
0.798998656662
0.799025481536
0.799053889119
0.799083907427
0.799115570686
0.799148919768
0.799184002733
0.799220875449
0.799259602396
0.799300257597
0.799342925726
0.799387703507
0.799434701303
0.799484045117
0.79953587901
0.799590368009
0.799647701748
0.799708098956
0.799771813053
0.799839139273
0.799910423691
0.799986074961
0.800066579632
0.800152522603
0.800244614751
0.800343731126
0.800450964828
0.800567705127
0.800695754093
0.800837507033
0.800996243962
0.801176625491
0.801385593951
0.80163415598
0.801941339018
0.802344564036
0.802935240915
0.804072435296
0.805019330679
0.803260354246
0.802565465346
0.802127270988
0.801808006684
0.801557720161
0.801352575741
0.801179322689
0.801029828224
0.800898739757
0.800782346121
0.800677968138
0.800583608131
0.800497736685
0.800419156817
0.800346914066
0.800280235082
0.800218484527
0.80016113407
0.800107739613
0.800057924336
0.800011365736
0.799967785702
0.799926942736
0.799888625823
0.799852649531
0.799818850048
0.799787081984
0.799757215737
0.799729135308
0.79970273649
0.799677925344
0.799654616944
0.799632734269
0.799612207285
0.799592972159
0.799574970585
0.799558149189
0.799542459019
0.7995278551
0.799514296061
0.799501743783
0.799490163104
0.799479521561
0.79946978915
0.799460938126
0.799452942812
0.799445779457
0.799439426064
0.799433862276
0.799429069267
0.799425029613
0.799421727231
0.799419147274
0.799417276057
0.799416101011
0.799415610598
0.799415794271
0.799416642419
0.79941814634
0.799420298178
0.799423090922
0.799426518349
0.799430575005
0.799435256205
0.799440557973
0.799446477085
0.79945301099
0.799460157867
0.79946791656
0.799476286628
0.799485268308
0.79949486253
0.799505070926
0.799515895838
0.799527340325
0.799539408188
0.799552103973
0.799565432998
0.799579401402
0.799594016131
0.799609285007
0.799625216751
0.799641821033
0.799659108517
0.79967709091
0.799695781026
0.799715192868
0.799735341684
0.799756244062
0.799777918018
0.799800383123
0.799823660593
0.799847773438
0.799872746613
0.799898607172
0.799925384478
0.799953110392
0.799981819525
0.800011549514
0.800042341318
0.800074239585
0.800107293037
0.800141554946
0.800177083653
0.800213943181
0.800252203962
0.800291943639
0.800333248037
0.80037621232
0.800420942321
0.800467556147
0.800516186077
0.800566980888
0.800620108644
0.800675760098
0.800734152924
0.800795536954
0.800860200743
0.800928479973
0.801000768175
0.801077530771
0.801159323613
0.801246817955
0.801340834636
0.801442392008
0.801552774705
0.80167363528
0.801807149421
0.801956262892
0.802125103878
0.802319714592
0.80254945421
0.802829981926
0.80319059548
0.803696845651
0.804556298562
0.809855799481
0.804599793673
0.80372928306
0.803224095393
0.80286757
0.802592336131
0.802368488319
0.802180105988
0.802017698438
0.801875149658
0.801748286511
0.801634134019
0.801530496437
0.801435706813
0.801348469721
0.80126775842
0.801192745345
0.801122753664
0.801057222776
0.800995683117
0.800937737453
0.80088304676
0.800831319355
0.800782302494
0.800735775728
0.800691545633
0.80064944155
0.80060931218
0.800571022737
0.800534452646
0.800499493624
0.800466048054
0.80043402764
0.800403352259
0.800373948988
0.800345751278
0.800318698231
0.800292733978
0.80026780715
0.80024387042
0.800220880087
0.800198795713
0.800177579832
0.800157197654
0.800137616829
0.800118807228
0.800100740747
0.80008339114
0.800066733866
0.800050745951
0.800035405848
0.80002069335
0.800006589475
0.799993076372
0.799980137251
0.799967756288
0.799955918586
0.799944610081
0.79993381752
0.799923528361
0.799913730789
0.799904413611
0.799895566253
0.799887178721
0.79987924156
0.799871745809
0.79986468301
0.799858045137
0.799851824622
0.799846014275
0.799840607317
0.799835597328
0.799830978243
0.799826744325
0.799822890168
0.799819410661
0.799816301
0.799813556652
0.79981117336
0.79980914712
0.799807474186
0.799806151061
0.799805174469
0.799804541374
0.799804248946
0.79980429459
0.799804675903
0.7998053907
0.799806436989
0.799807812966
0.799809517041
0.79981154779
0.799813903994
0.799816584611
0.799819588782
0.799822915828
0.799826565255
0.799830536738
0.799834830148
0.799839445519
0.799844383076
0.799849643214
0.799855226526
0.799861133766
0.799867365899
0.799873924062
0.799880809578
0.799888023979
0.799895568989
0.799903446528
0.799911658735
0.799920207949
0.799929096737
0.799938327881
0.799947904399
0.799957829547
0.79996810683
0.799978740006
0.7999897331
0.800001090414
0.800012816532
0.800024916346
0.800037395058
0.800050258199
0.800063511644
0.800077161621
0.800091214747
0.800105678037
0.800120558925
0.800135865282
0.800151605462
0.800167788301
0.800184423178
0.800201520014
0.800219089331
0.800237142298
0.800255690736
0.800274747201
0.800294325021
0.80031443834
0.800335102194
0.800356332573
0.800378146492
0.800400562065
0.8004235986
0.800447276702
0.800471618364
0.800496647108
0.800522388095
0.800548868308
0.800576116672
0.800604164279
0.800633044576
0.800662793617
0.800693450312
0.80072505673
0.80075765845
0.80079130495
0.800826050041
0.800861952397
0.800899076127
0.800937491462
0.800977275563
0.801018513436
0.80106129901
0.801105736448
0.80115194165
0.801200044073
0.801250188932
0.801302539842
0.801357282034
0.801414626335
0.801474814099
0.801538123357
0.801604876659
0.801675451057
0.801750291118
0.801829926054
0.801914992614
0.802006266336
0.802104705018
0.802211510702
0.80232822041
0.802456843451
0.80260007714
0.802761661781
0.80294699899
0.803164309233
0.803427014641
0.803759332738
0.804212264222
0.804927837209
0.806773142906
0.805692851872
0.804591779578
0.804017609719
0.803627054042
0.803331025066
0.803092788864
0.802893591454
0.802722554777
0.802572803398
0.802439713602
0.802320026186
0.802211357296
0.80211191055
0.802020298572
0.801935427515
0.801856419689
0.801782560108
0.801713258599
0.801648022331
0.801586435535
0.801528144213
0.801472844483
0.801420273544
0.801370202583
0.801322431167
0.801276782726
0.801233100908
0.80119124662
0.801151095566
0.801112536219
0.801075468142
0.801039800555
0.801005451146
0.800972345043
0.800940413952
0.8009095954
0.800879832102
0.800851071399
0.800823264777
0.800796367441
0.800770337946
0.800745137882
0.800720731568
0.800697085827
0.800674169727
0.800651954414
0.800630412908
0.80060951997
0.800589251926
0.800569586572
0.800550503043
0.800531981707
0.800514004072
0.800496552705
0.800479611162
0.800463163887
0.800447196193
0.800431694162
0.800416644619
0.800402035073
0.800387853664
0.800374089144
0.800360730814
0.800347768505
0.800335192538
0.800322993711
0.800311163239
0.80029969277
0.800288574316
0.800277800278
0.800267363383
0.800257256703
0.800247473607
0.80023800776
0.800228853117
0.800220003871
0.800211454497
0.800203199688
0.800195234371
0.800187553689
0.800180152994
0.800173027829
0.80016617393
0.800159587218
0.80015326377
0.800147199846
0.800141391851
0.800135836353
0.800130530054
0.800125469806
0.800120652583
0.80011607551
0.80011173581
0.800107630848
0.800103758094
0.800100115135
0.800096699665
0.800093509489
0.800090542493
0.800087796691
0.800085270177
0.800082961132
0.80008086784
0.800078988674
0.80007732208
0.8000758666
0.800074620853
0.800073583535
0.800072753433
0.800072129394
0.800071710349
0.800071495311
0.800071483349
0.800071673617
0.800072065329
0.800072657783
0.800073450329
0.800074442397
0.800075633485
0.800077023152
0.800078611024
0.800080396797
0.800082380226
0.80008456114
0.800086939427
0.800089515049
0.800092288023
0.800095258434
0.80009842644
0.800101792253
0.800105356165
0.800109118527
0.800113079759
0.800117240348
0.80012160085
0.800126161889
0.800130924168
0.800135888451
0.800141055587
0.800146426485
0.800152002132
0.800157783608
0.800163772045
0.800169968682
0.800176374821
0.800182991856
0.800189821264
0.800196864607
0.800204123548
0.800211599835
0.800219295314
0.800227211933
0.800235351732
0.800243716865
0.800252309592
0.800261132289
0.800270187439
0.800279477656
0.800289005676
0.800298774356
0.800308786699
0.800319045847
0.80032955508
0.800340317841
0.800351337716
0.800362618473
0.800374164041
0.800385978535
0.800398066261
0.800410431714
0.800423079606
0.800436014859
0.800449242625
0.800462768295
0.800476597522
0.80049073621
0.800505190551
0.800519967033
0.800535072442
0.800550513916
0.800566298924
0.800582435308
0.800598931296
0.800615795539
0.800633037123
0.800650665603
0.800668691023
0.800687123972
0.800705975598
0.800725257642
0.800744982504
0.800765163271
0.800785813769
0.800806948621
0.800828583299
0.800850734201
0.800873418705
0.800896655268
0.800920463504
0.800944864266
0.800969879774
0.800995533721
0.801021851402
0.801048859866
0.801076588073
0.801105067068
0.801134330211
0.80116441337
0.80119535521
0.80122719746
0.801259985267
0.801293767563
0.8013285975
0.801364532934
0.801401637012
0.801439978819
0.80147963415
0.801520686408
0.801563227631
0.801607359749
0.801653196037
0.801700862842
0.80175050171
0.801802271876
0.801856353373
0.801912950769
0.801972297883
0.80203466359
0.802100359206
0.802169747921
0.80224325699
0.802321393719
0.802404766816
0.802494115331
0.802590348744
0.802694603734
0.802808326776
0.802933398036
0.803072324214
0.803228551996
0.803407006116
0.803615077576
0.803864606824
0.804176374732
0.804592240452
0.805219103232
0.806534353546
0.806714870634
0.80528222634
0.804633760217
0.804209941225
0.803894768086
0.803643900022
0.80343560168
0.803257587085
0.803102229274
0.80296446681
0.802840768293
0.8027285717
0.802625959163
0.802531457613
0.802443911048
0.802362395588
0.802286161232
0.802214590749
0.802147170108
0.802083466664
0.802023112848
0.801965793719
0.801911237387
0.801859207495
0.801809497293
0.801761924895
0.801716329437
0.801672567951
0.801630512821
0.801590049659
0.801551075522
0.801513497459
0.801477231231
0.801442200277
0.801408334806
0.801375571018
0.801343850423
0.801313119305
0.801283328181
0.801254431383
0.801226386676
0.801199154932
0.801172699806
0.801146987511
0.801121986557
0.801097667569
0.80107400309
0.801050967425
0.801028536482
0.80100668766
0.800985399719
0.800964652663
0.800944427668
0.800924706981
0.800905473838
0.800886712394
0.800868407663
0.800850545451
0.800833112309
0.800816095477
0.800799482839
0.800783262879
0.800767424653
0.800751957732
0.800736852197
0.800722098587
0.800707687882
0.800693611471
0.80067986113
0.800666428997
0.80065330756
0.800640489633
0.800627968338
0.80061573708
0.80060378955
0.800592119685
0.800580721691
0.800569589991
0.800558719239
0.800548104297
0.800537740228
0.800527622295
0.800517745934
0.800508106763
0.800498700559
0.800489523256
0.800480570952
0.800471839883
0.800463326418
0.800455027059
0.800446938446
0.800439057328
0.800431380572
0.80042390517
0.800416628199
0.800409546862
0.800402658439
0.800395960323
0.800389449989
0.800383125005
0.800376983015
0.800371021753
0.800365239037
0.80035963274
0.800354200836
0.800348941342
0.800343852366
0.800338932077
0.800334178698
0.800329590519
0.800325165901
0.800320903244
0.800316801022
0.800312857756
0.800309072018
0.800305442437
0.800301967689
0.800298646496
0.800295477639
0.800292459936
0.800289592249
0.800286873494
0.800284302618
0.800281878612
0.800279600519
0.800277467413
0.800275478413
0.800273632663
0.800271929361
0.800270367732
0.800268947043
0.800267666599
0.800266525728
0.800265523804
0.800264660229
0.800263934444
0.800263345914
0.800262894145
0.800262578673
0.800262399064
0.800262354913
0.800262445851
0.800262671543
0.80026303167
0.800263525952
0.80026415415
0.800264916039
0.80026581143
0.800266840156
0.800268002095
0.800269297136
0.800270725218
0.800272286288
0.800273980339
0.800275807383
0.800277767464
0.800279860657
0.800282087072
0.800284446828
0.8002869401
0.800289567079
0.800292327988
0.800295223077
0.800298252631
0.800301416965
0.800304716427
0.800308151392
0.800311722271
0.80031542951
0.800319273577
0.800323254983
0.800327374264
0.800331632008
0.800336028811
0.800340565329
0.800345242239
0.800350060263
0.800355020155
0.800360122709
0.800365368754
0.800370759168
0.800376294866
0.8003819768
0.800387805963
0.800393783406
0.800399910209
0.800406187508
0.800412616474
0.800419198342
0.800425934389
0.800432825938
0.800439874376
0.800447081133
0.800454447705
0.800461975639
0.800469666539
0.800477522077
0.800485543985
0.80049373406
0.80050209417
0.800510626246
0.8005193323
0.800528214415
0.800537274746
0.800546515535
0.800555939113
0.800565547883
0.800575344349
0.800585331113
0.800595510856
0.800605886378
0.80061646058
0.800627236467
0.800638217169
0.800649405926
0.800660806103
0.800672421205
0.80068425486
0.800696310853
0.800708593108
0.800721105703
0.800733852888
0.800746839084
0.80076006888
0.800773547068
0.800787278625
0.800801268749
0.800815522852
0.800830046573
0.800844845804
0.800859926681
0.800875295618
0.800890959311
0.800906924772
0.800923199306
0.800939790586
0.800956706619
0.800973955808
0.800991546958
0.80100948929
0.801027792499
0.801046466754
0.801065522749
0.801084971725
0.801104825526
0.80112509661
0.801145798123
0.801166943938
0.801188548698
0.801210627882
0.801233197886
0.801256276053
0.801279880794
0.801304031643
0.801328749363
0.80135405604
0.801379975217
0.801406531995
0.801433753208
0.801461667539
0.801490305743
0.801519700806
0.8015498882
0.801580906105
0.80161279572
0.801645601573
0.801679371883
0.801714158994
0.801750019841
0.801787016519
0.801825216907
0.801864695413
0.801905533845
0.801947822419
0.801991660943
0.802037160231
0.802084443785
0.80213364979
0.802184933569
0.802238470494
0.802294459622
0.802353128138
0.802414736926
0.802479587588
0.802548031348
0.802620480598
0.802697423969
0.802779446356
0.802867255984
0.802961721722
0.803063925672
0.803175239159
0.803297436015
0.803432867307
0.80358474262
0.803757606694
0.80395820103
0.804197156608
0.804492715507
0.804880349277
0.805444959918
0.806502617383
0.807878003707
0.80586795595
0.805134917482
0.804676711849
0.80434271881
0.804079863923
0.803863178122
0.803678900893
0.803518636818
0.803376884621
0.803249842996
0.803134775112
0.803029644896
0.802932896493
0.802843314181
0.80275992994
0.802681960409
0.802608762717
0.80253980277
0.802474632019
0.802412870112
0.802354191725
0.802298316448
0.802245000866
0.802194032334
0.802145223998
0.80209841078
0.802053446128
0.802010199331
0.80196855334
0.801928402894
0.801889653021
0.801852217725
0.801816018883
0.80178098532
0.801747052007
0.801714159393
0.801682252758
0.801651281764
0.80162119995
0.801591964376
0.801563535266
0.801535875691
0.801508951325
0.801482730202
0.8014571825
0.801432280342
0.801407997657
0.80138431001
0.801361194466
0.801338629488
0.801316594799
0.801295071312
0.801274041021
0.801253486933
0.801233392992
0.801213743992
0.80119452555
0.801175724028
0.801157326491
0.801139320648
0.801121694822
0.801104437911
0.801087539336
0.801070989032
0.801054777395
0.801038895264
0.801023333892
0.801008084933
0.800993140389
0.800978492627
0.800964134333
0.800950058508
0.800936258433
0.800922727683
0.800909460082
0.800896449704
0.800883690864
0.800871178095
0.800858906145
0.800846869962
0.800835064689
0.800823485647
0.800812128329
0.800800988397
0.800790061678
0.800779344131
0.800768831884
0.800758521173
0.800748408387
0.800738490038
0.800728762745
0.800719223255
0.800709868416
0.800700695193
0.800691700636
0.80068288191
0.800674236259
0.800665761016
0.800657453611
0.800649311548
0.800641332411
0.800633513868
0.800625853642
0.800618349553
0.800610999468
0.800603801326
0.80059675313
0.800589852947
0.800583098896
0.80057648916
0.800570021971
0.800563695617
0.800557508441
0.800551458825
0.800545545211
0.800539766082
0.800534119961
0.800528605424
0.800523221088
0.800517965601
0.800512837665
0.800507836007
0.800502959398
0.800498206645
0.800493576596
0.800489068127
0.80048468014
0.800480411586
0.800476261432
0.800472228685
0.800468312381
0.800464511586
0.800460825387
0.80045725291
0.800453793297
0.800450445719
0.800447209387
0.800444083513
0.800441067352
0.800438160176
0.80043536128
0.800432669986
0.800430085636
0.800427607594
0.800425235247
0.800422968
0.800420805285
0.800418746543
0.800416791254
0.800414938895
0.80041318898
0.800411541035
0.800409994607
0.800408549256
0.800407204568
0.800405960143
0.800404815597
0.800403770566
0.800402824699
0.800401977673
0.800401229168
0.800400578889
0.800400026557
0.800399571903
0.800399214686
0.800398954668
0.800398791638
0.800398725386
0.800398755734
0.800398882511
0.800399105562
0.800399424753
0.800399839949
0.80040035105
0.800400957962
0.800401660608
0.800402458916
0.800403352848
0.800404342362
0.800405427446
0.800406608095
0.800407884321
0.800409256147
0.800410723618
0.80041228679
0.800413945732
0.800415700539
0.800417551301
0.800419498149
0.800421541205
0.800423680626
0.800425916567
0.800428249216
0.800430678764
0.800433205425
0.800435829423
0.800438551005
0.800441370428
0.800444287978
0.80044730394
0.800450418627
0.800453632369
0.800456945511
0.800460358412
0.800463871461
0.800467485054
0.800471199603
0.800475015554
0.800478933361
0.800482953494
0.800487076455
0.80049130275
0.800495632923
0.800500067532
0.800504607148
0.800509252373
0.800514003828
0.80051886216
0.800523828035
0.800528902145
0.800534085205
0.800539377954
0.800544781155
0.800550295608
0.80055592212
0.800561661541
0.800567514744
0.800573482628
0.800579566122
0.800585766193
0.800592083826
0.800598520049
0.800605075914
0.800611752512
0.800618550968
0.800625472438
0.800632518119
0.800639689243
0.800646987085
0.800654412957
0.800661968212
0.800669654243
0.800677472492
0.800685424447
0.800693511632
0.800701735632
0.800710098077
0.800718600647
0.800727245076
0.800736033161
0.800744966744
0.800754047731
0.800763278096
0.800772659869
0.800782195147
0.800791886102
0.800801734966
0.80081174406
0.800821915765
0.800832252557
0.800842756982
0.800853431687
0.800864279402
0.800875302947
0.800886505243
0.800897889316
0.80090945829
0.80092121542
0.800933164051
0.800945307664
0.800957649871
0.800970194403
0.800982945137
0.800995906099
0.801009081467
0.801022475568
0.80103609291
0.801049938167
0.801064016201
0.801078332074
0.801092891048
0.801107698589
0.801122760413
0.801138082452
0.801153670904
0.801169532227
0.801185673163
0.801202100747
0.801218822327
0.801235845592
0.801253178579
0.8012708297
0.801288807751
0.801307121978
0.801325782051
0.801344798128
0.801364180874
0.801383941505
0.801404091814
0.801424644212
0.801445611772
0.801467008298
0.801488848343
0.801511147287
0.801533921396
0.801557187887
0.801580965023
0.801605272157
0.801630129858
0.801655559998
0.801681585878
0.801708232332
0.801735525873
0.801763494856
0.801792169654
0.801821582832
0.801851769374
0.801882766944
0.801914616141
0.801947360829
0.801981048473
0.802015730583
0.802051463146
0.802088307184
0.802126329362
0.802165602716
0.802206207472
0.802248232057
0.802291774214
0.80233694238
0.802383857296
0.802432653958
0.802483483919
0.80253651814
0.802591950443
0.80265000176
0.802710925466
0.802775014033
0.802842607512
0.802914104457
0.802989976162
0.803070785491
0.803157212292
0.803250088184
0.803350445453
0.803459587238
0.803579191472
0.803711470007
0.803859422252
0.804027260094
0.804221164651
0.804450744546
0.804732157691
0.805095867125
0.805610933355
0.806502661395
0.810446861511
0.80640195513
0.805562029948
0.805064854656
0.804710565348
0.804435184569
0.804209943117
0.80401940891
0.803854336168
0.803708745338
0.803578545438
0.803460813958
0.803353390322
0.803254632048
0.80316326132
0.8030782644
0.802998823563
0.802924269574
0.8028540478
0.802787693454
0.802724813158
0.802665071033
0.802608178028
0.80255388358
0.802501969072
0.802452242634
0.802404534947
0.802358695832
0.802314591481
0.80227210216
0.802231120287
0.802191548862
0.802153300118
0.802116294373
0.802080459075
0.802045727982
0.802012040444
0.801979340782
0.801947577786
0.801916704219
0.80188667643
0.80185745401
0.801828999465
0.801801277942
0.801774256988
0.801747906354
0.801722197765
0.801697104781
0.801672602627
0.801648668068
0.801625279268
0.801602415695
0.801580058008
0.801558187976
0.801536788396
0.801515842998
0.801495336406
0.801475254052
0.801455582133
0.80143630756
0.801417417897
0.801398901332
0.801380746623
0.801362943071
0.801345480493
0.801328349173
0.801311539841
0.80129504364
0.80127885213
0.801262957222
0.801247351183
0.801232026615
0.801216976425
0.801202193822
0.801187672291
0.801173405583
0.801159387693
0.801145612857
0.801132075547
0.801118770424
0.801105692377
0.801092836473
0.80108019796
0.80106777228
0.801055555015
0.801043541927
0.801031728916
0.801020112034
0.801008687467
0.80099745153
0.80098640067
0.800975531452
0.80096484055
0.800954324749
0.800943980956
0.800933806153
0.800923797437
0.800913951995
0.800904267093
0.8008947401
0.800885368444
0.800876149659
0.80086708133
0.800858161129
0.800849386796
0.800840756133
0.800832267019
0.800823917378
0.800815705212
0.800807628569
0.800799685563
0.800791874346
0.800784193141
0.80077664021
0.800769213862
0.800761912469
0.800754734429
0.800747678193
0.800740742254
0.80073392515
0.800727225442
0.800720641758
0.800714172735
0.800707817066
0.800701573466
0.800695440693
0.800689417533
0.800683502805
0.800677695359
0.800671994072
0.800666397861
0.800660905662
0.800655516438
0.80065022918
0.800645042908
0.800639956666
0.800634969523
0.800630080568
0.80062528892
0.800620593716
0.800615994114
0.800611489303
0.80060707848
0.800602760867
0.800598535714
0.800594402283
0.80059035985
0.800586407716
0.800582545207
0.800578771658
0.800575086417
0.800571488859
0.800567978365
0.80056455435
0.800561216222
0.800557963425
0.800554795401
0.800551711615
0.800548711553
0.800545794706
0.800542960575
0.800540208691
0.800537538583
0.800534949794
0.800532441898
0.800530014457
0.800527667055
0.800525399304
0.800523210799
0.800521101171
0.800519070055
0.800517117087
0.800515241933
0.800513444252
0.800511723731
0.800510080055
0.800508512924
0.800507022049
0.80050560715
0.800504267963
0.800503004218
0.80050181568
0.800500702095
0.800499663249
0.800498698911
0.800497808877
0.800496992947
0.800496250922
0.800495582631
0.800494987891
0.800494466541
0.800494018431
0.800493643412
0.800493341349
0.800493112107
0.800492955577
0.800492871638
0.800492860196
0.800492921156
0.800493054432
0.800493259951
0.800493537642
0.800493887446
0.800494309316
0.800494803204
0.800495369085
0.800496006928
0.800496716719
0.800497498442
0.800498352108
0.800499277722
0.800500275302
0.800501344866
0.800502486457
0.800503700115
0.800504985891
0.800506343849
0.800507774043
0.800509276565
0.800510851499
0.800512498929
0.800514218966
0.800516011725
0.800517877314
0.800519815875
0.800521827546
0.800523912468
0.8005260708
0.800528302712
0.800530608373
0.800532987975
0.800535441705
0.800537969774
0.800540572392
0.800543249783
0.800546002182
0.800548829833
0.800551732986
0.800554711906
0.800557766867
0.800560898159
0.800564106071
0.800567390913
0.800570753004
0.800574192674
0.800577710257
0.800581306113
0.800584980601
0.800588734096
0.800592566991
0.800596479682
0.800600472583
0.800604546117
0.80060870073
0.800612936871
0.800617255003
0.800621655612
0.800626139191
0.80063070624
0.800635357292
0.800640092883
0.800644913565
0.800649819909
0.800654812498
0.800659891936
0.800665058843
0.800670313852
0.800675657623
0.800681090819
0.800686614134
0.800692228272
0.800697933972
0.800703731978
0.800709623054
0.800715607993
0.800721687609
0.800727862726
0.800734134208
0.800740502928
0.800746969795
0.800753535731
0.800760201687
0.800766968645
0.800773837609
0.800780809612
0.800787885707
0.800795066988
0.800802354578
0.800809749626
0.800817253308
0.800824866839
0.800832591472
0.80084042849
0.800848379205
0.80085644498
0.800864627203
0.800872927313
0.800881346781
0.800889887125
0.800898549909
0.800907336728
0.800916249247
0.800925289157
0.80093445821
0.800943758214
0.80095319102
0.800962758542
0.80097246275
0.800982305666
0.800992289393
0.801002416082
0.801012687954
0.801023107306
0.801033676499
0.801044397975
0.801055274254
0.801066307937
0.801077501711
0.801088858341
0.801100380702
0.80111207175
0.80112393455
0.801135972272
0.801148188181
0.801160585677
0.801173168264
0.801185939577
0.801198903379
0.801212063576
0.801225424204
0.801238989464
0.801252763707
0.801266751443
0.801280957363
0.80129538634
0.801310043437
0.801324933915
0.801340063255
0.801355437154
0.801371061542
0.8013869426
0.801403086783
0.801419500801
0.801436191671
0.801453166714
0.801470433586
0.801488000276
0.801505875161
0.801524066987
0.801542584934
0.801561438618
0.801580638123
0.801600194037
0.801620117484
0.801640420159
0.801661114375
0.801682213085
0.801703729958
0.801725679407
0.801748076659
0.801770937802
0.801794279881
0.801818120933
0.801842480097
0.801867377693
0.801892835321
0.801918875981
0.801945524174
0.801972806056
0.802000749581
0.802029384685
0.802058743436
0.802088860291
0.802119772313
0.802151519435
0.802184144784
0.802217695008
0.802252220682
0.802287776778
0.802324423135
0.802362225129
0.802401254302
0.802441589202
0.80248331634
0.802526531258
0.802571339874
0.802617860022
0.802666223302
0.802716577323
0.802769088408
0.802823944898
0.802881361201
0.802941582854
0.803004892842
0.803071619641
0.803142147503
0.803216929843
0.803296506922
0.803381529528
0.803472791338
0.803571274108
0.80367821219
0.803795187393
0.803924273041
0.80406826137
0.804231039845
0.804418251353
0.804638541553
0.804906158648
0.805247165814
0.805717705941
0.806481556197
0.808798715107
0.806949779163
0.805950708343
0.805403281524
0.805024259494
0.80473410758
0.804499008437
0.804301398558
0.804130976692
0.803981180878
0.803847572444
0.80372700851
0.80361718203
0.80351634939
0.803423160687
0.803336549423
0.803255658354
0.803179788083
0.803108360543
0.803040892444
0.802976975651
0.802916262335
0.802858453675
0.802803291043
0.802750549109
0.802700030377
0.802651560745
0.802604985989
0.802560168818
0.802516986502
0.802475328873
0.802435096664
0.802396200127
0.802358557852
0.802322095759
0.80228674624
0.802252447444
0.80221914262
0.802186779585
0.802155310253
0.802124690193
0.80209487829
0.802065836412
0.802037529136
0.802009923486
0.801982988726
0.801956696156
0.801931018933
0.801905931914
0.801881411523
0.801857435619
0.801833983374
0.801811035193
0.801788572591
0.801766578135
0.801745035344
0.801723928649
0.801703243292
0.801682965306
0.801663081425
0.80164357907
0.801624446288
0.801605671698
0.801587244482
0.801569154326
0.801551391409
0.801533946357
0.801516810208
0.801499974426
0.801483430829
0.801467171598
0.80145118925
0.801435476622
0.801420026834
0.801404833307
0.801389889715
0.801375189992
0.801360728314
0.801346499073
0.801332496883
0.801318716571
0.801305153147
0.801291801812
0.801278657938
0.801265717073
0.801252974922
0.801240427329
0.801228070308
0.80121589999
0.801203912648
0.80119210468
0.801180472613
0.801169013067
0.801157722802
0.801146598663
0.801135637599
0.801124836666
0.801114193007
0.801103703852
0.80109336652
0.801083178416
0.801073137012
0.801063239874
0.801053484624
0.801043868961
0.801034390659
0.801025047541
0.80101583751
0.80100675852
0.800997808578
0.800988985758
0.800980288182
0.800971714024
0.800963261516
0.800954928921
0.800946714571
0.800938616829
0.800930634098
0.80092276484
0.800915007542
0.800907360741
0.800899823
0.800892392936
0.800885069186
0.800877850432
0.800870735387
0.800863722791
0.800856811422
0.800850000082
0.800843287618
0.800836672886
0.800830154779
0.800823732222
0.800817404158
0.800811169557
0.800805027418
0.80079897676
0.800793016626
0.800787146087
0.800781364225
0.800775670156
0.800770063011
0.800764541941
0.800759106114
0.800753754724
0.800748486979
0.800743302105
0.800738199352
0.800733177982
0.800728237276
0.800723376526
0.800718595051
0.800713892169
0.800709267235
0.8007047196
0.800700248646
0.800695853747
0.800691534316
0.800687289763
0.800683119519
0.800679023019
0.800674999726
0.800671049103
0.800667170623
0.800663363787
0.800659628084
0.80065596304
0.800652368172
0.80064884302
0.80064538713
0.800642000058
0.800638681363
0.800635430638
0.800632247452
0.800629131416
0.80062608213
0.800623099211
0.800620182284
0.80061733098
0.800614544943
0.800611823825
0.800609167281
0.800606574982
0.800604046608
0.800601581839
0.800599180367
0.800596841891
0.800594566122
0.800592352771
0.800590201562
0.800588112232
0.800586084506
0.800584118139
0.800582212876
0.800580368473
0.800578584705
0.800576861334
0.800575198148
0.800573594923
0.800572051455
0.800570567539
0.800569142985
0.800567777598
0.800566471195
0.800565223605
0.800564034647
0.800562904164
0.800561831995
0.800560817989
0.800559861988
0.800558963862
0.80055812347
0.800557340678
0.800556615372
0.80055594742
0.800555336715
0.80055478315
0.800554286621
0.800553847023
0.800553464276
0.80055313829
0.800552868976
0.800552656268
0.800552500088
0.800552400373
0.800552357066
0.800552370106
0.800552439447
0.800552565046
0.800552746857
0.80055298485
0.800553278995
0.800553629263
0.800554035643
0.80055449812
0.80055501668
0.800555591322
0.800556222046
0.800556908858
0.800557651772
0.800558450803
0.800559305977
0.800560217313
0.800561184851
0.800562208621
0.800563288673
0.800564425052
0.800565617804
0.800566866996
0.800568172691
0.800569534952
0.80057095386
0.800572429484
