1.59541940285
1.59555819842
1.5956989848
1.59584177355
1.59598656323
1.59613333549
1.59628205033
1.59643264004
1.59658500166
1.59673898744
1.5968943929
1.59705094166
1.59720826632
1.59736588399
1.5975231647
1.59767928973
1.59783319424
1.59798348231
1.59812828211
1.59826491254
1.59838839938
1.59849272926
1.59857612471
1.59863880585
1.59868285744
1.59871133573
1.59872731504
1.59873386354
1.59873307437
1.59872650228
1.59871550119
1.59870131895
1.59868524925
1.59866822838
1.5986509727
1.59863390328
1.59861773306
1.59860285856
1.59858956374
1.59857806373
1.59856851937
1.5985610493
1.59855573948
1.59855265014
1.59855181809
1.59855325346
1.59855696525
1.59856299001
1.59857134983
1.59858204697
1.59859507443
1.59861042091
1.59862807294
1.59864801615
1.59867023609
1.59869471887
1.59872145159
1.59875042269
1.59878162225
1.59881504216
1.59885067635
1.59888852081
1.59892857377
1.59897083569
1.59901530933
1.5990619997
1.5991109141
1.59916206202
1.59921545509
1.59927110696
1.59932903315
1.59938925086
1.5994517787
1.59951663639
1.59958384434
1.59965342313
1.59972539288
1.5997997724
1.59987657824
1.59995582333
1.60003751549
1.60012165545
1.60020823438
1.60029723093
1.60038860743
1.60048230515
1.60057823824
1.60067628568
1.6007762805
1.60087799451
1.60098111586
1.60108520033
1.60118957736
1.60129355321
1.60139611884
1.60149593103
1.60159201088
1.60168313632
1.60176740512
1.60184200518
1.60190426112
1.60195110217
1.60197778451
1.60198291034
1.60196851468
1.60193740831
1.60189304045
1.60183836029
1.60177621874
1.60170905673
1.60163872305
1.60156653529
1.60149352062
1.60142048411
1.60134804321
1.60127666555
1.60120670278
1.60113841656
1.60107199822
1.601007584
1.60094526691
1.60088510622
1.6008271349
1.60077136555
1.60071779512
1.6006664086
1.60061718197
1.60057008454
1.60052508076
1.6004821317
1.60044119619
1.6004022317
1.60036519503
1.6003300429
1.60029673234
1.60026522102
1.60023546751
1.60020743146
1.6001810737
1.60015635639
1.60013324307
1.60011169867
1.60009168956
1.60007318355
1.60005614989
1.60004055924
1.60002638368
1.60001359665
1.60000217293
1.59999208864
1.59998332117
1.59997584916
1.59996965248
1.59996471217
1.59996101046
1.59995853067
1.59995725723
1.59995717564
1.59995827244
1.5999605352
1.59996395247
1.59996851378
1.59997420961
1.59998103139
1.59998897146
1.59999802307
1.60000818037
1.60001943841
1.60003179308
1.60004524118
1.60005978035
1.60007540911
1.60009212684
1.60010993378
1.60012883103
1.60014882058
1.60016990527
1.60019208886
1.60021537597
1.60023977215
1.60026528388
1.60029191854
1.60031968451
1.60034859112
1.6003786487
1.60040986861
1.60044226324
1.60047584607
1.60051063168
1.60054663577
1.60058387524
1.60062236814
1.60066213381
1.60070319283
1.6007455671
1.60078927986
1.60083435574
1.60088082079
1.60092870249
1.60097802982
1.60102883326
1.60108114482
1.60113499801
1.60119042788
1.60124747099
1.60130616535
1.60136655034
1.60142866666
1.60149255609
1.60155826139
1.60162582595
1.60169529343
1.60176670734
1.60184011034
1.60191554352
1.60199304535
1.60207265036
1.60215438755
1.60223827819
1.60232433327
1.60241254999
1.60250290755
1.60259536162
1.60268983743
1.60278622082
1.602884347
1.602983986
1.60308482405
1.60318643962
1.60328827155
1.60338957241
1.60348930788
1.60358601035
1.60367822475
1.6037640165
1.6038407734
1.60390611588
1.6039569672
1.60398861022
1.60399609387
1.60397837868
1.60393999657
1.60388628229
1.60382073192
1.60374666869
1.60366658834
1.60358249876
1.60349606017
1.6034084599
1.60332056814
1.603233042
1.60314637985
1.60306095772
1.60297705619
1.60289488096
1.60281457891
1.60273625078
1.60265996115
1.60258574632
1.60251362067
1.60244358165
1.6023756137
1.60230969145
1.60224578222
1.60218384796
1.60212384684
1.6020657345
1.60200946499
1.60195499151
1.60190226708
1.6018512449
1.60180187876
1.6017541233
1.60170793417
1.60166326822
1.60162008357
1.60157833967
1.60153799736
1.60149901888
1.60146136788
1.60142500938
1.60138990977
1.60135603681
1.60132335954
1.60129184828
1.60126147459
1.60123221122
1.60120403206
1.60117691213
1.60115082749
1.60112575525
1.60110167348
1.60107856122
1.6010563984
1.60103516584
1.60101484517
1.60099541885
1.60097687008
1.60095918282
1.60094234173
1.60092633216
1.60091114009
1.60089675214
1.60088315555
1.60087033812
1.60085828821
1.60084699472
1.60083644708
1.6008266352
1.60081754949
1.60080918081
1.60080152048
1.60079456025
1.60078829231
1.60078270924
1.60077780402
1.60077357002
1.60077000098
1.60076709101
1.60076483457
1.60076322648
1.60076226189
1.60076193628
1.60076224545
1.60076318554
1.60076475299
1.60076694454
1.60076975724
1.60077318846
1.60077723582
1.60078189728
1.60078717105
1.60079305567
1.60079954992
1.60080665291
1.60081436399
1.60082268282
1.60083160934
1.60084114377
1.60085128662
1.60086203867
1.60087340101
1.60088537501
1.60089796233
1.60091116493
1.60092498507
1.60093942532
1.60095448855
1.60097017794
1.60098649701
1.6010034496
1.60102103986
1.60103927232
1.60105815183
1.60107768362
1.60109787327
1.60111872674
1.6011402504
1.60116245099
1.6011853357
1.60120891211
1.60123318827
1.60125817268
1.6012838743
1.60131030259
1.60133746753
1.6013653796
1.60139404986
1.60142348992
1.60145371198
1.60148472888
1.60151655408
1.60154920172
1.60158268665
1.60161702443
1.60165223139
1.60168832467
1.60172532222
1.60176324286
1.60180210633
1.6018419333
1.60188274545
1.60192456546
1.60196741713
1.60201132535
1.6020563162
1.60210241698
1.60214965625
1.60219806391
1.60224767122
1.60229851084
1.60235061693
1.60240402511
1.60245877256
1.60251489803
1.60257244182
1.60263144585
1.60269195358
1.60275401001
1.60281766157
1.60288295606
1.60294994244
1.60301867062
1.60308919117
1.60316155488
1.60323581223
1.60331201268
1.60339020374
1.60347042982
1.60355273066
1.60363713944
1.60372368023
1.60381236488
1.60390318887
1.6039961262
1.60409112268
1.60418808746
1.6042868821
1.60438730659
1.60448908158
1.60459182578
1.60469502788
1.60479801191
1.60489989476
1.60499953278
1.6050954493
1.60518572628
1.60526746117
1.60533622868
1.60538854042
1.60542090328
1.60542775501
1.60540579987
1.60535996916
1.60529662184
1.60522142444
1.60513791236
1.60504871758
1.60495586001
1.60486086197
1.60476487367
1.60466876614
1.60457319735
1.60447866084
1.6043855226
1.60429404957
1.60420443168
1.60411679921
1.60403123619
1.60394779106
1.60386648486
1.60378731775
1.60371027406
1.60363532629
1.60356243818
1.60349156718
1.60342266634
1.60335568579
1.60329057389
1.60322727812
1.60316574579
1.60310592452
1.60304776266
1.6029912096
1.60293621596
1.60288273374
1.60283071644
1.60278011911
1.60273089839
1.60268301252
1.60263642133
1.60259108622
1.60254697015
1.60250403754
1.6024622543
1.60242158775
1.60238200655
1.60234348069
1.60230598141
1.60226948114
1.60223395351
1.6021993732
1.602165716
1.60213295868
1.60210107898
1.60207005559
1.60203986804
1.60201049673
1.60198192285
1.60195412838
1.60192709599
1.6019008091
1.60187525175
1.60185040866
1.60182626512
1.60180280703
1.60178002084
1.60175789352
1.60173641258
1.60171556597
1.60169534216
1.60167573002
1.60165671888
1.60163829846
1.60162045889
1.60160319066
1.60158648465
1.60157033206
1.60155472443
1.60153965363
1.60152511184
1.60151109153
1.60149758547
1.60148458668
1.60147208847
1.6014600844
1.60144856828
1.60143753416
1.6014269763
1.60141688921
1.60140726762
1.60139810644
1.60138940081
1.60138114606
1.60137333769
1.60136597142
1.60135904312
1.60135254886
1.60134648485
1.60134084751
1.60133563337
1.60133083915
1.60132646172
1.60132249809
1.60131894543
1.60131580104
1.60131306237
1.60131072701
1.60130879266
1.6013072572
1.60130611859
1.60130537495
1.60130502453
1.60130506567
1.60130549686
1.60130631672
1.60130752396
1.60130911744
1.60131109611
1.60131345906
1.60131620547
1.60131933466
1.60132284606
1.6013267392
1.60133101373
1.60133566941
1.60134070614
1.60134612389
1.60135192278
1.60135810302
1.60136466494
1.60137160901
1.60137893576
1.6013866459
1.6013947402
1.6014032196
1.60141208511
1.60142133789
1.60143097923
1.60144101051
1.60145143326
1.60146224914
1.60147345992
1.60148506752
1.60149707398
1.60150948148
1.60152229234
1.60153550903
1.60154913414
1.60156317045
1.60157762084
1.60159248839
1.60160777632
1.601623488
1.60163962699
1.60165619701
1.60167320196
1.60169064593
1.60170853318
1.60172686818
1.60174565559
1.60176490028
1.60178460732
1.60180478201
1.60182542989
1.60184655671
1.60186816848
1.60189027145
1.60191287213
1.60193597732
1.60195959408
1.60198372976
1.60200839204
1.60203358887
1.60205932858
1.60208561979
1.6021124715
1.60213989308
1.60216789429
1.60219648526
1.60222567657
1.60225547922
1.60228590468
1.60231696486
1.60234867221
1.60238103968
1.60241408075
1.60244780947
1.60248224051
1.60251738913
1.60255327125
1.60258990347
1.60262730309
1.60266548818
1.60270447756
1.60274429088
1.60278494865
1.60282647226
1.60286888405
1.60291220733
1.60295646642
1.60300168674
1.60304789481
1.6030951183
1.60314338611
1.60319272841
1.60324317665
1.60329476366
1.60334752366
1.60340149232
1.60345670679
1.6035132057
1.60357102923
1.6036302191
1.60369081852
1.60375287221
1.6038164263
1.60388152827
1.60394822677
1.60401657145
1.60408661265
1.60415840106
1.60423198724
1.60430742095
1.60438475034
1.6044640209
1.60454527409
1.60462854559
1.60471386306
1.60480124334
1.60489068878
1.60498218264
1.6050756832
1.60517111624
1.60526836535
1.60536725964
1.60546755774
1.60556892735
1.60567091867
1.60577293014
1.60587416476
1.60597357554
1.60606979742
1.60616105422
1.60624501474
1.60631857486
1.60637686685
1.60641333592
1.60642227118
1.60639968823
1.60635187378
1.60628674694
1.60620975035
1.60612452907
1.60603374463
1.60593936315
1.6058428605
1.6057453545
1.60564769314
1.60555051771
1.6054543098
1.60535942721
1.60526613153
1.60517460959
1.60508499019
1.60499735715
1.60491175946
1.60482821933
1.60474673845
1.60466730289
1.60458988699
1.6045144564
1.60444097042
1.6043693839
1.60429964871
1.60423171484
1.60416553128
1.60410104676
1.60403821023
1.60397697123
1.60391728027
1.60385908897
1.60380235025
1.60374701845
1.60369304937
1.60364040034
1.60358903021
1.60353889935
1.60348996965
1.6034422045
1.6033955687
1.60335002851
1.60330555153
1.60326210666
1.60321966411
1.60317819529
1.60313767279
1.60309807032
1.60305936267
1.60302152568
1.60298453615
1.60294837182
1.60291301136
1.60287843427
1.6028446209
1.60281155235
1.60277921049
1.6027475779
1.60271663785
1.60268637424
1.6026567716
1.60262781507
1.60259949033
1.60257178362
1.6025446817
1.6025181718
1.60249224166
1.60246687943
1.60244207373
1.60241781356
1.60239408836
1.6023708879
1.60234820235
1.60232602222
1.60230433833
1.60228314186
1.60226242427
1.60224217731
1.60222239305
1.60220306378
1.6021841821
1.60216574082
1.60214773302
1.60213015201
1.6021129913
1.60209624464
1.60207990598
1.60206396946
1.60204842943
1.60203328041
1.60201851711
1.60200413439
1.60199012732
1.60197649109
1.60196322107
1.60195031276
1.60193776182
1.60192556406
1.6019137154
1.60190221191
1.60189104979
1.60188022535
1.60186973503
1.60185957538
1.60184974308
1.6018402349
1.60183104772
1.60182217854
1.60181362444
1.6018053826
1.60179745032
1.60178982497
1.60178250401
1.60177548501
1.60176876559
1.60176234348
1.6017562165
1.60175038253
1.60174483953
1.60173958555
1.60173461871
1.6017299372
1.60172553927
1.60172142327
1.6017175876
1.60171403073
1.60171075119
1.6017077476
1.60170501861
1.60170256297
1.60170037946
1.60169846694
1.60169682432
1.60169545059
1.60169434478
1.60169350598
1.60169293335
1.60169262609
1.60169258346
1.6016928048
1.60169328948
1.60169403693
1.60169504664
1.60169631815
1.60169785105
1.60169964501
1.60170169971
1.60170401492
1.60170659045
1.60170942616
1.60171252198
1.60171587786
1.60171949384
1.60172337
1.60172750645
1.60173190339
1.60173656106
1.60174147975
1.60174665981
1.60175210163
1.60175780568
1.60176377246
1.60177000255
1.60177649657
1.6017832552
1.60179027919
1.60179756932
1.60180512646
1.60181295152
1.60182104548
1.60182940938
1.60183804431
1.60184695145
1.60185613203
1.60186558733
1.60187531871
1.60188532761
1.60189561551
1.601906184
1.6019170347
1.60192816934
1.60193958969
1.60195129762
1.60196329507
1.60197558407
1.60198816672
1.6020010452
1.60201422179
1.60202769886
1.60204147884
1.60205556429
1.60206995785
1.60208466226
1.60209968035
1.60211501506
1.60213066945
1.60214664667
1.60216295
1.60217958282
1.60219654864
1.60221385109
1.60223149392
1.60224948105
1.60226781648
1.60228650439
1.60230554909
1.60232495505
1.60234472688
1.60236486938
1.60238538749
1.60240628632
1.60242757119
1.60244924759
1.60247132118
1.60249379786
1.60251668372
1.60253998505
1.60256370841
1.60258786054
1.60261244846
1.60263747942
1.60266296097
1.60268890088
1.60271530726
1.60274218848
1.60276955324
1.60279741056
1.60282576979
1.60285464065
1.60288403321
1.60291395795
1.60294442572
1.60297544782
1.60300703598
1.6030392024
1.60307195974
1.6031053212
1.60313930048
1.60317391185
1.60320917016
1.60324509087
1.60328169009
1.60331898459
1.60335699184
1.60339573007
1.60343521827
1.60347547626
1.60351652471
1.60355838518
1.60360108019
1.60364463326
1.60368906892
1.60373441282
1.60378069175
1.6038279337
1.60387616793
1.603925425
1.60397573685
1.6040271369
1.60407966001
1.60413334265
1.6041882229
1.60424434049
1.60430173692
1.60436045544
1.60442054109
1.60448204076
1.60454500315
1.60460947877
1.60467551987
1.60474318034
1.60481251559
1.60488358226
1.60495643798
1.60503114092
1.60510774918
1.60518632007
1.60526690909
1.60534956862
1.60543434622
1.60552128243
1.60561040788
1.60570173966
1.60579527658
1.60589099304
1.60598883119
1.60608869085
1.6061904165
1.60629378044
1.6063984612
1.60650401545
1.60660984151
1.60671513168
1.60681881003
1.60691945328
1.60701520094
1.60710366563
1.60718179067
1.60724545616
1.607288165
1.60730210551
1.60728160088
1.60723345812
1.60716719855
1.6070880103
1.60699959116
1.6069047903
1.60680580093
1.60670430591
1.60660159023
1.60649862867
1.60639615462
1.60629471405
1.60619470771
1.60609642419
1.60600006557
1.60590576744
1.60581361445
1.60572365235
1.60563589736
1.60555034348
1.60546696809
1.60538573635
1.60530660458
1.6052295229
1.60515443726
1.60508129096
1.60501002592
1.60494058353
1.60487290538
1.60480693378
1.6047426121
1.60467988512
1.60461869915
1.60455900222
1.60450074412
1.60444387647
1.60438835273
1.60433412816
1.60428115984
1.60422940661
1.60417882902
1.60412938928
1.6040810512
1.60403378015
1.60398754296
1.60394230789
1.60389804456
1.60385472388
1.60381231802
1.60377080032
1.60373014524
1.60369032833
1.60365132616
1.60361311626
1.6035756771
1.60353898804
1.60350302928
1.60346778181
1.60343322739
1.60339934851
1.60336612834
1.60333355072
1.60330160013
1.60327026161
1.60323952082
1.60320936392
1.60317977763
1.60315074913
1.6031222661
1.60309431665
1.60306688934
1.60303997314
1.6030135574
1.60298763187
1.60296218663
1.60293721214
1.60291269917
1.60288863881
1.60286502245
1.60284184178
1.60281908876
1.60279675562
1.60277483485
1.60275331918
1.60273220159
1.60271147526
1.60269113362
1.60267117029
1.6026515791
1.60263235406
1.60261348939
1.60259497947
1.60257681886
1.60255900229
1.60254152464
1.60252438097
1.60250756645
1.60249107644
1.60247490639
1.60245905193
1.60244350878
1.60242827282
1.60241334003
1.60239870652
1.60238436848
1.60237032227
1.60235656429
1.60234309109
1.6023298993
1.60231698565
1.60230434696
1.60229198014
1.60227988219
1.6022680502
1.60225648134
1.60224517285
1.60223412206
1.60222332636
1.60221278324
1.60220249024
1.60219244497
1.60218264512
1.60217308844
1.60216377273
1.60215469587
1.6021458558
1.60213725051
1.60212887804
1.60212073652
1.6021128241
1.602105139
1.60209767948
1.60209044387
1.60208343053
1.60207663788
1.60207006439
1.60206370857
1.60205756897
1.60205164421
1.60204593291
1.60204043378
1.60203514554
1.60203006697
1.60202519687
1.6020205341
1.60201607755
1.60201182614
1.60200777885
1.60200393468
1.60200029266
1.60199685187
1.60199361142
1.60199057046
1.60198772817
1.60198508375
1.60198263646
1.60198038558
1.6019783304
1.60197647028
1.6019748046
1.60197333275
1.60197205418
1.60197096835
1.60197007476
1.60196937294
1.60196886245
1.60196854286
1.60196841381
1.60196847493
1.6019687259
1.60196916642
1.60196979623
1.60197061509
1.60197162277
1.60197281911
1.60197420394
1.60197577715
1.60197753862
1.60197948829
1.60198162613
1.6019839521
1.60198646624
1.60198916857
1.60199205917
1.60199513814
1.6019984056
1.6020018617
1.60200550664
1.60200934061
1.60201336387
1.60201757668
1.60202197934
1.60202657217
1.60203135554
1.60203632982
1.60204149544
1.60204685284
1.60205240249
1.60205814492
1.60206408065
1.60207021025
1.60207653433
1.60208305352
1.6020897685
1.60209667994
1.6021037886
1.60211109524
1.60211860066
1.6021263057
1.60213421122
1.60214231814
1.6021506274
1.60215913999
1.60216785692
1.60217677925
1.60218590808
1.60219524454
1.60220478983
1.60221454514
1.60222451176
1.60223469098
1.60224508415
1.60225569268
1.60226651799
1.60227756158
1.60228882499
1.6023003098
1.60231201765
1.60232395022
1.60233610926
1.60234849657
1.60236111398
1.60237396342
1.60238704684
1.60240036627
1.60241392381
1.60242772159
1.60244176184
1.60245604684
1.60247057894
1.60248536056
1.60250039419
1.60251568241
1.60253122785
1.60254703324
1.60256310138
1.60257943518
1.60259603759
1.60261291168
1.60263006062
1.60264748765
1.60266519613
1.60268318949
1.6027014713
1.60272004522
1.60273891502
1.6027580846
1.60277755795
1.60279733921
1.60281743264
1.60283784263
1.60285857371
1.60287963054
1.60290101794
1.60292274088
1.60294480449
1.60296721404
1.60298997501
1.60301309302
1.6030365739
1.60306042364
1.60308464847
1.60310925478
1.6031342492
1.60315963858
1.60318543
1.60321163076
1.60323824845
1.60326529089
1.60329276618
1.6033206827
1.60334904914
1.60337787448
1.60340716803
1.60343693944
1.60346719871
1.60349795618
1.60352922262
1.60356100916
1.60359332736
1.60362618923
1.60365960722
1.60369359426
1.6037281638
1.60376332979
1.60379910674
1.60383550974
1.60387255448
1.60391025727
1.6039486351
1.60398770564
1.6040274873
1.60406799924
1.60410926143
1.60415129467
1.60419412065
1.60423776196
1.60428224217
1.60432758585
1.60437381864
1.60442096727
1.60446905962
1.60451812479
1.60456819312
1.60461929625
1.6046714672
1.60472474037
1.60477915161
1.60483473826
1.60489153919
1.60494959482
1.60500894713
1.60506963968
1.60513171757
1.60519522741
1.60526021723
1.60532673639
1.60539483539
1.60546456563
1.60553597911
1.60560912798
1.605684064
1.60576083778
1.60583949786
1.60592008947
1.60600265298
1.60608722189
1.60617382027
1.60626245954
1.60635313433
1.60644581721
1.60654045203
1.60663694543
1.60673515604
1.60683488071
1.60693583698
1.60703764056
1.60713977647
1.6072415613
1.60734209304
1.60744018043
1.60753422705
1.60762193807
1.60770031253
1.60776614081
1.60781374468
1.60783439858
1.60782030094
1.6077764704
1.6077129774
1.60763629274
1.60755047103
1.60745844185
1.60736232729
1.60726371416
1.60716380408
1.60706351003
1.60696352423
1.60686436825
1.60676643115
1.60666999885
1.60657527695
1.60648240863
1.6063914885
1.60630257365
1.60621569217
1.60613084991
1.60604803581
1.605967226
1.60588838714
1.60581147896
1.60573645625
1.60566327047
1.60559187096
1.6055222059
1.60545422303
1.60538787027
1.60532309606
1.60525984979
1.60519808193
1.6051377443
1.60507879013
1.60502117413
1.60496485258
1.60490978331
1.60485592574
1.6048032408
1.60475169097
1.60470124022
1.60465185394
1.60460349895
1.60455614341
1.6045097568
1.60446430984
1.60441977445
1.60437612372
1.60433333183
1.60429137402
1.60425022655
1.60420986663
1.6041702724
1.60413142288
1.60409329792
1.60405587818
1.60401914506
1.60398308073
1.60394766802
1.60391289043
1.60387873211
1.60384517777
1.60381221276
1.60377982291
1.60374799464
1.60371671482
1.60368597082
1.60365575047
1.60362604203
1.60359683419
1.60356811602
1.60353987699
1.60351210692
1.60348479601
1.60345793475
1.60343151399
1.60340552487
1.60337995882
1.60335480758
1.60333006313
1.60330571773
1.60328176388
1.60325819431
1.60323500202
1.60321218018
1.60318972221
1.60316762171
1.6031458725
1.60312446857
1.6031034041
1.60308267344
1.60306227112
1.60304219183
1.6030224304
1.60300298182
1.60298384124
1.60296500393
1.6029464653
1.60292822091
1.60291026641
1.6028925976
1.6028752104
1.60285810081
1.60284126499
1.60282469915
1.60280839965
1.60279236293
1.60277658552
1.60276106405
1.60274579524
1.6027307759
1.60271600291
1.60270147326
1.60268718399
1.60267313223
1.60265931518
1.60264573012
1.6026323744
1.60261924543
1.60260634069
1.60259365773
1.60258119414
1.6025689476
1.60255691583
1.60254509662
1.6025334878
1.60252208727
1.60251089297
1.60249990289
1.6024891151
1.60247852767
1.60246813876
1.60245794655
1.60244794927
1.6024381452
1.60242853267
1.60241911003
1.60240987568
1.60240082807
1.60239196568
1.60238328702
1.60237479065
1.60236647516
1.60235833918
1.60235038137
1.60234260042
1.60233499506
1.60232756404
1.60232030617
1.60231322025
1.60230630515
1.60229955974
1.60229298293
1.60228657367
1.60228033091
1.60227425366
1.60226834093
1.60226259177
1.60225700525
1.60225158047
1.60224631655
1.60224121265
1.60223626792
1.60223148156
1.6022268528
1.60222238087
1.60221806504
1.60221390458
1.60220989882
1.60220604706
1.60220234867
1.60219880302
1.60219540948
1.60219216749
1.60218907645
1.60218613584
1.6021833451
1.60218070375
1.60217821127
1.6021758672
1.60217367109
1.60217162249
1.60216972099
1.60216796619
1.60216635771
1.60216489518
1.60216357825
1.60216240659
1.6021613799
1.60216049787
1.60215976022
1.6021591667
1.60215871706
1.60215841107
1.60215824852
1.60215822921
1.60215835297
1.60215861962
1.60215902903
1.60215958107
1.60216027561
1.60216111257
1.60216209185
1.6021632134
1.60216447716
1.6021658831
1.6021674312
1.60216912146
1.6021709539
1.60217292853
1.60217504542
1.60217730462
1.60217970621
1.60218225029
1.60218493696
1.60218776635
1.60219073862
1.6021938539
1.60219711239
1.60220051428
1.60220405977
1.60220774909
1.60221158249
1.60221556023
1.60221968257
1.60222394983
1.6022283623
1.60223292033
1.60223762425
1.60224247443
1.60224747126
1.60225261514
1.60225790648
1.60226334574
1.60226893335
1.60227466981
1.60228055561
1.60228659126
1.60229277729
1.60229911427
1.60230560277
1.60231224339
1.60231903674
1.60232598347
1.60233308423
1.6023403397
1.60234775059
1.60235531764
1.60236304157
1.60237092318
1.60237896326
1.60238716263
1.60239552213
1.60240404264
1.60241272506
1.6024215703
1.60243057931
1.60243975308
1.60244909261
1.60245859892
1.60246827308
1.60247811618
1.60248812934
1.6024983137
1.60250867046
1.60251920082
1.60252990603
1.60254078737
1.60255184616
1.60256308373
1.60257450149
1.60258610083
1.60259788323
1.60260985018
1.60262200322
1.60263434392
1.6026468739
1.60265959481
1.60267250836
1.6026856163
1.60269892042
1.60271242256
1.60272612461
1.6027400285
1.60275413622
1.60276844981
1.60278297136
1.60279770303
1.60281264701
1.60282780558
1.60284318105
1.6028587758
1.6028745923
1.60289063304
1.60290690062
1.60292339768
1.60294012694
1.6029570912
1.60297429334
1.6029917363
1.60300942311
1.60302735689
1.60304554084
1.60306397825
1.60308267251
1.60310162708
1.60312084554
1.60314033157
1.60316008896
1.60318012158
1.60320043345
1.60322102869
1.60324191152
1.60326308632
1.60328455758
1.60330632992
1.60332840812
1.60335079707
1.60337350184
1.60339652765
1.60341987986
1.60344356402
1.60346758583
1.60349195121
1.60351666622
1.60354173713
1.60356717044
1.60359297283
1.6036191512
1.60364571268
1.60367266466
1.60370001474
1.60372777081
1.60375594101
1.60378453376
1.60381355777
1.60384302208
1.60387293602
1.60390330925
1.6039341518
1.60396547403
1.60399728672
1.60402960101
1.60406242846
1.60409578108
1.60412967131
1.60416411207
1.6041991168
1.60423469943
1.60427087443
1.60430765688
1.60434506241
1.6043831073
1.60442180848
1.60446118359
1.60450125096
1.60454202968
1.60458353966
1.60462580161
1.60466883713
1.60471266873
1.60475731988
1.60480281505
1.60484917976
1.60489644062
1.60494462541
1.60499376308
1.60504388386
1.60509501926
1.60514720215
1.6052004668
1.60525484893
1.60531038576
1.60536711603
1.60542508006
1.60548431972
1.60554487851
1.60560680146
1.60567013518
1.60573492773
1.60580122855
1.60586908829
1.6059385586
1.6060096918
1.60608254053
1.60615715718
1.6062335932
1.60631189817
1.6063921187
1.60647429683
1.60655846819
1.60664465945
1.60673288523
1.60682314403
1.60691541312
1.60700964195
1.60710574378
1.60720358498
1.60730297132
1.60740363043
1.60750518932
1.60760714547
1.60770882959
1.60780935755
1.60790756777
1.60800193896
1.60809047884
1.60817056067
1.60823863923
1.60828982936
1.60831532968
1.60830686254
1.60826866243
1.60820980368
1.60813642191
1.60805282141
1.60796224153
1.60786696108
1.60776870474
1.60766878554
1.6075682034
1.60746771749
1.60736790079
1.60726918176
1.60717187658
1.60707621409
1.60698235525
1.60689040835
1.60680044088
1.60671248886
1.60662656411
1.60654266005
1.60646075612
1.60638082139
1.60630281725
1.60622669967
1.60615242083
1.60607993047
1.60600917694
1.60594010795
1.60587267123
1.60580681498
1.60574248822
1.60567964104
1.60561822481
1.6055581923
1.60549949777
1.60544209702
1.60538594742
1.60533100791
1.60527723898
1.60522460266
1.6051730625
1.60512258349
1.60507313204
1.60502467595
1.60497718431
1.60493062751
1.60488497715
1.60484020598
1.60479628789
1.60475319784
1.6047109118
1.60466940673
1.60462866051
1.60458865194
1.60454936062
1.604510767
1.6044728523
1.60443559845
1.60439898811
1.60436300461
1.60432763191
1.60429285457
1.60425865776
1.60422502718
1.60419194908
1.6041594102
1.60412739778
1.60409589951
1.60406490353
1.6040343984
1.60400437308
1.60397481692
1.60394571963
1.6039170713
1.60388886232
1.60386108344
1.6038337257
1.60380678044
1.60378023928
1.60375409414
1.60372833717
1.60370296078
1.60367795764
1.60365332064
1.60362904287
1.60360511768
1.60358153858
1.60355829931
1.60353539378
1.6035128161
1.60349056055
1.60346862156
1.60344699376
1.6034256719
1.60340465092
1.60338392586
1.60336349193
1.60334334448
1.60332347898
1.60330389102
1.60328457633
1.60326553073
1.60324675019
1.60322823075
1.6032099686
1.60319195998
1.60317420129
1.60315668897
1.60313941958
1.60312238977
1.60310559628
1.60308903591
1.60307270557
1.60305660224
1.60304072296
1.60302506486
1.60300962515
1.6029944011
1.60297939003
1.60296458934
1.60294999652
1.60293560907
1.60292142459
1.60290744073
1.60289365517
1.60288006569
1.60286667008
1.6028534662
1.60284045198
1.60282762536
1.60281498436
1.60280252703
1.60279025147
1.60277815581
1.60276623825
1.60275449702
1.60274293037
1.60273153662
1.60272031411
1.60270926122
1.60269837638
1.60268765803
1.60267710466
1.60266671481
1.60265648702
1.60264641988
1.60263651201
1.60262676207
1.60261716872
1.60260773069
1.60259844671
1.60258931555
1.60258033599
1.60257150686
1.60256282701
1.6025542953
1.60254591064
1.60253767194
1.60252957815
1.60252162823
1.60251382118
1.60250615601
1.60249863176
1.60249124748
1.60248400226
1.60247689518
1.60246992537
1.60246309197
1.60245639414
1.60244983104
1.60244340189
1.60243710589
1.60243094228
1.6024249103
1.60241900922
1.60241323834
1.60240759694
1.60240208435
1.60239669991
1.60239144295
1.60238631286
1.60238130901
1.60237643079
1.60237167762
1.60236704892
1.60236254414
1.60235816273
1.60235390416
1.60234976792
1.60234575349
1.60234186039
1.60233808815
1.6023344363
1.60233090438
1.60232749197
1.60232419864
1.60232102397
1.60231796757
1.60231502904
1.60231220801
1.60230950412
1.60230691702
1.60230444636
1.60230209182
1.60229985307
1.60229772982
1.60229572176
1.60229382861
1.60229205011
1.60229038598
1.60228883598
1.60228739986
1.6022860774
1.60228486838
1.60228377258
1.60228278982
1.60228191989
1.60228116263
1.60228051787
1.60227998544
1.60227956521
1.60227925704
1.60227906079
1.60227897636
1.60227900363
1.60227914251
1.60227939291
1.60227975476
1.60228022798
1.60228081252
1.60228150834
1.60228231539
1.60228323365
1.6022842631
1.60228540373
1.60228665554
1.60228801854
1.60228949277
1.60229107823
1.60229277499
1.60229458309
1.60229650258
1.60229853355
1.60230067607
1.60230293022
1.60230529613
1.60230777388
1.60231036361
1.60231306545
1.60231587953
1.60231880601
