-2.88657986403e-15
0.000232141355587
0.000928706663426
0.00209011989489
0.00371708849628
0.00581060463032
0.00837194691533
0.0114026826633
0.0149046706189
0.018880064202
0.0233313152578
0.0282611783214
0.0336727154039
0.0395693013128
0.0459546295237
0.0528327186269
0.0602079193799
0.0680849224123
0.0764687666424
0.0853648484874
0.0947789319786
0.104717159928
0.115186066341
0.126192590344
0.13774409195
0.149848370133
0.162513683773
0.175748776245
0.189562904618
0.20396587472
0.218968083677
0.234580571948
0.25081508746
0.267684165043
0.285201225251
0.30338069756
0.322238174168
0.341790601957
0.362056521835
0.383056366541
0.404812830106
0.427351324571
0.450700542123
0.474893143592
0.49996659703
0.525964192776
0.552936263561
0.580941639166
0.610049363494
0.640340694769
0.671911390975
0.704874239959
0.739361700434
0.77552831991
0.813552166723
0.853633591031
0.895987633676
0.94082207257
0.988283827836
1.03833763466
1.09050847073
1.14339019085
1.19391191578
1.23687482442
1.26622281038
1.27862697159
1.27556326779
1.26088641372
1.23800456096
1.20943828067
1.17721523651
1.14298404858
1.10795804659
1.07291868027
1.03830274408
1.00431632354
0.971033203457
0.938463854749
0.906596882391
0.875420004663
0.84492788157
0.815122652797
0.786011246834
0.757601922343
0.729901299681
0.702912354259
0.676633399275
0.651057879656
0.626174738033
0.60196912796
0.578423294719
0.555517494831
0.533230870027
0.511542226073
0.49043069152
0.469876248091
0.449860134919
0.430365135304
0.411375758231
0.392878328779
0.374861002162
0.35731371611
0.340228095583
0.323597322838
0.307415984518
0.291679905938
0.276385981134
0.261532005615
0.24711651716
0.233138648539
0.219597994717
0.206494495961
0.193828337348
0.181599864437
0.169809514303
0.158457760793
0.147545072576
0.13707188251
0.127038566744
0.1174454321
0.108292710307
0.0995805578129
0.0913090600432
0.0834782390913
0.0760880640008
0.0691384629132
0.062629336488
0.0565605721103
0.0509320585011
0.0457437004293
0.0409954332964
0.0366872374244
0.0328191519283
0.0293912880932
0.0264038422076
0.0238571078314
0.0217514874918
0.020087503816
0.0188658101179
0.0180872004607
0.0177526192177
0.017863170153
0.0184201250408
0.0194249318314
0.0208792223669
0.0227848196335
0.0251437445256
0.0279582220749
0.0312306870788
0.0349637890334
0.0391603962459
0.0438235989613
0.0489567112955
0.0545632717093
0.0606470416936
0.0672120022592
0.074262347729
0.0818024762207
0.0898369760754
0.0983706073296
0.107408277146
0.116955007895
0.127015896342
0.137596062083
0.148700583075
0.160334415721
0.172502296601
0.185208622551
0.198457305403
0.212251597438
0.226593883447
0.241485435435
0.256926126605
0.272914102525
0.289445409664
0.306513585236
0.324109217891
0.342219496957
0.360827779008
0.379913214867
0.399450497519
0.419409810638
0.439757075929
0.460454610944
0.481462310802
0.502739449687
0.524247153385
0.54595151849
0.567827250714
0.58986157848
0.612058094369
0.634440117961
0.657053186046
0.679966368025
0.703272254443
0.727085623728
0.751540888316
0.776788386949
0.80298935025
0.830308796102
0.858904429068
0.888907136505
0.920383396029
0.953258862193
0.987157270413
1.02104237733
1.05234103587
1.07424618878
1.07259293031
1.05304498246
1.03060629998
1.00975402356
0.99162105993
0.97641698888
0.964118839339
0.954695497695
0.948188266926
0.944745262674
0.944642850425
0.948304293784
0.956310648039
0.969354167903
0.987969198643
1.01118916174
1.03171599556
1.03148760949
0.995400975765
0.938023759707
0.876191041971
0.818311296667
0.765869479805
0.718407363613
0.67515958707
0.635477000057
0.598799099805
0.564685654758
0.532791736567
0.502844431416
0.47462499728
0.447955780577
0.422690677114
0.398708131429
0.375905942548
0.354197361878
0.333508124416
0.3137741619
0.294939820235
0.276956454335
0.259781308711
0.243376616866
0.227708869998
0.212748218065
0.198467975319
0.184844209047
0.171855395152
0.159482127873
0.1477068737
0.136513761609
0.125888403375
0.115817738958
0.106289902895
0.0972941084227
0.0888205466435
0.0808602985087
0.0734052578017
0.0664480635915
0.0599820408872
0.054001148426
0.0484999326943
0.043473487423
0.0389174179107
0.0348278096279
0.0312012006355
0.0280345574187
0.0253252538003
0.0230710526437
0.0212700901027
0.0199208622135
0.0190222136565
0.0185733285486
0.0185737231531
0.0190232404181
0.0199220462809
0.0212706276967
0.0230697923705
0.0253206701943
0.0280247164115
0.031183716552
0.0347997932023
0.0388754147003
0.0434134058642
0.0484169608924
0.053889658596
0.0598354801533
0.0662588296033
0.0731645573229
0.080557986763
0.0884449447431
0.0968317956265
0.105725479715
0.115133556199
0.125064250994
0.135526509717
0.146530055989
0.158085455051
0.170204182397
0.182898696669
0.196182515346
0.210070290663
0.224577881507
0.239722414532
0.255522323864
0.271997352962
0.289168493313
0.307057821153
0.32568817264
0.345082566045
0.365263230251
0.386250022589
0.408057901264
0.43069293695
0.454146076284
0.478383475824
0.503331694399
0.52885544032
0.554725592595
0.580580434713
0.605899931039
0.630005585936
0.65209790576
0.671379890903
0.687237481719
0.69941914746
0.708120978065
0.71389354542
0.717471946995
0.719620568012
0.720983566159
0.72204699771
0.723149413244
0.724507261292
0.726244807745
0.728421241122
0.73105092415
0.734120396918
0.737603640896
0.741467339262
0.745676470669
0.750199522803
0.755011982676
0.760098711825
0.765455490802
0.771089808306
0.777020855262
0.783277995916
0.789892217869
0.796883747572
0.804279792491
0.81216313434
0.820602896794
0.829705056089
0.839528841556
0.849969821213
0.86054005264
0.870123142464
0.876038161985
0.87378554729
0.8615211895
0.840669930469
0.813282473918
0.781240427413
0.746217642627
0.710199322951
0.674628496568
0.640158000375
0.607152849624
0.575697594448
0.545729747765
0.517194598374
0.490005879243
0.464070450157
0.439303615793
0.415630871063
0.392987154401
0.371315615384
0.350566389891
0.33069552046
0.311664046733
0.293437253302
0.275984051745
0.259276473134
0.24328925008
0.22799947092
0.213386291964
0.199430696604
0.186115292359
0.173424138799
0.161342600736
0.149857222208
0.138955617678
0.128626377556
0.118858985733
0.109643747207
0.100971724271
0.0928346799565
0.0852250276887
0.0781357862545
0.0715605393303
0.065493398932
0.059928972237
0.0548623312977
0.0502889852255
0.0462048544689
0.0426062468434
0.0394898349975
0.0368526350201
0.0346919859035
0.0330055295865
0.0317911912999
0.0310471599357
0.0307718681513
0.0309639719054
0.0316223291069
0.0327459770347
0.0343341081588
0.0363860439672
0.0389012063642
0.0418790861774
0.04531920827
0.0492210927219
0.0535842115155
0.0584079401373
0.0636915035008
0.0694339156097
0.0756339124283
0.0822898775131
0.0893997601174
0.0969609857102
0.104970359198
0.113423961613
0.122317041688
0.131643904586
0.141397801154
0.151570822425
0.16215380574
0.173136260717
0.18450632542
0.196250765166
0.208355028389
0.220803375483
0.233579097056
0.246664837184
0.26004303431
0.273696487011
0.28760904351
0.301766402583
0.316156999791
0.330772937673
0.345610902774
0.360672997014
0.375967394887
0.391508715701
0.407317954253
0.42342171081
0.439850351988
0.45663545906
0.473810074977
0.491411860769
0.509475197756
0.528018886162
0.547042677328
0.566526191398
0.586421592815
0.606604212281
0.626924534223
0.647142328811
0.667034424408
0.686237409817
0.704249072214
0.720461158185
0.734077280785
0.744466963775
0.751115192771
0.75372178711
0.752525293046
0.748559077176
0.742992899944
0.736680657446
0.730112313066
0.72359288235
0.717244369329
0.711157644955
0.705329299031
0.699760889319
0.694563367157
0.689758946892
0.685431643465
0.68164773194
0.678437753731
0.675819001636
0.673793017225
0.6723352614
0.671372737618
0.670767150866
0.670313911807
0.669697823114
0.668469614899
0.66602544949
0.661688963307
0.654745249231
0.644637678241
0.631218707561
0.614567190557
0.595132682616
0.573549888897
0.550564393264
0.526802461015
0.502847878535
0.479078064757
0.455742060664
0.433005018991
0.41097556932
0.389706136157
0.36921472188
0.349499512562
0.330547471734
0.312339594643
0.294854109286
0.27806840667
0.261960182049
0.246508085037
0.231692064371
0.217493523965
0.2038953639
0.190881952918
0.178439061952
0.166553777309
0.155214405232
0.144410375037
0.13413214521
0.124371114955
0.115119542497
0.106370470718
0.0981176601757
0.0903555293111
0.0830791014546
0.0762839581599
0.0699661983581
0.064122402818
0.0587496034161
0.0538452567491
0.0494072216537
0.045433740241
0.0419234220882
0.0388752312664
0.0362884759226
0.0341628001608
0.0324981779991
0.0312949092031
0.0305536168168
0.0302752462309
0.0304610656372
0.0311126677305
0.0322319725172
0.0338212310906
0.0358830302184
0.0384202975734
0.0414363074055
0.0449346864163
0.0489194195355
0.0533948552283
0.0583657098551
0.0638370704765
0.0698143953201
0.0763035108987
0.0833106044772
0.0908422102004
0.0989051867049
0.107506683397
0.116654091759
0.126354976996
0.136616983969
0.147447709674
0.158854532309
0.170844384289
0.183423453163
0.196596790265
0.210367801946
0.224737592305
0.239704119488
0.255261119743
0.271396744769
0.288091848555
0.305317849915
0.323034084022
0.341184527812
0.359693676535
0.378460806586
0.397349053817
0.416172453886
0.434733726649
0.452823731356
0.470250659387
0.486732059947
0.502001114939
0.515919494201
0.528454396355
0.539599422808
0.549450161958
0.558168046132
0.565917117167
0.572852757995
0.579110682983
0.584859411053
0.590253903555
0.595391002427
0.600327362166
0.605120229449
0.609799735834
0.614374212569
0.618832927957
0.623158505937
0.627328804201
0.631317115854
0.635095569138
0.638638078311
0.641922794848
0.644933020472
0.647656918068
0.650086533519
0.652212030247
0.654034579089
0.655571094376
0.656846505598
0.657889813161
0.65873829846
0.659408855713
0.659931347767
0.660325643796
0.660619411679
0.660791906443
0.660783304262
0.660481861333
0.659711946029
0.658208088906
0.65568641998
0.65187481502
0.646547201631
0.63947285519
0.630433070046
0.619346211165
0.606191092999
0.590985984819
0.573791216701
0.555075942977
0.535275529757
0.514797064663
0.493995597072
0.473147338441
0.452454084012
0.43212923189
0.412249365503
0.392888820135
0.374095270706
0.355907506593
0.338338318779
0.321388074267
0.305051385363
0.289319728847
0.274182891769
0.259629861798
0.245649387828
0.232230332484
0.219361890881
0.207033722528
0.195236026366
0.183959578368
0.173195744465
0.162936477329
0.153174302742
0.143902299488
0.135114075444
0.126803741726
0.118965886143
0.111595546834
0.104688186641
0.0982396685893
0.0922462326987
0.0867044742287
0.0816113234055
0.0769640266146
0.0727601290074
0.0689974584465
0.0656741106944
0.0627884357405
0.0603390251497
0.0583247003158
0.0567445014943
0.0555976774894
0.054883675866
0.0546021335563
0.0547528677238
0.0553358667457
0.056351281168
0.0577994144778
0.0596807135292
0.0619957584486
0.0647452518258
0.067930006988
0.0715509351275
0.0756090310361
0.0801053571763
0.0850410257892
0.0904171787179
0.0962349645964
0.102495513031
0.109199905384
0.116349141759
0.123944103786
0.131985512845
0.140473883359
0.14940947092
0.158792215015
0.16862167625
0.178896968007
0.18961668241
0.200778810272
0.212380654054
0.224418731463
0.236888664423
0.24978504219
0.263101235081
0.276829109551
0.290958541039
0.30547651361
0.320365407435
0.335595960749
0.351121036621
0.366921469865
0.382957493072
0.399181538553
0.415536149037
0.431940725367
0.448183241265
0.464152932642
0.47976460768
0.494939138494
0.509569804414
0.523485752308
0.536514917457
0.548503643905
0.55941540417
0.569098441955
0.577607168727
0.584997562904
0.591307438057
0.596549540414
0.600741735144
0.604034115281
0.60646171419
0.608083399684
0.608911312202
0.608909640158
0.608214715535
0.607064727988
0.60569265138
0.604305470831
0.603027220736
0.601846408711
0.600846023369
0.600057591114
0.599538164873
0.599343494972
0.59945229003
0.59989122197
0.600649397493
0.601673366766
0.602909269959
0.604293785075
0.605843024413
0.607580215042
0.609479879662
0.611551874702
0.613715760166
0.615855907148
0.617765849779
0.619222220475
0.619866913987
0.619243531601
0.61686129984
0.612312080836
0.605432233701
0.596224091082
0.584630954798
0.570897506122
0.555199173932
0.537722904386
0.518747927387
0.498777207451
0.478249240347
0.457459553912
0.43676486494
0.416352411886
0.396343520762
0.376893662767
0.358060613727
0.339834180714
0.322264124892
0.305378862846
0.289177736645
0.273650927772
0.258785095345
0.244565441821
0.230976838141
0.218004451624
0.205634079726
0.193852314824
0.182646613279
0.172005310522
0.161917606069
0.152373532305
0.143363915163
0.134880331472
0.12691506578
0.11946106829
0.112511914769
0.106061768927
0.100105347406
0.0946378874367
0.0896551170331
0.0851532276181
0.0811288488698
0.0775790255965
0.0745011964198
0.0718931740423
0.0697531268665
0.0680795617274
0.06687130749
0.0661274992509
0.0658475628646
0.0660311994951
0.0666783698576
0.0677892777819
0.069364352676
0.0714042304078
0.0739097320494
0.0768818398334
0.0803216695605
0.0842304385667
0.0886094281961
0.0934599395494
0.0987832410697
0.104580506302
0.110852739935
0.117600689998
0.124824743914
0.132524805921
0.140700153311
0.149349268752
0.158469645728
0.168057563596
0.178107827973
0.18861347148
0.199565409502
0.21095204555
0.222758819287
0.234967683865
0.247556479886
0.260498110667
0.273759152977
0.287296915137
0.301060575551
0.314990359068
0.329016685944
0.343092728359
0.35712840926
0.371037920974
0.384760840774
0.398197536376
0.411211047506
0.423737081743
0.435785439233
0.447313502511
0.458242034236
0.468562216176
0.478210352143
0.487109097948
0.495266760751
0.502709795234
0.509441784023
0.51552152027
0.521028494345
0.52594242204
0.530300250868
0.534055198471
0.537265714457
0.540018221753
0.542293387984
0.544099700923
0.545439531695
0.54632361206
0.546765240849
0.546858358534
0.546632399863
0.546172355309
0.545572274535
0.544915333944
0.544265288381
0.543681509467
0.543178702015
0.542756848855
0.542463600144
0.54236138786
0.542478994693
0.542834403435
0.543422042044
0.544243613804
0.545268550225
0.546438683784
0.547772331113
0.549296899835
0.551024104955
0.552976370056
0.555152127783
0.557535221054
0.5601142413
0.562807840067
0.565437704258
0.567730508268
0.569349939034
0.570034534195
0.569573388877
0.567691884193
0.564235339457
0.559062075528
0.551973433193
0.542922241007
0.53222859911
0.519973879508
0.50626520152
0.491274901886
0.475228655237
0.458471283864
0.441274411832
0.423938729149
0.406575178446
0.389297265464
0.372239487116
0.355484741805
0.339108289687
0.323199680271
0.307783099068
0.292876709613
0.278525963148
0.264740775362
0.251524205342
0.238875517485
0.22679032546
0.215262203683
0.204283921594
0.193848065428
0.183947345642
0.174574754775
0.16572364917
0.157387789223
0.149561355913
0.142238953369
0.135415603067
0.129086733028
0.123248164081
0.117896094474
0.113027083664
0.108638035757
0.104726182902
0.101289068736
0.0983245319053
0.095830689557
0.0938059206414
0.0922488487873
0.0911583244464
0.0905334059444
0.090373339003
0.0906775342288
0.0914455419805
0.0926770239327
0.0943717205533
0.0965294135931
0.0991498825631
0.102232854041
0.105777942517
0.109784581365
0.114251942393
0.119178842319
0.124563634383
0.13040408312
0.136697220085
0.143439178067
0.150625001196
0.158248428567
0.16630164976
0.174775031813
0.183656818394
0.19293280201
0.20258596742
0.212596092875
0.222939246736
0.233586880674
0.244503865437
0.255650935928
0.26699077378
0.278467134227
0.290033537146
0.301645682498
0.313244823567
0.324763463221
0.336163028859
0.347384052346
0.358353315487
0.369012857592
0.37934819375
0.389387714862
0.399110806555
0.408465719443
0.417444561134
0.426046785012
0.434236685944
0.441982021231
0.449306565445
0.456170224722
0.462589881421
0.468606426583
0.474256694765
0.479534056784
0.484422042665
0.48887714052
0.492817536434
0.496266254051
0.499280518091
0.5018567838
0.503980383812
0.505582223832
0.506691115823
0.50730034144
0.507402087875
0.507157600438
0.506690140401
0.506134350571
0.505618015756
0.50519168404
0.504914065707
0.504788171832
0.504788393206
0.504887767441
0.505105242151
0.505430917946
0.505752986598
0.505932584886
0.506009236593
0.506017484682
0.50597861704
0.505938119042
0.505913576907
0.5058949948
0.505876127387
0.505843640909
0.505762745799
0.505590115607
0.505264479727
0.50468286879
0.503688013074
0.502104463377
0.499778507571
0.496582261693
0.492336944876
0.486947199959
0.480398212924
0.472686348705
0.463886754533
0.45399827946
0.44308274934
0.431185289411
0.41851836722
0.40528197518
0.391700129524
0.377926199713
0.364096476939
0.350321418726
0.336651065239
0.323158000282
0.309920164076
0.296991733479
0.284404782584
0.272170061952
0.260317823004
0.248891692862
0.237899370879
0.227343237879
0.21722738347
0.207556155089
0.198330611767
0.18954978081
0.181211830476
0.173314584631
0.16585577382
0.158833175724
0.152244699316
0.146088436215
0.140362691481
0.135066000999
0.130197139949
0.125755125317
0.121739214456
0.118148901095
0.114983909794
0.112244189516
0.10992990676
0.108041438507
0.106579365046
0.105544462601
0.104937695563
0.104760207977
0.105013313822
0.105698485448
0.10681733941
0.108371618761
0.110363170774
0.112793919128
0.115665829933
0.118980871737
0.122740970454
0.126947959617
0.131603522425
0.136709114554
0.142265851064
0.148274343764
0.15473448504
0.161645180421
0.169004030155
0.176806952902
0.185047734491
0.193717471921
0.202803881981
0.212290487845
0.222155773689
0.232372534702
0.242907349518
0.253718148599
0.264757415888
0.275973131235
0.287300457904
0.298642008761
0.30988307335
0.320957826851
0.331784540664
0.342295789909
0.352435938334
0.362130078218
0.371291310406
0.379854649595
0.387788347206
0.395054261947
0.401643674035
0.40756518831
0.412822261308
0.41745492333
0.421513043272
0.425072439959
0.428228403233
0.431068889609
0.433661815458
0.436056005468
0.438289796594
0.440385106162
0.442368575643
0.444277860516
0.446147506821
0.448009649753
0.449880971053
0.451766370979
0.453663970965
0.455569099221
0.457474863872
0.459382944517
0.461293276808
0.463200895784
0.46509261055
0.466946373203
0.468758398315
0.4705265016
0.472237474443
0.473871564553
0.475411100051
0.476795359526
0.478029873216
0.479094190851
0.479973761401
0.480687699711
0.481289611776
0.481800213992
0.482222105654
0.482547286774
0.482794498532
0.48299063518
0.483124643766
0.483170478534
0.483101178702
0.482881483141
0.482460818065
0.481779621216
0.480746118483
0.479263354414
0.477258809789
0.47464743881
0.47137020931
0.467391761724
0.462667242674
0.457094939181
0.450718631111
0.443480834718
0.435359482574
0.426509738998
0.416970089514
0.406728923413
0.395921209591
0.384677465132
0.373124771749
0.361414062042
0.349639727212
0.337891491819
0.326162467552
0.314538961946
0.303075273344
0.291791929029
0.280760830801
0.27000193909
0.259561175689
0.249469350353
0.239741026241
0.230393250934
0.221434541858
0.212875921678
0.204727415978
0.196995439917
0.189682127077
0.182788383849
0.176314456108
0.170260169175
0.164625074824
0.159408546292
0.154609838236
0.150228121878
0.14626250264
0.142712025855
0.139575674772
0.13685236372
0.134540928023
0.1326401111
0.131148548306
0.130064746357
0.129387056858
0.129113643156
0.129242443201
0.129771140199
0.130697163275
0.132017726205
0.133729854825
0.135830331227
0.138315563541
0.141181449555
0.144423266346
0.148035576387
0.15201213593
0.156345800322
0.161028426559
0.166050773606
0.171402398583
0.177071545842
0.183045030856
0.189308135067
0.195844571397
0.202636680898
0.209665847377
0.216912373685
0.224354543635
0.231968122448
0.239729079509
0.247620948421
0.255613909586
0.263681456199
0.271767704477
0.2798458353
0.287891290168
0.295882037732
0.303814045421
0.311677157347
0.319469754586
0.327183673632
0.334781944716
0.342236595995
0.34953941152
0.356664460835
0.363560405049
0.370237745463
0.376675838761
0.38282390102
0.388683626699
0.394288723139
0.399608811495
0.404645547228
0.409398397632
0.413871102856
0.418086177825
0.422042890328
0.425734560993
0.429158997427
0.432311108021
0.435188221407
0.437785718809
0.440169663313
0.442371360994
0.444414520251
0.446318390885
0.448094893247
0.449740047366
0.451298031488
0.452794878124
0.454239436177
0.455655673644
0.457074082037
0.458504410192
0.459905060904
0.461258814403
0.462557651266
0.463792838832
0.464946477351
0.465999284324
0.466922947443
0.467663328241
0.468195874909
0.468550755176
0.468731824819
0.468744897426
0.468610292692
0.468326689862
0.467880803196
0.46727143453
0.46646224574
0.465390413517
0.464032209945
0.462356645311
0.460308028147
0.457811156098
0.454842103547
0.451397792913
0.447479081882
0.443070845902
0.43809576359
0.432560486589
0.42647959615
0.419804956703
0.412598677159
0.404919047505
0.396683549043
0.387970270165
0.378845560095
0.369404649967
0.359699007889
0.349854939055
0.339962992378
0.330082845288
0.320257935074
0.310510676248
0.300856561493
0.291336199511
0.281976966294
0.27279819071
0.263821928979
0.25510261143
0.246673454376
0.238553561035
0.230758085204
0.223300765126
0.216196236747
0.209454640529
0.203083684733
0.197090043132
0.191479422402
0.18625674463
0.181426425933
0.176992546187
0.172958919006
0.169329113118
0.166106465688
0.163294105032
0.16089496932
0.15891179319
0.1573470589
0.156202939754
0.155481258269
0.155183457299
0.155310567822
0.15586313389
0.156840852254
0.158240582616
0.1600595035
0.162299791363
0.164960537279
0.168038985069
0.171530966403
0.175430296946
0.179724403588
0.184398789003
0.189439672142
0.194832272874
0.200559030642
0.206605884815
0.212943249995
0.219542959225
0.226371216626
0.233381936414
0.240552272854
0.24785229318
0.255230949335
0.26262555016
0.269961602094
0.277175728531
0.284236025641
0.291120309354
0.297798264942
0.304239462414
0.310425959931
0.316353209139
0.322003740866
0.327389500781
0.332495526476
0.337311429369
0.341826888295
0.346050851533
0.350042922503
0.353805494455
0.357369787211
0.360762205091
0.363997661636
0.367123681742
0.370145506053
0.373123529049
0.376066073184
0.378965817621
0.381843685937
0.384704667526
0.387556665229
0.390398887442
0.393202678677
0.395965905723
0.398658046582
0.401296762312
0.403882069994
0.40641326011
0.408878087697
0.411265612921
0.413565695059
0.415756985701
0.417858636764
0.419862397573
0.421775408269
0.42360660222
0.425347617977
0.427004620137
0.428617874586
0.430193247736
0.431716393239
0.433149611185
0.434531888123
0.435886340093
0.4372385224
0.438551424648
0.439777893787
0.440894167896
0.441888017801
0.442760854152
0.443487294301
0.444072107908
0.44451147907
0.444816592758
0.444993676061
0.445049991558
0.44496706684
0.444707491109
0.44425920602
0.443613189169
0.442752531598
0.44159818004
0.440145202237
0.438391460982
0.436282683749
0.433796447266
0.430933358435
0.427637735846
0.423920464211
0.419779148191
0.415136030533
0.410072553176
0.404558570336
0.398613180781
0.392280025186
0.385557369927
0.378414127194
0.37090756606
0.363148812919
0.355204267723
0.347115722032
0.338938247829
0.330751525503
0.32259462071
0.314508775999
0.306515985743
0.298630588157
0.290862009266
0.283247950524
0.275802044887
0.268539229379
0.261474702037
0.254600011349
0.247962106873
0.241595240043
0.235517181012
0.229741964453
0.22427838602
0.219131966411
0.21431470568
0.209837165083
0.205706288748
0.201928744213
0.198510286362
0.195455913243
0.192770138206
0.190456994856
0.188519795911
0.186960642568
0.185779314004
0.18497554009
0.184551336193
0.18450708654
0.184840554412
0.185547297755
0.186626633556
0.188068655842
0.189871307986
0.192031950438
0.194540059769
0.197389677204
0.200576144168
0.204092188904
0.207927752283
0.212069850268
0.216500197964
0.221202813623
0.226159589689
0.231357747298
0.236775280335
0.24238924884
0.248164757802
0.25407722273
0.260078572877
0.26615026429
0.272263821905
0.278401117375
0.284530915174
0.290627263387
0.296675045724
0.30265805651
0.30855536301
0.314350126629
0.320021879213
0.325521450674
0.330827212609
0.335888868548
0.340720255946
0.345286249379
0.349599582449
0.353682925645
0.357517647691
0.361128824139
0.364491167583
0.367666327534
0.370694721962
0.373574734901
0.376302746355
0.378873863515
0.381292862512
0.383566907532
0.385701531875
0.387682789201
0.389534695404
0.391291354816
0.392946943365
0.394496574437
0.395953603993
0.397340354909
0.398661814866
0.399900084496
0.401052232015
0.402143578817
0.403173215184
0.404174161188
0.405156838059
0.406103221577
0.407076587026
0.408088799266
0.409147567707
0.410195177571
0.411214569613
0.412231957023
0.413239593214
0.414177793127
0.414992492776
0.415689167339
0.416267048636
0.416713630202
0.417008684489
0.417156428283
0.417149249014
0.417010889657
0.416759398212
0.416415378782
0.415963214627
0.415411869021
0.414729246222
0.413929974183
0.413023657753
0.411980414929
0.410811524738
0.409493737831
0.407982035168
0.406245422633
0.404230760365
0.401938208798
0.399354849566
0.396464920511
0.39325359903
0.389732062529
0.385870334085
0.381679622029
0.377164980884
0.37229583158
0.367127693432
0.361654855877
0.35591810251
0.349932025323
0.343773734851
0.337500658597
0.331156794261
0.324768582031
0.318386265517
0.312063305567
0.305828481851
0.29971253128
0.29373610827
0.287911473765
0.282242648068
0.276732924634
0.271396813895
0.266235781324
0.261247241101
0.256447264447
0.251879830597
0.247574265155
0.243542368675
0.239791522997
0.236334701142
0.233177843384
0.230323504082
0.227775637434
0.225536811655
0.223619759885
0.222028848293
0.220766239056
0.219831980673
0.219222734351
0.218936006386
0.218970362108
0.219320737217
0.219979165544
0.220937482387
0.222191148359
0.223736073399
0.225557935444
0.22763414973
0.229951048958
0.232508788628
0.235293051535
0.238289241682
0.241482748964
0.244858623995
0.248392462229
0.252058490388
0.255847211725
0.259739645893
0.26369599184
0.267699792264
0.271740285926
0.275795200522
0.279844244329
0.283878417154
0.287869845718
0.291810898897
0.295708122642
0.299559498444
0.303359239372
0.307104563456
0.310785765432
0.314372559597
0.317843877709
0.321170675629
0.324332674239
0.327367909427
0.330265966053
0.33304184847
0.335704546963
0.338231006083
0.340654007907
0.342946442242
0.345152974717
0.347312347538
0.349437370325
0.351519509958
0.353557158355
0.355543791225
0.357486514267
0.359398373094
0.361258507303
0.363059313911
0.364830446879
0.366577132767
0.368309737577
0.370031068465
0.371742065917
0.373443530934
0.375134282474
0.376801605707
0.378435550029
0.380048544021
0.381647068764
0.383235037381
0.384819090171
0.386392900737
0.387971815535
0.389560336207
0.391138353427
0.392665485801
0.394128477203
0.395495127178
0.396790877583
0.398013474417
0.399132075293
0.40011802759
0.400966635068
0.40169146213
0.402298849352
0.402760282129
0.403077670414
0.403253922412
0.403277416036
0.403151616062
0.402895897651
0.402485611108
0.401966041778
0.401333726826
0.400600195423
0.399763820354
0.398814702698
0.397743590048
0.39657548547
0.39528516469
0.393850266724
0.392247169579
0.390438467075
0.388416975871
0.386188719351
0.383746568355
0.381088946308
0.378215430836
0.375121448157
0.371816532447
0.368276346633
0.3644763037
0.360405380134
0.356110086485
0.351629651241
0.34699128255
0.342164471002
0.337208343032
0.332132015951
0.326987185092
0.321814242525
0.316644219583
0.311514044765
0.306444509205
0.30145450483
0.296563400702
0.291787989359
0.287140024075
0.28261727753
0.278243595603
0.274035887762
0.270012844366
0.266180682104
0.262558444506
0.259155714257
0.255987105725
0.253066120895
0.250405665575
0.248013004315
0.245897024405
0.244068313443
0.242528745191
0.241278647485
0.240320665217
0.239655784902
0.239278003023
0.239184300497
0.239361922241
0.239801359017
0.240503938509
0.24145868951
0.242651190115
0.244073220979
0.245714359559
0.247564892222
0.249606413873
0.251814381248
0.254171821176
0.256670331485
0.259286591713
0.26200314135
0.26480330055
0.267671597203
0.270596509042
0.273550271434
0.276524537162
0.279511149924
0.282501818639
0.285484197734
0.288436355902
0.291364154904
0.29427402348
0.297167760559
0.300044821422
0.302901730267
0.305728785602
0.308512747336
0.311249741633
0.313945209093
0.316592824269
0.319170311351
0.321697013074
0.324188606895
0.326645277403
0.329059005628
0.33143786392
0.333786349784
0.33607618441
0.338363140878
0.340671261092
0.343003439195
0.34535007152
0.347700687029
0.350049146528
0.35238848622
0.35471614556
0.357031084656
0.359309168065
0.361555190544
0.363760707059
0.365915052947
0.368011131407
0.370050110811
0.37202658669
0.373954643322
0.375822628179
0.377585817957
0.37927708446
0.380931829244
0.382551706035
0.384107381518
0.385592853776
0.387026228843
0.388398851142
0.389709641808
0.390930823738
0.392081938711
0.393160840181
0.394195872465
0.395169817931
0.396061462235
0.396845189389
0.397489639969
0.397976010019
0.398296731091
0.398445130711
0.398419907247
0.398211177222
0.397826509549
0.397261731902
0.396531034124
0.395663367828
0.394655080969
0.393555032828
0.392356237849
0.391072714383
0.389726770215
0.388303091889
0.386810091073
0.385248746239
0.383594651213
0.381836155629
0.379938025069
0.377947019545
0.375829029501
0.373597439377
0.371255333126
0.368811900624
0.366271301633
0.363631254541
0.36087732253
0.357971864109
0.354901360426
0.351690806165
0.348389406249
0.34501287348
0.341575264927
0.338064267019
0.334507572847
0.3309352211
0.327365569626
0.323806114917
0.320262689545
0.316742989802
0.313279607625
0.309891541048
0.306587879054
0.303373874047
0.300244308691
0.297198714315
0.294240154947
0.291370609681
0.288604273313
0.285949107688
0.283434051396
0.281066952871
0.278867967792
0.276858853841
0.275047179738
0.273442352989
0.272056747132
0.270898417945
0.269965739318
0.269248835165
0.268741545651
0.268460729612
0.268379439458
0.268484497782
0.268773118445
0.269257975616
0.269941514411
0.270802733169
0.27182621
0.273007471298
0.274319608518
0.275727616084
0.27723733711
0.278840915693
0.280527327863
0.282276934085
0.284076512101
0.285925486667
0.287784701746
0.289667419725
0.291571804148
0.293477806036
0.295368479612
0.297239534616
0.299100963987
0.300958083256
0.302808685686
0.304651556408
0.306480384042
0.308288787427
0.310068035947
0.311805625827
0.313493936792
0.315116655551
0.316693326882
0.318225068122
0.319714871339
0.321177847819
0.32259879416
0.324030166949
0.325463147069
0.326868277628
0.328292068195
