1.0
0.9733459462070984
0.8978408498659809
0.785619222064962
0.6532507004582597
0.5176767068888612
0.39269071370846037
0.28693606871981336
0.2036810147830881
0.14196051721031863
0.09832922739914139
0.06851603263939385
0.04858096718715967
0.03553049975165705
0.02753419492689998
0.023988423407248147
0.02466089178594586
0.028639193370824517
0.03457748820861944
0.041083816369491766
0.047267767632861515
0.05235155286578719
0.055871261418008376
0.05771820311171868
0.05808576446067496
0.05735303886069852
0.055913910729420056
0.054166226793587124
0.05240658658264065
0.05078902795480057
0.04945310866527146
0.04873286104817346
0.04912842287811515
0.0509587424965385
0.054693678566144245
0.061404783172771996
0.0703282027109134
0.08200004786319098
0.09579327774857745
0.11159647282770122
0.1289120980205834
0.14673789948281526
0.16449473808671716
0.1810014486998172
0.19530234710286193
0.20696785540376714
0.21579951117001742
0.2216029214410069
0.22432762235175066
0.224046366215615
0.22090571119284622
0.21513527486082004
0.20710037466914716
0.1972446901752775
0.18624684256075247
0.17503921916257548
0.16441838078186888
0.1545892471391217
0.14540975429018868
0.13665672324357883
0.12873381621184882
0.12180545634442519
0.1166788641920931
0.11272754498079016
0.1095067419136769
0.10717655015152608
0.1061142122846583
0.10627440759964121
0.10689397874021836
0.10805460603388814
0.10978919953605033
0.1124636114227281
0.11650178561647731
0.12172690534358185
0.12781842610758154
0.13411272014945594
0.13989625087335827
0.14451465858290374
0.14750593684882216
0.14829101660224217
0.147180746437631
0.1446838237640598
0.14155722123298478
0.13785580589097501
0.13378621691853126
0.12993116335080096
0.1267079079667794
0.1245917017741522
0.12352338156698646
0.12265942265345915
0.12120587442827802
0.11877552322686738
0.1152604015456106
0.11152242354333594
0.10902500679059099
0.10831040488815477
0.10906324261732528
0.11037894662290101
0.11124152601740678
0.11102044978312413
0.10923402997991401
0.10608856446783754
0.10281475425189604
0.10045242221586052
0.09925607135883886
0.0995910967195642
0.10206665144066837
0.10601327482581194
0.11090326152855559
0.11652225150641797
0.1226138218977477
0.1284929533693165
0.13378818200951134
0.13799059930949786
0.14062809166105963
0.14224798249909
0.14282426873757662
0.14218944348197698
0.13964926945482292
0.13557810000347675
0.13053876898345917
0.12511317862366927
0.12016473698724255
0.1155664654207085
0.11142509004853773
0.10804694866550506
0.10545567391495284
0.10403669758694609
0.10441632636093404
0.10726247488121816
0.1130565917738229
0.1213371863648153
0.1314512026740283
0.1423489876029234
0.15315508531750963
0.1625175740086435
0.168594361027961
0.17025652167444455
0.16742643556427966
0.16063070276624894
0.15136599529413006
0.1410623074282983
0.13123412953834124
0.12283879929551936
0.1162180337938791
0.11188383551502568
0.10991616063893495
0.1092423214749132
0.10902380607506716
0.10865938737728494
0.10825154150370975
0.10857453166003643
0.11059626878638698
0.1148059897413309
0.12075777695618364
0.1278108020780166
0.13438468373520082
0.13892879003910774
0.1406377158362378
0.1397202659065337
0.1366336323999249
0.1319457832860677
0.12656761658264087
0.12140582926413832
0.11687751973610101
0.1134607679413043
0.11119573485447468
0.11040985897241247
0.11129532140721694
0.11324069509682906
0.11602758687076245
0.11881698406545609
0.12112219116030823
0.12275642257594352
0.12356343069814102
0.12365646687765681
0.12307588390836943
0.1223875455945801
0.12138649335315414
0.12016536748450646
0.11865041849863663
0.11703202264445625
0.11532157007025527
0.11365811932195295
0.11273549141898873
0.1126104937725746
0.11320482734435186
0.11475964179613289
0.11754512092026781
0.12112591818034488
0.12521923839486476
0.12998714266973802
0.1351856157098898
0.1398050025334371
0.14359089717093973
0.14577817922578898
0.14609843096472516
0.14408980325186022
0.1402529086076482
0.13580347464924358
0.13113794823824643
