-3.88578058619e-18
4.43300099796e-07
1.77319995561e-06
3.98969823932e-06
7.09279273574e-06
1.10824803442e-05
1.59587570778e-05
2.17216180638e-05
2.8371057543e-05
3.59070688704e-05
4.43296445134e-05
5.36387760539e-05
6.38344541867e-05
7.49166687199e-05
8.68854085737e-05
9.97406617815e-05
0.000113482415489
0.000128110655955
0.000143625368548
0.000160026537749
0.000177314147152
0.000195488179461
0.000214548616488
0.00023449543916
0.000255328627509
0.000277048160681
0.000299654016928
0.000323146173612
0.000347524607202
0.000372789293277
0.000398940206522
0.000425977320728
0.000453900608793
0.000482710042721
0.000512405593622
0.000542987231708
0.000574454926298
0.000606808645812
0.000640048357775
0.000674174028813
0.000709185624654
0.000745083110125
0.000781866449157
0.000819535604778
0.000858090539114
0.00089753121339
0.00093785758793
0.000979069622152
0.00102116727457
0.00106415050279
0.00110801926353
0.00115277351257
0.0011984132048
0.00124493829421
0.00129234873387
0.00134064447593
0.00138982547166
0.00143989167138
0.00149084302451
0.00154267947958
0.00159540098417
0.00164900748496
0.00170349892772
0.00175887525728
0.00181513641757
0.0018722823516
0.00193031300145
0.00198922830827
0.0020490282123
0.00210971265285
0.00217128156831
0.00223373489613
0.00229707257283
0.00236129453403
0.00242640071439
0.00249239104763
0.00255926546657
0.00262702390307
0.00269566628806
0.00276519255153
0.00283560262254
0.0029068964292
0.00297907389868
0.00305213495722
0.00312607953009
0.00320090754164
0.00327661891525
0.00335321357337
0.0034306914375
0.00350905242817
0.00358829646496
0.00366842346652
0.00374943335051
0.00383132603365
0.00391410143171
0.00399775945947
0.00408230003077
0.00416772305848
0.0042540284545
0.00434121612977
0.00442928599425
0.00451823795693
0.00460807192584
0.00469878780802
0.00479038550953
0.00488286493548
0.00497622598996
0.00507046857611
0.00516559259608
0.00526159795101
0.00535848454108
0.00545625226547
0.00555490102237
0.00565443070897
0.00575484122148
0.0058561324551
0.00595830430403
0.00606135666147
0.00616528941963
0.00627010246969
0.00637579570185
0.00648236900527
0.00658982226813
0.00669815537757
0.00680736821972
0.00691746067971
0.00702843264163
0.00714028398856
0.00725301460253
0.00736662436458
0.0074811131547
0.00759648085185
0.00771272733396
0.00782985247791
0.00794785615957
0.00806673825374
0.0081864986342
0.00830713717366
0.00842865374382
0.00855104821529
0.00867432045764
0.0087984703394
0.00892349772804
0.00904940248994
0.00917618449045
0.00930384359384
0.00943237966333
0.00956179256104
0.00969208214805
0.00982324828434
0.00995529082882
0.0100882096393
0.0102220045726
0.0103566754843
0.010492222229
0.0106286446602
0.0107659426303
0.0109041159906
0.0110431645912
0.0111830882813
0.0113238869088
0.0114655603207
0.0116081083626
0.0117515308793
0.0118958277143
0.0120409987099
0.0121870437076
0.0123339625475
0.0124817550686
0.0126304211088
0.0127799605049
0.0129303730926
0.0130816587064
0.0132338171796
0.0133868483445
0.0135407520321
0.0136955280723
0.0138511762939
0.0140076965245
0.0141650885906
0.0143233523173
0.014482487529
0.0146424940483
0.0148033716972
0.0149651202963
0.0151277396649
0.0152912296212
0.0154555899824
0.0156208205641
0.0157869211812
0.0159538916471
0.016121731774
0.0162904413729
0.0164600202538
0.0166304682252
0.0168017850946
0.0169739706682
0.017147024751
0.0173209471467
0.0174957376579
0.0176713960859
0.0178479222307
0.0180253158911
0.0182035768649
0.0183827049482
0.0185626999363
0.0187435616229
0.0189252898006
0.0191078842608
0.0192913447935
0.0194756711875
0.0196608632304
0.0198469207083
0.0200338434063
0.0202216311081
0.020410283596
0.0205998006511
0.0207901820534
0.0209814275812
0.0211735370119
0.0213665101213
0.0215603466841
0.0217550464735
0.0219506092615
0.0221470348188
0.0223443229147
0.0225424733172
0.022741485793
0.0229413601074
0.0231420960244
0.0233436933067
0.0235461517155
0.0237494710107
0.0239536509511
0.0241586912937
0.0243645917945
0.024571352208
0.0247789722872
0.0249874517839
0.0251967904485
0.0254069880299
0.0256180442756
0.025829958932
0.0260427317437
0.0262563624542
0.0264708508054
0.0266861965379
0.0269023993908
0.0271194591018
0.0273373754072
0.027556148042
0.0277757767394
0.0279962612316
0.028217601249
0.0284397965208
0.0286628467746
0.0288867517366
0.0291115111315
0.0293371246826
0.0295635921116
0.0297909131389
0.0300190874834
0.0302481148623
0.0304779949916
0.0307087275856
0.0309403123571
0.0311727490176
0.0314060372768
0.0316401768432
0.0318751674235
0.0321110087231
0.0323477004457
0.0325852422936
0.0328236339675
0.0330628751666
0.0333029655884
0.033543904929
0.033785692883
0.0340283291433
0.0342718134012
0.0345161453466
0.0347613246677
0.0350073510512
0.0352542241821
0.035501943744
0.0357505094186
0.0359999208863
0.0362501778257
0.0365012799138
0.0367532268262
0.0370060182367
0.0372596538174
0.0375141332388
0.03776945617
0.0380256222782
0.038282631229
0.0385404826864
0.0387991763127
0.0390587117686
0.039319088713
0.0395803068032
0.039842365695
0.0401052650422
0.0403690044971
0.0406335837102
0.0408990023305
0.041165260005
0.0414323563791
0.0417002910967
0.0419690637997
0.0422386741284
0.0425091217212
0.0427804062151
0.043052527245
0.0433254844443
0.0435992774444
0.0438739058752
0.0441493693647
0.0444256675391
0.0447028000228
0.0449807664386
0.0452595664073
0.0455391995481
0.0458196654781
0.0461009638129
0.0463830941662
0.0466660561497
0.0469498493736
0.047234473446
0.0475199279732
0.0478062125598
0.0480933268085
0.04838127032
0.0486700426933
0.0489596435254
0.0492500724117
0.0495413289454
0.049833412718
0.0501263233191
0.0504200603363
0.0507146233553
0.0510100119601
0.0513062257327
0.0516032642529
0.051901127099
0.052199813847
0.0524993240713
0.0527996573441
0.0531008132358
0.0534027913147
0.0537055911473
0.054009212298
0.0543136543293
0.0546189168017
0.0549249992737
0.0552319013018
0.0555396224406
0.0558481622425
0.0561575202581
0.0564676960359
0.0567786891222
0.0570904990616
0.0574031253965
0.0577165676671
0.0580308254118
0.0583458981669
0.0586617854665
0.0589784868427
0.0592960018255
0.059614329943
0.059933470721
0.0602534236833
0.0605741883515
0.0608957642452
0.0612181508819
0.0615413477769
0.0618653544434
0.0621901703925
0.0625157951331
0.062842228172
0.0631694690138
0.0634975171611
0.063826372114
0.0641560333708
0.0644865004275
0.0648177727777
0.0651498499131
0.065482731323
0.0658164164947
0.066150904913
0.0664861960608
0.0668222894184
0.0671591844643
0.0674968806745
0.0678353775227
0.0681746744806
0.0685147710173
0.0688556665999
0.0691973606932
0.0695398527596
0.0698831422593
0.0702272286503
0.0705721113879
0.0709177899257
0.0712642637144
0.0716115322028
0.0719595948372
0.0723084510616
0.0726581003175
0.0730085420444
0.073359775679
0.0737118006561
0.0740646164078
0.0744182223639
0.0747726179519
0.0751278025968
0.0754837757213
0.0758405367457
0.0761980850878
0.076556420163
0.0769155413843
0.0772754481623
0.0776361399051
0.0779976160185
0.0783598759056
0.0787229189672
0.0790867446016
0.0794513522047
0.0798167411698
0.0801829108877
0.0805498607469
0.0809175901332
0.08128609843
0.081655385018
0.0820254492757
0.0823962905788
0.0827679083005
0.0831403018115
0.0835134704801
0.0838874136717
0.0842621307495
0.0846376210738
0.0850138840025
0.085390918891
0.0857687250919
0.0861473019553
0.0865266488287
0.0869067650569
0.0872876499822
0.0876693029442
0.0880517232798
0.0884349103234
0.0888188634067
0.0892035818586
0.0895890650056
0.0899753121712
0.0903623226765
0.0907500958398
0.0911386309766
0.0915279274
0.0919179844201
0.0923088013443
0.0927003774774
0.0930927121215
0.0934858045759
0.093879654137
0.0942742600986
0.0946696217519
0.0950657383849
0.0954626092833
0.0958602337298
0.0962586110041
0.0966577403835
0.0970576211423
0.097458252552
0.0978596338812
0.0982617643958
0.0986646433588
0.0990682700304
0.0994726436681
0.0998777635261
0.100283628856
0.100690238907
0.101097592925
0.101505690152
0.101914529829
0.102324111194
0.102734433479
0.103145495917
0.103557297737
0.103969838163
0.104383116418
0.104797131723
0.105211883293
0.105627370343
0.106043592083
0.106460547722
0.106878236463
0.10729665751
0.10771581006
0.10813569331
0.108556306453
0.108977648678
0.109399719172
0.10982251712
0.110246041702
0.110670292095
0.111095267475
0.111520967013
0.111947389878
0.112374535235
0.112802402247
0.113230990073
0.11366029787
0.11409032479
0.114521069984
0.114952532598
0.115384711777
0.115817606662
0.116251216389
0.116685540094
0.117120576907
0.117556325957
0.117992786369
0.118429957265
0.118867837763
0.119306426979
0.119745724025
0.120185728011
0.120626438042
0.121067853221
0.121509972647
0.121952795418
0.122396320625
0.122840547358
0.123285474705
0.123731101749
0.124177427569
0.124624451242
0.125072171843
0.125520588441
0.125969700104
0.126419505894
0.126870004873
0.127321196098
0.127773078622
0.128225651496
0.128678913768
0.12913286448
0.129587502674
0.130042827387
0.130498837652
0.130955532501
0.13141291096
0.131870972053
0.1323297148
0.132789138219
0.133249241324
0.133710023123
0.134171482626
0.134633618834
0.135096430748
0.135559917364
0.136024077677
0.136488910675
0.136954415345
0.13742059067
0.13788743563
0.1383549492
0.138823130354
0.13929197806
0.139761491283
0.140231668988
0.140702510131
0.141174013668
0.141646178551
0.142119003728
0.142592488145
0.143066630742
0.143541430456
0.144016886223
0.144492996973
0.144969761633
0.145447179127
0.145925248375
0.146403968293
0.146883337795
0.14736335579
0.147844021184
0.148325332878
0.148807289773
0.149289890763
0.14977313474
0.150257020591
0.150741547202
0.151226713453
0.151712518221
0.15219896038
0.1526860388
0.153173752347
0.153662099885
0.154151080272
0.154640692364
0.155130935013
0.155621807066
0.15611330737
0.156605434764
0.157098188086
0.15759156617
0.158085567845
0.158580191938
0.159075437272
0.159571302666
0.160067786935
0.16056488889
0.16106260734
0.161560941089
0.162059888937
0.162559449682
0.163059622116
0.163560405029
0.164061797207
0.164563797432
0.165066404481
0.165569617131
0.166073434151
0.166577854309
0.167082876368
0.167588499088
0.168094721224
0.16860154153
0.169108958754
0.16961697164
0.170125578929
0.170634779358
0.171144571662
0.171654954569
0.172165926806
0.172677487095
0.173189634154
0.173702366698
0.174215683438
0.17472958308
0.175244064329
0.175759125884
0.176274766441
0.176790984691
0.177307779323
0.177825149021
0.178343092465
0.178861608334
0.179380695299
0.17990035203
0.180420577192
0.180941369448
0.181462727454
0.181984649866
0.182507135332
0.1830301825
0.183553790012
0.184077956507
0.18460268062
0.185127960983
0.185653796222
0.186180184961
0.18670712582
0.187234617415
0.187762658358
0.188291247257
0.188820382717
0.189350063338
0.189880287718
0.190411054449
0.190942362121
0.191474209319
0.192006594624
0.192539516615
0.193072973865
0.193606964945
0.19414148842
0.194676542854
0.195212126805
0.195748238827
0.196284877472
0.196822041288
0.197359728817
0.197897938599
0.19843666917
0.198975919062
0.199515686803
0.200055970917
0.200596769925
0.201138082344
0.201679906687
0.202222241462
0.202765085176
0.203308436329
0.203852293419
0.204396654941
0.204941519384
0.205486885235
0.206032750976
0.206579115087
0.207125976041
0.20767333231
0.208221182363
0.208769524661
0.209318357665
0.209867679832
0.210417489613
0.210967785458
0.21151856581
0.212069829111
0.212621573798
0.213173798305
0.213726501061
0.214279680492
0.214833335022
0.215387463067
0.215942063044
0.216497133362
0.21705267243
0.217608678651
0.218165150425
0.218722086148
0.219279484212
0.219837343007
0.220395660918
0.220954436325
0.221513667607
0.222073353138
0.222633491287
0.223194080422
0.223755118905
0.224316605096
0.224878537351
0.225440914022
0.226003733456
0.226566993999
0.227130693992
0.227694831772
0.228259405674
0.228824414026
0.229389855157
0.22995572739
0.230522029042
0.231088758432
0.23165591387
0.232223493665
0.232791496123
0.233359919546
0.233928762231
0.234498022473
0.235067698563
0.235637788788
0.236208291432
0.236779204777
0.237350527098
0.237922256669
0.23849439176
0.239066930639
0.239639871566
0.240213212803
0.240786952606
0.241361089227
0.241935620915
0.242510545916
0.243085862473
0.243661568825
0.244237663208
0.244814143853
0.245391008989
0.245968256843
0.246545885637
0.247123893588
0.247702278914
0.248281039826
0.248860174532
0.24943968124
0.25001955815
0.250599803462
0.251180415373
0.251761392074
0.252342731754
0.252924432601
0.253506492797
0.254088910521
0.25467168395
0.255254811258
0.255838290615
0.256422120187
0.257006298139
0.257590822631
0.258175691821
0.258760903864
0.259346456911
0.259932349111
0.260518578608
0.261105143546
0.261692042063
0.262279272296
0.262866832378
0.263454720439
0.264042934607
0.264631473006
0.265220333758
0.26580951498
0.266399014789
0.266988831298
0.267578962615
0.268169406849
0.268760162102
0.269351226477
0.269942598071
0.270534274981
0.2711262553
0.271718537117
0.272311118519
0.272903997592
0.273497172417
0.274090641073
0.274684401637
0.275278452183
0.275872790782
0.276467415502
0.277062324409
0.277657515567
0.278252987037
0.278848736876
0.27944476314
0.280041063883
0.280637637154
0.281234481003
0.281831593475
0.282428972612
0.283026616456
0.283624523046
0.284222690416
0.284821116601
0.285419799632
0.286018737538
0.286617928346
0.287217370079
0.28781706076
0.288416998409
0.289017181042
0.289617606677
0.290218273325
0.290819178998
0.291420321704
0.29202169945
0.292623310242
0.29322515208
0.293827222967
0.2944295209
0.295032043875
0.295634789888
0.29623775693
0.296840942992
0.297444346063
0.298047964129
0.298651795175
0.299255837184
0.299860088137
0.300464546014
0.301069208791
0.301674074444
0.302279140948
0.302884406275
0.303489868395
0.304095525277
0.304701374888
0.305307415194
0.30591364416
0.306520059746
0.307126659915
0.307733442626
0.308340405836
0.308947547503
0.30955486558
0.310162358022
0.31077002278
0.311377857806
0.311985861048
0.312594030456
0.313202363975
0.313810859551
0.314419515129
0.315028328652
0.315637298061
0.316246421298
0.316855696301
0.31746512101
0.318074693362
0.318684411293
0.319294272739
0.319904275634
0.320514417911
0.321124697503
0.321735112341
0.322345660356
0.322956339479
0.323567147637
0.324178082759
0.324789142772
0.325400325604
0.326011629179
0.326623051424
0.327234590262
0.327846243619
0.328458009417
0.329069885579
0.329681870027
0.330293960684
0.33090615547
0.331518452306
0.332130849113
0.332743343811
0.333355934319
0.333968618558
0.334581394445
0.3351942599
0.335807212841
0.336420251187
0.337033372856
0.337646575766
0.338259857834
0.33887321698
0.339486651119
0.340100158172
0.340713736054
0.341327382684
0.34194109598
0.342554873861
0.343168714243
0.343782615046
0.344396574187
0.345010589587
0.345624659164
0.346238780836
0.346852952525
0.34746717215
0.348081437631
0.34869574689
0.349310097848
0.349924488426
0.350538916548
0.351153380135
0.351767877112
0.352382405403
0.352996962933
0.353611547627
0.354226157411
0.354840790214
0.355455443961
0.356070116583
0.356684806009
0.357299510169
0.357914226994
0.358528954418
0.359143690373
0.359758432793
0.360373179615
0.360987928775
0.361602678211
0.36221742586
0.362832169665
0.363446907566
0.364061637505
0.364676357426
0.365291065276
0.365905759
0.366520436547
0.367135095866
0.367749734909
0.368364351627
0.368978943975
0.369593509909
0.370208047386
0.370822554365
0.371437028807
0.372051468674
0.37266587193
0.373280236542
0.373894560477
0.374508841705
0.375123078198
0.37573726793
0.376351408875
0.376965499011
0.377579536319
0.37819351878
0.378807444378
0.379421311098
0.380035116929
0.380648859862
0.381262537889
0.381876149006
0.382489691209
0.383103162498
0.383716560876
0.384329884347
0.384943130918
0.3855562986
0.386169385403
0.386782389343
0.387395308437
0.388008140706
0.388620884172
0.38923353686
0.389846096799
0.390458562019
0.391070930556
0.391683200445
0.392295369726
0.392907436442
0.393519398639
0.394131254364
0.394743001671
0.395354638614
0.39596616325
0.396577573641
0.397188867851
0.397800043947
0.398411100002
0.399022034087
0.399632844282
0.400243528667
0.400854085326
0.401464512347
0.402074807821
0.402684969843
0.403294996512
0.403904885928
0.404514636198
0.405124245431
0.405733711739
0.40634303324
0.406952208053
0.407561234304
0.408170110119
0.408778833631
0.409387402976
0.409995816293
0.410604071726
0.411212167423
0.411820101536
0.412427872221
0.413035477637
0.413642915949
0.414250185326
0.414857283939
0.415464209966
0.416070961587
0.416677536989
0.417283934361
0.417890151897
0.418496187796
0.419102040262
0.419707707501
0.420313187725
0.420918479153
0.421523580004
0.422128488505
0.422733202887
0.423337721384
0.423942042237
0.424546163691
0.425150083994
0.425753801403
0.426357314175
0.426960620576
0.427563718873
0.428166607342
0.428769284262
0.429371747916
0.429973996593
0.430576028589
0.431177842202
0.431779435737
0.432380807503
0.432981955817
0.433582878996
0.434183575369
0.434784043264
0.435384281019
0.435984286974
0.436584059477
0.43718359688
0.437782897541
0.438381959823
0.438980782095
0.439579362732
0.440177700113
0.440775792625
0.441373638658
0.441971236609
0.442568584882
0.443165681884
0.44376252603
0.44435911574
0.444955449439
0.445551525559
0.446147342539
0.44674289882
0.447338192853
0.447933223093
0.448527988002
0.449122486046
0.4497167157
0.450310675442
0.450904363759
0.451497779142
0.45209092009
0.452683785106
0.4532763727
0.45386868139
0.454460709698
0.455052456154
0.455643919292
0.456235097655
0.456825989792
0.457416594255
0.458006909608
0.458596934416
0.459186667255
0.459776106705
0.460365251352
0.46095409979
0.46154265062
0.462130902448
0.462718853887
0.463306503558
0.463893850087
0.464480892108
0.46506762826
0.465654057191
0.466240177554
0.466825988009
0.467411487225
0.467996673874
0.468581546637
0.469166104203
0.469750345267
0.470334268529
0.470917872698
0.47150115649
0.472084118627
0.472666757839
0.473249072862
0.473831062439
0.474412725322
0.474994060268
0.475575066042
0.476155741416
0.476736085169
0.477316096086
0.477895772962
0.478475114598
0.4790541198
0.479632787384
0.480211116172
0.480789104995
0.481366752688
0.481944058096
0.482521020071
0.483097637471
0.483673909163
0.48424983402
0.484825410923
0.485400638761
0.485975516429
0.486550042831
0.487124216877
0.487698037485
0.488271503582
0.4888446141
0.48941736798
0.48998976417
0.490561801626
0.491133479312
0.491704796197
0.492275751261
0.49284634349
0.493416571877
0.493986435423
0.494555933138
0.495125064037
0.495693827146
0.496262221496
0.496830246126
0.497397900085
0.497965182426
0.498532092212
0.499098628514
0.499664790411
0.500230576987
0.500795987336
0.501361020561
0.501925675769
0.502489952079
0.503053848614
0.503617364507
0.504180498899
0.504743250938
0.50530561978
0.505867604588
0.506429204535
0.506990418799
0.507551246569
0.508111687039
0.508671739413
0.509231402901
0.509790676723
0.510349560104
0.510908052281
0.511466152495
0.512023859997
0.512581174045
0.513138093905
0.513694618853
0.514250748169
0.514806481143
0.515361817075
0.51591675527
0.516471295041
0.51702543571
0.517579176608
0.518132517071
0.518685456446
0.519237994086
0.519790129353
0.520341861616
0.520893190252
0.521444114647
0.521994634195
0.522544748296
0.52309445636
0.523643757805
0.524192652055
0.524741138543
0.525289216712
0.525836886009
0.526384145892
0.526930995826
0.527477435284
0.528023463747
0.528569080703
0.52911428565
0.529659078093
0.530203457543
0.530747423523
0.531290975559
0.53183411319
0.532376835959
0.532919143419
0.53346103513
0.534002510661
0.534543569587
0.535084211494
0.535624435972
0.536164242622
0.536703631053
0.537242600878
0.537781151724
0.538319283221
0.538856995009
0.539394286736
0.539931158057
0.540467608633
0.541003638126
0.541539246197
0.542074432497
0.542609196649
0.543143538233
0.543677456769
0.544210951723
0.544744022581
0.545276669091
0.545808891856
0.546340693592
0.54687208152
0.547403071451
0.547933693887
0.548464001335
0.548994072507
0.549524000062
0.550053825311
0.550583317993
0.551111299565
0.551633625859
0.552137173183
0.552577992035
0.552840531727
0.552748642915
0.552268285074
0.551502431025
0.550612938609
0.549671964907
0.548711620036
0.547743981854
0.546774243667
0.545804429909
0.544835251235
0.543866993213
0.542899759661
0.541933581759
0.540968465621
0.540004411749
0.539041421837
0.538079500458
0.537118654711
0.536158893236
0.535200225409
0.534242660689
0.533286208266
0.532330876853
0.531376674711
0.530423609581
0.529471688824
0.52852091943
0.527571308101
0.526622861406
0.525675585869
0.52472948807
0.523784574681
0.522840852316
0.521898327517
0.520957006677
0.520016895985
0.519078001368
0.518140328349
0.517203881922
0.516268666249
0.51533468428
0.514401936963
0.51347042202
0.512540132025
0.511611053013
0.510683168292
0.509756472203
0.508830980632
0.507906721344
0.50698371925
0.506061991983
0.505141551427
0.504222405862
0.503304561327
0.502388022512
0.501472793109
0.500558876
0.49964627342
0.498734986956
0.497825017683
0.496916366439
0.496009034278
0.495103023035
0.494198335474
0.493294975086
0.49239294565
0.49149225081
0.490592893862
0.489694877761
0.488798205106
0.487902878183
0.487008899052
0.486116269561
0.485224991389
0.484335066065
0.483446494975
0.482559279383
0.481673420439
0.480788919171
0.479905776488
0.479023993172
0.478143569874
0.477264507095
0.476386805143
0.475510464138
0.474635483909
0.473761863971
0.472889603465
0.472018701065
0.471149155134
0.470280963839
0.469414125661
0.468548639886
0.467684506862
0.466821727639
0.465960302761
0.465100229019
0.464241488683
0.463384053137
0.4625279443
0.461673190232
0.460819800086
0.459967776985
0.45911712231
0.458267836797
0.457419920869
0.45657337478
0.455728198672
0.454884392577
0.454041956457
0.453200890193
0.452361193601
0.45152286638
0.45068590807
0.449850317959
0.449016094715
0.448183235657
0.44735173541
0.446521587218
0.445692791312
0.444865353932
0.444039279408
0.443214569468
0.442391224608
0.4415692448
0.44074862976
0.439929379066
0.439111492226
0.438294968672
0.437479807815
0.436666009004
0.435853571568
0.435042494809
0.434232778004
0.43342442039
0.432617421197
0.431811779617
0.431007494834
0.43020456601
0.429402992297
0.42860277282
0.4278039067
0.427006393064
0.426210231008
0.425415419643
0.424621958058
0.42382984538
0.423039080694
0.422249663115
0.421461591746
0.420674865693
0.419889484059
0.41910544595
0.418322750453
0.417541396665
0.416761383654
0.415982710487
0.415205376223
0.4144293799
0.413654720559
0.412881397205
0.412109408842
0.411338754462
0.410569433042
0.409801443541
0.409034784917
0.408269456122
0.407505456084
0.40674278375
0.405981438044
0.405221417905
0.404462722279
0.403705350101
0.402949300346
0.40219457199
0.401441164035
0.400689075504
0.39993830545
0.39918885293
0.398440717051
0.397693896916
0.396948391653
0.396204200384
0.395461322247
0.394719756359
0.393979501826
0.393240557741
0.392502923166
0.391766597121
0.391031578606
0.390297866579
0.389565459941
0.388834357564
0.388104558265
0.387376060817
0.38664886396
0.38592296642
0.385198366894
0.384475064106
0.383753056808
0.383032343825
0.382312924065
0.381594796527
0.380877960338
0.380162414712
0.379448158978
0.378735192495
0.378023514675
0.377313124978
0.376604022817
0.375896207604
0.37518967873
0.374484435557
0.373780477395
0.373077803539
0.372376413235
0.371676305713
0.370977480167
0.370279935783
0.369583671693
0.368888687045
0.368194980956
0.367502552531
0.366811400861
0.366121525032
0.365432924117
0.364745597174
0.36405954328
0.36337476147
0.362691250805
0.362009010323
0.361328039063
0.360648336068
0.359969900374
0.359292731007
0.358616827001
0.357942187385
0.357268811175
0.356596697408
0.355925845108
0.355256253289
0.354587920986
0.353920847204
0.353255030982
0.352590471329
0.351927167269
0.351265117827
0.350604322017
0.349944778861
0.349286487386
0.348629446606
0.347973655553
0.347319113239
0.346665818688
0.34601377093
0.345362968986
0.344713411878
0.344065098637
0.343418028276
0.342772199838
0.342127612346
0.341484264833
0.34084215632
0.340201285851
0.339561652446
0.338923255148
0.338286092987
0.337650165002
0.337015470233
0.336382007712
0.335749776471
0.335118775574
0.334489004045
0.333860460936
0.333233145291
0.332607056155
0.331982192574
0.331358553597
0.330736138272
0.330114945654
0.3294949748
0.328876224749
0.328258694568
0.327642383307
0.327027290027
0.32641341378
0.325800753631
0.325189308635
0.324579077858
0.323970060357
0.323362255196
0.322755661445
0.32215027816
0.321546104415
0.320943139271
0.320341381797
0.319740831064
0.319141486141
0.318543346094
0.317946409993
0.317350676914
0.316756145928
0.316162816102
0.315570686524
0.31497975625
0.314390024371
0.313801489953
0.313214152079
0.312628009811
0.312043062246
0.311459308449
0.310876747507
0.310295378493
0.30971520049
0.309136212576
0.308558413831
0.307981803344
0.307406380191
0.306832143458
0.30625909222
0.305687225571
0.305116542589
0.304547042367
0.303978723979
0.303411586519
0.302845629072
0.302280850724
0.301717250561
0.301154827674
0.300593581145
0.300033510076
0.299474613545
0.298916890648
0.29836034047
0.297804962107
0.297250754654
0.296697717192
0.296145848821
0.295595148634
0.29504561572
0.294497249179
0.293950048099
0.293404011577
0.292859138714
0.292315428598
0.29177288033
0.291231493001
0.290691265717
0.290152197564
0.289614287649
0.289077535068
0.288541938915
0.288007498295
0.287474212305
0.286942080045
0.28641110061
0.285881273106
0.285352596637
0.284825070296
0.284298693183
0.283773464415
0.283249383074
0.282726448272
0.282204659113
0.2816840147
0.281164514131
0.280646156512
0.280128940948
0.279612866534
0.279097932386
0.278584137599
0.278071481282
0.277559962535
0.277049580467
0.276540334183
0.276032222782
0.275525245368
0.275019401051
0.274514688926
0.274011108113
0.273508657701
0.2730073368
0.272507144513
0.272008079952
0.27151014221
0.271013330392
0.2705176436
0.270023080943
0.269529641512
0.26903732442
0.268546128761
0.268056053638
0.267567098152
0.267079261391
0.266592542459
0.266106940451
0.265622454465
0.265139083583
0.264656826901
0.264175683502
0.263695652471
0.263216732887
0.262738923815
0.262262224321
0.261786633455
0.261312150248
0.260838773719
0.260366502841
0.259895336558
0.259425273745
0.258956313193
0.258488453623
0.258021693653
0.257556031944
0.257091467244
0.256627998611
0.256165625402
0.255704347186
0.255244163587
0.254785074174
0.254327078431
0.253870175758
0.253414365485
0.252959646892
0.252506019241
0.252053481756
0.25160203365
0.251151674131
0.250702402392
0.250254217638
0.24980711905
0.249361105831
0.248916177165
0.248472332244
0.248029570266
0.247587890419
0.247147291888
0.246707773875
0.246269335556
0.245831976142
0.245395694805
0.244960490739
0.244526363145
0.244093311195
0.243661334091
0.243230431015
0.242800601151
0.242371843687
0.241944157805
0.241517542696
0.241091997538
0.240667521516
0.240244113809
0.239821773605
0.239400500079
0.238980292411
0.238561149786
0.238143071374
0.237726056364
0.237310103925
0.23689521324
0.236481383481
0.236068613826
0.235656903458
0.235246251545
0.234836657264
0.234428119788
0.234020638296
0.233614211963
0.233208839962
0.232804521461
0.232401255649
0.231999041683
0.231597878749
0.231197766012
0.230798702651
0.230400687838
0.230003720742
0.22960780054
0.229212926406
0.228819097514
0.228426313033
0.228034572131
0.227643873993
0.227254217786
0.226865602678
0.226478027852
0.226091492473
0.225705995718
0.225321536759
0.224938114766
0.224555728917
0.224174378383
0.223794062332
0.223414779937
0.223036530384
0.222659312833
0.222283126462
0.221907970449
0.221533843965
0.221160746177
0.220788676265
0.2204176334
0.220047616758
0.219678625513
0.219310658838
0.218943715904
0.218577795892
0.218212897968
0.217849021318
0.217486165111
0.217124328518
0.216763510712
0.21640371088
0.216044928186
0.215687161807
0.215330410926
0.214974674708
0.214619952334
0.214266242979
0.213913545818
0.213561860029
0.213211184786
0.212861519267
0.212512862645
0.212165214094
0.2118185728
0.211472937935
0.211128308673
0.210784684191
0.210442063672
0.210100446282
0.209759831208
0.209420217627
0.209081604708
0.208743991639
0.208407377589
0.208071761741
0.20773714327
0.207403521352
0.207070895169
0.206739263901
0.206408626716
0.206078982805
0.205750331336
0.20542267149
0.205096002449
0.204770323391
0.204445633487
0.204121931926
0.203799217883
0.203477490533
0.203156749058
0.202836992638
0.202518220447
0.202200431673
0.20188362548
0.201567801062
0.201252957592
0.200939094253
0.200626210214
0.200314304665
0.200003376783
0.199693425742
0.199384450724
0.199076450911
0.198769425482
0.198463373615
0.198158294486
0.197854187278
0.19755105117
0.197248885346
0.196947688975
0.19664746124
0.19634820133
0.196049908414
0.195752581675
0.195456220285
0.195160823436
0.194866390297
0.194572920057
0.194280411885
0.193988864966
0.193698278477
0.193408651598
0.193119983511
0.192832273391
0.192545520417
0.192259723771
0.19197488263
0.191690996171
0.191408063578
0.191126084024
0.190845056699
0.190564980759
0.190285855406
0.190007679806
0.189730453143
0.189454174593
0.189178843334
0.188904458543
0.188631019397
0.188358525078
0.188086974767
0.187816367634
0.187546702861
0.187277979622
0.187010197101
0.186743354468
0.186477450906
0.186212485586
0.185948457692
0.185685366399
0.185423210882
0.185161990318
0.184901703884
0.184642350759
0.184383930112
0.184126441128
0.183869882973
0.183614254834
0.183359555884
0.183105785288
0.182852942232
0.182601025892
0.182350035438
0.182099970045
0.181850828887
0.181602611139
0.181355315979
0.181108942583
0.180863490114
0.180618957758
0.180375344678
0.180132650055
0.17989087306
0.179650012859
0.17941006864
0.17917103956
0.178932924798
0.178695723527
0.178459434917
0.178224058139
0.177989592369
0.177756036771
0.177523390516
0.17729165278
0.177060822728
0.176830899536
0.176601882367
0.176373770397
0.176146562789
0.175920258718
0.175694857349
0.175470357848
0.175246759387
0.175024061132
0.174802262249
0.174581361907
0.17436135928
0.174142253525
0.173924043808
0.173706729297
0.173490309159
0.173274782561
0.173060148662
0.172846406631
0.172633555634
0.17242159483
0.172210523387
0.172000340467
0.171791045229
0.171582636842
0.171375114464
0.17116847726
0.170962724389
0.170757855016
0.170553868292
0.170350763394
0.170148539469
0.169947195684
0.169746731191
0.16954714516
0.169348436739
0.169150605096
0.168953649384
0.168757568761
0.168562362386
0.168368029419
0.168174569012
0.16798198032
0.167790262503
0.167599414721
0.167409436125
0.167220325866
0.167032083104
0.166844706996
0.166658196693
0.166472551348
0.166287770113
0.166103852147
0.165920796601
0.165738602622
0.165557269376
0.165376795998
0.165197181649
0.165018425479
0.151329022665
0.145331972113
0.14607968382
0.152552973815
0.163677660904
0.17836502415
0.195581032445
0.214433285494
0.234242939752
0.254579403805
0.275253528428
0.296274797168
0.317782516578
0.340005351679
0.363187318307
0.387124238974
0.349806387613
0.311452138721
0.278035844047
0.249192386343
0.224512996752
0.203558374594
0.185888077959
0.171098769086
0.158860143872
0.148938122091
0.141199647532
0.1355996191
0.132155113814
0.130913752078
0.131922256577
0.135199372183
0.140715578379
0.148380978655
0.158042290041
0.169489514313
0.182472126281
0.196723177841
0.211987796985
0.2280509127
0.244758620323
0.262028939727
0.279850422385
0.298269984499
0.307954894423
0.297856309819
0.288524374156
0.28006299295
0.272551976547
0.266061522005
0.260592261053
0.256129174541
0.252634588447
0.250032884697
0.248237310913
0.247212297025
0.246952967895
0.247491166385
0.248856417436
0.251143854857
0.254436507119
0.258837717019
0.253605596876
0.243109716762
0.234075977958
0.226391454846
0.219912137309
0.214467287737
0.209870989462
0.205936922294
0.202494093759
0.199400860528
0.196554836984
0.1938971999
0.191411153571
0.189115473376
0.187054759206
0.185288219072
0.183878610253
0.182882618558
