3.70074341542e-18
0.0001018332298
0.000407354507766
0.000916628613241
0.00162976355728
0.00254691065078
0.00366826459967
0.00499406362695
0.00652458962132
0.00826016831211
0.01020116947
0.0123480071329
0.014701139857
0.0172610709908
0.0200283489734
0.0230035676532
0.0261873666287
0.029580431607
0.0331834947806
0.0369973352186
0.0410227792704
0.0452607009796
0.0497120225031
0.0543777145323
0.0592587967112
0.0643563380454
0.0696714572957
0.0752053233475
0.0809591555469
0.0869342239927
0.0931318497701
0.0995534051113
0.106200313464
0.113074049447
0.120176138664
0.127508157347
0.135071731793
0.14286853755
0.150900298293
0.159168784338
0.16767581071
0.176423234676
0.185412952631
0.19464689621
0.204127027452
0.213855332825
0.223833815869
0.234064488163
0.244549358232
0.255290417966
0.266289625966
0.277548887121
0.289070027543
0.300854763731
0.312904664578
0.325221104408
0.337805204739
0.350657761775
0.36377915566
0.377169236253
0.390827178269
0.404751295889
0.418938802881
0.433385497888
0.448085344699
0.463029901202
0.47820752429
0.493602232858
0.50919203157
0.524946348972
0.540821899869
0.556754843783
0.572647643046
0.588360373622
0.603648058522
0.618061569971
0.630937649382
0.641364599431
0.648368743656
0.651104172681
0.649336552919
0.643571309181
0.634707464372
0.623708493603
0.611323550947
0.598090583445
0.584358069213
0.570348099824
0.556210547594
0.542047016624
0.527933020804
0.513921797409
0.500051333728
0.48634977189
0.472838135785
0.459532172376
0.446443689278
0.433581526781
0.420952266918
0.40856075845
0.396410510568
0.384503990603
0.372842850761
0.361428102109
0.350260249202
0.339339395212
0.328665324756
0.318237569721
0.308055461982
0.298118175953
0.28842476312
0.27897418027
0.269765312659
0.260796993134
0.252068017968
0.243577160026
0.235323179732
0.227304834236
0.219520885078
0.211970104604
0.204651281344
0.197563224512
0.190704767774
0.184074772392
0.177672129849
0.17149576402
0.165544632975
0.159817730453
0.154314087071
0.149032771283
0.143972890158
0.13913358997
0.134514056645
0.130113516083
0.125931234363
0.121966517856
0.118218713247
0.114687207487
0.111371427671
0.108270840857
0.105384953831
0.102713312808
0.100255503093
0.0980111486779
0.0959799118005
0.0941614924389
0.0925556277577
0.0911620914945
0.0899806932831
0.0890112779096
0.0882537244938
0.0877079455893
0.0873738861933
0.0872515226556
0.0873408614769
0.0876419379838
0.0881548148651
0.0888795805561
0.0898163474534
0.0909652499408
0.0923264422079
0.0939000958378
0.0956863971425
0.0976855442192
0.0998977437016
0.102323207179
0.104962147252
0.107814773199
0.110881286213
0.114161874196
0.117656706057
0.121365925507
0.125289644309
0.129427934962
0.133780822801
0.13834827749
0.143130203894
0.14812643233
0.153336708173
0.158760680845
0.164397892175
0.170247764151
0.176309586099
0.182582501309
0.189065493176
0.195757370893
0.202656754792
0.209762061388
0.21707148822
0.224582998535
0.232294305887
0.24020285866
0.248305824553
0.256600075008
0.265082169631
0.273748340646
0.282594477486
0.291616111671
0.3008084021
0.310166120868
0.319683639504
0.329354915272
0.339173476684
0.349132406711
0.359224321114
0.369441337867
0.379775031197
0.39021635979
0.400755544386
0.411381939216
0.422084339746
0.432850871855
0.443668109053
0.454520204512
0.465389181543
0.476254196152
0.487092760654
0.497876439854
0.50857672471
0.519158628836
0.529581957078
0.539802287309
0.549769127455
0.559433800453
0.568735529403
0.577599621038
0.585976994499
0.593784668325
0.600957736468
0.607452086069
0.613236483664
0.618294974648
0.622583305343
0.626054359787
0.628622531319
0.63027651636
0.630996474742
0.630787580982
0.629749974784
0.627934457305
0.625391529858
0.622181108049
0.618342992802
0.613951467644
0.60906447921
0.603726718241
0.597992318026
0.591921851745
0.585553742766
0.578922581347
0.572061051793
0.565007708852
0.557788040475
0.550430492375
0.542970066437
0.535439457842
0.527858963962
0.520244517745
0.512624124612
0.505009935404
0.497414192365
0.489856664494
0.482352874384
0.474911771999
0.467542335476
0.460251212057
0.453046565191
0.445935163205
0.438922170162
0.432011859474
0.425207791355
0.418512996114
0.41193115526
0.405468179241
0.399130405052
0.392923705081
0.386853487169
0.380924790244
0.375141729149
0.369509181144
0.364031474725
0.35871202252
0.353553720073
0.348559937486
0.343733505908
0.339076889368
0.334592312364
0.330281808027
0.326147298808
0.322190570372
0.318413225701
0.314816676197
0.311402152726
0.3081707252
0.30512332173
0.302260744024
0.299583678875
0.297092706926
0.294788310121
0.292670878545
0.290740716181
0.288998044732
0.287443005551
0.286075661246
0.284896001241
0.283903947632
0.28309935021
0.282481981081
0.282051533294
0.281807619116
0.281749767084
0.281877418198
0.282189921551
0.282686529543
0.283366392788
0.2842285548
0.285271946569
0.286495381177
0.287897548647
0.289477011234
0.291232199374
0.293161408491
0.295262796845
0.297534384603
0.299974054233
0.30257955236
0.30534849313
0.308278363129
0.311366527858
0.314610239708
0.318006647271
0.321552805733
0.325245687893
0.329082195348
0.333059169516
0.337173402898
0.341421651917
0.345800652863
0.350307139229
0.354937852356
0.359689538678
0.364558935213
0.369542754003
0.374637669251
0.379840273986
0.385147072652
0.390554432722
0.396058177973
0.401652070146
0.40733102783
0.413093243517
0.41893462285
0.424849959789
0.430833219514
0.436877572919
0.442974744348
0.449116608605
0.455295060792
0.461500493991
0.467721649538
0.473945037209
0.480146959945
0.486318934978
0.492455958486
0.498548394023
0.50458712134
0.510559171523
0.516455399902
0.522265771119
0.527976071217
0.533586509678
0.539096267856
0.544494600156
0.549779908038
0.554955386015
0.560008385776
0.564916415772
0.569665261495
0.574235811112
0.578618236116
0.582812327636
0.586816785748
0.59059966655
0.59413837472
0.597410829942
0.600400055407
0.60309152822
0.605461236606
0.607493959161
0.609135316721
0.610379081268
0.611244136898
0.611722323241
0.611807480345
0.611523492858
0.610880915212
0.60992056038
0.608654805189
0.607085242142
0.605232439516
0.603113920394
0.600723171823
0.598086359751
0.595219175986
0.59215502045
0.588914537565
0.585513873147
0.581963311349
0.578268726959
0.574456898239
0.570535090422
0.566521181241
0.562433849865
0.558277773606
0.554070755057
0.549815306899
0.545522651986
0.541195034768
0.536834868646
0.532452873186
0.528055821551
0.523650515173
0.519239326162
0.514821448889
0.510402446642
0.505990155404
0.501589235794
0.497202758489
0.492832248095
0.488477158255
0.484126597212
0.47978975234
0.475473294876
0.471188363025
0.466937426917
0.462723922874
0.458553883846
0.45443244764
0.450364957582
0.446355219922
0.442407673877
0.438527152521
0.434718212713
0.43098505775
0.427332082748
0.423763869506
0.420285265935
0.41690063602
0.413614091761
0.410429573581
0.407351023378
0.40438194188
0.401526441608
0.398788701258
0.396173024605
0.39368313822
0.391322546397
0.389094134875
0.387001066843
0.38504613839
0.38323253744
0.381563493591
0.38004189896
0.378670388555
0.377451297159
0.376386637103
0.375478060631
0.374726918908
0.374134401552
0.373701257317
0.373427765173
0.373314332467
0.373361351062
0.373568649252
0.3739359633
0.374462919489
0.375148766692
0.375992641252
0.376993417868
0.378149405961
0.379458357032
0.380918069218
0.382524981105
0.3842762558
0.386168965107
0.388197803419
0.390358498311
0.392649325707
0.395068464563
0.397612949431
0.400278986649
0.403062265872
0.405958306069
0.408962532576
0.412069325423
0.41527424593
0.418572635411
0.421959585799
0.425428771159
0.428971836019
0.432584548636
