-0.0
3.48702913018e-05
0.000139482097929
0.000313838219488
0.000557943326833
0.000871803969382
0.0012554285855
0.00170882751606
0.00223201302137
0.0028249993017
0.00348780252151
0.00422044083796
0.00502293443371
0.00589530555465
0.00683757855289
0.00784977993544
0.00893193841929
0.0100840849933
0.011306252988
0.0125984781528
0.0139607987436
0.0153932556197
0.0168958923515
0.0184687553407
0.0201118939537
0.0218253606694
0.023609211243
0.0254635048871
0.0273883044719
0.0293836767466
0.0314496925832
0.0335864272456
0.0357939606863
0.0380723778721
0.040421769143
0.0428422306074
0.0453338645742
0.0478967800298
0.050531093159
0.0532369279184
0.0560144166629
0.0588637008339
0.0617849317112
0.0647782712374
0.0678438929187
0.0709819828109
0.0741927405962
0.0774763807615
0.0808331338838
0.0842632480355
0.0877669903175
0.091344648533
0.0949965330141
0.0987229786133
0.102524346877
0.106401028415
0.110353445481
0.114382054791
0.118487350591
0.122669867999
0.126930186648
0.131268934657
0.135686792954
0.140184499989
0.14476285686
0.149422732911
0.154165071816
0.158990898223
0.163901324978
0.16889756101
0.173980919921
0.179152829352
0.184414841197
0.189768642744
0.195216068832
0.200759115121
0.206399952582
0.212140943319
0.217984657872
0.223933894107
0.229991697899
0.236161385728
0.242446569415
0.24885118317
0.255379513188
0.26203623
0.268826423818
0.275755643109
0.282829936597
0.290055898888
0.297440719815
0.304992237523
0.312718995079
0.320630300168
0.328736286947
0.337047978467
0.345577347082
0.354337368721
0.363342064659
0.372606520996
0.382146871032
0.39198021813
0.402124465318
0.412598000939
0.423419164282
0.434605377292
0.446171772564
0.458129066236
0.470480308595
0.483215988501
0.49630677515
0.509692992435
0.523269864901
0.536867962379
0.55022973458
0.56298655764
0.574647135486
0.584616076106
0.592263944861
0.597053952314
0.598690176302
0.597214324734
0.592991291767
0.586592925411
0.578649223778
0.569733826647
0.560307798807
0.550710323296
0.541174437853
0.531850798361
0.522830423463
0.514163091208
0.505870994063
0.49795838614
0.490418194761
0.483236461163
0.476395278748
0.469874711508
0.463654028623
0.457712484342
0.45202979762
0.446586434987
0.441363765711
0.436344135261
0.431510887623
0.426848356711
0.422341840187
0.417977564362
0.413742645719
0.409625052492
0.405613568323
0.401697759022
0.397867942855
0.394115164292
0.39043117093
0.386808393066
0.38323992534
0.37971950979
0.37624151969
0.372800943538
0.369393368643
0.366014963825
0.362662460825
0.359333134125
0.356024778987
0.352735687599
0.349464623347
0.346210793295
0.342973819043
0.339753706218
0.33655081288
0.333365817178
0.330199684622
0.327053635315
0.323929111526
0.320827745919
0.317751330777
0.314701788478
0.311681143463
0.308691495897
0.305734997165
0.302813827299
0.299930174408
0.297086216122
0.294284103041
0.291525944143
0.288813794072
0.286149642237
0.283535403579
0.280972910927
0.278463908785
0.27601004844
0.273612884243
0.27127387096
0.268994362034
0.266775608676
0.26461875964
0.262524861599
0.260494860021
0.258529600451
0.256629830131
0.25479619987
0.25302926613
0.25132949324
0.249697255719
0.248132840648
0.24663645007
0.245208203381
0.243848139694
0.242556220161
0.241332330222
0.240176281798
0.239087815398
0.23806660215
0.237112245748
0.236224284321
0.23540219223
0.234645381791
0.233953204937
0.233324954827
0.232759867415
0.232257122979
0.231815847634
0.23143511484
0.231113946908
0.230851316525
0.230646148316
0.230497320441
0.230403666257
0.230363976046
0.230376998823
0.230441444244
0.230555984604
0.230719256961
0.230929865364
0.23118638322
0.231487355772
0.231831302717
0.232216720947
0.232642087413
0.233105862102
0.233606491127
0.234142409903
0.234712046403
0.235313824469
0.235946167163
0.236607500113
0.237296254855
0.238010872107
0.238749804961
0.239511521956
0.240294509976
0.241097276955
0.241918354341
0.242756299264
0.243609696401
0.244477159464
0.2453573323
0.246248889567
0.247150536941
0.248061010853
0.24897907772
0.249903532664
0.25083319771
0.251766919468
0.252703566298
0.253642024987
0.25458119695
0.255519993992
0.256457333678
0.257392134343
0.258323309825
0.259249763956
0.260170384911
0.261084039475
0.261989567328
0.26288577543
0.263771432615
0.264645264487
0.265505948732
0.26635211095
0.267182321126
0.267995090838
0.26878887133
0.269562052543
0.27031296321
0.271039872118
0.271740990612
0.272414476425
0.273058438886
0.273670945552
0.274250030287
0.274793702784
0.275299959499
0.275766795949
0.276192220281
0.276574267997
0.276911017679
0.277200607539
0.277441252578
0.277631262103
0.277769057354
0.277853188935
0.277882353765
0.277855411238
0.277771398284
0.277629543038
0.277429276853
0.277170244385
0.276852311558
0.276475571222
0.276040346391
0.275547190972
0.274996887986
0.274390445294
0.273729088935
0.2730142542
0.272247574627
0.271430869139
0.270566127567
0.269655494835
0.268701254089
0.267705809061
0.266671665952
0.265601415111
0.264497712776
0.263363263102
0.262200800707
0.261013073903
0.259802828779
0.258572794249
0.257325668177
0.256064104618
0.254790702248
0.253507993961
0.252218437663
0.250924408211
0.249628190475
0.248331973461
0.247037845443
0.24574779003
0.244463683097
0.243187290508
0.241920266558
0.240664153056
0.239420378981
0.238190260645
0.236975002295
0.235775697103
0.234593328485
0.233428771694
0.232282795667
0.231156065059
0.230049142459
0.228962490735
0.227896475513
0.226851367743
0.225827346363
0.224824501034
0.223842834947
0.222882267693
0.221942638204
0.221023707752
0.220125163022
0.219246619256
0.218387623477
0.217547657796
0.216726142817
0.215922441135
0.215135860945
0.214365659767
0.213611048286
0.212871194317
0.2121452269
0.211432240521
0.210731299467
0.210041442296
0.209361686442
0.20869103292
0.208028471148
0.207372983842
0.206723551998
0.206079159928
0.205438800318
0.204801479308
0.204166221548
0.203532075207
0.202898116905
0.202263456538
0.201627241953
0.200988663456
0.200346958103
0.199701413744
0.199051372798
0.198396235718
0.197735464117
0.197068583541
0.196395185853
0.195714931217
0.195027549667
0.194332842249
0.193630681732
0.192921012886
0.192203852333
0.191479287978
0.190747478034
0.190008649654
0.189263097207
0.188511180197
0.187753320878
0.186990001582
0.186221761795
0.185449195018
0.184672945441
0.183893704476
0.183112207175
0.182329228568
0.181545579959
0.180762105211
0.179979677042
0.179199193366
0.178421573712
0.177647755718
0.176878691752
0.176115345652
0.17535868961
0.174609701213
0.17386936064
0.17313864804
0.172418541068
0.171710012608
0.171014028669
0.170331546452
0.169663512587
0.169010861539
0.168374514174
0.167755376471
0.167154338391
0.166572272875
0.166010034976
0.165468461109
0.164948368418
0.16445055424
0.163975795667
0.163524849199
0.163098450468
0.162697314038
0.162322133265
0.161973580221
0.161652305657
0.161358939024
0.16109408852
0.160858341185
0.160652263014
0.160476399105
0.160331273828
0.160217391009
0.160135234142
0.160085266607
0.160067931911
0.160083653933
0.160132837189
0.160215867107
0.16033311031
0.160484914915
0.160671610839
0.160893510124
0.161150907266
0.161444079569
0.161773287498
0.162138775067
0.162540770223
0.162979485266
0.163455117276
0.163967848565
0.164517847151
0.165105267249
0.165730249798
0.166392922996
0.167093402874
0.167831793894
0.168608189568
0.169422673113
0.170275318129
0.171166189309
0.172095343179
0.17306282886
0.174068688867
0.175112959935
0.176195673864
0.1773168584
0.178476538143
0.179674735466
0.180911471469
0.182186766953
0.183500643401
0.184853123988
0.186244234599
0.187674004854
0.189142469146
0.190649667684
0.192195647528
0.193780463628
0.195404179856
0.197066870026
0.198768618892
0.200509523138
0.202289692335
0.204109249874
0.205968333862
0.207867097983
0.209805712316
0.211784364102
0.213803258464
0.215862619065
0.217962688705
0.220103729854
0.222286025103
0.224509877547
0.226775611075
0.229083570578
0.231434122054
0.233827652608
0.236264570347
0.238745304147
0.241270303294
0.243840036981
0.246454993649
0.249115680162
0.251822620787
0.254576355976
0.25737744091
0.260226443781
0.263123943792
0.266070528813
0.269066792675
0.272113332026
0.275210742702
0.278359615537
0.281560531527
0.284814056251
0.288120733431
0.291481077514
0.294895565094
0.298364625031
0.301888627029
0.305467868456
0.309102559133
0.312792803761
0.316538581661
0.32033972339
0.324195883794
0.328106510982
0.332070810641
0.336087705062
0.340155786188
0.344273261951
0.348437895102
0.35264693377
0.356897032951
0.361184166253
0.365503527315
0.369849420596
0.374215141583
0.378592847013
0.382973416472
0.387346307761
0.391699409747
0.396018898136
0.400289101632
0.404492388363
0.40860908508
0.412617444298
0.416493676974
0.420212069959
0.423745207746
0.427064316253
0.430139741738
0.432941569917
0.435440378731
0.437608103489
0.439418976587
0.440850487986
0.441884299962
0.442507043524
0.442710926614
0.442494096962
0.441860724012
0.440820791855
0.439389623867
0.43758718515
0.435437226773
0.4329663441
0.430203020084
0.427176715006
0.423917049595
0.420453111881
0.416812902184
0.413022917188
0.409107863993
0.405090488579
0.400991499837
0.396829569529
0.392621389546
0.388381769876
0.38412376328
0.379858805354
0.375596861212
0.371346572273
0.367115398524
0.362909753182
0.358735127861
0.354596207256
0.350496973029
0.346440797017
0.342430524228
0.33846854625
0.334556865827
0.33069715339
0.326890796346
0.323138941888
0.319442534056
0.315802345718
0.312219006096
0.308693024378
0.305224809926
0.301814689513
0.298462921986
0.295169710697
0.291935214003
0.288759554103
0.285642824435
0.282585095846
0.279586421697
0.276646842058
0.27376638713
0.27094508
0.26818293883
0.265479978565
0.262836212233
0.260251651899
0.25772630933
0.255260196417
0.252853325387
0.250505708855
0.24821735973
0.245988291011
0.243818515489
0.241708045375
0.239656891874
0.237665064711
0.235732571624
0.233859417839
0.232045605531
0.230291133265
0.228595995453
0.226960181804
0.22538367678
0.223866459069
0.22240850107
0.221009768388
0.219670219358
0.218389804579
0.217168466473
0.216006138871
0.214902746613
0.213858205181
0.212872420354
0.211945287891
0.211076693239
0.210266511269
0.209514606049
0.208820830633
0.208185026897
0.207607025394
0.207086645252
0.206623694105
0.206217968055
0.205869251685
0.205577318098
0.205341929006
0.205162834866
0.205039775055
0.204972478097
0.204960661946
0.205004034312
0.205102293055
0.20525512663
0.205462214596
0.205723228192
0.206037830975
0.206405679534
0.206826424269
0.207299710256
0.207825178175
0.208402465334
0.20903120676
0.209711036381
0.210441588297
0.211222498125
0.212053404442
0.212933950311
0.21386378489
0.214842565134
0.215869957575
0.216945640187
0.218069304333
0.219240656782
0.220459421805
0.221725343329
0.223038187164
0.224397743269
0.225803828082
0.227256286872
0.228754996132
0.23029986599
0.231890842621
0.233527910669
0.235211095643
0.236940466296
0.238716136956
0.240538269811
0.242407077118
0.244322823334
0.246285827153
0.248296463421
0.25035516493
0.252462424067
0.254618794299
0.256824891485
0.259081394987
0.261389048576
0.263748661101
0.266161106913
0.268627326006
0.271148323879
0.273725171063
0.27635900231
0.279051015398
0.281802469527
0.284614683253
0.287489031934
0.290426944607
0.293429900263
0.296499423428
0.299637078974
0.302844466061
0.306123211102
0.309474959607
0.312901366768
0.316404086595
0.319984759409
0.323644997447
0.327386368309
0.331210375949
0.335118438839
0.339111864913
0.343191822847
0.347359309163
0.351615110598
0.355959761139
0.360393493055
0.364916181238
0.369527280137
0.374225752573
0.379009989776
0.383877722087
0.388825919934
0.393850685012
0.398947131987
0.404109261668
0.409329827415
0.414600197626
0.419910218545
0.425248083325
0.430600215338
0.435951175981
0.441283609684
0.446578241167
0.451813941903
0.456967883766
0.462015797335
0.466932349677
0.471691650986
0.476267890863
0.480636093262
0.484772965
0.488657797615
0.492273368555
0.495606777941
0.498650153995
0.501401165567
0.503863294411
0.506045841335
0.507963666153
0.509636687052
0.511089186592
0.512348985722
0.513446552517
0.514414109103
0.515284790299
0.516091893451
0.516868243525
0.517645682975
0.518454683715
0.519324069366
0.520280829819
0.521350006598
0.522554625883
0.52391565553
0.525451962429
0.527180246324
0.529114925448
0.53126794754
0.533648496813
0.536262563129
0.539112334157
0.542195365118
0.545503475163
0.549021316754
0.552724569097
0.556577725854
0.560531492338
0.564519893981
0.568457344487
0.572236143784
0.575725167772
0.578770822268
0.581201529582
0.582836870717
0.583501757647
0.583044546834
0.581356131258
0.578385603146
0.574148102919
0.568722422685
0.562239098932
0.554862533268
0.546771801239
0.538144060289
0.529142675969
0.519910398269
0.510566760766
0.501208430684
0.491911290027
0.482733308284
0.473717586485
0.464895218006
0.456287798471
0.447909533317
0.439768955857
0.431870298982
0.424214574007
0.416800409753
0.409624699523
0.402683096439
0.395970390343
0.389480792859
0.383208151628
0.377146110154
0.371288225991
0.365628057124
0.360159224112
0.354875453827
0.349770609248
0.344838708729
0.34007393737
0.335470652503
0.331023384812
0.326726836287
0.322575875883
0.318565533594
0.31469099344
0.310947585787
0.307330779272
0.30383617259
0.300459486281
0.297196554668
0.294043318023
0.29099581503
0.288050175608
0.285202614103
0.282449422891
0.279786966402
0.277211675568
0.274720042714
0.27230861687
0.269973999534
0.26771284086
0.265521836278
0.263397723547
0.261337280234
0.259337321614
0.257394698992
0.25550629845
0.253669039998
0.25187987715
0.250135796901
0.248433820122
0.246771002345
0.245144434961
0.243551246797
0.241988606095
0.240453722853
0.238943851546
0.237456294191
0.23598840376
0.234537587909
0.233101313011
0.231677108459
0.230262571228
0.228855370641
0.227453253327
0.226054048321
0.224655672255
0.223256134617
0.221853543007
0.220446108345
0.219032149985
0.217610100662
0.216178511227
0.21473605511
0.213281532451
0.211813873835
0.210332143599
0.208835542633
0.207323410651
0.205795227875
0.204250616108
0.20268933916
0.201111302611
0.199516552896
0.197905275703
0.196277793705
0.194634563612
0.192976172595
0.191303334079
0.189616882973
0.187917770358
0.186207057692
0.184485910583
0.182755592197
0.181017456345
0.179272940333
0.177523557622
0.175770890372
0.174016581923
0.172262329288
0.170509875691
0.168761003228
0.167017525685
0.165281281558
0.163554127319
0.161837930958
0.160134565832
0.158445904835
0.156773814924
0.155120151994
0.153486756127
0.151875447203
0.150288020887
0.148726244979
0.147191856123
0.145686556861
0.144212013029
0.142769851465
0.141361658034
0.139988975928
0.138653304246
0.13735609682
0.136098761268
0.13488265827
0.133709101027
0.132579354895
0.13149463718
0.130456117062
0.129464915646
0.128522106106
0.127628713929
0.126785717214
0.125994047047
0.125254587901
0.124568178079
0.123935610175
0.123357631534
0.122834944719
0.122368207964
0.121958035599
0.121604998451
0.121309624212
0.121072397751
0.120893761383
0.120774115084
0.12071381663
0.120713181688
0.120772483813
0.120891954388
0.121071782469
0.121312114555
0.121613054265
0.121974661932
0.122396954099
0.122879902923
0.12342343549
0.124027433021
0.124691729999
0.125416113185
0.126200320547
0.127044040097
0.127946908633
0.128908510396
0.129928375644
0.131005979153
0.132140738638
0.133332013126
0.134579101266
0.135881239603
0.137237600827
0.138647292008
0.140109352837
0.141622753899
0.143186394986
0.144799103491
0.146459632905
0.148166661438
0.149918790814
0.151714545266
0.153552370774
0.155430634582
0.157347625043
0.159301551843
0.161290546639
0.163312664168
0.165365883877
0.167448112117
0.169557184951
0.171690871624
0.173846878726
0.176022855091
0.17821639746
0.180425056921
0.182646346143
0.184877747397
0.187116721352
0.189360716612
0.191607179953
0.193853567184
0.196097354574
0.198336050718
0.200567208744
0.202788438727
0.204997420148
0.207191914254
0.20936977613
0.211528966314
0.213667561778
0.215783766069
0.217875918468
0.21994250197
0.221982149958
0.223993651418
0.22597595461
0.227928169086
0.229849566028
0.231739576858
0.233597790159
0.235423946918
0.237217934184
0.238979777237
0.240709630381
0.242407766524
0.244074565708
0.245710502759
0.247316134245
0.248892084953
0.250439034042
0.251957701095
0.253448832218
0.254913186375
0.256351522099
0.257764584723
0.259153094251
0.260517733967
0.261859139871
0.263177891011
0.264474500753
0.265749409029
0.267002975574
0.268235474171
0.269447087882
0.270637905248
0.271807917446
0.272957016351
0.274084993468
0.275191539701
0.27627624588
0.277338604029
0.278378009298
0.279393762505
0.280385073251
0.281351063531
0.282290771809
0.283203157491
0.28408710576
0.284941432716
0.285764890791
0.286556174391
0.287313925744
0.288036740907
0.288723175927
0.289371753123
0.289980967485
0.290549293168
0.291075190097
0.291557110658
0.291993506507
0.292382835475
0.292723568613
0.293014197358
0.293253240849
0.293439253403
0.293570832156
0.293646624876
0.293665337941
0.293625744488
0.293526692698
0.293367114207
0.2931460326
0.29286257193
0.292515965223
0.292105562877
0.291630840885
0.291091408781
0.29048701722
0.289817565071
0.28908310592
0.28828385388
0.287420188579
0.286492659241
0.285501987757
0.284449070665
0.283334979975
0.282160962779
0.280928439629
0.279639001665
0.278294406505
0.276896572936
0.275447574454
0.273949631737
0.272405104138
0.270816480304
0.269186368051
0.26751748362
0.265812640453
0.264074737632
0.262306748113
0.26051170691
0.258692699334
0.25685284944
0.254995308771
0.253123245507
0.251239834121
0.249348245592
0.247451638252
0.245553149318
0.243655887126
0.241762924105
0.239877290489
0.23800196878
0.236139888934
0.234293924273
0.232466888082
0.230661530868
0.228880538247
0.227126529423
0.225402056213
0.223709602585
0.222051584658
0.220430351138
0.218848184135
0.217307300321
0.215809852415
0.214357930924
0.212953566141
0.211598730349
0.210295340201
0.209045259276
0.207850300746
0.206712230183
0.205632768437
0.204613594616
0.203656349119
0.202762636732
0.201934029765
0.201172071236
0.20047827808
0.199854144395
0.19930114471
0.198820737286
0.19841436744
0.1980834709
0.197829477194
0.197653813075
0.19755790599
0.197543187597
0.197611097342
0.197763086097
0.198000619881
0.198325183656
0.198738285229
0.199241459263
0.199836271404
0.200524322549
0.201307253268
0.202186748388
0.203164541761
0.204242421234
0.205422233832
0.206705891181
0.208095375172
0.209592743908
0.21120013792
0.21291978669
0.21475401548
0.216705252479
0.218776036275
0.220969023632
0.223286997579
0.225732875765
0.228309719049
0.231020740238
0.233869312894
0.236858980049
0.239993462644
0.243276667421
0.246712693909
0.250305840016
0.254060605597
0.257981693132
0.262074004401
0.266342631654
0.270792841327
0.275430047726
0.280259773267
0.285287590828
0.290519042334
0.295959525901
0.301614141449
0.307487481641
0.313583351032
0.319904391314
0.326451584315
0.333223596924
0.340215923526
0.347419772536
0.35482063573
0.362396475681
0.37011547347
0.377933306256
0.385789987843
0.393606426927
0.401281061914
0.408687234462
0.415672348254
0.422060230143
0.427658250124
0.432270327183
0.435715632494
0.437850628387
0.43858978149
0.437919232614
0.435899066141
0.432653406189
0.428351577498
0.423185872128
0.417351207112
0.411029928737
0.404382660152
0.397544419826
0.390624514099
0.383708686714
0.376862331679
0.37013397481
0.363558568333
0.357160382537
0.350955426924
0.344953414661
0.339159322058
0.333574607406
0.32819815268
0.323026984777
0.318056823978
0.313282498481
0.308698255855
0.304297995606
0.300075441613
0.296024268861
0.292138195536
0.288411048947
0.284836811707
0.281409653089
0.278123949284
0.274974295402
0.271955511372
0.269062643372
0.266290962032
0.263635958342
0.26109333798
0.258659014583
0.256329102369
0.254099908392
0.251967924659
0.249929820261
0.247982433635
0.246122765034
0.244347969258
0.242655348673
0.241042346555
0.239506540746
0.238045637632
0.236657466439
0.235339973829
0.234091218795
0.232909367819
0.231792690305
0.23073955424
0.229748422092
0.228817846903
0.22794646858
0.227133010349
0.226376275365
0.225675143459
0.225028567997
0.224435572839
0.223895249389
0.223406753698
0.22296930362
0.222582175998
0.222244703859
0.221956273602
0.221716322161
0.221524334125
0.221379838784
0.221282407099
0.221231648562
0.22122720792
0.221268761755
0.221356014881
0.221488696544
0.221666556382
0.221889360143
0.222156885103
0.222468915182
0.222825235693
0.22322562773
0.223669862125
0.224157692962
0.224688850596
0.225263034156
0.225879903473
0.226539070417
0.22724008959
0.227982448345
0.2287655561
0.229588732915
0.230451197303
0.231352053271
0.232290276572
0.233264700175
0.234273998986
0.235316673843
0.236391034865
0.237495184247
0.238626998629
0.239784111212
0.240963893843
0.242163439353
0.243379544475
0.244608693764
0.245847044996
0.247090416624
0.248334277926
0.249573742586
0.250803566511
0.252018150745
0.253211550409
0.254377490586
0.255509390066
0.256600393803
0.257643414814
0.258631186049
0.259556322535
0.260411393743
0.261189005744
0.261881892252
0.262483013175
0.262985658741
0.263383556803
0.263670980458
0.263842852766
0.263894845153
0.263823466021
0.263626136242
0.263301248577
0.26284820857
0.262267455224
0.261560460557
0.260729708048
0.259778650873
0.258711651664
0.257533906218
0.256251354152
0.254870579798
0.253398706843
0.251843290103
0.250212207656
0.248513556173
0.246755551854
0.244946438863
0.243094406657
0.241207517076
0.239293641643
0.237360409089
0.235415162822
0.233464927779
0.23151638594
0.229575859651
0.227649301835
0.225742292172
0.223860038317
0.222007381305
0.220188804331
0.218408444175
0.216670104635
0.214977271393
0.213333127838
0.211740571439
0.21020223033
0.208720479824
0.207297458652
0.205935084753
0.204635070474
0.203398937108
0.202228028691
0.201123525023
0.200086453897
0.19911770253
0.198218028203
0.197388068127
0.196628348565
0.195939293239
0.195321231048
0.19477440314
0.194298969378
0.193895014224
0.193562552089
0.193301532184
0.193111842898
0.192993315748
0.192945728923
0.192968810456
0.193062241057
0.193225656623
0.19345865046
0.193760775239
0.194131544699
0.194570435134
0.195076886668
0.195650304343
0.196290059043
0.196995488261
0.197765896725
0.198600556909
0.199498709431
0.200459563359
0.201482296441
0.202566055261
0.203709955353
0.204913081272
0.20617448664
0.207493194189
0.208868195803
0.210298452589
0.211782894981
0.213320422902
0.214909906001
0.216550183974
0.218240067009
0.219978336356
0.221763745054
0.223595018836
0.225470857238
0.227389934928
0.229350903297
0.231352392318
0.233393012718
0.235471358475
0.237586009676
0.23973553576
0.241918499166
0.244133459416
0.24637897765
0.248653621633
0.25095597125
0.253284624504
0.255638204014
0.258015364031
0.260414797949
0.262835246318
0.265275505329
0.267734435754
0.270210972302
0.272704133357
0.275213031037
0.277736881529
0.280275015632
0.282826889426
0.285392095007
0.287970371182
0.290561614057
0.293165887417
0.295783432804
0.298414679208
0.301060252278
0.303720982968
0.306397915541
0.309092314839
0.311805672775
0.314539713964
0.317296400448
0.320077935462
0.322886766189
0.325725585469
0.3285973324
0.331505191779
0.334452592302
0.337443203426
0.340480930758
0.343569909777
0.346714497635
0.349919262699
0.353188971364
0.35652857154
0.359943171997
0.363438016552
0.367018451737
0.370689886224
0.374457739804
0.378327379103
0.382304036462
0.386392707471
0.390598021489
0.394924078068
0.399374240459
0.403950875394
0.408655025968
0.41348600191
0.418440868913
0.423513816412
0.428695381935
0.433971511015
0.439322436525
0.444721372855
0.450133042503
0.455512090119
0.460801497079
0.465931191724
0.470817154773
0.475361432837
0.479453563593
0.482973928455
0.485799409324
0.487811370595
0.488905410772
0.48900164079
0.488053692412
0.486054540704
0.483037729742
0.479073636299
0.47426161926
0.4687198063
0.462574549033
0.455951230636
0.448967396093
0.441728435148
0.434325519832
0.426835247253
0.419320405525
0.411831369505
0.404407763514
0.39708015324
0.389871628429
0.382799208294
0.375875046716
0.369107440831
0.362501660317
0.356060620424
0.349785422864
0.343675787222
0.337730392988
0.331947149363
0.326323407175
0.320856124623
0.315541996371
0.310377553632
0.305359241341
0.300483477286
0.29574669703
0.291145387697
0.286676113004
0.282335531465
0.278120409254
0.274027628924
0.2700541949
0.266197236498
0.262454009042
0.25882189354
0.255298395266
0.251881141554
0.248567879001
0.245356470263
0.242244890582
0.239231224141
0.236313660333
0.233490490011
0.230760101747
0.228120978169
0.225571692365
0.223110904407
0.220737357983
0.21844987717
0.21624736333
0.214128792155
0.212093210852
0.210139735467
0.208267548355
0.206475895789
0.204764085709
0.203131485612
0.201577520572
0.200101671404
0.19870347295
0.197382512504
0.196138428369
0.194970908532
0.193879689483
0.192864555151
0.191925335973
0.191061908093
0.19027419269
0.18956215544
0.188925806108
0.188365198277
0.187880429224
0.187471639928
0.187139015231
0.186882784155
0.186703220367
0.186600642823
0.186575416569
0.186627953738
0.186758714721
0.186968209557
0.187256999519
0.187625698939
0.188074977272
0.188605561409
0.189218238287
0.189913857777
0.190693335909
0.191557658443
0.192507884818
0.193545152517
0.194670681878
0.19588578141
0.197191853643
0.198590401578
0.200083035797
0.201671482304
0.203357591172
0.205143346096
0.207030874947
0.209022461444
0.211120558098
0.21332780056
0.215647023573
0.218081278721
0.220633854235
0.22330829712
0.226108437944
0.229038418664
0.232102723947
0.235306216523
0.238654177188
0.24215235022
0.245806995102
0.249624945618
0.253613677635
0.257781387129
0.262137080371
0.266690678618
0.271453140212
0.276436603638
0.281654556061
0.287122032933
0.292855855835
0.298874917665
0.305200526936
0.311856826496
0.318871306816
0.326275440598
0.334105474754
0.342403428827
0.351218367753
0.360608044237
0.370641046785
0.381399651275
0.392983669902
0.405515743887
0.419148775729
0.434076616956
0.450549860125
0.468899911429
0.489577030414
0.513212995288
0.54072938486
0.573534809435
0.613902255115
0.665689726517
0.735130491755
0.817098944598
0.775642140057
0.696906326507
0.63734782319
0.591699587972
0.555175714734
0.524900734169
0.499121070957
0.476712506028
0.456918712699
0.439209418447
0.423199756658
0.408602179066
0.395196526126
0.382810684893
0.371307672825
0.360576762578
0.350527228856
0.341083844306
0.332183571153
0.323773088353
0.315806914136
0.30824596034
0.30105640496
0.294208802584
0.287677375056
0.281439440328
0.275474948438
0.26976610141
0.264297039486
0.25905358028
0.254023000475
0.249193851988
0.244555806258
0.24009952163
0.235816529827
0.231699138284
0.227740345732
0.223933768931
0.220273578789
0.216754444461
0.213371484225
0.210120222165
0.206996549836
0.203996692215
0.201117177357
0.19835480927
0.195706643577
0.19316996562
0.190742270688
0.188421246106
0.186204754964
0.184090821278
0.182077616412
0.180163446614
0.178346741532
0.17662604358
0.17499999807
0.173467343998
0.172026905416
0.170677583298
0.169418347845
0.168248231163
0.167166320248
0.166171750236
0.165263697862
0.16444137508
0.1637040228
0.163050904706
0.162481301101
0.16199450275
0.161589804683
0.161266499908
0.161023873012
0.160861193608
0.160777709588
0.160772640156
0.160845168599
0.160994434777
0.16121952728
0.161519475248
0.161893239805
0.162339705112
0.162857668989
0.163445833124
0.164102792843
0.164827026462
0.165616884227
0.166470576863
0.167386163803
0.168361541126
0.169394429315
0.170482360931
0.17162266835
0.172812471727
0.174048667402
0.175327916988
0.176646637443
0.17800099245
0.179386885493
0.18079995506
0.182235572435
0.183688842598
0.185154608763
0.186627461115
0.188101750294
0.189571606166
0.19103096236
0.192473586981
0.193893119793
0.195283116006
0.196637096638
0.197948605165
0.199211269946
0.200418871619
0.201565414375
0.202645199742
0.203652901238
0.204583638047
0.205433045713
0.206197341769
0.206873384236
0.207458721071
0.207951628845
0.208351139275
0.20865705264
0.208869937574
0.208991117232
0.20902264232
0.208967251944
0.208828323656
0.20860981438
0.208316194152
0.20795237471
0.207523635022
0.207035545739
0.206493894422
0.205904613186
0.205273710118
0.204607205582
0.203911074202
0.20319119307
0.202453296447
0.201702937021
0.200945453582
0.200185944833
0.19942924895
0.198679928396
0.197942259477
0.197220226092
0.196517517118
0.195837526899
0.195183358344
0.194557828146
0.19396347371
0.193402561406
0.192877095804
0.192388829613
0.191939274069
0.191529709563
0.191161196347
0.190834585175
0.190550527762
0.190309487005
0.190111746865
0.189957421909
0.18984646646
0.189778683349
0.18975373227
0.18977113775
0.189830296733
0.189930485816
0.190070868151
0.19025050004
0.19046833726
0.190723241139
0.191013984415
0.191339256921
0.191697671101
0.192087767415
0.192508019629
0.19295684004
0.193432584639
0.193933558245
0.194458019613
0.195004186542
0.19557024098
0.196154334143
0.196754591646
0.19736911864
0.197996004962
0.198633330283
0.199279169241
0.199931596555
0.200588692087
0.201248545855
0.20190926295
0.202568968359
0.203225811645
0.203877971479
0.20452365999
0.205161126901
0.205788663439
0.206404605987
0.207007339463
0.207595300394
0.208166979687
0.208720925068
0.20925574319
0.209770101397
0.210262729145
0.210732419083
0.211178027798
0.211598476231
0.21199274979
0.212359898157
0.212699034828
0.2130093364
0.213290041623
0.213540450265
0.213759921796
0.213947873926
0.21410378104
0.214227172538
0.214317631122
0.214374791054
0.21439833641
0.214387999353
0.21434355845
0.214264837049
0.214151701739
0.2140040609
0.213821863362
0.213605097181
0.213353788536
0.213068000752
0.212747833464
0.212393421896
0.212004936279
0.211582581392
0.211126596216
0.210637253704
0.210114860653
0.209559757659
0.208972319166
0.20835295357
0.207702103381
0.20702024543
0.206307891093
0.205565586534
0.204793912938
0.203993486726
0.20316495974
0.202309019373
0.201426388639
0.20051782617
0.19958412612
0.198626117964
0.197644666201
0.196640669917
0.195615062235
0.194568809617
0.193502911041
0.192418397016
0.19131632847
0.190197795477
0.189063915852
0.187915833603
0.186754717245
0.185581757991
0.184398167818
0.183205177429
0.18200403411
0.180795999502
0.179582347297
0.178364360875
0.177143330886
0.175920552806
0.174697324472
0.173474943605
0.172254705349
0.171037899833
0.169825809761
0.168619708058
0.16742085557
0.166230498842
0.165049867962
0.163880174513
0.162722609612
0.161578342048
0.160448516544
0.159334252126
0.158236640605
0.157156745194
0.15609559924
0.155054205076
0.154033533012
0.153034520433
0.152058071035
0.151105054171
0.15017630432
0.149272620673
0.148394766832
0.147543470612
0.146719423953
0.145923282937
0.14515566789
0.144417163592
0.14370831956
0.143029650422
0.142381636377
0.141764723711
0.141179325403
0.140625821783
0.14010456126
0.1396158611
0.139160008261
0.138737260279
0.13834784619
0.137991967501
0.137669799195
0.137381490765
0.13712716728
0.136906930472
0.136720859851
0.136569013825
0.13645143084
0.136368130529
0.13631911486
0.136304369288
0.1363238639
0.136377554554
0.136465384005
0.136587283008
0.13674317141
0.136932959203
0.137156547556
0.137413829805
0.137704692407
0.138029015848
0.138386675498
0.138777542415
0.139201484093
0.139658365141
0.140148047897
0.140670392977
0.141225259736
0.141812506663
0.142431991684
0.143083572387
0.143767106153
0.1444824502
0.145229461531
0.146007996791
0.146817912027
0.147659062353
0.148531301515
0.149434481365
0.150368451234
0.15133305722
0.152328141375
0.15335354081
0.154409086709
0.15549460327
0.156609906561
0.157754803304
0.158929089604
0.160132549609
0.161364954122
0.162626059173
0.163915604551
0.165233312318
0.16657888531
0.167952005626
0.169352333137
0.170779504013
0.17223312929
0.173712793481
0.17521805326
0.176748436224
0.178303439759
0.179882530017
0.181485141032
0.183110673987
0.184758496662
0.186427943064
0.18811831328
0.18982887356
0.191558856656
0.193307462433
0.19507385878
0.196857182832
0.198656542518
0.200471018468
0.202299666275
0.204141519139
0.205995590895
0.207860879438
0.209736370548
0.211621042112
0.213513868747
0.215413826812
0.2173198998
0.219231084081
0.221146394999
0.223064873262
0.224985591625
0.226907661804
0.228830241588
0.230752542105
0.232673835184
0.234593460757
0.236510834259
0.238425453943
0.240336908074
0.242244881924
0.24414916453
0.246049655136
0.247946369298
0.249839444577
0.251729145805
0.253615869877
0.255500150054
0.257382659762
0.259264215879
0.261145781517
0.263028468315
0.264913538277
0.266802405172
0.268696635565
0.270597949518
0.272508221029
0.274429478285
0.276363903806
0.278313834563
0.28028176216
0.282270333182
0.284282349809
0.286320770793
0.288388712916
0.290489453034
0.292626430835
0.294803252418
0.29702369484
0.299291711745
0.301611440244
0.303987209183
0.306423548981
0.308925203226
0.311497142237
0.314144578836
0.316872986596
0.319688120891
0.322596043092
0.325603148351
0.328716197463
0.331942353389
0.335289223149
0.338764905896
0.342378048192
0.346137907652
0.35005442644
0.35413831633
0.358401157525
0.362855513835
0.367515067485
0.372394777589
0.377511067355
0.382882046358
0.388527775974
0.39447058826
0.400735471565
0.407350540114
0.414347610221
0.42176291308
0.429637984325
0.43802078468
0.446967126182
0.456542507222
0.466824501356
0.47790590596
0.489898946971
0.502940969583
0.517202240951
0.532896769832
0.550297407432
0.569756814559
0.591735518959
0.616834109718
0.645801050892
0.67935459161
0.716971954845
0.753515984066
0.77203613735
0.756019676867
0.722160123987
0.686067504432
0.652841415054
0.62341176389
0.597513211654
0.574628442246
0.554260283067
0.535991675606
0.519486684249
0.504477407384
0.49074977808
0.478131544224
0.466482849069
0.455689052689
0.445655300642
0.43630240461
0.42756369719
0.419382610376
0.411710794567
0.404506644281
0.397734132374
0.391361880278
0.385362410297
0.379711539548
0.374387884978
0.369372456173
0.364648318076
0.360200309763
0.356014808473
0.352079530406
0.348383361549
0.344916213173
0.3416688977
0.338633021441
0.335800891378
0.333165433664
0.330720121933
0.328458913802
0.326376194264
0.324466724823
0.322725597435
0.321148192419
0.319730139647
0.318467282397
0.317355643303
0.316391391958
0.315570813691
0.314890279166
0.314346214412
0.313935070967
0.313653295837
0.313497300961
0.313463431961
0.313547935914
0.313746927953
0.314056356539
0.314471967253
0.31498926507
0.315603475078
0.316309501752
0.31710188695
0.317974766975
0.318921829152
0.31993626862
0.32101074621
0.322137348575
0.323307552001
0.324512191656
0.325741438368
0.326984785316
0.328231047375
0.329468376016
0.330684292872
0.331865745
0.332999184674
0.334070676054
0.335066030249
0.33597096919
0.336771317233
0.337453217653
0.338003369224
0.338409276035
0.338659501824
0.338743918544
0.338653937932
0.33838271465
0.337925310267
0.337278808997
0.336442378545
0.335417272521
0.334206774328
0.332816085865
0.33125216748
0.329523538126
0.327640046273
0.325612622919
0.323453027854
0.32117359946
0.3187870168
0.316306080929
0.313743520367
0.311111823704
0.308423100594
0.30568897086
0.302920480328
0.300128041146
0.297321393851
0.294509588165
0.291700979477
0.288903238045
0.286123368211
0.28336773516
0.280642097108
0.2779516411
0.275301020924
0.272694395923
0.270135469752
0.267627528351
0.265173476582
0.262775873153
0.260436963567
0.258158710958
0.255942824721
0.253790786952
0.251703876717
0.249683192235
0.247729671069
0.245844108428
0.24402717371
0.242279425407
0.240601324497
0.238993246436
0.237455491889
0.235988296283
0.234591838319
0.23326624751
0.232011610867
0.230827978788
0.229715370258
0.228673777394
0.227703169444
0.226803496247
0.225974691259
0.225216674148
0.224529353024
0.223912626341
0.223366384496
0.222890511155
0.222484884341
0.222149377296
0.221883859145
0.221688195367
0.221562248099
0.221505876276
0.221518935613
0.221601278447
0.22175275342
0.221973205032
0.222262473031
0.222620391666
0.223046788772
0.223541484691
0.224104291011
0.224735009115
0.225433428509
0.226199324925
0.227032458156
0.22793256961
0.228899379546
0.229932583948
0.231031851009
0.232196817173
0.233427082681
0.234722206575
0.236081701091
0.237505025373
0.23899157844
0.240540691331
0.242151618324
0.243823527163
0.24555548818
0.247346462212
0.249195287225
0.251100663523
0.253061137443
0.255075083446
0.2571406845
0.259255910686
0.261418495972
0.263625913126
0.265875346787
0.268163664752
0.270487387632
0.272842657082
0.275225202949
0.27763030979
0.280052783376
0.282486917981
0.284926465453
0.287364607309
0.289793931325
0.292206414373
0.294593413496
0.296945667449
0.299253311124
0.301505905384
0.303692484805
0.305801625696
0.307821536381
0.30974017114
0.311545368381
0.313225012494
0.314767217499
0.316160529071
0.31739413991
0.318458111842
0.319343596654
0.320043046646
0.320550405417
0.320861269549
0.320973012791
0.320884865947
0.320597947916
0.320115245995
0.319441546444
0.31858331904
0.317548561814
0.316346614027
0.314987946581
0.313483939537
0.311846656069
0.310088621364
0.308222613608
0.306261472659
0.304217930316
0.302104464487
0.299933178126
0.297715702588
0.295463124111
0.293185931479
0.2908939825
0.288596486707
0.286302001682
0.284018440488
0.28175308787
0.279512623126
0.277303147826
0.275130216809
0.272998871149
0.270913672053
0.268878734817
0.266897762214
0.264974076805
0.263110651836
0.261310140459
0.259574903139
0.257907033167
0.256308380247
0.254780572169
0.253325034638
0.251943009301
0.250635570074
0.249403637856
0.24824799373
0.24716929074
0.24616806436
0.24524474173
0.244399649759
0.243633022182
0.242945005639
0.242335664863
0.241804987036
0.241352885379
0.240979202031
0.240683710269
0.240466116117
0.240326059392
0.240263114212
0.240276789022
0.240366526157
0.240531700977
0.240771620612
0.241085522334
0.241472571592
0.241931859742
0.242462401495
0.243063132112
0.243732904394
0.244470485484
0.245274553538
0.246143694292
0.247076397589
0.248071053906
0.249125950946
0.250239270367
0.251409084705
0.252633354588
0.253909926314
0.255236529892
0.256610777658
0.258030163546
0.259492063163
0.260993734755
0.262532321198
0.264104853136
0.26570825337
0.26733934263
0.26899484681
0.270671405772
0.272365583773
0.274073881579
0.27579275026
0.277518606669
0.279247850534
0.280976883065
0.282702126934
0.284420047421
0.28612717448
0.287820125424
0.289495627884
0.29115054265
0.292781885965
0.294386850832
0.295962826859
0.297507418182
0.299018459015
0.300494026409
0.301932449834
0.303332317286
0.304692477649
0.306012039175
0.307290363995
0.308527058686
0.309721961014
0.310875123057
0.311986791012
0.31305738204
0.314087458601
0.315077700756
0.316028876948
0.316941813831
0.317817365669
0.318656383866
0.319459687166
0.320228032999
0.320962090479
0.321662415465
0.322329428081
0.322963393063
0.323564403215
0.324132366262
0.324666995304
0.325167803069
0.325634100077
0.326064996839
0.326459410109
0.326816073214
0.327133550383
0.32741025499
0.327644471508
0.327834380954
0.327978089499
0.328073659845
0.328119144908
0.328112623263
0.328052235718
0.327936222355
0.327762959296
0.327530994436
0.327239081367
0.326886210723
0.326471638226
0.325994908765
0.325455875927
0.324854716533
0.324191939827
0.323468391161
0.322685250123
0.321844023243
0.320946531559
0.319994893428
0.318991503123
0.317939005822
0.316840269658
0.315698355548
0.31451648552
0.313298010239
0.312046376403
0.310765094601
0.309457708195
0.308127763659
0.306778782771
0.305414236933
0.304037523838
0.302651946601
0.301260695444
0.2998668319
0.298473275516
0.297082792954
0.295697989358
0.294321301848
0.292954994977
0.29160115797
0.290261703573
0.288938368334
0.287632714149
0.286346130898
0.285079840045
0.283834899026
0.282612206325
0.281412507118
0.280236399367
0.279084340292
0.277956653139
0.276853534164
0.275775059795
0.274721193911
0.273691795194
0.272686624539
0.271705352471
0.270747566569
0.269812778854
0.268900433154
0.268009912408
0.267140545913
0.266291616504
0.265462367646
0.264652010446
0.263859730565
0.263084695023
0.262326058892
0.261582971857
0.260854584643
0.260140055287
0.25943855525
0.258749275342
0.258071431457
0.257404270095
0.256747073652
0.256099165469
0.255459914612
0.254828740383
0.254205116521
0.253588575103
0.252978710119
0.252375180705
0.251777714032
0.251186107838
0.250600232595
0.250020033312
0.249445530969
0.248876823583
0.24831408691
0.247757574796
0.247207619176
0.246664629743
0.246129093294
0.245601572772
0.245082706032
0.244573204332
0.244073850598
0.243585497457
0.243109065091
0.242645538923
0.242195967152
0.241761458195
0.241343178023
0.240942347447
0.240560239367
0.240198176008
0.239857526172
0.239539702523
0.23924615893
0.238978387892
0.238737918052
0.238526311834
0.238345163199
0.238196095556
0.238080759828
0.238000832682
0.237958014953
0.237954030246
0.237990623745
0.238069561234
0.238192628321
0.238361629897
0.238578389817
0.238844750817
0.239162574674
0.239533742607
0.239960155941
0.240443737023
0.24098643041
0.241590204335
0.242257052454
0.242988995894
0.243788085609
0.244656405063
0.245596073242
0.246609248041
0.247698130017
0.248864966552
0.250112056454
0.251441755015
0.252856479575
0.254358715635
0.25595102356
0.257636045927
0.259416515596
0.261295264555
0.263275233641
0.26535948322
0.267551204942
0.269853734693
0.272270566892
0.274805370294
0.277462005501
0.280244544397
0.283157291769
0.286204809418
0.289391943108
0.292723852783
0.296206046512
0.299844418768
0.303645293693
0.307615474185
0.311762297751
0.316093700297
0.320618289248
0.325345427691
0.330285331579
0.335449182541
0.340849259344
0.346499091868
0.35241364232
0.35860951966
0.36510523473
0.371921505638
0.379081625588
0.38661190889
0.394542235594
0.402906721545
0.411744549293
0.421101007049
0.431028799116
0.441589713646
0.452856764462
0.464916966093
0.47787495776
0.491857763042
0.507021046477
0.523557257175
0.541705858107
0.561764837367
0.584098972111
0.609128832095
0.637237976072
0.668249405871
0.700455154079
0.729654571155
0.747722116925
0.744600478305
0.721758787607
0.691181412143
0.660927328661
0.633588164175
0.60939435682
0.588023186035
0.56906244953
0.552136834199
0.536932876061
0.523195435306
0.510717898883
0.499332417372
0.488901718072
0.479312621594
0.470471012225
0.462297957634
0.454726710856
0.447700382412
0.441170120533
0.435093677662
0.429434272095
0.424159676565
0.419241482551
0.414654501662
0.410376274731
0.406386666182
0.402667526352
0.399202408365
0.395976329046
0.392975565626
0.39018748167
0.387600377028
0.38520335758
0.382986221434
0.38093935879
0.379053663288
0.377320452989
0.375731399535
0.374278464283
0.372953840444
0.371749900471
0.370659148084
0.369674174495
0.368787618518
0.367992130369
0.367280339078
0.366644823539
0.366078087312
0.365572537396
0.365120467256
0.364714044471
0.364345303416
0.364006143437
0.363688333009
0.363383520334
0.363083250822
0.362778991823
0.362462164854
0.36212418542
0.361756510335
0.361350692196
0.360898440423
0.360391687932
0.35982266226
0.359183959622
0.358468620117
0.35767020209
0.356782853498
0.355801378067
0.354721294078
0.353538883778
0.352251231665
0.350856250283
0.349352692596
0.347740150511
0.346019039647
0.344190570957
0.342256710273
0.340220127254
0.338084135502
0.335852625837
0.333529994805
0.331121070482
0.328631037549
0.326065363434
0.323429727076
0.320729951618
0.317971942045
0.315161628496
0.312304915713
0.309407638863
0.306475525731
0.303514165121
0.300528981185
0.297525213236
0.294507900618
0.291481872069
0.288451739077
0.285421892678
0.282396503187
0.279379522375
0.276374687643
0.273385527782
0.270415369963
0.267467347623
0.264544408985
0.261649325969
0.258784703291
0.255952987595
0.253156476486
0.250397327342
0.247677565851
0.244999094191
0.242363698812
0.239773057809
0.237228747841
0.234732250621
0.232284958948
0.229888182316
0.227543152089
0.225251026278
0.223012893919
0.22082977909
0.218702644568
0.216632395172
0.214619880787
0.212665899103
0.210771198088
0.208936478214
0.207162394443
0.205449558004
0.203798537966
0.202209862621
0.200684020694
0.199221462386
0.197822600265
0.196487810005
0.195217430987
0.19401176677
0.192871085429
0.19179561977
0.190785567424
0.189841090826
0.188962317068
0.188149337647
0.18740220809
0.186720947467
0.186105537785
0.185555923262
0.185072009493
0.184653662479
0.184300707544
0.184012928124
0.183790064427
0.183631811965
0.183537819953
0.183507689574
0.183540972113
0.183637166955
0.18379571944
0.184016018597
0.184297394739
0.18463911693
0.185040390328
0.185500353425
0.186018075165
0.186592551985
0.187222704769
0.187907375757
0.18864532541
0.189435229278
0.190275674896
0.191165158744
0.192102083328
0.193084754418
0.194111378516
0.195180060609
0.196288802291
0.197435500327
0.198617945755
0.199833823614
0.201080713413
0.202356090435
0.203657328006
0.204981700824
0.20632638948
0.20768848627
0.209065002415
0.210452876767
0.211848986101
0.21325015703
0.214653179603
0.21605482257
0.217451850307
0.218841041317
0.220219208215
0.221583219033
0.222930019655
0.224256657129
0.225560303583
0.226838280387
0.228088082236
0.22930740072
0.230494147015
0.231646473251
0.232762792164
0.233841794647
0.234882464846
0.235884092488
0.236846282196
0.237768959608
0.238652374179
0.239497098633
0.240304025107
0.241074358096
0.241809604389
0.242511560241
0.243182296079
0.243824139086
0.244439654043
0.245031622803
0.245603022805
0.246157005018
0.246696871676
0.247226054175
0.247748091418
0.248266608925
0.248785298912
0.249307901564
0.249838187641
0.25037994254
0.250936951887
0.251512988701
0.252111802136
0.252737107787
0.25339257952
0.254081842759
0.254808469164
0.255575972608
0.256387806359
0.257247361374
0.258157965604
0.2591228842
0.260145320542
0.261228417974
0.262375262173
0.263588884059
0.264872263162
0.266228331384
0.267659977073
0.269170049359
0.270761362676
0.272436701433
0.27419882476
0.276050471297
0.277994363958
0.280033214627
0.282169728727
0.284406609602
0.286746562642
0.289192299076
0.291746539337
0.294412015898
0.297191475427
0.300087680135
0.303103408085
0.306241452254
0.30950461803
0.312895718804
0.316417569202
0.320072975424
0.323864722003
0.327795554189
0.33186815493
0.336085115222
0.340448896325
0.344961781989
0.349625818466
0.354442739575
0.359413873559
0.364540027813
0.369821346835
0.375257137965
0.380845658622
0.386583857989
0.392467065419
0.398488617581
0.404639416678
0.410907413564
0.417277012684
0.423728401448
0.430236815814
0.436771767646
0.443296278754
0.449766191782
0.456129658305
0.462326936512
0.468290658391
0.473946739554
0.479216090734
0.484017234672
0.488269826051
0.491898917463
0.494839632121
0.497041736127
0.498473505055
0.499124301705
0.499005443518
0.498149210693
0.496606157976
0.494441159787
0.491728773862
0.488548524868
0.484980607259
0.481102346637
0.476985600017
0.472695135256
0.468287889525
0.463812857245
0.459311305137
0.454817183486
0.450357757101
0.445954412737
0.441623528474
0.437377313563
0.43322456965
0.429171352953
0.425221534566
0.421377265949
0.417639361001
0.414007607092
0.410481016744
0.407058030309
0.403736678436
0.400514711685
0.397389703382
0.39435913068
0.391420437887
0.388571085383
0.385808586794
0.383130536627
0.380534630146
0.378018676939
0.375580609375
0.373218486939
0.370930497237
0.368714954374
0.36657029523
0.364495074139
0.362487956344
0.360547710562
0.358673200954
0.356863378725
0.355117273562
0.353433985073
0.351812674385
0.350252556005
0.348752890055
0.347312974947
0.345932140593
0.344609742164
0.343345154472
0.342137766981
0.34098697947
0.339892198375
0.33885283378
0.337868297085
0.336937999317
0.336061350076
0.335237757095
0.334466626379
0.3337473629
0.333079371801
0.332462060083
0.33189483871
0.331377125105
0.330908345974
0.330487940397
0.330115363142
0.329790088135
0.329511612012
0.329279457703
0.329093177971
0.328952358835
0.328856622812
0.328805631903
0.328799090254
0.32883674642
0.328918395168
0.32904387874
0.329213087524
0.329425960068
0.329682482368
0.32998268639
0.330326647767
0.330714482616
0.331146343455
0.331622414157
0.33214290392
0.33270804022
0.333318060727
0.333973204145
0.334673699976
0.335419757181
0.336211551723
0.337049212998
0.337932809129
0.338862331138
0.339837675989
0.340858628524
0.341924842304
0.343035819398
0.344190889157
0.345389186054
0.346629626673
0.347910885984
0.349231373057
0.350589206433
0.351982189416
0.353407785619
0.354863095164
0.356344832028
0.357849303113
0.359372389711
0.360909532135
0.36245571837
0.364005477674
0.365552880088
0.367091542813
0.36861464431
0.370114946842
0.371584828135
0.373016323331
0.374401181107
0.375730944584
0.376997075867
0.37819113229
0.379304958237
0.380330842035
0.381261652493
0.382090997412
0.382813389428
0.383424380582
0.383920660635
0.384300128786
0.384561936151
0.384706495424
0.384735463032
0.384651701243
0.384459223323
0.384163121527
0.383769477692
0.383285257861
0.382718194018
0.382076657088
0.381369525576
0.380606053924
0.379795744104
0.378948223441
0.378073131268
0.377180016624
0.376278248589
0.375376940167
0.374484885837
0.37361051227
0.372761841245
0.371946463503
0.371171522202
0.370443704543
0.369769240243
0.369153905555
0.368603031689
0.368121516566
0.367713838968
0.36738407429
0.367135911164
0.366972668372
0.366897311549
0.36691246923
0.367020447917
0.36722324586
0.367522565316
0.36791982308
0.36841615912
0.369012443168
0.369709279124
0.370507007151
0.371405703342
0.37240517683
0.373504964209
0.374704321153
0.376002211072
0.377397290676
0.378887892302
0.380472002854
0.382147239226
0.383910820097
0.385759534006
0.38768970368
0.389697146655
0.391777132313
0.393924335623
0.396132788017
0.398395826059
0.400706038855
0.403055215461
0.405434293951
0.407833314254
0.410241377383
0.412646614205
0.415036167459
0.417396191247
0.419711872651
0.421967480407
0.424146445561
0.426231478758
0.428204727981
0.430047979325
0.431742901453
0.433271331935
0.434615600697
0.435758882487
0.436685566827
0.43738163087
0.437834998069
0.438035864266
0.437976972872
0.437653822524
0.437064793959
0.436211187582
0.435097168904
0.4337296251
0.432117941693
0.430273713201
0.428210405017
0.425942985554
0.423487547679
0.420860936937
0.418080401329
0.415163273888
0.412126695616
0.408987382714
0.40576143908
0.402464212595
0.399110192098
0.395712940828
0.392285061525
0.388838188107
0.385382998854
0.381929246239
0.378485798944
0.37506069211
0.371661182481
0.368293805784
0.364964434285
0.361678333052
0.358440213926
0.355254286542
0.352124306036
0.349053617219
0.346045195188
0.343101682378
0.340225422174
0.337418489242
0.334682716771
0.332019720839
0.329430922147
0.326917565352
0.324480736222
0.322121376848
0.31984029912
0.317638196649
0.315515655332
0.313473162711
0.311511116265
0.309629830786
0.307829544931
0.306110427077
0.304472580544
0.302916048298
0.301440817171
0.300046821691
0.29873394756
0.29750203483
0.296350880825
0.295280242849
0.294289840707
0.293379359067
0.292548449701
0.291796733619
0.291123803122
0.29052922378
0.290012536379
0.289573258816
0.289210887987
0.288924901653
0.288714760316
0.288579909094
0.288519779611
0.288533791903
0.288621356347
0.288781875606
0.289014746591
0.289319362444
0.289695114524
0.290141394397
0.290657595811
0.291243116651
0.291897360846
0.292619740219
0.293409676243
0.294266601687
0.295189962107
0.296179217158
0.297233841672
0.298353326462
0.299537178803
0.300784922514
0.302096097599
0.303470259357
0.304906976883
0.306405830886
0.307966410704
0.309588310438
0.311271124065
0.313014439415
0.314817830881
0.316680850697
0.318603018635
0.320583809939
0.32262264131
0.324718854738
0.326871698967
0.329080308368
0.331343678974
0.333660641446
0.336029830709
0.338449652035
0.340918243331
0.343433433441
0.345992696316
0.348593100954
0.351231257144
0.353903257141
0.356604613611
0.359330194405
0.362074155009
0.364829869898
0.367589864459
0.37034574968
0.373088162426
0.375806714776
0.378489956673
0.381125356832
0.383699307581
0.386197159845
0.388603294816
0.390901238758
0.39307382683
0.395103420523
0.396972181174
0.398662399049
0.400156873546
0.401439335367
0.402494896398
0.403310507885
0.403875403132
0.40418149816
0.404223723244
0.404000260522
0.4035126676
0.402765873804
0.401768046623
0.400530346311
0.399066606168
0.397392917563
0.395526828879
0.39348536722
0.391287090471
0.388955122213
0.386510591056
0.383973135168
0.381361393964
0.378692931728
0.375984123637
0.373250086288
0.370504656944
0.367760409965
0.365028698293
0.362319710941
0.359642540302
0.35700525492
0.354414974554
0.351877945144
0.349399611918
0.346984689332
0.344637226924
0.342360670463
0.340157917955
0.338031370273
0.335982976347
0.334014273323
0.332126423139
0.330320249027
0.328596277407
0.326954787491
0.325395858584
0.323919396277
0.322525133238
0.32121262145
0.319981231491
0.318830160719
0.317758445668
0.31676497468
0.315848499103
0.315007642632
0.314240908956
0.31354668799
0.312923260989
0.312368804833
0.311881395764
0.311459012778
0.311099540928
0.310800774676
0.310560421477
0.310376105716
0.310245373113
0.310165695695
0.31013447742
0.310149060545
0.310206732793
0.310304735377
0.310440271939
0.310610518424
0.310812633909
0.311043772387
0.311301095481
0.311581786039
0.311883062556
0.312202194313
0.312536517132
0.312883449598
0.313240509582
0.313605330884
0.313975679784
0.314349471283
0.314724784803
0.315099879099
0.315473206157
0.315843423833
0.316209407016
0.316570257123
0.316925309736
0.317274140245
0.31761656739
0.31795265462
0.318282709263
0.318607279502
0.318927149223
0.319243330846
0.319557056246
0.319869765971
0.320183096917
0.320498868709
0.320819068997
0.321145837927
0.321481452019
0.321828307687
0.322188904647
0.3225658294
0.322961739005
0.323379345301
0.323821399732
0.324290678888
0.324789970867
0.325322062514
0.325889727597
0.326495715927
0.327142743422
0.327833483101
0.328570556964
0.329356528689
0.330193897101
0.33108509031
0.332032460421
0.333038278733
0.334104731293
0.335233914686
0.336427831942
0.33768838841
0.339017387446
0.340416525771
0.341887388314
0.343431442358
0.345050030793
0.346744364254
0.3485155119
0.350364390581
0.352291752084
0.354298168161
0.356384012959
0.358549442477
0.360794370622
0.363118441384
0.365520996642
0.368001039063
0.370557189532
0.373187638554
0.375890091084
0.378661704288
0.381499017837
0.384397876516
0.387353345159
0.39035961633
0.393409911641
0.396496378304
0.399609983395
0.402740409403
0.405875955927
0.409003453891
0.412108200218
0.415173922413
0.41818278383
0.421115441047
0.423951164666
0.426668033397
0.429243208389
0.431653290142
0.433874754279
0.435884455237
0.437660179458
0.43918122282
0.440428961869
0.441387385922
0.442043557706
0.442387974149
0.442414805781
0.442122002245
0.441511261434
0.440587869723
0.439360429391
0.437840495768
0.436042150423
0.433981537639
0.431676389861
0.429145564359
0.426408608691
0.423485367515
0.420395638449
0.417158880511
0.413793975416
0.410319039686
0.406751284019
0.403106915462
0.399401077381
0.395647821893
0.391860109276
0.388049828911
0.38422783653
0.380404003033
0.376587270764
0.372785713907
0.369006600456
0.365256453952
0.361541113803
0.357865793476
0.354235136128
0.350653267461
0.347123845597
0.343650107869
0.34023491437
0.336880788209
0.333589952428
0.330364363626
0.327205742422
0.324115600908
0.321095267308
0.318145908064
0.315268547557
0.312464085696
0.309733313583
0.307076927474
0.304495541245
0.30198969757
0.299559877964
0.297206511857
0.2949299848
0.292730645893
0.290608814503
0.288564786324
0.286598838824
0.284711236127
0.282902233394
0.281172080726
0.279521026684
0.277949321445
0.276457219667
0.275044983095
0.273712882961
0.272461202199
0.271290237507
0.27020030129
0.26919172349
0.268264853329
0.267420060986
0.266657739215
0.265978304922
0.265382200722
0.264869896483
0.264441890862
0.26409871287
0.263840923451
0.263669117109
0.263583923579
0.263586009563
0.263676080538
0.263854882653
0.264123204718
0.264481880297
0.264931789929
0.265473863468
0.266109082572
0.266838483335
0.267663159088
0.268584263369
0.269603013079
0.270720691829
0.271938653487
0.273258325933
0.274681215033
0.276208908819
0.277843081893
0.27958550003
0.281438024985
0.283402619464
0.285481352246
0.287676403386
0.289990069461
0.292424768731
0.294983046135
0.297667577914
0.300481175679
0.303426789612
0.306507510441
0.309726569684
0.313087337533
0.316593317525
0.320248136932
0.32405553144
0.328019322272
0.332143383361
0.336431595435
0.340887782933
0.345515628435
0.350318557654
0.355299585972
0.360461114731
0.365804662091
0.371330508811
0.377037233961
0.382921109146
0.388975312717
0.395188918643
0.401545610181
0.408022070649
0.414586019878
0.421193907774
0.427788363054
0.434295645234
0.440623572189
0.446660673533
0.452277563412
0.457331553997
0.461675116518
0.465167830746
0.467690161252
0.469156337161
0.469523433658
0.468794679699
0.467016635316
0.464271444097
0.460666282667
0.456322238646
0.451364356902
0.4459138493
0.440082763737
0.433970915137
0.427664625273
0.421236751516
0.41474753316
0.40824588297
0.401770858401
0.395353139681
0.389016413223
0.382778609051
0.376652973767
0.370648980437
0.364773087666
0.359029365178
0.353420004591
0.347945733526
0.342606149454
0.337399987619
0.332325335234
0.327379802088
0.322560655962
0.317864929675
0.313289505337
0.308831180267
0.304486718209
0.300252888753
0.296126497272
0.292104407268
0.288183556621
0.284360968977
0.280633761266
0.276999148171
0.273454444235
0.269997064147
0.266624521686
0.263334427656
0.260124487126
0.256992496175
0.253936338313
0.250953980699
0.248043470244
0.245202929652
0.242430553461
0.239724604109
0.237083408051
0.234505351953
0.231988878973
0.229532485147
0.227134715892
0.224794162628
0.222509459532
0.220279280431
0.218102335824
0.215977370056
0.213903158631
0.211878505661
0.209902241472
0.207973220339
0.206090318366
0.204252431506
0.202458473714
0.200707375238
0.198998081039
0.197329549339
0.195700750303
0.194110664841
0.192558283532
0.191042605677
0.189562638466
0.18811739627
0.186705900043
0.185327176853
0.183980259521
0.18266418638
0.181378001155
0.180120752952
0.178891496372
0.177689291735
0.176513205431
0.175362310373
0.174235686587
0.173132421898
0.172051612752
0.170992365135
0.16995379562
0.168935032517
0.16793521713
0.166953505129
0.16598906801
0.165041094661
0.16410879301
0.163191391757
0.162288142185
0.161398320028
0.160521227399
0.159656194764
0.158802582939
0.157959785116
0.157127228887
0.156304378261
0.155490735656
0.154685843852
0.153889287884
0.153100696868
0.152319745735
0.151546156859
0.150779701572
0.150020201541
0.149267529995
0.148521612794
0.147782429327
0.147050013223
0.146324452877
0.145605891773
0.144894528605
0.144190617195
0.143494466205
0.142806438633
0.14212695112
0.141456473048
0.140795525448
0.140144679733
0.139504556242
0.138875822639
0.138259192151
0.137655421682
0.137065309795
0.136489694604
0.135929451569
0.135385491226
0.134858756859
0.134350222142
0.133860888754
0.133391783993
0.132943958404
0.132518483425
0.132116449086
0.13173896175
0.131387141924
0.131062122149
0.130765044967
0.130497060996
0.130259327093
0.130053004635
0.12987925791
0.129739252622
0.129634154526
0.129565128172
0.129533335784
0.129539936253
0.12958608426
0.129672929513
0.129801616107
0.129973281997
0.130189058586
0.130450070416
0.130757434968
0.131112262555
0.131515656314
0.131968712279
0.13247251954
0.133028160474
0.133636711046
0.134299241169
0.13501681512
0.135790491993
0.136621326205
0.13751036801
0.138458664049
0.139467257895
0.140537190601
0.141669501233
0.142865227371
0.144125405568
0.145451071746
0.146843261522
0.148303010426
0.149831353999
0.151429327748
0.153097966921
0.154838306066
0.156651378348
0.158538214569
0.160499841843
0.162537281874
0.164651548761
0.16684364627
0.169114564464
0.171465275611
0.173896729245
0.176409846249
0.179005511807
0.181684567058
0.184447799236
0.187295930088
0.190229602288
0.193249363557
0.196355648152
0.199548755326
0.202828824335
0.206195805484
0.209649426685
0.213189154889
0.216814151752
0.220523222784
0.224314759215
0.228186671763
0.232136315486
0.236160404896
0.240254918629
0.244414993071
0.2486348046
0.25290744048
0.257224758964
0.261577239915
0.265953828197
0.270341773263
0.274726469526
0.279091302749
0.283417506105
0.287684022431
0.291867359334
0.295941499712
0.299878329682
0.303648748807
0.307223202014
0.310572030798
0.313666075123
0.316477128964
