1.0
0.999837511276
0.99935018039
0.998538413044
0.997402884876
0.995944540665
0.994164593216
0.992064521937
0.98964607109
0.986911247746
0.98386231942
0.980501811408
0.976832503821
0.972857428322
0.968579864572
0.964003336385
0.959131607608
0.953968677718
0.948518777152
0.942786362373
0.93677611068
0.930492914767
0.923941877044
0.917128303717
0.910057698648
0.902735756998
0.895168358654
0.887361561469
0.879321594299
0.871054849869
0.862567877461
0.853867375451
0.844960183683
0.835853275712
0.826553750919
0.817068826497
0.807405829342
0.797572187836
0.787575423555
0.777423142895
0.767123028635
0.756682831455
0.746110361409
0.735413479369
0.72460008845
0.713678125437
0.702655552209
0.691540347181
0.680340496781
0.669063986955
0.657718794735
0.646312879857
0.634854176459
0.623350584859
0.611809963426
0.600240120557
0.588648806765
0.577043706897
0.565432432477
0.553822514205
0.542221394593
0.530636420777
0.519074837494
0.507543780236
0.496050268594
0.484601199797
0.473203342455
0.461863330506
0.450587657391
0.439382670439
0.428254565493
0.417209381766
0.406252996936
0.395391122494
0.384629299337
0.373972893616
0.363427092845
0.352996902274
0.342687141524
0.33250244149
0.322447241518
0.312525786852
0.302742126357
0.293100110513
0.283603389685
0.274255412678
0.265059425551
0.256018470722
0.247135386339
0.238412805922
0.229853158283
0.221458667706
0.213231354403
0.205173035225
0.197285324633
0.189569635934
0.18202718276
0.174658980796
0.167465849758
0.160448415596
0.153607112948
0.146942187798
0.140453700379
0.134141528269
0.128005369709
0.122044747118
0.116259010799
0.110647342835
0.105208761166
0.0999421238281
0.0948461333684
0.0899193414046
0.0851601533368
0.0805668331953
0.0761375086185
0.0718701759511
0.0677627054543
0.0638128466183
0.0600182335688
0.056376390557
0.0528847375258
0.0495405957409
0.0463411934788
0.0432836717618
0.0403650901312
0.0375824324482
0.0349326127147
0.0324124809044
0.0300188287937
0.0277483957854
0.0255978747145
0.0235639176287
0.021643141533
0.0198321340914
0.0181274592771
0.0165256629613
0.0150232784343
0.0136168318507
0.0123028475889
0.0110778535209
0.00993838618163
0.00888099583318
0.00790225141594
0.00699874538071
0.00616709839549
0.00540396392131
0.00470603265182
0.00407003681229
0.00349275431421
0.00297101276337
0.00250169332186
0.00208173442829
0.00170813538992
0.00137795987842
0.00108833940465
0.000836476960526
0.000619651346485
0.00043522385327
0.000280654035463
0.000153563985781
5.23530887017e-05
3.28060289532e-05
9.03970194715e-05
0.000131484175606
0.000156705800803
0.000167883429336
0.000166863208446
0.000155427223698
0.000135277486954
0.000108036166005
7.52660225275e-05
3.86237026895e-05
7.5091671951e-06
4.46649437335e-05
8.62954108014e-05
0.000127582554144
0.000167370529258
0.000204737879678
0.000238877495313
0.000269076449521
0.000294709634977
0.000315236491401
0.00033019859463
0.000339217493015
0.000341992596083
0.000338299059639
0.000327985678754
0.000310972864712
0.000287250902297
0.00025687899268
0.000219986543346
0.000176781774463
0.000127590712416
7.30934113562e-05
1.85008455575e-05
5.85894539792e-05
0.000127971478557
0.000202539902984
0.000281061368324
0.000362848558598
0.000447276014542
0.000533715303026
0.000621521694002
0.000710032009189
0.000798565753993
0.000886427417146
0.000972909239236
0.00105729418072
0.00113885897158
0.00121687718478
0.00129062230206
0.00135937075261
0.00142240491187
0.00147901605067
0.0015285072275
0.00157019611782
0.00160341777559
0.00162752732354
0.00164190257007
0.00164594655253
0.0016390900097
0.00162079379086
0.0015905512163
0.00154789041736
0.00149237670817
0.0014236150865
0.00134125305297
0.00124498413457
0.00113455295255
0.0010097638257
0.000870498171749
0.00071675678321
0.000548787059363
0.00036759974759
0.000178520502764
9.43996454174e-05
0.00029774219676
0.000536135826193
0.000792117743978
0.00106329963472
0.00134880739293
0.00164807224538
0.00196059125416
0.00228585862367
0.00262334127675
0.00297246901216
0.00333263035395
0.00370317093875
0.00408339317155
0.00447255658564
0.00486987863498
0.00527453577825
0.00568566477743
0.00610236416533
0.00652369585403
0.00694868686535
0.00737633116983
0.00780559162409
0.00823540199813
0.00866466908526
0.00909227488817
0.00951707887512
0.00993792030009
0.0103536205814
0.0107629857333
0.0111648088443
0.0115578725971
0.0119409518253
0.0123128160993
0.0126722323376
0.0130179674377
0.0133487909199
0.0136634775798
0.0139608101427
0.0142395819162
0.014498599433
0.0147366850814
0.0149526797155
0.0151454452426
0.0153138671797
0.0154568571773
0.0155733555035
0.0156623334846
0.0157227958985
0.0157537833153
0.0157543743836
0.0157236880575
0.0156608857622
0.0155651734968
0.0154358038727
0.0152720780878
0.0150733478382
0.0148390171722
0.014568544292
0.0142614433161
0.013917286019
0.0135357035753
0.0131163883491
0.0126590957907
0.0121636465371
0.0116299288686
0.0110579017639
0.010447598959
0.00979913469667
0.00911271238853
0.00838863844839
0.00762734570452
0.00682943553059
0.00599575911751
0.00512758790973
0.00422701087051
0.00329799998436
0.00234989226546
0.00141281373656
0.000659773592439
0.00117555739689
0.00218224709466
0.00328640944413
0.004441626163
0.00563492707396
0.00686085260282
0.00811630700476
0.00939909811917
0.0107074205609
0.0120396429324
0.0133942102064
0.0147695953403
0.0161642740178
0.0175767111109
0.0190053534716
0.0204486263279
0.021904931834
0.0233726489594
0.0248501342447
0.0263357231364
0.0278277317204
0.0293244587382
0.0308241878089
0.0323251898017
0.0338257253224
0.0353240472852
0.0368184035488
0.0383070396004
0.0397882012732
0.0412601374875
0.0427211030051
0.0441693611876
0.0456031867526
0.0470208685193
0.0484207121381
0.0498010427964
0.0511602078967
0.0524965797003
0.0538085579307
0.0550945723327
0.0563530851821
0.0575825937395
0.0587816326462
0.0599487762553
0.061082640895
0.0621818870602
0.0632452215266
0.0642713993856
0.0652592259955
0.0662075588443
0.0671153093234
0.0679814444066
0.0688049882323
0.0695850235871
0.070320693287
0.0710112014534
0.0716558146845
0.0722538631161
0.0728047413736
0.0733079094119
0.0737628932416
0.074169285542
0.0745267461578
0.0748350024811
0.0750938497164
0.0753031510289
0.0754628375771
0.0755729084282
0.0756334303575
0.0756445375329
0.0756064310843
0.0755193785599
0.0753837132696
0.0751998335179
0.0749682017278
0.0746893434567
0.0743638463075
0.0739923587362
0.073575588759
0.0731143025613
0.0726093230114
0.0720615280817
0.0714718491809
0.0708412693996
0.0701708216742
0.0694615868713
0.0687146917964
0.0679313071322
0.0671126453084
0.0662599583086
0.0653745354177
0.0644577009149
0.0635108117151
0.0625352549654
0.0615324455988
0.0605038238522
0.059450852751
0.0583750155668
0.0572778132517
0.0561607618551
0.0550253899269
0.0538732359121
0.0527058455421
0.051524769227
0.050331559454
0.049127768196
0.0479149443368
0.0466946311154
0.0454683635954
0.0442376661643
0.0430040500665
0.0417690109743
0.0405340266023
0.0393005543683
0.038070029106
0.0368438608324
0.0356234325748
0.0344100982605
0.0332051806739
0.0320099694833
0.0308257193417
0.0296536480644
0.0284949348872
0.0273507188073
0.02622209701
0.0251101233844
0.0240158071293
0.0229401114532
0.0218839523686
0.0208481975846
0.0198336654975
0.018841124282
0.0178712910845
0.016924831319
0.0160023580667
0.0151044315804
0.0142315588932
0.0133841935336
0.0125627353452
0.0117675304121
0.0109988710895
0.0102569961385
0.00954209096525
0.00885428796324
0.00819366695715
0.00756025574789
0.00695403075704
0.00637491776903
0.00582279276967
0.00529748287905
0.0047987673771
0.0043263788199
0.00388000424531
0.00345928646633
0.00306382545188
0.00269317979585
0.00234686827791
0.00202437152543
0.00172513379667
0.00144856492995
0.00119404256071
0.000960914854043
0.000748504423184
0.000556115532354
0.000383052733015
0.000228695489141
9.31102266659e-05
3.61851308342e-05
0.000135526112652
0.000223713868194
0.000297948109685
0.000358789241133
0.000407032527186
0.000443526745137
0.000469139850254
0.000484747921839
0.000491229887733
0.000489464124014
0.000480325802064
0.000464684603205
0.000443402668764
0.000417332755014
0.000387316620691
0.000354183729305
0.000318750425678
0.000281819881518
0.00024418336754
0.000206623956858
0.000169924987903
0.000134888592352
0.000102377679782
7.34203436314e-05
4.95168832142e-05
3.39470743457e-05
3.52776002914e-05
4.29521957954e-05
4.88427668277e-05
5.0595172971e-05
4.70672064691e-05
3.75841292716e-05
2.18259052084e-05
6.40628371549e-06
3.26963563873e-05
7.00228915929e-05
0.000115142813837
0.000168040215822
0.000228763131126
0.000297332984953
0.000373731721272
0.000457898966605
0.000549731421781
0.000649082924953
0.000755764781234
0.000869546236808
0.000990155057695
0.00111727819992
0.00125056256677
0.00138961585175
0.00153400746669
0.00168326955435
0.00183689808453
0.00199435403266
0.00215506463907
0.00231842474713
0.00248379821814
0.0026505194204
0.00281789478992
0.00298520445986
0.00315170395567
0.00331662595263
0.00347918209263
0.00363856485639
0.00379394948773
0.00394449596601
0.00408935102285
0.0042276501993
0.0043585199393
0.00448107971531
0.00459444418206
0.00469772535402
0.00479003480252
0.0048704858681
0.00493819588393
0.00499228840603
0.00503189544615
0.00505615970328
0.00506423678985
0.00505529744911
0.00502852976041
0.00498314132964
0.00491836146325
0.0048334433252
0.0047276660785
0.0046003370165
0.00445079369423
0.00427840608011
0.00408257876491
0.00386275329641
0.00361841076902
0.00334907492264
0.00305431627943
0.00273375849891
0.00238708984124
0.00201408771851
0.00161468226167
0.00118916544983
0.000739185535119
0.000277946404345
0.00029763265255
0.000814790912295
0.00137455633579
0.00196434822348
0.00258226946877
0.00322762510571
0.00389997059535
0.00459891017947
0.00532403603614
0.00607490555826
0.00685103159629
0.00765187788542
0.00847685682806
0.00932532847122
0.0101966001557
0.0110899265828
0.0120045101677
0.0129395016052
0.0138940006094
0.0148670567999
0.0158576707189
0.0168647949697
0.0178873354678
0.0189241527988
0.0199740636791
0.0210358425153
0.0221082230571
0.0231899001421
0.0242795315284
0.0253757398105
0.0264771144168
0.027582213684
0.0286895670044
0.0297976770442
0.0309050220267
0.0320100580779
0.0331112216303
0.0342069318802
0.0352955932944
0.0363755981629
0.0374453291912
0.0385031621299
0.0395474684355
0.040576617958
0.0415889816512
0.0425829343003
0.0435568572619
0.0445091412124
0.0454381888986
0.046342417887
0.0472202633057
0.0480701805744
0.0488906481185
0.0496801700602
0.0504372788845
0.0511605380727
0.0518485447006
0.0524999319949
0.0531133718455
0.0536875772655
0.0542213047986
0.0547133568656
0.0551625840488
0.0555678873069
0.0559282201196
0.0562425905553
0.0565100632588
0.0567297613554
0.0569008682682
0.0570226294438
0.0570943539842
0.0571154161812
0.0570852569505
0.0570033851625
0.0568693788673
0.0566828864109
0.0564436274417
0.0561513938026
0.0558060503099
0.0554075354153
0.0549558617492
0.0544511165462
0.053893461949
0.0532831351922
0.0526204486637
0.0519057898442
0.0511396211243
0.0503224795001
0.0494549761456
0.0485377958655
0.0475716964263
0.0465575077694
0.045496131106
0.0443885378968
0.0432357687177
0.042038932016
0.0407992027587
0.0395178209778
0.0381960902179
0.036835375892
0.0354371035526
0.0340027570898
0.0325338768674
0.0310320578174
0.0294989475151
0.0279362442731
0.0263456953043
0.0247290950357
0.0230882836986
0.0214251464008
0.0197416130304
0.0180396596065
0.0163213122201
0.0145886558019
0.0128438523902
0.0110891794661
0.0093271147089
0.00756054176746
0.00579332747949
0.00403234599045
0.0022978192611
0.000742432118499
0.00151840137115
0.0032045873407
0.00493749839454
0.00667377667712
0.00840302393
0.0101204644787
0.0118229162858
0.0135077988845
0.0151728102312
0.0168158012235
0.0184347210332
0.0200275915367
0.0215924949969
0.0231275682755
0.0246310004682
0.0261010324198
0.027535957306
0.0289341218324
0.0302939277885
0.0316138338008
0.0328923571848
0.0341280758345
0.0353196301046
0.0364657246578
0.0375651302549
0.0386166854733
0.0396192983428
0.0405719478878
0.0414736855712
0.0423236366332
0.0431210013194
0.0438650559969
0.0445551541523
0.0451907272703
0.0457712855916
0.0462964187453
0.046765796258
0.0471791679344
0.0475363641125
0.0478372957892
0.0480819546181
0.048270412779
0.0484028227183
0.0484794167617
0.0485005065997
0.0484664826456
0.048377813269
0.0482350439041
0.0480387960358
0.047789766064
0.0474887240501
0.0471365123446
0.0467340441022
0.0462823016827
0.0457823349439
0.0452352594278
0.0446422544427
0.0440045610465
0.0433234799317
0.0426003692191
0.0418366421612
0.0410337647604
0.0401932533064
0.0393166718359
0.0384056295206
0.0374617779861
0.0364868085675
0.0354824495067
0.0344504630943
0.0333926427642
0.0323108101422
0.0312068120573
0.0300825175181
0.0289398146615
0.0277806076781
0.0266068137204
0.0254203597993
0.0242231796753
0.0230172107498
0.0218043909643
0.0205866557138
0.0193659347835
0.0181441493178
0.0169232088347
0.0157050083004
0.0144914252883
0.0132843172566
0.012085519
0.0108968403749
0.0097200644765
0.00855694662585
0.00740921492836
0.00627857418309
0.00516671778427
0.00407536161604
0.00300635164119
0.00196210571603
0.000948730547141
0.000170218427825
0.00105098498575
0.00198383308265
0.00289163187305
0.00376966803885
0.00461606029108
0.00542949896788
0.00620888936582
0.00695325986994
0.00766173139672
0.0083335055908
0.00896785987154
0.00956414529436
0.0101217856565
0.0106402771674
0.0111191883643
0.0115581601123
0.0119569056029
0.0123152103038
0.0126329318321
0.0129099997354
0.0131464151697
0.0133422504691
0.0134976486046
0.0136128225291
0.0136880544081
0.0137236947379
0.0137201613502
0.0136779383057
0.013597574678
0.0134796832305
0.0133249389873
0.0131340777026
0.0129078942306
0.0126472407991
0.0123530251912
0.0120262088383
0.0116678048299
0.0112788758438
0.0108605320041
0.0104139286733
0.00994026418669
0.0094407775414
0.00891674605463
0.00836948301455
0.00780033535882
0.00721068143921
0.00660192897533
0.00597551339024
0.00533289691614
0.00467556931414
0.00400505222466
0.00332291256606
0.00263080198708
0.00193058891819
0.001224952305
0.000522534167333
0.000260753515258
0.000951751255964
0.00166943946771
0.00238985304763
0.00310938593362
0.00382602226892
0.00453810135401
0.00524409033019
0.00594252205743
0.00663197453624
0.0073110637254
0.00797844144862
0.00863279546586
0.0092728505364
0.00989736995352
0.0105051572999
0.0110950582941
0.0116659626567
0.0122168059548
0.012746571398
0.0132542915708
0.0137390500885
0.014199983169
0.0146362811144
0.0150471896963
0.0154320114433
0.0157901068242
0.0161208953269
0.0164238564295
0.0166985304613
0.016944519353
0.0171614872737
0.0173491611547
0.0175073310977
0.0176358506687
0.0177346370755
0.0178036712293
0.0178429976907
0.0178527244995
0.0178330228901
0.0177841268921
0.0177063328166
0.0175999986311
0.0174655432224
0.0173034455502
0.0171142436927
0.0168985337861
0.0166569688602
0.0163902575724
0.0160991628425
0.0157845003922
0.0154471371899
0.0150879898062
0.0147080226833
0.0143082463201
0.0138897153795
0.013453526721
0.0130008173629
0.0125327623802
0.0120505727443
0.0115554931095
0.0110487995563
0.010531797299
0.0100058183701
0.00947221929601
0.0089323787835
0.00838769544355
0.00783958559138
0.00728948117947
0.00673882795136
0.0061890839573
0.00564171866603
0.00509821308049
0.00456006159937
0.0040287770468
0.0035059017683
0.00299303113769
0.00249186464283
0.0020043250456
0.00153287045701
0.00108146812275
0.000659593688693
0.000309494116305
0.000363805100405
0.000695040095732
0.00104213988927
0.00137684747536
0.00169176291875
0.00198362466923
0.00225042700993
0.00249066395785
0.00270307565822
0.0028865482886
0.00304006987129
0.00316270924177
0.00325360559476
0.00331196324813
0.00333704914649
0.00332819188721
0.00328478165044
0.00320627073073
0.00309217456688
0.00294207334441
0.00275561449469
0.00253251690954
0.00227257888763
0.001975695193
0.00164189970309
0.00127149548678
0.000865590667351
0.000429981730001
0.000147730713352
0.000610664730327
0.00116073418724
0.00175140453633
0.002379191071
0.00304290235644
0.0037417540069
0.00447504464523
0.00524206881678
0.0060420872605
0.00687431531821
0.00773791821834
0.00863200934638
0.00955564996768
0.0105078497311
0.0114875676339
0.0124937132851
0.0135251483779
0.0145806883216
0.0156591040005
0.01675912364
0.0178794347664
0.0190186862504
0.0201754904242
0.021348425269
0.0225360366642
0.0237368406933
0.0249493260039
0.0261719562132
0.027403172358
0.0286413953822
0.0298850286578
0.0311324605357
0.0323820669204
0.0336322138654
0.0348812601836
0.0361275600692
0.0373694657255
0.0386053299951
0.0398335089875
0.0410523646997
0.0422602676247
0.0434555993451
0.0446367551057
0.0458021463615
0.0469502032974
0.0480793773135
0.0491881434744
0.0502750029165
0.0513384852098
0.0523771506703
0.0533895926197
0.0543744395879
0.0553303574551
0.0562560515293
0.0571502685574
0.0580117986648
0.0588394772218
0.0596321866321
0.0603888580429
0.0611084729718
0.0617900648484
0.0624327204694
0.0630355813631
0.0635978450624
0.064118766284
0.064597658012
0.065033892484
0.0654269020792
0.0657761801059
0.066081281488
0.0663418233501
0.0665574854994
0.0667280108042
0.0668532054688
0.0669329392048
0.0669671452981
0.0669558205721
0.0668990252473
0.0667968826982
0.0666495791073
0.0664573630185
0.0662205447888
0.0659394959413
0.0656146484205
0.0652464937505
0.0648355820986
0.064382521246
0.0638879754675
0.0633526643221
0.0627773613572
0.0621628927285
0.0615101357383
0.060820017295
0.0600935122959
0.0593316419378
0.0585354719563
0.057706110799
0.0568447077344
0.055952450901
0.0550305652989
0.0540803107284
0.0531029796792
0.0520998951725
0.0510724085622
0.0500218972969
0.0489497626471
0.0478574274029
0.0467463335435
0.0456179398858
0.0444737197129
0.0433151583888
0.0421437509626
0.0409609997661
0.0397684120089
0.0385674973757
0.0373597656286
0.0361467242198
0.0349298759179
0.0337107164514
0.0324907321747
0.0312713977588
0.0300541739118
0.0288405051321
0.0276318174988
0.0264295165023
0.0252349849186
0.0240495807317
0.0228746351063
0.0217114504155
0.0205612983256
0.019425417942
0.0183050140194
0.0172012552399
0.0161152725616
0.0150481576424
0.0140009613422
0.0129746923091
0.0119703156551
0.0109887517289
0.0100308749986
0.00909751306079
0.00818944580641
0.0073074047937
0.00645207292407
0.0056240846077
0.00482402681652
0.0040524419426
0.0033098348191
0.00259669085867
0.0019135301772
0.00126111666467
0.000641782981194
0.00010383087815
0.00053427791284
0.0010609169693
0.00156049324408
0.00203026320526
0.00246974827994
0.0028788868673
0.00325777207683
0.00360658638991
0.00392557954963
0.00421505925007
0.00447538639774
0.00470697222309
0.00491027620199
0.00508580434495
0.00523410764979
0.00535578061707
0.00545145977657
0.00552182219718
0.00556758396574
0.00558949862707
0.00558835558177
0.00556497844084
0.00552022333748
0.00545497719767
0.0053701559717
0.00526670282941
0.00514558632217
0.00500779851513
0.00485435309367
0.00468628344827
0.00450464074274
0.00431049197145
0.00410491801233
0.00388901168441
0.00366387582108
0.00343062137532
0.0031903655809
0.00294423020735
0.00269333997264
0.00243882122607
0.0021818011145
0.00192340765955
0.00166477167429
0.00140703272331
0.00115135498768
0.000898971122325
0.00065132278698
0.000410655769291
0.000184455136611
0.000107490419255
0.000305288476504
0.000513978247391
0.000715815754872
0.000907785008702
0.00108842909842
0.00125667302477
0.00141158815526
0.00155232458508
0.00167808729684
0.00178812672466
0.00188173485838
0.00195824372687
0.00201702498404
0.00205749003075
0.00207909040173
0.00208131828164
0.00206370708198
0.00202583204874
0.00196731089846
0.00188780450967
0.00178701774196
0.00166470054407
0.0015206497163
0.00135471221493
0.00116679241225
0.00095687097929
0.000725065903549
0.000471909879799
0.000200927855564
0.000124979302567
0.000433365026978
0.000773772270963
0.00113689612084
0.00152165144893
0.00192752484003
0.00235409684736
0.00280095213254
0.00326765445634
0.00375373823804
0.00425870555684
0.00478202528326
0.00532313316695
0.00588143240737
0.00645629449634
0.00704706022974
0.00765304083484
0.00827351918316
0.00890775107076
0.00955496655416
0.0102143713339
0.0108851481794
0.0115664583903
0.0122574432906
0.01295722575
0.0136649117321
0.0143795918626
0.0151003430174
0.0158262299258
0.0165563067857
0.0172896188888
0.0180252042523
0.018762095254
0.0194993202683
0.0202359052996
0.0209708756113
0.0217032573468
0.0224320791394
0.0231563737099
0.0238751794473
0.0245875419715
0.0252925156742
0.0259891652372
0.0266765671231
0.0273538110387
0.0280200013664
0.0286742585633
0.0293157205247
0.0299435439095
0.0305569054269
0.0311550030815
0.0317370573744
0.0323023124601
0.0328500372558
0.033379526503
0.0338901017788
0.0343811124561
0.034851936611
0.035301981877
0.0357306862436
0.0361375187996
0.0365219804196
0.0368836043929
0.0372219569944
0.0375366379961
0.037827281121
0.0380935544356
0.0383351606839
0.0385518375612
0.0387433579277
0.0389095299628
0.0390501972594
0.0391652388588
0.0392545692269
0.0393181381719
0.0393559307039
0.0393679668377
0.0393543013389
0.0393150234148
0.0392502563503
0.0391601570909
0.0390449157732
0.0389047552041
0.0387399302903
0.03855072742
0.0383374637966
0.0381004867283
0.0378401728727
0.0375569274403
0.0372511833573
0.0369234003894
0.0365740642296
0.0362036855506
0.0358127990249
0.0354019623131
0.0349717550244
0.0345227776491
0.0340556504675
0.0335710124354
0.0330695200493
0.0325518461931
0.0320186789694
0.0314707205153
0.0309086858081
0.0303333014598
0.0297453045057
0.0291454411858
0.0285344657252
0.0279131391121
0.0272822278771
0.0266425028765
0.0259947380807
0.0253397093691
0.0246781933364
0.0240109661083
0.023338802172
0.0226624732215
0.0219827470203
0.0213003862829
0.0206161475772
0.0199307802495
0.0192450253737
0.0185596147259
0.0178752697871
0.0171927007739
0.0165126057004
0.0158356694706
0.015162563005
0.0144939424008
0.0138304481274
0.0131727042594
0.0125213177469
0.0118768777247
0.0112399548622
0.0106111007543
0.00999084735592
0.00937970646004
0.00877816922319
0.00818670573964
0.00760576466874
0.00703577292053
0.00647713540816
0.00593023488017
0.00539543185454
0.00487306469221
0.00436344987719
0.0038668826303
0.00338363810847
0.00291397372711
0.0024581338474
0.0020163600194
0.0015889161808
0.00117616229755
0.000778835120168
0.000399777156415
8.69367224256e-05
0.00035260800221
0.000686966758945
0.00101110323629
0.00132172734
0.00161817703107
0.00190026929383
0.00216797356161
0.00242132859048
0.00266041428949
0.00288534010832
0.00309623944171
0.00329326652911
0.00347659449502
0.00364641395022
0.00380293188434
0.00394637071571
0.00407696742827
0.00419497275738
0.00430065040279
0.00439427625676
0.00447613763999
0.00454653254169
0.00460576886163
0.00465416365329
0.00469204236807
0.00471973810087
0.00473759083773
0.00474594670637
0.00474515723075
0.00473557859056
0.00471757088705
0.00469149741603
0.00465772394957
0.00461661802729
0.0045685482586
0.00451388363687
0.00445299286677
0.00438624370577
0.00431400232088
0.00423663266163
0.00415449585021
0.00406794958976
0.00397734759157
0.0038830390221
0.00378536797055
0.00368467293766
0.0035812863465
0.00347553407567
0.00336773501573
0.00325820064911
0.00314723465407
0.00303513253304
0.00292218126577
0.00280865898738
0.00269483469173
0.00258096796007
0.00246730871533
0.00235409700175
0.00224156279022
0.002129925809
0.00201939539984
0.0019101703993
0.00180243904509
0.00169637890713
0.00159215684312
0.00148992897819
0.00138984070838
0.00129202672738
0.00119661107647
0.00110370721683
0.00101341812438
0.000925836406551
0.00084104444114
0.000759114537672
0.000680109122267
0.000604080948596
0.000531073340203
0.000461120475335
0.000394247738492
0.000330472194679
0.000269803328009
0.0002122444508
0.000157796171163
0.000106468087019
5.83417085523e-05
1.46171709579e-05
3.09940563624e-05
6.98625459357e-05
0.000106260192529
0.000139912897565
0.000170828133752
0.000199055740068
0.000224659904549
0.000247712524891
0.000268290873041
0.000286476475599
0.000302354419314
0.000316012829913
0.000327542431055
0.00033703614496
0.00034458871755
0.000350296360075
0.000354256403391
0.000356566963103
0.000357326614857
0.000356634079608
0.000354587919015
0.00035128624127
0.00034682641776
0.000341304810996
0.000334816514304
0.000327455103713
0.000319312402539
0.000310478259124
0.000301040338198
0.000291083926341
0.000280691752049
0.000269943820964
0.00025891726693
0.000247686219807
0.000236321691632
0.000224891484785
0.000213460134594
0.000202088953389
0.000190836778452
0.000179762126799
0.000168913791631
0.000158336511534
0.000148074869733
0.000138172074518
0.000128667889321
0.000119595241202
0.000110988445201
0.000102879218448
9.52988968733e-05
8.82617684977e-05
8.17859953606e-05
7.58852126403e-05
7.05653921519e-05
6.58322906814e-05
6.168119755e-05
5.81168546983e-05
5.51320063271e-05
5.26780683811e-05
5.06068370736e-05
4.87225173488e-05
4.6923825063e-05
4.51462726689e-05
4.33461367195e-05
4.14939938159e-05
3.95710916229e-05
3.75669954199e-05
3.54779316829e-05
3.33055622126e-05
3.1056050418e-05
2.8739344999e-05
2.63686448211e-05
2.39600396844e-05
2.1532357378e-05
1.91073046141e-05
1.67101033832e-05
1.43710883194e-05
1.21294470341e-05
1.00425931576e-05
8.21288440516e-06
6.86434372383e-06
6.32092803108e-06
6.39490263967e-06
6.8361680439e-06
7.48347839675e-06
8.22035177639e-06
8.97199666019e-06
9.67797701232e-06
1.02900297341e-05
1.07665331932e-05
1.10838716275e-05
1.12281097937e-05
1.11870990027e-05
1.09539321125e-05
1.05260266178e-05
9.90412509598e-06
9.09245800668e-06
8.09843152558e-06
6.93237643999e-06
5.60739809131e-06
4.13956905701e-06
2.54992206316e-06
8.94714769361e-07
1.05964236818e-06
2.8802094847e-06
4.77611954541e-06
6.69320814282e-06
8.60017756085e-06
1.04671092694e-05
1.22635349919e-05
1.39581437271e-05
1.55188001574e-05
1.69126534163e-05
1.81062829186e-05
1.9065866182e-05
1.97573657051e-05
2.01467383984e-05
2.02001780976e-05
1.98844142251e-05
1.91671169097e-05
1.80175251958e-05
1.64075951173e-05
1.43145240997e-05
1.17275858312e-05
8.67216358077e-06
5.33675631694e-06
3.50456590672e-06
6.53280421954e-06
1.17407478059e-05
1.79925124913e-05
2.50442778173e-05
3.28506218394e-05
4.14047346726e-05
5.07077570868e-05
6.07619226565e-05
7.15681843996e-05
8.3125176587e-05
9.54286741235e-05
0.000108471267925
0.000122242146667
0.00013672693752
0.000151907583745
0.000167762248145
0.000184265236717
0.000201386939466
0.00021909378675
0.000237348220301
0.00025610867845
0.000275329595356
0.000294961414161
0.000314950614037
0.000335239751159
0.000355767513609
0.000376468790248
0.00039727475352
0.000418112956182
0.000438907441899
0.000459578869599
0.000480044651472
0.000500219104457
0.000520013615002
0.000539336816878
0.000558094781761
0.00057619122229
0.000593527707225
0.000610003888349
0.000625517738686
0.000639965801572
0.000653243450106
0.000665245156459
0.000675864770494
0.000684995807125
0.00069253174182
0.000698366313643
0.000702393835203
0.000704509508894
0.000704609748804
0.000702592507715
0.000698357608643
0.000691807080492
0.000682845497502
0.00067138032243
0.000657322253765
0.000640585577895
0.000621088528094
0.000598753653938
0.000573508207567
0.000545284558475
0.000514020658144
0.000479660594881
0.000442155318497
0.000401463701698
0.000357554314361
0.000310408843339
0.000260029772786
0.000206460984677
0.000149857693866
9.08296319572e-05
3.39862000397e-05
5.10979403561e-05
0.000117923308264
0.000190695416387
0.000267297741228
0.000347322492434
0.000430603046216
0.000517031019278
0.000606513292458
0.000698958268837
0.000794270544713
0.000892348555988
0.000993083446532
0.00109635850171
0.00120204887167
0.00131002145831
0.00142013490381
0.00153223964852
0.00164617804031
0.00176178448538
0.00187888563434
0.0019973005999
0.00211684120369
0.00223731225053
0.00235851182899
0.00248023163728
0.00260225733368
0.00272436891089
0.00284634109354
0.00296794375832
0.00308894237591
0.00320909847431
0.00332817012244
0.00344591243371
0.0035620780883
0.00367641787371
0.00378868124236
0.00389861688548
0.00400597332225
0.00411049950311
0.0042119454262
0.00431006276572
0.00440460551121
0.00449533061624
0.0045819986555
0.00466437448894
0.00474222793147
0.004815334427
0.00488347572543
0.00494644056098
0.0050040253306
0.00505603477082
0.00510228263164
0.00514259234583
0.00517679769217
0.00520474345104
0.00522628605081
0.0052412942034
0.00524964952752
0.0052512471579
0.00524599633904
0.00523382100184
0.00521466032154
0.00518846925548
0.00515521905912
0.00511489777872
0.00506751071936
0.00501308088668
0.00495164940098
0.00488327588231
0.00480803880504
0.00472603582076
0.00463738404819
0.00454222032873
0.00444070144667
0.00433300431277
0.00421932611031
0.00409988440242
0.00397491719988
0.00384468298858
0.00370946071567
0.00356954973396
0.00342526970377
0.00327696045195
0.00312498178756
0.00296971327424
0.00281155395917
0.00265092205907
0.00248825460398
0.00232400704009
0.00215865279413
0.00199268280279
0.00182660501381
0.0016609438693
0.00149623979068
0.00133304870057
0.00117194165141
0.00101350470647
0.000858339404527
0.000707064641077
0.000560322360913
0.000418795339819
0.000283275022954
0.000155126204924
4.77508300218e-05
9.17541001052e-05
0.000195233381472
0.000291997778007
0.000379569253833
0.000456978155414
0.000523464762274
0.000578325830241
0.000620880548633
0.000650460768002
0.000666408154705
0.000668073840575
0.000654819210528
0.000626017455274
0.000581056057982
0.000519341192093
0.000440307474537
0.00034344736918
0.000228446672797
9.6648616085e-05
7.44940118738e-05
0.000238791696228
0.000432883705509
0.000648538195022
0.000885802440412
0.00114499459619
0.00142645987659
0.00173053193787
0.00205752114145
0.00240770953519
0.00278134803175
0.00317865445206
0.00359981196524
0.00404496773817
0.00451423171328
0.00500767547679
0.00552533119911
0.00606719063886
0.00663320420641
0.00722328008573
0.00783728341443
0.00847503552282
0.00913631323331
0.00982084822144
0.0105283264402
0.0112583876095
0.0120106247715
0.0127845839152
0.0135797636693
0.0143956150675
0.015231541385
0.0160868980497
0.0169609926281
0.0178530848868
0.0187623869316
0.0196880634236
0.0206292318748
0.0215849630224
0.0225542812826
0.0235361652845
0.0245295484849
0.0255333198624
0.0265463246927
0.0275673654039
0.0285952025112
0.0296285556318
0.030666104578
0.0317064905292
0.0327483172808
0.0337901525692
0.034830529473
0.0358679478869
0.0369008760699
0.037927752263
0.0389469863771
0.0399569617488
0.0409560369616
0.0419425477309
0.0429148088506
0.0438711161988
0.0448097488009
0.0457289709466
0.0466270343582
0.0475021804092
0.0483526423875
0.0491766478026
0.049972420733
0.0507381842096
0.0514721626341
0.0521725842265
0.0528376835005
0.0534657037619
0.054054899627
0.0546035395572
0.0551099084064
0.0555723099773
0.0559890695821
0.0563585366059
0.0566790870656
0.0569491261641
0.0571670908328
0.0573314522605
0.0574407184037
0.0574934364745
0.0574881954028
0.057423628268
0.0572984146969
0.0571112832234
0.0568610136068
0.0565464391044
0.0561664486947
0.0557199892476
0.0552060676384
0.0546237528009
0.0539721777177
0.0532505413432
0.0524581104568
0.0515942214431
0.0506582819961
0.0496497727457
0.0485682488032
0.0474133412245
0.0461847583907
0.0448822873037
0.0435057947988
0.0420552286755
0.0405306187512
0.0389320778438
0.0372598026955
0.0355140748565
0.0336952615602
0.0318038166394
0.0298402815679
0.0278052867739
0.025699553482
0.0235238965652
0.0212792293477
0.0189665723243
0.0165870702337
0.0141420285378
0.0116330005887
0.00906203085228
0.00643251264839
0.003753729372
0.0011061403081
0.00195268182307
0.00477186086658
0.00768292063465
0.0106536648504
0.0136774421873
0.0167508484133
0.0198712571734
0.0230362720042
0.0262435575157
0.0294907764014
0.0327755631072
0.0360955122709
0.0394481738352
0.0428310514654
0.0462416027355
0.0496772403289
0.053135333858
0.0566132120872
0.0601081654308
0.0636174486506
0.0671382837046
0.0706678627144
0.074203351029
0.0777418903686
0.0812806020354
0.0848165901832
0.0883469451346
0.0918687467401
0.0953790677728
0.0988749773504
0.102353544381
0.105811841027
0.109246946175
0.112655948921
0.116035952047
0.119384075502
0.122697459864
0.125973269795
0.129208697474
0.132400966001
0.135547332776
0.138645092842
0.141691582187
0.144684180999
0.14762031688
0.150497467991
0.153313166154
0.15606499988
0.158750617333
0.16136772922
0.163914111606
0.166387608642
0.168786135223
0.171107679536
0.173350305533
0.175512155299
0.17759145132
0.17958649865
0.181495686973
0.183317492548
0.185050480049
0.186693304285
0.188244711805
0.189703542376
0.191068730349
0.192339305889
0.193514396085
0.194593225927
0.195575119162
0.196459499005
0.197245888728
0.197933912116
0.198523293779
0.199013859342
0.199405535492
0.199698349893
0.199892430968
0.199988007539
0.199985408347
0.199885061422
0.199687493338
0.19939332832
0.199003287235
0.19851818645
0.19793893656
0.197266540994
0.196502094504
0.195646781526
0.194701874426
0.193668731634
0.192548795662
0.191343591015
0.190054721998
0.188683870417
0.187232793182
0.185703319816
0.184097349874
0.182416850269
0.18066385252
0.178840449921
0.176948794628
0.174991094685
0.172969610977
0.170886654126
0.16874458133
0.166545793146
0.164292730233
0.161987870048
0.159633723506
0.157232831614
