-0.0
7.25196923666e-05
0.000290089701867
0.000652742894005
0.00116053427346
0.00181354133142
0.00261186454008
0.00355562800266
0.00464498027013
0.00588009533837
0.00726117384297
0.00878844447191
0.0104621656206
0.0122826273176
0.0142501534541
0.0163651043559
0.0186278797433
0.0210389221288
0.0235987207145
0.0263078158563
0.0291668041744
0.0321763444029
0.0353371640807
0.0386500672085
0.0421159430082
0.0457357759492
0.0495106572257
0.0534417979014
0.0575305439718
0.0617783936325
0.0661870170903
0.0707582793078
0.0754942661383
0.080397314382
0.0854700463898
0.0907154099459
0.096136724292
0.101737733315
0.107522667108
0.113496313339
0.119664100166
0.126032192746
0.132607605853
0.139398335638
0.146413514216
0.153663591646
0.161160550903
0.168918162834
0.176952289819
0.185281249165
0.193926250161
0.202911922609
0.212266959658
0.222024904363
0.232225118017
0.242913979437
0.254146378535
0.265987584672
0.278515589309
0.291824038365
0.306025868593
0.321257706561
0.337684881453
0.355506292955
0.374956706803
0.396299580269
0.419791583066
0.445568443134
0.473323637614
0.501505439955
0.525805454596
0.538448380372
0.533211237088
0.512947084309
0.485838671136
0.457777620231
0.431268679818
0.407006938242
0.384985850408
0.36497929698
0.346720522609
0.329961666058
0.314489425226
0.30012548063
0.286722252686
0.274157796743
0.262331106623
0.2511581597
0.240568704476
0.230503689399
0.220913214264
0.211754896844
0.202992566075
0.19459521132
0.186536132769
0.178792250376
0.171343538418
0.164172560143
0.157264082665
0.150604756571
0.144182848056
0.1379880139
0.132011111642
0.12624403877
0.120679595996
0.11531137058
0.110133636457
0.105141268477
0.100329668545
0.0956947018667
0.0912326417551
0.0869401217529
0.0828140940063
0.0788517930012
0.0750507039114
0.0714085349218
0.0679231929893
0.0645927625801
0.061415486992
0.0583897519266
0.0555140710231
0.0527870731069
0.050207490941
0.0477741512958
0.0454859661802
0.0433419250973
0.0413410882074
0.0394825802947
0.0377655854527
0.0361893424091
0.0347531404279
0.0334563157307
0.0322982483901
0.0312783596543
0.0303961096683
0.0296509955633
0.0290425498914
0.0285703393856
0.0282339640316
0.0280330564414
0.0279672815212
0.0280363364308
0.0282399508363
0.0285778874586
0.0290499429256
0.0296559489404
0.0303957737777
0.0312693241284
0.0322765473147
0.0334174339009
0.0346920207314
0.036100394433
0.0376426954209
0.039319122457
0.0411299378145
0.0430754731106
0.0451561358766
0.0473724169466
0.049724898755
0.0522142646464
0.0548413093165
0.0576069505186
0.0605122421904
0.0635583891783
0.0667467637637
0.0700789242259
0.0735566357142
0.0771818937452
0.0809569506932
0.0848843457049
0.0889669385428
0.0932079479537
0.0976109952669
0.102180154061
0.106920006905
0.111835710367
0.116933069763
0.122218625395
0.127699752439
0.133384777149
0.13928311263
0.1454054183
0.151763788146
0.158371974279
0.16524565406
0.172402751466
0.179863826528
0.187652551052
0.195796294744
0.20432685422
0.213281369084
0.22270348615
0.232644857512
0.243167094915
0.254344358706
0.266266846736
0.279045587824
0.292819174001
0.30776345749
0.324105933451
0.342147821006
0.362299387942
0.38513936665
0.411521330791
0.442780051591
0.481177132758
0.53102158859
0.602242279057
0.728153748458
0.976770066219
0.684844684317
0.5802838379
0.516309599188
0.470090751237
0.433860615008
0.404036368131
0.378668478666
0.356578328014
0.336999060545
0.319403914951
0.303415641786
0.288754993998
0.275209663159
0.262614634682
0.250839267214
0.239778509406
0.229346758483
0.219473460072
0.210099887657
0.201176740672
0.192662322902
0.184521140096
0.176722805626
0.169241175986
0.162053660193
0.155140662453
0.148485128163
0.142072170893
0.135888763492
0.129923480427
0.124166281435
0.118608328726
0.113241831696
0.108059914302
0.103056501274
0.098226220059
0.0935643160032
0.0890665787059
0.0847292778844
0.0805491073496
0.0765231359416
0.0726487644591
0.0689236877707
0.0653458614236
0.0619134721654
0.0586249118845
0.055478754541
0.052473735725
0.0496087345234
0.0468827574236
0.0442949240139
0.0418444542755
0.0395306572827
0.0373529211531
0.0353107041095
0.0334035265283
0.0316309638694
0.0299926403899
0.0284882235602
0.0271174191061
0.0258799666135
0.0247756356373
0.023804222265
0.0229655460898
0.0222594475549
0.0216857856363
0.021244435834
0.0209352884476
0.0207582471163
0.0207132276049
0.0208001568238
0.0210189720721
0.0213696204969
0.0218520587658
0.0224662529507
0.0232121786273
0.024089821194
0.025099176421
0.0262402512412
0.0275130647994
0.0289176497799
0.0304540540369
0.0321223425564
0.0339225997834
0.0358549323543
0.0379194722793
0.0401163806277
0.0424458517749
0.0449081182812
0.0475034564771
0.0502321928477
0.0530947113124
0.0560914615185
0.0592229682757
0.0624898422811
0.0658927923034
0.0694326390172
0.0731103307083
0.0769269610988
0.0808837895809
0.0849822641873
0.0892240476781
0.093611047181
0.0981454478907
0.102829751415
0.107666819452
0.112659923598
0.117812802223
0.12312972553
0.128615570096
0.134275904477
0.140117087723
0.146146383067
0.152372089503
0.15880369454
0.165452052182
0.172329591063
0.179450558862
0.186831310551
0.194490649909
0.202450236044
0.21073506966
0.219374077444
0.228400817555
0.237854334601
0.247780198656
0.258231769011
0.269271727407
0.280973922683
0.293425547662
0.306729603903
0.321007441862
0.336400757761
0.353071469668
0.371195643836
0.390942357362
0.412416100134
0.435514135278
0.459599807336
0.482856020858
0.501446819664
0.509847194257
0.504465174329
0.487395815279
0.464120923024
0.439132301369
0.414768103057
0.391932298983
0.370842128282
0.351436285032
0.333558761247
0.317034686588
0.301699145719
0.287406373584
0.274031073418
0.261466810007
0.249623534164
0.238425060681
0.227806797902
0.217713808001
0.208099189848
0.198922745936
0.190149888154
0.181750740018
0.173699398705
0.165973326579
0.158552847549
0.151420728438
0.144561829516
0.137962811476
0.131611888716
0.125498620728
0.11961373502
0.113948976247
0.108496977201
0.103251148136
0.0982055815007
0.0933549697175
0.0886945339928
0.0842199625344
0.0799273567891
0.0758131845501
0.071874238965
0.068107602622
0.0645106160229
0.0610808498487
0.057816080517
0.054714268598
0.0517735397207
0.0489921676494
0.0463685592587
0.0439012411675
0.0415888478289
0.039430110896
0.0374238497103
0.0355689627774
0.0338644201127
0.0323092563541
0.0309025645534
0.0296434905666
0.0285312279771
0.0275650134893
0.0267441227433
0.0260678665037
0.0255355871845
0.0251466556746
0.0249004684376
0.0247964448583
0.0248340248185
0.0250126664832
0.0253318442854
0.025791047101
0.0263897766057
0.0271275458134
0.0280038777965
0.0290183045923
0.0301703663047
0.0314596104139
0.0328855913097
0.0344478700719
0.0361460145234
0.0379795995899
0.0399482080048
0.0420514314063
0.0442888718819
0.0466601440239
0.0491648775708
0.0518027207216
0.0545733442221
0.0574764463381
0.0605117588482
0.0636790542079
0.0669781540572
0.0704089392712
0.0739713617803
0.0776654584171
0.0814913670873
0.085449345599
0.0895397935349
0.0937632776057
0.0981205609852
0.102612637199
0.107240769226
0.112006534567
0.116911877157
0.121959167133
0.127151269644
0.132491624095
0.137984335471
0.143634279711
0.149447225498
0.155429975351
0.161590529551
0.167938277293
0.174484220572
0.181241237758
0.188224395805
0.195451322619
0.202942654698
0.210722579998
0.218819502755
0.227266866394
0.236104184165
0.245378346505
0.255145302653
0.265472256712
0.276440583563
0.288149772104
0.300722867347
0.314314154482
0.329120293164
0.345396937966
0.363484420386
0.383849080509
0.407153091499
0.434379525638
0.467072791748
0.507840938162
0.561490735749
0.637323326972
0.737340762932
0.71051110044
0.61085485551
0.540143810239
0.488585591411
0.448331479824
0.415340117003
0.387368251403
0.363061728111
0.341546207739
0.322226667417
0.304680972764
0.288599449001
0.27374860763
0.259948343328
0.247057031898
0.234961465525
0.223569860243
0.21280687739
0.202610002301
0.192926860139
0.183713192844
0.174931311488
0.16654889642
0.158538055797
0.150874578772
0.143537337235
0.136507802198
0.129769649643
0.123308436831
0.117111334624
0.111166904693
0.10546491298
0.0999961726408
0.0947524111217
0.0897261571184
0.0849106440015
0.0802997269558
0.0758878115971
0.0716697922398
0.0676409983153
0.0637971477019
0.0601343059399
0.0566488504737
0.0533374392067
0.0501969827643
0.0472246199594
0.044417696028
0.0417737432718
0.0392904637954
0.0369657140716
0.0347974911081
0.0327839200191
0.0309232428328
0.0292138083896
0.0276540632055
0.0262425431908
0.0249778661303
0.0238587248433
0.0228838809513
0.0220521591924
0.0213624422292
0.0208136659036
0.0204048148979
0.0201349187699
0.0200030483311
0.020008312345
0.0201498545236
0.0204268508076
0.0208385069156
0.0213840561536
0.0220627574792
0.0228738938154
0.0238167706156
0.0248907146815
0.0260950732404
0.02742921329
0.0288925212234
0.0304844027494
0.0322042831271
0.0340516077369
0.0360258430156
0.0381264777849
0.0403530250107
0.0427050240333
0.0451820433149
0.0477836837584
0.050509582657
0.0533594183435
0.0563329156165
0.0594298520315
0.0626500651553
0.0659934608984
0.069460023051
0.0730498241703
0.076763037983
0.0805999534939
0.0845609910153
0.0886467203677
0.0928578815344
0.0971954081022
0.101660453868
0.106254423052
0.11097900464
0.115836211449
0.120828424633
0.125958444466
0.131229548395
0.136645557542
0.142210913096
0.147930764284
0.153811070025
0.159858716799
0.166081655867
0.172489063714
0.179091530584
0.185901283196
0.192932449426
0.200201374909
0.207727004488
0.215531345414
0.223640034692
0.232083040602
0.240895539146
0.250119021595
0.259802711651
0.270005404011
0.280797886356
0.292266184697
0.304515995825
0.317678873173
0.331921075122
0.347456586922
0.364566933361
0.383632539223
0.40518480156
0.429997832016
0.459262776771
0.494953921887
0.540713272369
0.604497783646
0.710227558467
1.08225501108
0.748369456824
0.621152415555
0.549208767313
0.498611153495
0.459421327684
0.427341310779
0.400118418603
0.376424411932
0.355410723588
0.336502683534
0.319293477332
0.303484921029
0.288852246765
0.275222086795
0.262458129837
0.250451448076
0.239113779945
0.228372746445
0.218168368948
0.208450485234
0.199176799243
0.190311386738
0.181823534768
0.173686829393
0.165878430699
0.158378490936
0.151169683337
0.144236817448
0.137566522738
0.13114698661
0.124967736105
0.119019454967
0.113293829545
0.107783418342
0.102481541104
0.0973821841163
0.0924799190348
0.0877698330606
0.0832474686773
0.0789087714737
0.0747500448345
0.0707679104857
0.0669592740474
0.0633212948851
0.0598513596608
0.0565470590787
0.0534061673968
0.0504266243409
0.047606519109
0.0449440762011
0.0424376428463
0.040085677831
0.037886741561
0.0358394872105
0.0339426528346
0.0321950543354
0.0305955791898
0.0291431808561
0.0278368737924
0.0266757290236
0.0256588702082
0.0247854701579
0.0240547477739
0.023465965368
0.0230184263406
0.0227114731944
0.0225444858663
0.0225168803632
0.022628107692
0.0228776530778
0.0232650354664
0.0237898073111
0.0244515546493
0.0252498974719
0.0261844903999
0.0272550236775
0.0284612245018
0.0298028587089
0.0312797328414
0.0328916966274
0.0346386459065
0.0365205260417
0.0385373358654
0.0406891322136
0.0429760351087
0.0453982336643
0.0479559927934
0.0506496608134
0.0534796780576
0.0564465866178
0.0595510413618
0.0627938223926
0.0661758491413
0.069698196318
0.0733621119784
0.0771690380091
0.0811206333841
0.0852188006035
0.0894657157997
0.0938638630796
0.0984160737757
0.103125571404
0.107996023272
0.113031599883
0.118237043473
0.12361774735
0.129179847993
0.134930332367
0.140877163404
0.147029427347
0.153397507535
0.159993290374
0.166830410764
0.173924546287
0.181293772109
0.188958992219
0.196944467555
0.205278468413
0.21399408817
0.223130269001
0.232733110084
0.242857557962
0.25356962259
0.264949329995
0.277094728702
0.290127439054
0.304200522246
0.319509944405
0.336311812371
0.35494926888
0.375896378248
0.39983376989
0.427788333115
0.461415442486
0.503643422063
0.560433183226
0.647210037669
0.830520200844
0.79086485951
0.630711816336
0.548937857493
0.493829130593
0.452148713819
0.418557685493
0.390371968245
0.36605236965
0.344634933605
0.325476535535
0.308127172329
0.292260067703
0.277630781193
0.264051978829
0.251377175439
0.239489871742
0.228296069939
0.217718979487
0.207695185635
0.19817182061
0.189104437931
0.180455389924
0.172192571939
0.16428843817
0.156719221634
0.149464309684
0.142505739429
0.135827786668
0.129416628458
0.123260064231
0.117347283847
0.111668673585
0.106215652995
0.100980537051
0.0959564191483
0.0911370713822
0.0865168592215
0.0820906682357
0.077853840953
0.0738021222708
0.0699316121133
0.0662387242481
0.0627201503585
0.0593728286091
0.0561939160668
0.0531807644376
0.0503308986608
0.0476419979742
0.0451118791175
0.0427384813923
0.0405198533377
0.0384541408127
0.036539576309
0.0347744693408
0.03315719778
0.0316862000234
0.0303599678958
0.0291770402037
0.0281359968695
0.027235453584
0.0264740569253
0.0258504798999
0.0253634178695
0.0250115848329
0.0247937100374
0.0247085349023
0.024754810238
0.0249312937516
0.0252367478335
0.0256699376227
0.026229629353
0.026914588987
0.0277235811457
0.0286553683496
0.0297087105856
0.0308823652227
0.0321750873008
0.0335856302201
0.0351127468654
0.0367551912017
0.0385117203826
0.0403810974186
0.0423620944554
0.0444534967201
0.0466541071974
0.0489627521034
0.0513782872328
0.0538996052608
0.0565256440893
0.0592553963344
0.0620879200629
0.0650223508922
0.0680579155827
0.0711939472601
0.0744299024219
0.0777653798957
0.0812001419353
0.084734137662
0.0883675290813
0.0921007199347
0.0959343876803
0.0998695189365
0.103907448773
0.108049904297
0.11229905305
0.116657556834
0.121128631696
0.125716114937
0.130424540209
0.135259221976
0.140226350915
0.145333102174
0.150587758924
0.155999854158
0.161580334543
0.167341751069
0.173298482562
0.179466999852
0.185866180636
0.192517688154
0.199446430894
0.206681126246
0.214254998853
0.222206655523
0.23058119442
0.239431629363
0.248820744336
0.258823545275
0.26953055674
0.281052339386
0.293525814352
0.307123337179
0.322066091693
0.338644530712
0.357250835275
0.378433004465
0.402990546164
0.432157197645
0.467987009762
0.514294332284
0.579493084005
0.689157991797
0.976278045727
0.6987789588
0.58138069674
0.512176456537
0.462859565232
0.424439806538
0.39291130749
0.366140457239
0.342856210646
0.32224052302
0.303736173932
0.286946753897
0.271580399914
0.257416156279
0.244282852908
0.232045297718
0.220594940178
0.20984337415
0.199717703283
0.190157163058
0.181110611752
0.172534635361
0.164392094736
0.156650996766
0.149283606685
0.142265742354
0.135576207602
0.129196333083
0.123109601147
0.117301336986
0.111758452552
0.106469232827
0.10142315636
0.096610743704
0.0920234287541
0.0876534489662
0.083493751254
0.079537910965
0.0757800618294
0.0722148351539
0.0688373068428
0.0656429510747
0.06262759966
0.0597874062672
0.0571188148379
0.0546185316169
0.0522835003153
0.0501108799953
0.0480980253307
0.0462424689438
0.0445419055676
0.0429941778138
0.041597263361
0.0403492634029
0.0392483922176
0.038292967739
0.0374814030288
0.0368121985593
0.0362839352319
0.0358952680658
0.0356449205014
0.0355316792715
0.0355543898
0.0357119520952
0.0360033171117
0.0364274835591
0.0369834951413
0.0376704382162
0.0384874398695
0.0394336663996
0.0405083222183
0.041710649173
0.0430399263023
0.0444954700422
0.046076634903
0.0477828146442
0.0496134439777
0.0515680008384
0.0536460092651
0.0558470429432
0.0581707294668
0.0606167553901
0.0631848721419
0.0658749028937
0.0686867504813
0.071620406493
0.0746759616575
0.0778536176777
0.0811537006839
0.0845766764981
0.0881231679361
0.0917939744016
0.09559009407
0.0995127490027
0.103563413587
0.107743846766
0.112056128585
0.116502701697
0.121086418556
0.12581059518
0.130679072511
0.135696286629
0.140867349294
0.146198140631
0.151695416137
0.157366930703
0.163221582953
0.169269584024
0.17552265593
0.181994266032
0.188699905886
0.195657425159
0.202887434432
0.210413795047
0.218264220076
0.226471018694
0.235072027828
0.244111791516
0.253643072452
0.263728815788
0.274444738925
0.285882803731
0.298155958137
0.311404745567
0.325806733506
0.341590320734
0.359055569285
0.378606725688
0.400805001874
0.426458034279
0.45677848566
0.493674634953
0.540257508841
0.601173598251
0.674739137469
0.693046398266
0.622868888102
0.554691715383
0.502223537933
0.460859634752
0.426959636446
0.39828786821
0.373445946559
0.351517995145
0.33187709671
0.314077593066
0.29779248722
0.282775404712
0.268836524931
0.255826799754
0.243627278884
0.232141690207
0.221291157843
0.21101036188
0.201244693546
0.19194811235
0.183081507695
0.174611429226
0.166509090943
0.158749581383
0.151311230951
0.144175100486
0.137324564373
0.13074496811
0.124423345063
0.118348180642
0.112509214806
0.106897275726
0.101504138995
0.0963224078712
0.0913454109749
0.0865671145226
0.0819820467415
0.0775852325358
0.0733721368195
0.0693386152042
0.0654808709566
0.0617954173167
0.0582790444182
0.0549287901705
0.0517419145641
0.0487158769407
0.04584831584
0.0431370310916
0.0405799678689
0.0381752024612
0.0359209295554
0.0338154508484
0.0318571648334
0.0300445576271
0.0283761947219
0.0268507135605
0.0254668168485
0.0242232665272
0.0231188783405
0.0221525169414
0.0213230914849
0.020629551667
0.0200708841721
0.0196461094953
0.0193542791129
0.0191944729776
0.019165797317
0.0192673827179
0.0194983824831
0.0198579712466
0.0203453438382
0.0209597143881
0.0217003156664
0.0225663986505
0.0235572323186
0.0246721036656
0.0259103179416
0.0272711991127
0.0287540905465
0.0303583559253
0.0320833803924
0.0339285719382
0.0358933630365
0.037977212541
0.0401796078608
0.0425000674304
0.0449381435029
0.0474934252923
0.0501655425056
0.0529541693087
0.0558590287831
0.0588798979407
0.0620166133809
0.0652690776878
0.0686372666904
0.0721212377276
0.0757211390897
0.0794372208421
0.0832698472707
0.0872195112362
0.0912868507704
0.0954726683108
0.0997779530323
0.104203906815
0.108751974473
0.113423878985
0.118221662561
0.123147734551
0.128204927349
0.133396561643
0.138726522596
0.144199348824
0.149820336405
0.155595660534
0.161532518029
0.167639294551
0.173925761286
0.18040330698
0.187085212758
0.19398697914
0.201126717408
0.208525621176
0.216208539081
0.224204676629
0.232548465178
0.241280650302
0.250449672437
0.260113443154
0.270341666099
0.28121892179
0.292848845466
0.305359904622
0.31891357745
0.333716239325
0.350036967198
0.368235153912
0.388805118363
0.412451719604
0.440226010691
0.473785122082
0.515924742181
0.571685482411
0.649364562351
0.730237447238
0.676672635912
0.58865796807
0.524328450412
0.475980722498
0.437531743845
0.405640674888
0.378375674043
0.354538953341
0.333342679591
0.314243456956
0.296851872911
0.28088002367
0.266109491482
0.2523709493
0.239530690927
0.227481454406
0.216136000456
0.2054225128
0.195281235449
0.185661969587
0.176522180237
0.167825543565
0.159540817899
0.151640956123
0.144102400516
0.136904517179
0.13002913846
0.123460189803
0.117183383206
0.111185963683
0.105456498258
0.0999846993087
0.0947612758701
0.0897778078286
0.0850266389613
0.0805007855862
0.0761938582047
0.0720999940114
0.0682137985349
0.0645302949841
0.0610448801231
0.0577532857015
0.0546515446264
0.0517359611998
0.0490030848502
0.0464496868828
0.04407273984
0.0418693991327
0.0398369866503
0.0379729761011
0.0362749798733
0.0347407372352
0.0333681037195
0.0321550415614
0.0310996110743
0.0301999628686
0.0294543308285
0.0288610257775
0.0284184297704
0.0281249909621
0.0279792190098
0.0279796809719
0.0281249976764
0.0284138405327
0.0288449287712
0.0294170270953
0.0301289437394
0.0309795289259
0.0319676737243
0.0330923093128
0.034352406653
0.0357469765886
0.0372750703835
0.0389357807211
0.0407282431877
0.042651638272
0.0447051939132
0.0468881886401
0.0491999553468
0.051639885761
0.0542074356643
0.0569021309376
0.0597235745121
0.0626714543192
0.0657455523448
0.0689457549112
0.0722720643256
0.0757246120544
0.0793036736102
0.0830096853595
0.0868432634988
0.0908052254783
0.0948966142001
0.0991187253687
0.103473138431
0.107961751621
0.112586821695
0.117351009076
0.122257429204
0.127309711084
0.13251206417
0.137869354954
0.143387194906
0.149072041733
0.154931316341
0.160973538415
0.167208484182
0.173647370747
0.180303072484
0.187190376312
0.194326284494
0.201730375901
0.209425239761
0.217436999943
0.2257959532
0.234537351967
0.243702371936
0.253339317494
0.263505135351
0.274267329382
0.285706398854
0.297918957244
0.311021724633
0.325156604214
0.340496996187
0.357255209108
0.375689847492
0.396109101504
0.418857232023
0.444246446438
0.472324868434
0.502190214906
0.530314968837
0.548395387661
0.546779291711
0.526070001634
0.496245264231
0.465175281149
0.436061332851
0.409677012753
0.385937449191
0.364526193666
0.345104737542
0.32737295594
0.311080155081
0.296021085591
0.282028442381
0.268965518274
0.256719994897
0.245198967044
0.234325036083
0.224033261437
0.214268779801
0.204984937823
0.19614181865
0.187705071231
0.179644973484
0.171935677226
0.164554595314
0.15748190088
0.150700115504
0.144193768484
0.137949113297
0.131953890372
0.126197127601
0.120668971779
0.115360545525
0.110263825313
0.105371537088
0.10067706657
0.0961743819219
0.0918579668224
0.0877227623699
0.0837641164851
0.0799777397125
0.0763596665006
0.072906221187
0.0696139880379
0.0664797847906
0.0635006392346
0.0606737684334
0.0579965602501
0.055466556888
0.0530814402006
0.050839018557
0.0487372150841
0.0467740571273
0.0449476667952
0.0432562524741
0.0416981012109
0.0402715718794
0.0389750890554
0.0378071375376
0.0367662574588
0.0358510399409
0.0350601232539
0.034392189444
0.0338459614033
0.0334202003549
0.033113703735
0.0329253034544
0.032853864526
0.0328982840481
0.033057490535
0.0333304435888
0.03371613391
0.034213583643
0.034821847058
0.0355400115708
0.0363671991017
0.0373025677819
0.0383453140098
0.0394946748684
0.0407499309116
0.0421104093332
0.0435754875303
0.0451445970806
0.0468172281498
0.0485929343553
0.05047133811
0.0524521364789
0.0545351075852
0.0567201176065
0.0590071284136
0.0613962059076
0.0638875291238
0.0664814001824
0.0691782551758
0.0719786761031
0.0748834039729
0.0778933532232
0.081009627626
0.0842335378737
0.0875666210771
0.0910106624414
0.0945677194326
0.0982401487964
0.102030636856
0.105942233585
0.109978391045
0.114143006873
0.118440473639
0.12287573504
0.127454350101
0.132182566751
0.137067406472
0.142116762037
0.147339510832
0.152745646798
0.158346434769
0.164154591908
0.170184502132
0.176452471001
0.182977030579
0.189779306551
0.196883463513
0.204317249337
0.212112666336
0.220306806364
0.228942900241
0.238071650708
0.247752945214
0.258058084549
0.269072722169
0.28090079786
0.29366988507
0.307538581124
0.32270689613
0.33943109989
0.358045227748
0.378992370066
0.402869229714
0.430483135373
0.462891654273
0.501241822627
0.545464809178
0.587988789798
0.601824750668
0.571434910879
0.52492535755
0.481347878774
0.444035556258
0.412263861867
0.384871008778
0.36089878211
0.339631178376
0.320539981462
0.303231614723
0.287408014351
0.272839515702
0.259346216873
0.246785052956
0.235040695196
0.224019034516
0.213642436341
0.203846229121
0.194576066298
0.185785916515
0.177436512541
0.169494139903
0.161929680398
0.15471784922
0.147836580835
0.141266530331
0.134990665346
0.128993929637
0.123262963844
0.117785872261
0.112552026887
0.107551901899
0.102776933116
0.0982193981044
0.093872313448
0.0897293463417
0.0857847382226
0.0820332385478
0.0784700471686
0.0750907640182
0.0718913450427
0.0688680634842
0.0660174757654
0.0633363913449
0.0608218460093
0.0584710781478
0.0562815076238
0.0542507169133
0.0523764342268
0.0506565183724
0.0490889451499
0.0476717950966
0.0464032424259
0.0452815450263
0.0443050354004
0.0434721124429
0.0427812339681
0.042230909909
0.0418196961209
0.0415461887293
0.041409018971
0.0414068484833
0.0415383650016
0.041802278431
0.0421973172631
0.0427222253098
0.0433757587348
0.0441566833609
0.0450637722392
0.046095803466
0.0472515582368
0.0485298191308
0.0499293686201
0.0514489878015
0.0530874553539
0.0548435467246
0.0567160335542
0.0587036833552
0.0608052594616
0.0630195212779
0.0653452248588
0.0677811238637
0.0703259709372
0.0729785195819
0.0757375266
0.0786017551996
0.0815699788769
0.084640986208
0.0878135867046
0.0910866179163
0.0944589539878
0.0979295159106
0.101497283744
0.105161311113
0.108920742327
0.112774832513
0.116722971179
0.120764709686
0.124899793129
0.129128197195
0.133450170574
0.137866283587
0.142377483691
0.146985158618
0.151691207915
0.156498123749
0.16140908189
0.166428043916
0.171559871786
0.176810456125
0.182186859788
0.187697478607
0.193352221613
0.199162713594
0.205142523549
0.211307423464
0.217675682957
0.224268406649
0.231109922675
0.238228232456
0.245655533593
0.253428829082
0.261590636278
0.270189806556
0.279282458223
0.288933004727
0.299215214889
0.310213146509
0.32202159765
0.334745315453
0.348495372203
0.36337941459
0.379479023268
0.396800577708
0.415173738677
0.43405540895
0.452201239165
0.467291918133
0.476015927617
0.475449150257
0.46522325611
0.447855842127
0.426757910771
0.404528999702
0.382641954242
0.361777103504
0.342178234338
0.323877130766
0.306812555981
0.290888548639
0.276001578122
0.262052448033
0.248950913919
0.236616907976
0.224980253884
0.213979774935
0.203562221209
0.193681208825
0.184296251266
0.175371908693
0.166877056188
0.15878426124
0.151069257109
0.143710498307
0.136688785465
0.129986948392
0.123589577777
0.117482797476
0.111654070709
0.106092034595
0.100786358428
0.0957276219025
0.0909072101325
0.0863172228503
0.081950395629
0.0778000313143
0.0738599401624
0.0701243874208
0.0665880472952
0.063245962407
0.0600935079933
0.0571263602073
0.0543404679826
0.0517320279965
0.0492974623434
0.0470333985792
0.0449366518494
0.0430042088536
0.0412332134325
0.0396209535921
0.0381648498085
0.0368624444715
0.0357113923502
0.034709451974
0.0338544778397
0.0331444133637
0.0325772845104
0.0321511940373
0.0318643163002
0.0317148925751
0.0317012268529
0.0318216820714
0.0320746767528
0.0324586820185
0.032972218955
0.0336138563118
0.0343822085099
0.0352759339468
0.0362937335827
0.0374343497993
0.0386965655211
0.0400792035947
0.0415811264245
0.043201235865
0.0449384733753
0.0467918204461
0.0487602993123
0.050842973973
0.0530389515456
0.0553473839884
0.0577674702371
0.0602984588081
0.0629396509344
0.0656904043152
0.0685501375719
0.0715183355242
0.0745945554154
0.0777784342428
0.081069697368
0.0844681686135
0.0879737820789
0.0915865959454
0.0953068085724
0.0991347772321
0.103071039871
0.107116340339
0.111271657579
0.115538239337
0.119917641014
0.124411770368
0.129022938863
0.133753920571
0.13860801966
0.143589147655
0.148701911853
0.153951716516
0.159344878741
0.164888761329
0.170591925419
0.176464306309
0.182517416703
0.188764582678
0.195221219056
0.201905152722
0.2088370048
0.216040645815
0.223543742197
0.231378418109
0.239582064139
0.24819833448
0.257278387748
0.266882444606
0.277081758999
0.287961129876
0.299622115778
0.312187149008
0.325804756643
0.340656015446
0.356962007854
0.374990876159
0.395059584347
0.417515331594
0.442652078078
0.470434480254
0.499699556408
0.526308064212
0.54128000859
0.53580874467
0.512521150471
0.481663076981
0.45031383956
0.421156845087
0.394768726607
0.371007632008
0.349548130033
0.330056983141
0.312242349825
0.295861361869
0.280715262322
0.266641860253
0.253508371901
0.241205434351
0.229642328625
0.21874323527
0.208444313923
0.198691422563
0.189438328335
0.180645295399
0.172277962699
0.164306445743
0.156704612553
0.149449495922
0.142520813105
0.135900570765
0.129572738041
0.123522974407
0.117738401875
0.112207413313
0.106919510338
0.101865165572
0.0970357050646
0.0924232074906
0.0880204173863
0.0838206701612
0.0798178270518
0.0760062184951
0.0723805946631
0.0689360821129
0.0656681456789
0.0625725548767
0.0596453542021
0.0568828368088
0.0542815211258
0.0518381300421
0.049549572344
0.0474129261356
0.0454254240123
0.0435844397924
0.0418874766366
0.0403321564143
0.0389162101907
0.03763746973
0.0364938599234
0.0354833920643
0.0346041579025
0.0338543244213
0.0332321292865
0.0327358769262
0.0323639352047
0.0321147326585
0.0319867562688
0.0319785497453
0.0320887123044
0.032315897921
0.0326588150405
0.0331162267383
0.0336869513122
0.0343698632998
0.0351638949095
0.0360680378559
0.0370813455935
0.0382029359391
0.0394319940774
0.0407677759441
0.0422096119829
0.0437569112712
0.0454091660159
0.0471659564196
0.0490269559215
0.0509919368211
0.0530607762987
0.0552334628497
0.0575101031596
0.0598909294534
0.062376307363
0.0649667443677
0.0676628988788
0.0704655900512
0.073375808428
0.0763947275428
0.0795237166296
0.0827643546213
0.0861184456489
0.0895880362925
0.0931754348822
0.0968832331968
0.100714330971
0.10467196369
0.108759734245
0.112981649102
0.117342159782
0.121846210571
0.126499293559
0.13130751232
0.136277655785
0.141417284196
0.146734829394
0.152239712192
0.157942480208
0.163854970261
0.169990500489
0.17636409855
0.18299277396
0.189895844755
0.197095331482
0.204616435318
0.212488122085
0.220743840747
0.229422414128
0.238569152163
0.248237255226
0.258489598799
0.269401023306
0.281061297041
0.293578977982
0.307086470399
0.321746639408
0.337761353211
0.355382080843
0.374921600507
0.396762163516
0.421343406833
0.449074658332
0.479994946958
0.512671668193
0.541453596476
0.55418150802
0.542003506871
0.512738518149
0.47887594506
0.446544112631
0.417377953128
0.391399303643
0.368212439639
0.347377908474
0.328510705118
0.311295348591
0.295478410622
0.280856828352
0.267267160588
0.254576884466
0.242677644916
0.231480092793
0.220909944463
0.210904961201
0.201412617454
0.192388285954
0.183793812783
0.175596388828
0.16776764837
0.160282943259
0.153120753965
0.146262208245
0.139690685108
0.133391486904
0.127351566222
0.121559297206
0.116004283085
0.110677193423
0.105569625894
0.100673988415
0.0959833982429
0.0914915953088
0.0871928675115
0.0830819861385
0.079154149872
0.075404936109
0.071830258534
0.0684263300525
0.065189630338
0.0621168773606
0.0592050023613
0.0564511278184
0.0538525480194
0.0514067119073
0.0491112079193
0.0469637505752
0.0449621686067
0.0431043944498
0.041388454943
0.0398124631005
0.0383746108421
0.0370731625819
0.0359064495873
0.0348728650326
0.0339708596824
0.0331989381474
0.032555655661
0.0320396153346
0.0316494658524
0.0313838995725
0.0312416510047
0.0312214956386
0.0313222491012
0.031542766622
0.0318819427906
0.0323387115919
0.0329120467058
0.0336009620633
0.0344045126514
0.0353217955612
0.0363519512799
0.0374941652248
0.038747669527
0.040111745072
0.0415857238101
0.0431689913555
0.0448609898979
0.0466612214559
0.0485692515115
0.0505847130714
0.0527073112106
0.0549368281665
0.057273129061
0.0597161683448
0.0622659970716
0.0649227711274
0.0676867605613
0.0705583601818
0.0735381016124
0.0766266670203
0.0798249047691
0.0831338472745
0.0865547313846
0.090089021646
0.0937384368699
0.097504980466
0.101390975082
0.10539910216
0.109532447115
0.113794550956
0.118189469291
0.122721839833
0.127396959722
0.132220874226
0.137200478698
0.142343636083
0.147659312748
0.153157736097
0.158850578265
0.164751171288
0.170874760609
0.177238805692
0.18386333908
0.190771398659
0.197989552572
0.205548542622
0.21348408088
0.221837846694
0.230658749059
0.240004544984
0.249943942209
0.260559370936
0.271950694969
0.284240265491
0.297579930778
0.312160953252
0.328228337935
0.346101984516
0.366208538299
0.38912994957
0.415676603275
0.446986757917
0.484592678833
0.529990533975
0.580882517984
0.614744681392
0.593784651344
0.542390284551
0.492918731877
0.451349031114
0.416621211201
0.387118435156
0.361587061251
0.339132230496
0.319115707808
0.301073914903
0.284662619581
0.269620657502
0.255745956625
0.242879397662
0.230893715999
0.219685706914
0.209170640105
0.199278182583
0.189949371735
0.181134333097
0.172790535255
0.164881438255
0.157375434488
0.15024500983
0.143466072707
0.13701741261
0.130880259447
0.125037922202
0.119475490522
0.114179586639
0.109138157877
0.104340302113
0.0997761201638
0.0954365903318
0.0913134612685
0.0873991600897
0.0836867132361
0.080169678049
0.0768420833921
0.0736983779471
0.070733385046
0.0679422630961
0.0653204708101
0.0628637365795
0.0605680314378
0.0584295451444
0.0564446649939
0.0546099570127
0.0529221492602
0.0513781169876
0.0499748694478
0.0487095381777
0.0475793665984
0.0465817008033
0.0457139814191
0.0449737364426
0.0443585749669
0.0438661817256
0.0434943123887
0.0432407895554
0.0431034993947
0.0430803888915
0.043169463659
0.0433687862862
0.0436764751896
0.0440907039441
0.0446097010702
0.0452317502586
0.0459551910134
0.0467784197024
0.0476998910007
0.0487181197216
0.0498316830277
0.0510392230223
0.0523394497229
0.0537311444235
0.0552131634584
0.0567844423837
0.058444000602
0.0601909464591
0.0620244828525
0.0639439133982
0.065948649212
0.0680382163721
0.0702122641407
0.0724705740339
0.0748130698439
0.0772398287289
0.0797510935041
0.0823472862832
0.0850290236356
0.0877971334484
0.0906526737024
0.0935969533952
0.0966315558769
0.0997583648926
0.102979593668
0.106297817421
0.109716009729
0.113237583271
0.116866435515
0.120607000046
0.124464304362
0.128444035096
0.132552611842
0.136797271029
0.141186161548
0.145728454314
0.150434468387
0.155315816986
0.160385577528
0.165658490962
0.171151197038
0.176882514077
0.182873774227
0.189149228544
0.195736540681
0.202667394074
0.209978245955
0.21771127335
0.225915572958
0.234648701051
0.243978674923
0.253986610274
0.264770249051
0.276448756335
0.289169360576
0.303116726274
0.318526463039
0.335705024726
0.35505964029
0.377144032925
0.402728011962
0.432896248049
0.469139666119
0.513112766924
0.563942697525
0.604225120533
0.592550927104
0.542339488504
0.491218967214
0.448029264158
0.412051832317
0.38160276695
0.355341404369
0.332310071816
0.311828401753
0.293404423314
0.276674296434
0.261362912646
0.24725798809
0.234192714875
0.222033890338
0.21067361705
0.200023379426
0.190009735631
0.180571129528
0.171655493938
0.16321842268
0.155221758053
0.147632486178
0.140421863624
0.133564719909
0.12703889531
0.120824783858
0.114904958899
0.10926386408
0.103887556574
0.0987634923825
0.0938803457526
0.0892278564552
0.0847966999544
0.0805783765047
0.0765651159846
0.0727497958837
0.0691258703395
0.0656873085039
0.0624285408201
0.05934441204
0.0564301400062
0.0536812793868
0.0510936896826
0.0486635069321
0.0463871186334
0.0442611414705
0.0422824014987
0.0404479164911
0.0387548801925
0.0372006482644
0.0357827257339
0.0344987557848
0.0333465097527
0.0323238782027
0.0314288629854
0.0306595701791
0.0300142038381
0.029491060477
0.0290885242278
0.0288050626158
0.0286392229038
0.0285896289604
0.0286549786129
0.0288340414479
0.0291256570257
0.0295287334793
0.0300422464668
0.030665238454
0.031396818299
0.032236161119
0.0331825084151
0.0342351684376
0.0353935167717
0.0366569971304
0.0380251223377
0.0394974754935
0.0410737113107
0.042753557621
0.0445368170472
0.0464233688493
0.0484131709517
0.0505062621698
0.052702764661
0.0550028866321
0.0574069253472
0.0599152704923
0.0625284079631
0.0652469241624
0.0680715109058
0.0710029710582
0.0740422250435
0.0771903183956
0.0804484305498
0.0838178851013
0.0873001618011
0.0908969105966
0.094609968075
0.0984413767238
0.102393407483
0.106468586139
0.110669724204
0.114999955002
0.119462775828
0.124062097173
0.128802300165
0.133688303607
0.138725642201
0.143920557897
0.149280106638
0.154812283277
0.160526168047
0.166432098712
0.172541873556
0.178868991663
0.185428938659
0.192239528397
0.199321314141
0.206698087007
0.214397485162
0.222451745322
0.230898639285
0.23978265438
0.249156499902
0.259083055924
0.269637932244
0.280912883855
0.293020452315
0.306100399365
0.320328822978
0.33593139312
0.353203095649
0.372538570787
0.394480221272
0.41979683283
0.449614408373
0.485626296761
0.530330547775
0.586346077444
0.64636054101
0.655818954682
0.59894365739
0.538403053333
0.489253969555
0.449538332383
0.416576035241
0.388501438059
0.364078939996
0.342472956838
0.323099968943
0.305539542853
0.289480216643
0.274685631083
0.260972653854
0.248196818895
0.236242365203
0.225015252274
0.214438153738
0.204446797733
0.194987244339
0.186013827957
0.177487580071
0.169375004661
0.161647116377
0.1542786771
0.147247584155
0.140534375753
0.134121827971
0.127994623927
0.122139080353
0.116542920213
0.111195082495
0.106085562266
0.101205275495
0.0965459442849
0.0920999990156
0.0878604945722
0.0838210383715
0.0799757283128
0.07631909912
0.0728460758097
0.0695519332359
0.0664322608404
0.0634829318792
0.0607000765154
0.058080058262
0.0556194533429
0.053315032601
0.0511637456416
0.0491627069427
0.0473091837032
0.0456005852305
0.0440344536981
0.0426084561237
0.0413203774395
0.0401681145404
0.03914967121
0.0382631538356
0.0375067678309
0.0368788146969
0.0363776896522
0.0360018797751
0.0357499626002
0.0356206051187
0.0356125631328
0.03572468092
0.0359558911624
0.0363052151012
0.0367717628778
0.0373547340245
0.0380534180706
0.0388671952333
0.0397955371632
0.0408380077192
0.0419942637505
0.0432640558666
0.0446472291816
0.0461437240244
0.0477535766109
0.0494769196814
0.0513139831145
0.0532650945369
0.0553306799555
0.0575112644532
0.0598074729963
0.0622200314187
0.0647497676598
0.0673976133523
0.0701646058702
0.0730518909728
0.0760607262
0.0791924852012
0.0824486632098
0.0858308839077
0.0893409079595
0.0929806435404
0.0967521592266
0.100657699667
0.104699704523
0.108880831211
0.113203982083
0.117672336738
0.122289390264
0.127058998322
0.131985430074
0.137073430133
0.142328290805
0.147755936117
0.153363019256
0.15915703528
0.165146451168
0.171340855491
0.17775113026
0.184389647637
0.191270494399
0.198409726976
0.205825659559
0.213539186863
0.221574141225
0.229957679863
0.238720691137
0.247898195823
0.257529696444
0.267659386863
0.278336061482
0.289612433783
0.30154334256
0.314181912024
0.327572002991
0.341734031098
0.356639157416
0.372163867266
0.388014079839
0.403610368505
0.417949218744
0.429527012553
0.436526609796
0.437443391272
0.431889709912
0.420841900443
0.406054877311
0.389262677698
0.371753654976
0.354331678538
0.337438073177
0.321284588973
0.305950413532
0.2914429635
0.277733294879
0.264775897794
0.252519427007
0.240912318961
0.229905571102
0.219453968146
0.209516474189
0.200056191043
0.191040104627
0.182438741125
0.174225798407
0.166377786687
0.158873694779
0.15169468859
0.144823843242
0.138245907515
0.13194709801
0.125914919951
0.120138011497
0.114606008587
0.109309427597
0.104239563415
0.0993884007937
0.0947485371657
0.0903131153221
0.0860757645974
0.0820305493939
0.0781719240456
0.0744946931679
0.0709939767637
0.0676651794602
0.0645039633432
0.0615062239308
0.0586680688953
0.0559857991961
0.0534558923353
0.0510749874889
0.0488398722982
0.0467474711384
0.0447948347064
0.0429791307888
0.0412976360932
0.0397477290386
0.0383268834156
0.0370326628391
0.0358627159243
0.0348147721271
0.0338866381954
0.0330761951843
0.0323813959953
0.0318002634
0.031330888516
0.0309714297036
0.0307201118563
0.0305752260584
0.0305351295862
0.0305982462309
0.0307630669229
0.0310281506378
0.0313921255678
0.0318536905412
0.0324116166776
0.0330647492647
0.0338120098484
0.0346523985263
0.0355849964416
0.0366089684742
0.0377235661307
0.0389281306397
0.0402220962608
0.0416049938248
0.0430764545224
0.0446362139717
0.0462841165943
0.0480201203443
0.0498443018355
0.0517568619272
0.053758131833
0.0558485798322
0.0580288186702
0.060299613749
0.0626618922229
0.065116753126
0.0676654786787
0.0703095469352
0.0730506459565
0.0758906897169
0.0788318359781
0.0818765063984
0.0850274091791
0.0882875645953
0.0916603338112
0.0951494514394
0.0987590623832
0.102493763589
0.106358651449
0.110359375736
0.114502201118
0.118794077505
0.123242720764
0.127856705655
0.132645573242
0.137619955599
0.142791721278
0.148174145867
0.153782113111
0.159632353497
0.165743729144
0.172137576367
0.178838120674
0.185872983576
0.193273806841
0.201077028552
0.209324857486
0.218066509683
0.227359796021
0.237273186252
0.247888529442
0.259304693449
0.271642513691
0.28505164213
0.299720208127
0.315888721795
0.333870490629
0.354082139322
0.377089639001
0.403676381743
0.43493213152
0.472298068104
0.517111486766
0.567017948108
0.600969318353
0.582903779525
0.533774877126
0.485390258659
0.444458400686
0.410222363963
0.381164085061
0.35606310261
0.334035903482
0.314447700241
0.296835302723
0.280853637477
0.266240212623
0.252791460816
0.240346741383
0.228777306361
0.217978534379
0.207864357186
0.198363186503
0.189414887181
0.180968493184
0.172980459828
0.165413309161
0.158234567678
0.151415924315
0.144932556416
0.138762585265
0.132886632562
0.127287456349
0.121949649974
0.116859391555
0.112004234156
0.107372929066
0.102955276152
0.0987419965206
0.0947246236482
0.0908954099164
0.0872472460417
0.0837735913716
0.080468413376
0.077326134958
0.0743415884433
0.071509975301
0.0688268308006
0.0662879929391
0.0638895750763
0.0616279417999
0.0594996876167
0.0575016181221
0.0556307333505
0.0538842130501
0.0522594036602
0.0507538067981
0.0493650690847
0.0480909731635
0.0469294297782
0.0458784707963
0.0449362430711
0.0441010030522
0.0433711120582
0.0427450321377
0.0422213224477
0.0417986360887
0.0414757173381
0.0412513992308
0.0411246014388
0.0410943284089
0.0411596677181
0.0413197886151
0.0415739407157
0.0419214528305
0.0423617319006
0.0428942620294
0.043518603597
0.0442343924535
0.0450413391914
0.0459392285029
0.0469279186349
0.0480073409609
0.0491774996954
0.0504384717857
0.0517904070203
0.0532335284053
0.0547681328653
0.0563945923374
0.0581133553337
0.0599249490599
0.0618299821866
0.0638291483832
0.0659232307328
0.0681131071633
0.0703997570395
0.0727842690782
0.0752678507613
0.0778518394409
0.0805377153477
0.0833271167322
0.0862218573947
0.0892239468797
0.0923356136439
0.0955593315345
0.0988978499559
0.102354228146
0.105931874033
0.109634588213
0.113466613653
0.117432691835
0.121538126142
0.125788853455
0.130191525083
0.134753598348
0.139483440442
0.144390446453
0.149485173878
0.154779496418
0.160286780451
0.166022088296
0.17200241329
0.178246952705
0.184777425825
0.191618445844
0.198797955769
0.206347739902
0.214304023352
0.222708171647
0.231607499035
0.241056184326
0.251116270407
0.261858674895
0.273364038471
0.285723031571
0.299035321429
0.313405549848
0.328932940429
0.345687667761
0.363660349965
0.382659179731
0.40211455239
0.420759415811
0.436283741885
0.445461227301
0.445520760674
0.436189477281
0.419931942351
0.400039118563
0.379023902505
0.358321977514
0.338604956296
0.320118876386
0.302900475055
0.286893201761
0.272004747179
0.258134191917
0.245184108052
0.233065390897
0.22169866126
0.211014114663
0.200950727191
0.191455252356
0.182481209526
0.173987949688
0.165939828719
0.158305492133
0.151057263774
0.144170626637
0.137623783142
0.131397282913
0.125473707437
0.119837402447
0.114474250285
0.109371475762
0.10451748012
0.0999016986053
0.0955144779396
0.0913469706019
0.0873910433552
0.0836391978818
0.0800845017462
0.0767205281935
0.0735413035325
0.0705412610512
0.0677152005768
0.0650582529279
0.0625658486214
0.0602336902899
0.0580577283465
0.0560341394956
0.0541593077508
0.05242980766
0.0508423894825
0.0493939660925
0.0480816014141
0.0469025002118
0.0458539990863
0.0449335585347
0.0441387559554
0.043467279484
0.0429169225596
0.0424855791283
0.0421712393984
0.0419719860666
0.0418859909426
0.041911511901
0.0420468900968
0.042290547383
0.0426409838741
0.0430967756035
0.0436565722251
0.0443190947173
0.0450831330513
0.0459475437889
0.0469112475852
0.0479732265764
0.0491325216402
0.0503882295254
0.0517394998591
0.0531855320457
0.0547255720888
0.0563589093762
0.0580848734849
0.0599028310761
0.0618121829681
0.0638123614939
0.0659028282656
0.0680830724937
0.0703526100249
0.07271098329
0.075157762373
0.0776925474374
0.0803149727731
0.0830247127467
0.0858214899662
0.0887050859928
0.0916753549542
0.094732240435
0.0978757960373
0.101106210019
0.104423834434
0.107829219205
0.111323151566
0.114906701337
0.118581272475
0.122348661385
0.126211122491
0.130171441602
0.134233017671
0.138399953657
0.142677157309
0.147070452927
0.15158670543
0.156233958437
0.161021588636
0.165960479392
0.171063217514
0.176344318359
0.18182048608
0.187510918036
0.193437665313
0.199626065174
0.206105266639
0.212908877649
0.220075772512
0.227651112782
0.235687655647
0.244247454649
0.253404103916
0.263245748318
0.273879194565
0.285435641195
0.298078852529
0.312017136518
0.327521458639
0.344953881774
0.364814289991
0.387821568918
0.415065008261
0.44831412571
0.490738839402
0.548929344998
0.640632411423
0.849439350601
0.73789013082
0.594290572972
0.516516620391
0.462913646048
0.421892911465
0.388606321891
0.36056597687
0.336325821834
0.314971263984
0.295887281626
0.278640574564
0.262914468749
0.248470561775
0.235124926916
0.222732712247
0.211177815324
0.200365750749
0.190218595274
0.180671324672
0.171669106922
0.16316526731
0.15511973506
0.147497841181
0.140269376586
0.133407845848
0.12688986994
0.120694703791
0.114803843253
0.109200702441
0.103870346932
0.0987992717024
0.0939752151706
0.0893870026031
0.0850244135542
0.0808780691138
0.076939335573
0.0732002417798
0.0696534079705
0.0662919842679
0.063109597365
0.0601003041691
0.0572585513909
0.0545791402318
0.0520571954605
0.0496881382806
0.047467662485
0.0453917134671
0.0434564697232
0.0416583265314
0.0399938815364
0.0384599220065
0.0370534135597
0.035771490181
0.0346114453755
0.0335707243215
0.032646916902
0.0318377515089
0.0311410895249
0.0305549203994
0.0300773572438
0.0297066328807
0.0294410962877
0.0292792093862
0.0292195441289
0.0292607798491
0.0294017008388
0.0296411941295
0.0299782474546
0.0304119473789
0.0309414775856
0.0315661173174
0.0322852399731
0.0330983118688
0.0340048911771
0.0350046270637
0.0360972590483
0.0372826166231
0.0385606191662
0.0399312761972
0.0413946880278
0.0429510468666
0.0446006384469
0.0463438442518
0.0481811444225
0.050113121439
0.0521404646799
0.0542639759684
0.0564845762324
0.0588033134107
0.0612213717548
0.0637400826912
0.0663609374218
0.0690856014657
0.071915931361
0.0748539937774
0.0779020873169
0.0810627673178
0.0843388740217
0.0877335645124
0.0912503489046
0.0948931313321
0.0986662563853
0.102574561763
0.106623438053
0.110818896729
0.115167647698
0.11967718799
0.124355903577
0.129213186735
0.134259571981
0.139506894338
0.144968474686
0.150659338211
0.15659647362
0.162799143042
0.169289255429
0.176091820331
0.18323550434
0.190753320082
0.198683488284
0.207070528554
0.215966656507
0.225433597213
0.235544973695
0.246389504106
0.258075359303
0.270736223684
0.284539921205
0.299701019617
0.316499815867
0.335311964299
0.356656681243
0.381279143027
0.410299819687
0.445504047032
0.489942894486
0.549179996496
0.631894355728
0.704148916414
0.632306417921
0.548265038298
0.48774535092
0.442137579083
0.405838010657
0.375773065776
0.350146764219
0.327833911667
0.308087599152
0.290388449557
0.274361494339
0.259727575355
0.246273490522
0.233832871657
0.222273493754
0.211488592232
0.201390763788
0.1919075825
0.182978384481
0.174551867032
0.166584267157
0.159037959758
0.151880364846
0.145083085674
0.138621221788
0.132472816188
0.126618406489
0.12104065758
0.115724058729
0.110654672149
0.105819922952
0.10120842268
0.0968098202528
0.0926146754692
0.0886143511612
0.084800920889
0.0811670896442
0.0777061255038
0.0744118005538
0.071278339692
0.0683003761653
0.0654729128837
0.062791288712
0.0602511490678
0.0578484202566
0.0555792870614
0.0534401731753
0.0514277241215
0.0495387923565
0.0477704242894
0.0461198489872
0.0445844683596
0.0431618486459
0.0418497130414
0.0406459353214
0.0395485343332
0.0385556692406
0.0376656354147
0.0368768608757
0.0361879031993
0.0355974468075
0.0351043005727
0.0347073956703
0.0344057836212
0.0341986344731
0.0340852350749
0.034064987405
0.0341374069217
0.0343021209096
0.0345588668008
0.0349074904606
0.0353479444295
0.0358802861222
0.0365046759915
0.0372213756711
0.0380307461177
0.038933245782
0.0399294288421
0.0410199435431
0.0422055306922
0.0434870223653
0.0448653408929
0.0463414981942
0.0479165955448
0.0495918238647
0.0513684646291
0.0532478915102
0.0552315728735
0.057321075261
0.059518068011
0.0618243291784
0.0642417529377
0.0667723586719
0.0694183019736
0.0721818878122
0.0750655861533
0.0780720503518
0.0812041386852
0.084464939444
0.087857800056
0.0913863607946
0.0950545937074
0.0988668475067
0.10282789929
0.106943014119
0.111218013667
0.115659355406
0.120274224083
0.125070637621
0.130057570071
0.135245094838
0.140644552215
0.146268746258
0.15213217743
0.158251319163
0.164644948893
0.171334547312
0.178344783899
0.185704112794
0.193445511398
0.201607405899
0.210234844842
0.219381006676
0.22910916411
0.239495284315
0.250631531567
0.262631079083
0.275634867876
0.289821344881
0.305420912711
0.322738124844
0.342187213818
0.364351889369
0.390092481514
0.420753971514
0.458615739506
0.508024071369
0.579009336987
0.705326747324
0.944737088666
0.656540206738
0.552722746393
0.488748344635
0.442368833095
0.405941202434
0.375925035659
0.350389685288
0.328166490189
0.30849449139
0.290850704008
0.274860413192
0.26024610217
0.246796623792
0.234347690892
0.222769038172
0.211955692419
0.201821867954
0.192296593557
0.18332051318
0.174843501713
0.166822858828
0.159221920648
0.152008978535
0.1451564271
0.138640085655
0.132438652569
0.126533262607
0.12090712495
0.115545224993
0.110434077038
0.105561517924
0.100916533835
0.0964891142033
0.0922701278583
0.0882512175879
0.0844247099945
0.0807835381456
0.0773211749708
0.0740315757317
0.0709091281829
0.06794860928
0.0651451474814
0.0624941898465
0.0599914732584
0.0576329992033
0.0554150116258
0.0533339774483
0.0513865694019
0.0495696508672
0.0478802624617
0.0463156101474
0.0448730546617
0.0435501020969
0.04234439548
0.0412537072176
0.0402759322904
0.0394090820959
0.0386512788474
0.0380007504518
0.0374558257981
0.0370149303961
0.0366765823159
0.0364393883854
0.0363020406114
0.0362633127968
0.0363220573354
0.0364772021702
0.0367277479109
0.0370727651119
0.037511391719
0.0380428307017
0.0386663478927
0.0393812700653
0.0401869832858
0.041082931585
0.0420686159997
0.0431435940441
0.0443074796754
0.045559943827
0.0469007155881
0.0483295841166
0.0498464013779
0.0514510858073
0.0531436270037
0.0549240915613
0.05679263016
0.0587494860311
0.0607950049288
0.0629296467348
0.0651539988346
0.0674687914048
0.0698749147599
0.0723734389107
0.0749656354984
0.0776530022775
0.0804372903364
0.0833205342639
0.0863050854964
0.089393649114
0.092589324402
0.0958956495493
0.0993166509363
0.10285689756
0.106521561275
0.11031648368
0.114248250701
0.118324276155
0.122552895932
0.126943474821
0.131506528547
0.136253864251
0.141198743487
0.146356072944
0.1517426295
0.157377328143
0.16328154374
0.169479501032
0.175998751749
0.182870763956
0.190131657485
0.19782313153
0.205993648215
0.214699961744
0.22400912139
0.234001135385
0.244772574717
0.256441543335
0.269154685199
0.28309731631
0.298508514099
0.315704385698
0.335115475577
0.357350041446
0.383308098832
0.414404438
0.453055022063
0.503915012132
0.577878644754
0.711800921776
0.832698695822
0.626548867605
0.531854671099
0.471164379914
0.426503786402
0.391171789475
0.361950721294
0.337049474239
0.315369069011
0.29618687234
0.279002437726
0.263454929236
0.249275633193
0.236259068831
0.224244592248
0.213104230145
0.202734372657
0.193049944311
0.183980216268
0.175465735089
0.167456029166
0.159907868124
0.152783922781
0.146051720137
0.139682818889
0.133652152089
0.127937498019
0.122519050548
0.117379067509
0.1125015808
0.107872155803
0.103477690507
0.0993062468277
0.0953469082666
0.0915896592039
0.0880252821201
0.0846452697316
0.0814417496101
0.0784074193034
0.0755354903284
0.0728196396914
0.0702539678218
0.0678329619832
0.0655514643817
0.0634046443071
0.0613879737468
0.0594972059913
0.0577283568201
0.0560776879135
0.0545416921807
0.0531170807392
0.0518007713096
0.0505898778225
0.0494817010578
0.0484737201581
0.0475635848782
0.0467491084494
0.046028260952
0.0453991631038
0.0448600803859
0.0444094174376
0.0440457126641
0.0437676330109
0.0435739688694
0.0434636290855
0.0434356360554
0.0434891208976
0.0436233187007
0.0438375638549
0.0441312854791
0.0445040029676
0.0449553216827
0.0454849288285
0.0460925895472
0.0467781432826
0.047541500465
0.0483826395722
0.0493016046296
0.050298503216
0.0513735050436
0.0525268411888
0.0537588040506
0.0550697481183
0.0564600916335
0.0579303192344
0.0594809856739
0.061112720704
0.0628262352254
0.0646223288016
0.0665018986405
0.0684659501521
0.0705156091924
0.0726521361133
0.0748769417394
0.0771916054072
0.0795978952085
0.082097790597
0.0846935075342
0.0873875263743
0.0901826227195
0.0930819015149
0.0960888347024
0.0992073028166
0.102441640984
0.105796689887
0.109277852386
0.112891156636
0.116643326753
0.120541862315
0.124595128301
0.128812457472
0.13320426768
0.137782197239
0.142559262276
0.147550041063
0.152770891635
0.158240210808
0.163978745052
0.170009966807
0.176360534107
0.183060857195
0.190145803957
0.197655587422
0.205636895033
0.214144343303
0.223242377105
0.233007786919
0.243533101425
0.254931247043
0.267342086731
0.280941825674
0.295956935345
0.312685475562
0.331531091113
0.353059946489
0.378102083195
0.407946543937
0.444758249562
0.492609342775
0.56067621065
0.678159380008
0.964865365198
0.657360296065
0.548100981816
0.482003071879
0.434498805067
0.397386386991
0.366924607884
0.341092732882
0.318675371333
0.298884639724
0.281180717494
0.265177632185
0.250589898444
0.237200444474
0.224840386442
0.213375759556
0.202698519119
0.192720262382
0.183367740468
0.17457958107
0.16630385022
0.158496208052
0.151118493157
0.144137621472
0.137524719564
0.131254435022
0.125304382368
0.11965469387
0.114287652407
0.109187389162
0.104339632966
0.0997315011708
0.0953513241452
0.0911884972067
0.0872333550809
0.0834770649796
0.0799115351557
0.0765293363909
0.0733236343501
0.0702881311031
0.0674170144194
0.0647049136761
0.062146861413
0.0597382597269
0.0574748508226
0.0553526911429
0.0533681285876
0.0515177824
0.0497985253612
0.0482074679794
0.0467419444053
0.0453994998386
0.0441778792197
0.0430750170277
0.0420890280266
0.0412181988214
0.0404609801005
0.0398159794585
0.039281954703
0.0388578075624
0.0385425777225
0.0383354371273
0.0382356844888
0.0382427399603
0.0383561399312
0.0385755319121
0.0389006694827
0.0393314072825
0.0398676960295
0.0405095775581
0.0412571798719
0.0421107122137
0.0430704601594
0.0441367807469
0.0453100976592
0.0465908964828
0.0479797200711
0.0494771640476
0.0510838724896
0.0528005338426
0.054627877121
0.0565666684616
0.0586177081061
0.0607818278985
0.0630598894002
0.0654527827339
0.0679614262906
0.0705867674459
0.0733297844582
0.0761914897388
0.0791729347157
0.0822752165357
0.0854994868858
0.0888469632473
0.0923189429352
0.0959168203195
0.0996421076685
0.103496460109
0.107481705253
0.111599878096
0.115853261884
0.120244435681
0.124776329516
0.129452288029
0.134276143699
0.139252300862
0.144385831909
0.149682587241
0.155149320871
0.16079383385
0.166625138147
0.172653644144
0.178891375582
0.185352216677
0.192052197211
0.199009822772
0.20624645903
0.213786780964
0.221659300428
0.229896988085
0.238538008513
0.247626589261
0.257214044523
0.267359968504
0.278133595774
0.28961528173
0.301897955913
0.315088181186
0.329305977458
0.344681547162
0.361344838535
0.379399162754
0.398860226829
0.419523109554
0.440693041259
0.460723110222
0.476529887361
0.483980723611
0.480272449925
0.466461088031
0.44643274038
0.4239496622
0.401334394647
0.379691276349
0.359430491084
0.340629671372
0.323224603181
0.307099617088
0.292127920647
0.278188430496
0.26517189744
0.252982294275
0.241536219011
0.230761569517
0.220596049947
0.210985745939
0.201883856311
0.193249601563
0.185047300768
0.177245597697
0.169816814578
0.162736412976
0.155982543692
0.14953567027
0.143378253294
0.137494484887
0.131870064728
0.126492010512
0.12134849703
0.11642871913
0.111722774657
0.107221564165
0.102916704756
0.0988004558501
0.0948656550718
0.0911056627231
0.0875143135775
0.0840858749203
0.080815009932
0.0776967456476
0.0747264448413
0.0718997812781
0.0692127178554
0.0666614872243
0.064242574535
0.0619527020015
0.0597888150177
0.0577480695964
0.0558278209276
0.0540256128845
0.0523391683241
0.0507663800511
0.0493053023323
0.0479541428648
0.0467112551134
0.0455751309497
0.0445443935334
0.0436177903896
0.0427941866455
0.0420725583978
0.0414519861925
0.040931648605
0.0405108159177
0.0401888438967
0.0399651676776
0.0398392957757
0.0398108042417
0.0398793309892
0.0400445703253
0.040306267722
0.0406642148688
0.0411182450528
0.0416682289183
0.0423140706603
0.0430557047133
0.0438930929998
0.0448262228087
0.0458551053791
0.0469797752686
0.0482002905916
0.0495167342173
0.0509292160226
0.0524378763006
0.0540428904286
0.0557444749067
0.0575428948819
0.059438473275
0.0614316016371
0.06352275286
0.0657124958762
0.0680015124831
0.0703906164349
0.0728807749493
0.0754731327861
0.0781690390634
0.0809700769916
0.0838780967232
0.0868952515424
0.0900240376513
0.0932673378543
0.0966284695021
0.100111237134
0.103719990354
0.107459687617
0.111335966743
0.11535522322
0.119524697596
0.123852573609
0.12834808914
0.133021662612
0.137885038154
0.142951453751
0.148235837746
0.153755040552
0.159528110425
0.165576624719
0.171925091581
0.178601441758
0.185637636748
0.193070428596
0.200942319579
0.209302788554
0.218209877984
0.227732276345
0.237952092771
0.248968618074
0.260903522614
0.273908200592
0.288174414693
0.303950188017
0.321564371983
0.341466241517
0.364292616983
0.39098899645
0.423046206935
0.46301309642
0.515771625352
0.592321370048
0.720251921881
0.741833495364
0.60284226194
0.521005297472
0.465248408987
0.423175047113
0.389446179176
0.361326619024
0.337237124531
0.316185743824
0.29750951476
0.280743780667
0.265550410105
0.2516757435
0.23892464216
0.227143775332
0.216210465261
0.206025012681
0.196505277434
0.187582764011
0.179199737497
0.171307061196
0.163862549925
0.156829698446
0.150176687227
0.143875596238
0.137901776851
0.132233345375
0.1268507712
0.121736539266
0.116874871485
0.112251495318
0.107853450374
0.103668925892
0.099687123495
0.0958981407212
0.0922928717877
0.0888629226766
0.0856005382174
0.0824985392474
0.0795502682809
0.0767495423857
0.0740906121875
0.0715681260976
0.0691770990055
0.0669128847945
0.0647711521365
0.0627478631032
0.060839254196
0.0590418194555
0.0573522953571
0.0557676472404
0.0542850570541
0.0529019122277
0.0516157955063
0.0504244756096
0.0493258985916
0.0483181798001
0.047399596346
0.0465685800096
0.0458237105218
0.0451637091704
0.0445874326917
0.044093867417
0.0436821236524
0.0433514302783
0.0431011295602
0.0429306721732
0.0428396124432
0.0428276038171
0.0428943945769
0.0430398238187
0.0432638177193
0.0435663861173
0.0439476194411
0.0444076860141
0.0449468297738
0.0455653684416
0.0462636921839
0.047042262803
0.0479016135029
0.0488423492727
0.049865147934
0.0509707618985
0.052160020687
0.0534338342585
0.0547931972039
0.0562391938606
0.0577730044071
0.0593959120007
0.0611093110269
0.062914716535
0.0648137749415
0.066808276092
0.0689001667828
0.0710915658592
0.0733847810202
0.0757823274836
0.0782869486864
0.0809016392283
0.0836296703003
0.0864746178852
0.0894403940719
0.0925312818884
0.0957519741412
0.0991076168426
0.102603857932
0.106246902136
0.110043573005
0.114001383368
0.118128615744
0.122434414586
0.126928892661
0.131623254432
0.13652993999
0.141662794004
0.147037265276
0.152670644032
0.15858234604
0.164794255273
0.171331140384
0.178221165023
0.18549651861
0.193194203329
0.201357025985
0.210034861808
0.219286284173
0.229180693883
0.239801141683
0.251248130032
0.263644825739
0.277144350103
0.291940202722
0.308281538445
0.326496177371
0.347026304625
0.370485562393
0.397752710812
0.430125555217
0.469548663533
0.518707930639
0.578694291685
0.628275123365
0.605168159754
0.543810875581
0.489222614506
0.445404679958
0.409751169903
0.379980696371
0.354542746075
0.332396526815
0.312825182753
0.295319248524
0.279505780525
0.265104518705
0.25189998576
0.239723191302
0.228439290918
0.217939044817
0.208132767643
0.198945952947
0.190316049302
0.182190044915
0.174522630523
0.167274782982
0.160412659675
0.153906725793
0.147731058373
0.141862786064
0.136281634265
0.130969552892
0.125910409518
0.121089734691
0.116494509222
0.112112985467
0.107934536338
0.103949527069
0.100149205753
0.0965256094556
0.0930714832991
0.0897802104168
0.0866457510259
0.0836625891947
0.0808256861148
0.0781304388885
0.0755726440036
0.0731484648006
0.0708544023455
0.0686872692131
0.0666441657603
0.0647224585327
0.0629197605013
0.0612339128708
0.0596629682394
0.0582051749241
0.056858962292
0.0556229269632
0.0544958197726
0.0534765333949
0.0525640905543
0.0517576327532
0.0510564094679
0.0504597677691
0.0499671423357
0.0495780458381
0.0492920596772
0.0491088250703
0.0490280344847
0.0490494234241
0.0491727625825
0.0493978503829
0.0497245059284
0.0501525623987
0.0506818609302
0.0513122450288
0.0520435555694
0.0528756264452
0.0538082809381
0.0548413288923
0.0559745647787
0.0572077667522
0.0585406968101
0.0599731021714
0.0615047180074
0.0631352716623
0.0648644885124
0.0666920996211
0.0686178513544
0.0706415171271
0.0727629114554
0.0749819064943
0.0772984512401
0.0797125935763
0.0822245053412
0.0848345105916
0.0875431172328
0.0903510521841
0.0932593002471
0.0962691468487
0.0993822248402
0.102600565555
0.105926654362
0.109363491003
0.112914655079
0.116584377162
0.120377616153
0.124300143697
0.128358636739
0.132560779616
0.136915377515
0.141432483682
0.146123543441
0.151001558977
0.156081279978
0.161379426695
0.166914953883
0.172709366631
0.178787102409
0.185175998209
0.191907867863
0.199019223192
0.206552184846
0.214555646064
0.223086778131
0.232213004241
0.242014626356
0.252588379863
0.264052335383
0.27655280573
0.290274323625
0.305454480151
0.322406761215
0.341557164333
0.363505917396
0.389138175312
0.419838984091
0.457957162057
0.507965197626
0.580077312972
0.706376198
0.813827549116
0.630997739095
0.537508367445
0.476813496626
0.431985195936
0.3964616131
0.367052315713
0.341971905467
0.320122025213
0.300779408324
0.283442734636
0.267750328913
0.253432734691
0.240283825567
0.228142394291
0.216879970271
0.206392498724
0.19659450113
