2.80053757962e-17
4.68192312268e-07
1.87276854026e-06
4.21372655767e-06
7.49106282063e-06
1.17047723676e-05
1.68548488193e-05
2.29412843785e-05
2.99640698301e-05
3.79231945407e-05
4.68186464583e-05
5.66504121127e-05
6.74184766143e-05
7.91228236547e-05
9.17634355056e-05
0.000105340293019
0.000119853375627
0.00013530266134
0.000151688126749
0.000169009747021
0.000187267495904
0.000206461345721
0.000226591267373
0.000247657230338
0.000269659202667
0.000292597150989
0.000316471040508
0.000341280834997
0.000367026496809
0.000393707986862
0.000421325264652
0.000449878288243
0.000479367014267
0.000509791397929
0.000541151392999
0.000573446951817
0.000606678025288
0.000640844562881
0.000675946512633
0.000711983821141
0.000748956433566
0.000786864293631
0.000825707343618
0.000865485524369
0.000906198775282
0.000947847034315
0.000990430237979
0.00103394832134
0.00107840121802
0.00112378886018
0.00117011117855
0.00121736810241
0.00126555955956
0.00131468547637
0.00136474577775
0.00141574038716
0.00146766922659
0.00152053221657
0.00157432927618
0.00162906032303
0.00168472527326
0.00174132404156
0.00179885654115
0.00185732268376
0.00191672237966
0.00197705553767
0.0020383220651
0.00210052186781
0.00216365485016
0.00222772091506
0.0022927199639
0.00235865189661
0.00242551661165
0.00249331400595
0.00256204397498
0.00263170641271
0.00270230121163
0.00277382826271
0.00284628745543
0.00291967867779
0.00299400181626
0.00306925675583
0.00314544337996
0.00322256157061
0.00330061120824
0.00337959217179
0.00345950433868
0.0035403475848
0.00362212178456
0.0037048268108
0.00378846253486
0.00387302882656
0.00395852555416
0.00404495258442
0.00413230978255
0.00422059701221
0.00430981413555
0.00439996101314
0.00449103750402
0.00458304346571
0.00467597875413
0.00476984322368
0.00486463672719
0.00496035911593
0.00505701023962
0.0051545899464
0.00525309808284
0.00535253449396
0.00545289902319
0.00555419151237
0.0056564118018
0.00575955973016
0.00586363513456
0.00596863785052
0.00607456771197
0.00618142455123
0.00628920819904
0.00639791848452
0.00650755523521
0.00661811827703
0.00672960743428
0.00684202252965
0.00695536338422
0.00706962981744
0.00718482164713
0.00730093868951
0.00741798075913
0.00753594766893
0.00765483923021
0.00777465525262
0.00789539554416
0.00801705991119
0.00813964815842
0.0082631600889
0.00838759550402
0.0085129542035
0.0086392359854
0.0087664406461
0.00889456798032
0.00902361778109
0.00915358983975
0.00928448394598
0.00941629988774
0.00954903745131
0.00968269642128
0.00981727658051
0.00995277771019
0.0100891995898
0.010226541997
0.0103648047079
0.0105039874968
0.0106440901363
0.0107851123971
0.0109270540485
0.0110699148578
0.0112136945906
0.0113583930109
0.0115040098807
0.0116505449603
0.0117979980086
0.0119463687822
0.0120956570363
0.0122458625241
0.0123969849973
0.0125490242054
0.0127019798966
0.0128558518169
0.0130106397107
0.0131663433207
0.0133229623874
0.01348049665
0.0136389458455
0.0137983097093
0.0139585879748
0.0141197803737
0.0142818866358
0.0144449064891
0.0146088396598
0.0147736858722
0.0149394448486
0.0151061163097
0.0152736999742
0.0154421955589
0.0156116027788
0.0157819213471
0.0159531509749
0.0161252913715
0.0162983422444
0.0164723032991
0.0166471742393
0.0168229547666
0.0169996445809
0.01717724338
0.0173557508599
0.0175351667146
0.0177154906363
0.017896722315
0.0180788614389
0.0182619076945
0.0184458607657
0.0186307203352
0.0188164860831
0.0190031576879
0.0191907348261
0.0193792171719
0.0195686043979
0.0197588961744
0.01995009217
0.020142192051
0.0203351954818
0.0205291021248
0.0207239116405
0.020919623687
0.0211162379209
0.0213137539961
0.0215121715651
0.0217114902779
0.0219117097827
0.0221128297254
0.02231484975
0.0225177694984
0.0227215886103
0.0229263067236
0.0231319234736
0.0233384384941
0.0235458514163
0.0237541618696
0.0239633694811
0.0241734738758
0.0243844746765
0.0245963715042
0.0248091639773
0.0250228517124
0.0252374343237
0.0254529114233
0.0256692826213
0.0258865475253
0.0261047057411
0.0263237568719
0.0265437005191
0.0267645362816
0.0269862637562
0.0272088825374
0.0274323922177
0.0276567923871
0.0278820826336
0.0281082625427
0.028335331698
0.0285632896804
0.0287921360689
0.0290218704401
0.0292524923683
0.0294840014255
0.0297163971815
0.0299496792037
0.0301838470572
0.030418900305
0.0306548385075
0.0308916612229
0.0311293680071
0.0313679584135
0.0316074319933
0.0318477882954
0.0320890268662
0.0323311472498
0.0325741489879
0.0328180316197
0.0330627946824
0.0333084377104
0.0335549602358
0.0338023617883
0.0340506418953
0.0342998000817
0.0345498358699
0.0348007487799
0.0350525383292
0.035305204033
0.0355587454039
0.0358131619521
0.0360684531853
0.0363246186086
0.0365816577249
0.0368395700343
0.0370983550345
0.0373580122207
0.0376185410856
0.0378799411194
0.0381422118095
0.0384053526412
0.0386693630969
0.0389342426565
0.0391999907974
0.0394666069945
0.0397340907198
0.0400024414431
0.0402716586314
0.0405417417491
0.040812690258
0.0410845036172
0.0413571812833
0.0416307227102
0.0419051273492
0.0421803946489
0.0424565240552
0.0427335150113
0.043011366958
0.043290079333
0.0435696515716
0.0438500831063
0.0441313733669
0.0444135217805
0.0446965277714
0.0449803907612
0.0452651101688
0.0455506854104
0.0458371158992
0.0461244010459
0.0464125402583
0.0467015329414
0.0469913784975
0.047282076326
0.0475736258235
0.0478660263838
0.048159277398
0.0484533782541
0.0487483283375
0.0490441270307
0.0493407737131
0.0496382677617
0.0499366085501
0.0502357954495
0.0505358278278
0.0508367050502
0.0511384264791
0.0514409914737
0.0517443993905
0.0520486495829
0.0523537414016
0.052659674194
0.0529664473048
0.0532740600757
0.0535825118454
0.0538918019495
0.0542019297208
0.0545128944888
0.0548246955804
0.0551373323192
0.0554508040258
0.0557651100177
0.0560802496097
0.056396222113
0.0567130268362
0.0570306630846
0.0573491301604
0.0576684273629
0.0579885539881
0.058309509329
0.0586312926755
0.0589539033142
0.0592773405287
0.0596016035996
0.059926691804
0.0602526044162
0.060579340707
0.0609068999444
0.0612352813928
0.0615644843136
0.0618945079651
0.0622253516023
0.0625570144769
0.0628894958373
0.063222794929
0.063556910994
0.0638918432709
0.0642275909953
0.0645641533995
0.0649015297124
0.0652397191597
0.0655787209636
0.0659185343433
0.0662591585144
0.0666005926893
0.0669428360771
0.0672858878834
0.0676297473107
0.0679744135578
0.0683198858204
0.0686661632907
0.0690132451575
0.0693611306062
0.0697098188188
0.070059308974
0.0704096002468
0.0707606918091
0.071112582829
0.0714652724714
0.0718187598977
0.0721730442657
0.0725281247298
0.0728840004409
0.0732406705465
0.0735981341904
0.073956390513
0.0743154386512
0.0746752777382
0.0750359069039
0.0753973252745
0.0757595319725
0.0761225261172
0.0764863068239
0.0768508732046
0.0772162243675
0.0775823594175
0.0779492774555
0.0783169775791
0.078685458882
0.0790547204544
0.0794247613829
0.0797955807503
0.0801671776357
0.0805395511148
0.0809127002593
0.0812866241374
0.0816613218135
0.0820367923483
0.0824130347987
0.0827900482181
0.0831678316559
0.0835463841579
0.083925704766
0.0843057925187
0.0846866464501
0.0850682655912
0.0854506489686
0.0858337956056
0.0862177045213
0.0866023747312
0.086987805247
0.0873739950763
0.0877609432232
0.0881486486876
0.0885371104659
0.0889263275503
0.0893162989293
0.0897070235875
0.0900985005056
0.0904907286602
0.0908837070243
0.0912774345668
0.0916719102527
0.092067133043
0.0924631018948
0.0928598157613
0.0932572735917
0.0936554743312
0.0940544169209
0.0944541002982
0.0948545233963
0.0952556851443
0.0956575844676
0.0960602202872
0.0964635915204
0.0968676970802
0.0972725358758
0.0976781068121
0.0980844087901
0.0984914407066
0.0988992014544
0.0993076899223
0.0997169049948
0.100126845552
0.100537510472
0.100948898625
0.101361008879
0.1017738401
0.102187391147
0.102601660874
0.103016648135
0.103432351776
0.103848770641
0.104265903568
0.104683749393
0.105102306946
0.105521575053
0.105941552536
0.106362238214
0.106783630901
0.107205729405
0.107628532532
0.108052039084
0.108476247855
0.108901157641
0.109326767228
0.1097530754
0.110180080937
0.110607782616
0.111036179205
0.111465269472
0.11189505218
0.112325526087
0.112756689946
0.113188542507
0.113621082515
0.11405430871
0.11448821983
0.114922814606
0.115358091765
0.115794050031
0.116230688123
0.116668004755
0.117105998638
0.117544668476
0.117984012972
0.118424030822
0.118864720718
0.119306081349
0.119748111397
0.120190809543
0.120634174461
0.12107820482
0.121522899287
0.121968256524
0.122414275185
0.122860953926
0.123308291391
0.123756286227
0.12420493707
0.124654242555
0.125104201313
0.125554811969
0.126006073143
0.126457983451
0.126910541506
0.127363745915
0.127817595279
0.128272088198
0.128727223265
0.129182999069
0.129639414195
0.130096467221
0.130554156724
0.131012481275
0.131471439439
0.131931029777
0.132391250848
0.132852101204
0.133313579391
0.133775683954
0.13423841343
0.134701766355
0.135165741256
0.135630336659
0.136095551084
0.136561383047
0.137027831057
0.137494893622
0.137962569243
0.138430856416
0.138899753635
0.139369259385
0.139839372152
0.140310090411
0.140781412639
0.141253337302
0.141725862865
0.142198987789
0.142672710527
0.14314702953
0.143621943244
0.144097450109
0.144573548561
0.145050237033
0.14552751395
0.146005377734
0.146483826804
0.146962859571
0.147442474443
0.147922669825
0.148403444113
0.148884795702
0.149366722981
0.149849224335
0.150332298142
0.150815942778
0.151300156613
0.151784938012
0.152270285336
0.152756196941
0.153242671178
0.153729706393
0.154217300929
0.154705453122
0.155194161305
0.155683423805
0.156173238945
0.156663605042
0.15715452041
0.157645983358
0.15813799219
0.158630545203
0.159123640694
0.15961727695
0.160111452258
0.160606164896
0.161101413141
0.161597195262
0.162093509525
0.162590354192
0.163087727519
0.163585627757
0.164084053152
0.164583001948
0.165082472381
0.165582462683
0.166082971082
0.166583995802
0.167085535059
0.167587587068
0.168090150038
0.168593222173
0.169096801671
0.169600886727
0.170105475531
0.170610566267
0.171116157116
0.171622246254
0.17212883185
0.172635912072
0.173143485079
0.17365154903
0.174160102074
0.17466914236
0.175178668029
0.17568867722
0.176199168064
0.17671013869
0.177221587221
0.177733511777
0.17824591047
0.17875878141
0.179272122701
0.179785932443
0.180300208731
0.180814949656
0.181330153302
0.181845817751
0.182361941079
0.182878521357
0.183395556652
0.183913045026
0.184430984537
0.184949373237
0.185468209174
0.185987490392
0.186507214928
0.187027380818
0.18754798609
0.188069028769
0.188590506875
0.189112418423
0.189634761424
0.190157533884
0.190680733803
0.19120435918
0.191728408005
0.192252878267
0.192777767947
0.193303075025
0.193828797473
0.194354933261
0.194881480352
0.195408436707
0.19593580028
0.196463569023
0.19699174088
0.197520313793
0.1980492857
0.19857865453
0.199108418214
0.199638574672
0.200169121825
0.200700057585
0.201231379862
0.201763086561
0.202295175581
0.202827644819
0.203360492165
0.203893715507
0.204427312725
0.204961281699
0.2054956203
0.206030326398
0.206565397856
0.207100832534
0.207636628287
0.208172782966
0.208709294417
0.209246160481
0.209783378996
0.210320947793
0.210858864703
0.211397127548
0.211935734149
0.212474682319
0.213013969869
0.213553594607
0.214093554333
0.214633846845
0.215174469935
0.215715421394
0.216256699004
0.216798300545
0.217340223793
0.21788246652
0.218425026492
0.218967901471
0.219511089216
0.22005458748
0.220598394013
0.22114250656
0.221686922861
0.222231640655
0.222776657671
0.22332197164
0.223867580284
0.224413481323
0.224959672473
0.225506151443
0.226052915941
0.226599963669
0.227147292327
0.227694899607
0.2282427832
0.228790940791
0.229339370062
0.229888068689
0.230437034347
0.230986264705
0.231535757426
0.232085510172
0.232635520599
0.23318578636
0.233736305102
0.234287074471
0.234838092106
0.235389355643
0.235940862714
0.236492610947
0.237044597965
0.237596821389
0.238149278833
0.23870196791
0.239254886228
0.239808031389
0.240361400993
0.240914992636
0.24146880391
0.242022832401
0.242577075694
0.243131531368
0.243686196999
0.244241070159
0.244796148415
0.245351429332
0.24590691047
0.246462589383
0.247018463625
0.247574530744
0.248130788285
0.248687233787
0.249243864788
0.249800678821
0.250357673415
0.250914846094
0.25147219438
0.252029715791
0.25258740784
0.253145268039
0.253703293892
0.254261482903
0.25481983257
0.255378340388
0.25593700385
0.256495820441
0.257054787646
0.257613902946
0.258173163816
0.258732567731
0.259292112158
0.259851794564
0.26041161241
0.260971563155
0.261531644254
0.262091853157
0.262652187314
0.263212644165
0.263773221154
0.264333915717
0.264894725286
0.265455647293
0.266016679162
0.266577818318
0.267139062179
0.267700408161
0.268261853678
0.268823396138
0.269385032946
0.269946761505
0.270508579214
0.271070483468
0.271632471661
0.272194541179
0.272756689409
0.273318913733
0.27388121153
0.274443580175
0.275006017042
0.275568519498
0.276131084911
0.276693710643
0.277256394053
0.277819132497
0.27838192333
0.278944763901
0.279507651556
0.280070583642
0.280633557497
0.28119657046
0.281759619866
0.282322703046
0.282885817331
0.283448960044
0.28401212851
0.284575320049
0.285138531978
0.285701761611
0.28626500626
0.286828263234
0.287391529838
0.287954803376
0.288518081149
0.289081360455
0.289644638589
0.290207912842
0.290771180507
0.291334438869
0.291897685215
0.292460916825
0.293024130982
0.293587324961
0.29415049604
0.294713641489
0.29527675858
0.295839844582
0.29640289676
0.296965912379
0.297528888699
0.298091822982
0.298654712484
0.299217554461
0.299780346167
0.300343084853
0.30090576777
0.301468392165
0.302030955285
0.302593454375
0.303155886677
0.303718249432
0.304280539881
0.304842755262
0.305404892811
0.305966949763
0.306528923354
0.307090810816
0.30765260938
0.308214316277
0.308775928737
0.309337443988
0.309898859257
0.310460171771
0.311021378756
0.311582477437
0.312143465039
0.312704338785
0.313265095898
0.313825733603
0.314386249121
0.314946639674
0.315506902485
0.316067034776
0.316627033769
0.317186896686
0.317746620748
0.318306203179
0.318865641201
0.319424932037
0.319984072911
0.320543061047
0.321101893669
0.321660568004
0.322219081276
0.322777430715
0.323335613548
0.323893627005
0.324451468315
0.325009134712
0.325566623428
0.326123931698
0.326681056759
0.327237995848
0.327794746206
0.328351305074
0.328907669695
0.329463837315
0.330019805181
0.330575570545
0.331131130657
0.331686482772
0.332241624148
0.332796552043
0.333351263721
0.333905756446
0.334460027485
0.335014074109
0.335567893592
0.33612148321
0.336674840243
0.337227961973
0.337780845686
0.338333488671
0.338885888221
0.339438041632
0.339989946202
0.340541599234
0.341092998035
0.341644139914
0.342195022184
0.342745642163
0.34329599717
0.34384608453
0.34439590157
0.344945445621
0.345494714019
0.346043704102
0.346592413212
0.347140838695
0.3476889779
0.34823682818
0.34878438689
0.349331651392
0.349878619047
0.350425287222
0.350971653287
0.351517714614
0.352063468579
0.352608912561
0.35315404394
0.353698860102
0.354243358433
0.354787536322
0.355331391161
0.355874920343
0.356418121265
0.356960991324
0.357503527918
0.358045728449
0.358587590318
0.359129110928
0.359670287683
0.360211117986
0.360751599242
0.361291728855
0.36183150423
0.36237092277
0.362909981878
0.363448678955
0.363987011402
0.364524976618
0.365062571997
0.365599794935
0.366136642823
0.366673113047
0.367209202994
0.367744910042
0.368280231568
0.368815164943
0.369349707532
0.369883856697
0.370417609792
0.370950964163
0.371483917151
0.37201646609
0.372548608304
0.37308034111
0.373611661815
0.374142567717
0.374673056105
0.375203124255
0.375732769433
0.376261988894
0.376790779879
0.377319139618
0.377847065327
0.378374554207
0.378901603445
0.379428210214
0.379954371668
0.380480084948
0.381005347176
0.381530155457
0.382054506876
0.382578398503
0.383101827383
0.383624790545
0.384147284996
0.38466930772
0.385190855681
0.385711925818
0.386232515048
0.386752620264
0.387272238333
0.387791366097
0.388310000373
0.38882813795
0.38934577559
0.389862910028
0.390379537969
0.39089565609
0.391411261036
0.391926349425
0.392440917842
0.39295496284
0.393468480941
0.393981468633
0.394493922373
0.395005838581
0.395517213646
0.39602804392
0.39653832572
0.397048055328
0.397557228989
0.398065842911
0.398573893267
0.39908137619
0.399588287776
0.400094624082
0.400600381128
0.401105554893
0.401610141318
0.402114136303
0.402617535709
0.403120335357
0.403622531025
0.404124118452
0.404625093337
0.405125451335
0.40562518806
0.406124299084
0.406622779938
0.407120626108
0.407617833039
0.408114396131
0.408610310744
0.409105572188
0.409600175735
0.410094116607
0.410587389985
0.411079991001
0.411571914743
0.41206315625
0.412553710515
0.413043572481
0.413532737043
0.414021199046
0.414508953284
0.414995994498
0.415482317377
0.415967916556
0.416452786615
0.416936922077
0.417420317408
0.417902967016
0.418384865246
0.418866006384
0.41934638465
0.419825994205
0.420304829146
0.420782883499
0.421260151218
0.421736626181
0.422212302186
0.42268717295
0.423161232098
0.423634473158
0.424106889557
0.424578474605
0.425049221491
0.425519123272
0.425988172857
0.426456362997
0.42692368627
0.427390135069
0.427855701581
0.428320377774
0.428784155372
0.42924702584
0.42970898036
0.430170009806
0.430630104726
0.431089255324
0.431547451442
0.432004682548
0.432460937713
0.432916205578
0.433370474297
0.433823731485
0.434275964122
0.434727158801
0.435177301494
0.435626377507
0.436074371422
0.436521267078
0.436967047617
0.43741169556
0.437855192802
0.438297520463
0.438738658646
0.439178586323
0.439617281923
0.44005472354
0.440490888122
0.440925751347
0.441359287756
0.441791470746
0.442222272561
0.442651664079
0.443079614261
0.443506089553
0.443931053226
0.444354464773
0.444776280379
0.445196450528
0.445614912642
0.446031580809
0.446446331042
0.446858925598
0.447269444846
0.447677956534
0.448084472957
0.448488969153
0.448891396743
0.449291689658
0.449689772603
0.450085589927
0.450479118311
0.450870341505
0.451259232991
0.451645754863
0.452029860241
0.452411493614
0.452790582298
0.453167019529
0.453540662946
0.453911368075
0.454278970224
0.454643254701
0.455004043794
0.455361303876
0.455715114712
0.456065527456
0.456412510298
0.456755987698
0.457095939882
0.45743243142
0.457765549355
0.458095334569
0.458421648307
0.458744605262
0.459064201506
0.459380371014
0.459693028781
0.460002068802
0.460307356192
0.46060869749
0.460905748339
0.4611980471
0.461485076809
0.461766792812
0.462043497454
0.462315392572
0.462582536582
0.462844913352
0.463102479633
0.463355173401
0.463602914465
0.463845570387
0.464082864967
0.464314779611
0.464541233546
0.464761923977
0.464976337487
0.465184978635
0.465386974559
0.465581034281
0.465769508604
0.465952299696
0.466128864221
0.46629970789
0.466464692577
0.466623662536
0.466776501574
0.466923141225
0.46706349023
0.467197382533
0.467324565926
0.467444666347
0.467557223489
0.467661784255
0.467758001082
0.467845731154
0.4679249492
0.467995642611
0.468057760614
0.468111151609
0.468155438637
0.468190591194
0.46821682864
0.468234323875
0.468243400587
0.468244499095
0.468238107347
0.468224704916
0.468204696581
0.468178393213
0.468145996324
0.468107591743
0.468063123771
0.468012338785
0.467954719886
0.467889491713
0.467815695986
0.46773235821
0.467638525968
0.467533440632
0.467416705743
0.467288420355
0.467149217721
0.467000124511
0.466842343008
0.466677066793
0.466505323736
0.466327971594
0.466145665259
0.465958799151
0.465762120847
0.465558750956
0.465350805033
0.465138560542
0.464922145219
0.464701781127
0.464477567962
0.464249453306
0.464017383328
0.463781247148
0.463540897027
0.463296231108
0.46304718869
0.462793709431
0.46253572296
0.462273135181
0.462005802311
0.46173352981
0.46145608328
0.461173214769
0.460884636728
0.460590008932
0.460288957269
0.45998109006
0.459666122861
0.459343857621
0.459014196369
0.458677243511
0.458333425143
0.457983174997
0.457626919825
0.457265097662
0.456898119413
0.456526336146
0.456150033578
0.455769438896
0.455384740509
0.454996098414
0.454603650026
0.454207403557
0.453806737949
0.453402158979
0.452993982696
0.452582239774
0.452166952804
0.45174817225
0.451325937942
0.45090025111
0.450471055582
0.450037540233
0.449596760482
0.449151940929
0.448703423043
0.448251150928
0.447795021222
0.447334867188
0.446870318183
0.446400758609
0.445926254364
0.445447430803
0.444964566924
0.444477803796
0.443987217532
0.44349280687
0.442994475984
0.442492155918
0.441985667071
0.44147457954
0.440958434884
0.440436972595
0.439910096976
0.439378542405
0.43884295834
0.438303859772
0.437761377448
0.437215850765
0.436667866935
0.436117698013
0.435565499109
0.43501138497
0.434455444575
0.433897748929
0.433338353046
0.432777306123
0.432214662662
0.431650465459
0.431084746005
0.43051752722
0.429948831746
0.429378690341
0.428807123994
0.428234110901
0.427659403949
0.427082962666
0.426505111161
0.425925968863
0.425345579751
0.42476400483
0.424181333787
0.423597657426
0.42301305246
0.422427584253
0.421841309597
0.421254277146
0.420666528885
0.42007810176
0.41948902883
0.41889933923
0.418309057516
0.417718209056
0.417126814547
0.41653489048
0.415942450174
0.415349504859
0.414756064839
0.414162140006
0.413567739417
0.412972870224
0.412377536236
0.411781734178
0.411185442241
0.410588600317
0.409991164869
0.409393200585
0.408794774536
0.408195917794
0.407596646076
0.406996970471
0.406396901278
0.405796449121
0.40519562494
0.40459444049
0.403992906995
0.403391035292
0.402788836434
0.402186320905
0.401583498597
0.400980381229
0.400376980204
0.399773305224
0.399169365061
0.398565168463
0.39796072444
0.397356042085
0.396751130874
0.396146000761
0.395540661868
0.394935124239
0.394329397786
0.393723492343
0.393117417858
0.392511184474
0.39190480193
0.391298279968
0.390691631438
0.390084868609
0.389478000283
0.388871033888
0.388263978885
0.387656843409
0.387049631333
0.386442345098
0.38583498533
0.385227549846
0.384620034319
0.384012432778
0.383404737388
0.382796939592
0.382189030504
0.381581000157
0.380972838344
0.380364535014
0.379756080142
0.379147465585
0.378538684439
0.377929731078
0.377320601272
0.37671129207
0.376101802219
0.375492133274
0.374882289577
0.374272279316
0.373662112785
0.373051758587
0.372441273884
0.371830674544
0.371219976942
0.370609198475
0.36999835752
0.369387474185
0.368776570694
0.368165670566
0.367554798155
0.366943978509
0.366333237346
0.365722601168
0.365112097337
0.364501753957
0.363891599445
0.363281661764
0.362671968265
0.362062545649
0.361453418101
0.360844603875
0.360236124967
0.359628001155
0.359020246932
0.358412873433
0.357805888473
0.357199296498
0.356593099232
0.355987295408
0.35538187981
0.354776843516
0.354172174163
0.353567856172
0.352963870926
0.352360196884
0.351756809723
0.351153683203
0.350550789759
0.349948107736
0.3493456385
0.348743352127
0.348141271521
0.347539443986
0.346937886777
0.346336618399
0.345735660252
0.34513503647
0.344534773213
0.343934897905
0.343335438326
0.342736422484
0.342137880329
0.341539842624
0.340942339669
0.34034540165
0.33974905882
0.3391533414
0.338558279568
0.337963904043
0.337370245987
0.336777336158
0.33618519113
0.335593844816
0.335003331464
0.334413675047
0.333824897543
0.333237018925
0.332650057182
0.332064028292
0.331478946385
0.330894824061
0.330311672102
0.329729499649
0.329148314304
0.328568122174
0.32798892791
0.32741073471
0.326833544279
0.326257356763
0.325682170629
0.325107982497
0.324534786906
0.323962576018
0.323391339234
0.322821062726
0.32225172885
0.321683315458
0.32111579508
0.320549133994
0.319983291203
0.319418217578
0.318853855838
0.318290143075
0.317727018365
0.317164436401
0.316602387572
0.316040904669
0.31548005581
0.314919926131
0.314360599894
0.31380215016
0.313244635796
0.312688102484
0.312132585098
0.31157811015
0.311024697821
0.310472363536
0.309921119132
0.309370973718
0.308821934302
0.308274006299
0.307727193865
0.307181500135
0.306636927432
0.306093477428
0.30555115126
0.305009949627
0.304469872849
0.303930920919
0.303393093524
0.302856390182
0.30232081017
0.30178635237
0.301253015952
0.300720800037
0.300189703579
0.299659725425
0.299130864305
0.298603118865
0.298076487741
0.297550969555
0.297026562866
0.296503266161
0.295981077827
0.295459996214
0.294940019766
0.294421146874
0.29390337587
0.293386705056
0.292871132712
0.292356657111
0.291843276539
0.291330989277
0.2908197936
0.290309687783
0.289800670104
0.28929273884
0.288785892253
0.288280128572
0.287775446079
0.28727184319
0.286769318353
0.286267870016
0.285767496627
0.285268196651
0.284769968565
0.284272810868
0.28377672208
0.28328170074
0.282787745402
0.282294854639
0.281803027031
0.281312261166
0.280822555637
0.28033390904
0.279846319971
0.279359787005
0.278874308767
0.278389883914
0.277906511134
0.277424189184
0.276942916898
0.276462693167
0.275983516923
0.275505387115
0.275028302688
0.274552262555
0.27407726559
0.273603310655
0.273130396736
0.272658522955
0.272187688473
0.271717892448
0.271249134045
0.270781412453
0.270314726895
0.269849076626
0.26938446095
0.268920879233
0.268458330929
0.267996815544
0.267536332613
0.267076881666
0.266618462227
0.266161073808
0.265704715921
0.265249388084
0.264795089812
0.264341820604
0.263889579948
0.2634383674
0.262988182617
0.26253902529
0.262090895037
0.261643791364
0.261197714118
0.260752663009
0.26030863772
0.259865637937
0.259423663349
0.258982713646
0.258542788516
0.258103887633
0.257666010648
0.257229157177
0.256793326819
0.256358519188
0.255924733976
0.255491970976
0.25506023007
0.254629511179
0.254199814226
0.253771139108
0.253343485691
0.252916853811
0.252491243283
0.252066653905
0.251643085458
0.25122053771
0.250799010415
0.250378503317
0.249959016142
0.249540548605
0.2491231004
0.248706671205
0.248291260675
0.247876868443
0.247463494115
0.247051137263
0.246639797415
0.246229474058
0.245820166646
0.245411874565
0.245004597121
0.244598333522
0.244193082852
0.24378884404
0.243385615818
0.242983396654
0.242582184675
0.242181977545
0.241782772315
0.241384565199
0.240987351294
0.240591124219
0.240195875731
0.239801595439
0.239408270945
0.239015888907
0.238624437475
0.238233909681
0.237844306075
0.237455634655
0.237067908106
0.236681140291
0.236295343784
0.235910528824
0.235526703241
0.235143872796
0.23476204162
0.23438121261
0.234001387742
0.233622568339
0.233244755286
0.232867949204
0.232492150532
0.232117359548
0.231743576357
0.231370800904
0.230999032996
0.230628272326
0.230258518498
0.229889771043
0.22952202943
0.229155293079
0.228789561367
0.228424833633
0.228061109183
0.227698387293
0.227336667215
0.226975948173
0.226616229375
0.226257510007
0.22589978924
0.225543066235
0.225187340144
0.224832610118
0.224478875314
0.224126134904
0.223774388078
0.223423634047
0.223073872047
0.222725101324
0.222377321135
0.222030530736
0.221684729374
0.221339916285
0.22099609069
0.220653251795
0.220311398793
0.219970530865
0.219630647182
0.219291746905
0.21895382919
0.218616893189
0.218280938048
0.217945962912
0.217611966922
0.21727894922
0.216946908949
0.216615845251
0.216285757269
0.215956644141
0.215628505004
0.215301338986
0.214975145213
0.214649922804
0.214325670871
0.214002388521
0.21368007485
0.213358728952
0.213038349912
0.212718936808
0.212400488713
0.212083004695
0.211766483812
0.211450925121
0.211136327671
0.210822690507
0.210510012669
0.210198293194
0.209887531116
0.209577725465
0.209268875274
0.208960979567
0.208654037369
0.208348047701
0.208043009581
0.207738922022
0.207435784036
0.207133594629
0.20683235281
0.20653205758
0.206232707941
0.205934302891
0.205636841428
0.205340322546
0.205044745239
0.204750108497
0.204456411308
0.204163652662
0.203871831544
0.203580946937
0.203290997825
0.203001983186
0.202713901997
0.202426753235
0.20214053587
0.201855248874
0.201570891215
0.201287461861
0.201004959779
0.200723383936
0.200442733305
0.200163006858
0.199884203569
0.199606322416
0.199329362376
0.199053322422
0.198778201529
0.198503998666
0.198230712808
0.19795834293
0.197686888006
0.197416347003
0.197146718888
0.196878002625
0.196610197177
0.196343301506
0.19607731457
0.195812235328
0.195548062736
0.19528479575
0.195022433326
0.194760974417
0.194500417975
0.194240762952
0.193982008296
0.193724152951
0.193467195871
0.193211136008
0.192955972312
0.192701703727
0.192448329203
0.192195847684
0.191944258116
0.191693559442
0.191443750607
0.191194830552
0.19094679822
0.190699652551
0.190453392483
0.190208016955
0.189963524901
0.189719915253
0.189477186939
0.189235338882
0.188994370004
0.188754279229
0.18851506549
0.188276727733
0.188039264907
0.187802675959
0.187566959837
0.18733211548
0.187098141827
0.186865037814
0.186632802376
0.186401434445
0.186170932953
0.185941296831
0.185712525007
0.185484616411
0.185257569971
0.185031384615
0.184806059269
0.184581592858
0.184357984309
0.184135232544
0.183913336488
0.183692295064
0.183472107194
0.183252771799
0.183034287801
0.18281665412
0.182599869673
0.182383933381
0.18216884416
0.181954600928
0.181741202602
0.181528648096
0.181316936326
0.181106066206
0.18089603665
0.18068684657
0.180478494879
0.180270980489
0.18006430231
0.179858459253
0.179653450228
0.179449274144
0.17924592991
0.179043416434
0.178841732622
0.178640877383
0.178440849621
0.17824164824
0.178043272143
0.177845720226
0.177648991396
0.17745308456
0.177257998622
0.177063732482
0.176870285041
0.176677655197
0.176485841847
0.17629484389
0.176104660221
0.175915289737
0.175726731334
0.175538983908
0.175352046353
0.175165917566
0.174980596442
0.174796081877
0.174612372763
0.174429467996
0.174247366469
0.174066067073
0.173885568701
0.173705870244
0.173526970591
0.173348868632
0.173171563255
0.172995053349
0.172819337801
0.172644415496
0.172470285323
0.172296946165
0.172124396907
0.171952636434
0.171781663629
0.171611477376
0.171442076556
0.171273460052
0.171105626744
0.170938575514
0.17077230524
0.170606814803
0.17044210308
0.170278168949
0.170115011288
0.169952628972
0.169791020877
0.169630185878
0.169470122848
0.169310830662
0.169152308189
0.168994554302
0.16883756787
0.168681347762
0.168525892846
0.168371201986
0.168217274045
0.16806410788
0.167911702337
0.167760056256
0.16760916848
0.167459037882
0.16730966335
0.167161043764
0.167013177996
0.16686606491
0.166719703368
0.166574092228
0.166429230348
0.166285116583
0.166141749789
0.165999128818
0.165857252524
0.165716119759
0.165575729373
0.165436080217
0.16529717114
0.165159000991
0.165021568616
0.164884872863
0.164748912579
0.164613686608
0.164479193795
0.164345432985
0.16421240302
0.164080102743
0.163948530996
0.16381768662
0.163687568456
0.163558175344
0.163429506124
0.163301559633
0.163174334712
0.163047830197
0.162922044925
0.162796977734
0.162672627458
0.153656187975
0.150616365179
0.152392397887
0.157914117021
0.166273586432
0.176776706937
0.188941563024
0.202443584568
0.217022284865
0.232319892825
0.247764990191
0.262985421354
0.278342915853
0.294932432535
0.307181440713
0.312859330294
0.312304042217
0.304970794726
0.296488367477
0.285601404396
0.277115399296
0.271766869935
0.267797832375
0.263344178101
0.260308958337
0.258990276601
0.259339025988
0.260819148708
0.2635266423
0.266398327027
0.268990748969
0.272002784313
0.275085765817
0.276846173433
0.276201543003
0.275102946621
0.273810709204
0.271969368913
0.271988858512
0.272846907849
0.272208453361
0.271930845719
0.271802018098
0.27107566589
0.270927661134
0.270616952857
0.271824889775
0.274211826888
0.276010643974
0.276656948597
0.275360495008
0.273398954102
0.271177421997
0.268520285154
0.265542100578
0.263213545329
0.261202758037
0.25995218501
0.260639191872
0.262845744072
0.264660878113
0.268667546236
0.272652415532
0.275217263204
0.278457929304
0.281477409334
0.284198929155
0.285185175291
0.284177268971
0.283442336877
0.281543876457
0.277988870324
0.273862152912
0.269800203495
0.265578934006
0.261284810587
0.257585368066
0.255526725746
0.255689260835
0.257874474325
