3.88578058619e-16
6.04322326439e-05
0.000241738108701
0.000543945166042
0.000967099312739
0.0015112648445
0.00217652446907
0.00296297933756
0.00387074908272
0.00489997186416
0.00605080442041
0.0073234221279
0.00871801906679
0.0102348080936
0.0118740209205
0.013635908202
0.0155207396272
0.01752880402
0.0196604094453
0.021915883322
0.024295572543
0.0267998436013
0.029429082723
0.0321836960076
0.0350641095741
0.0380707697145
0.041204143054
0.0444647167183
0.0478529985079
0.0513695170799
0.0550148221376
0.0587894846273
0.0626940969442
0.0667292731467
0.0708956491798
0.075193883109
0.0796246553645
0.0841886689975
0.088886649949
0.0937193473331
0.0986875337358
0.103792005532
0.10903358322
0.114413111784
0.11993146107
0.125589526207
0.131388228042
0.137328513624
0.143411356728
0.149637758418
0.156008747675
0.162525382075
0.16918874855
0.175999964211
0.18296017728
0.190070568107
0.197332350318
0.204746772084
0.212315117543
0.220038708398
0.22791890569
0.235957111805
0.244154772708
0.252513380461
0.261034476038
0.269719652493
0.278570558498
0.287588902326
0.296776456296
0.306135061754
0.315666634644
0.325373171725
0.335256757507
0.345319571978
0.355563899195
0.365992136835
0.376606806773
0.387410566796
0.398406223553
0.409596746823
0.420985285232
0.432575183512
0.444370001426
0.456373534469
0.468589836471
0.481023244213
0.493678404202
0.506560301703
0.519674292178
0.533026135258
0.546622031379
0.560468661232
0.57457322818
0.588943503801
0.603587876758
0.6185154052
0.633735872975
0.649259849954
0.665098756892
0.681264935333
0.697771723257
0.714633537373
0.731865963298
0.749485855288
0.767511447841
0.785962482355
0.804860353308
0.824228280223
0.844091514244
0.86447759181
0.885416653145
0.90694185061
0.92908988227
0.9519017001
0.975423460874
0.999707810863
1.02481562027
1.05081829984
1.07780081206
1.10586535728
1.13513527813
1.16575748553
1.19789836937
1.23171930737
1.26729471962
1.30437777308
1.34179995711
1.37622586269
1.40093407525
1.40854134041
1.39874602261
1.37865197297
1.35503743004
1.3312985142
1.30859476335
1.28712892668
1.26677532857
1.24732663926
1.22858043627
1.21036505711
1.19254371289
1.17501145907
1.15769031173
1.14052431094
1.12347506656
1.10651789555
1.08963853775
1.07283041403
1.05609238872
1.03942699631
1.02283908521
1.00633482391
0.989921008983
0.973604613114
0.9573925141
0.94129135204
0.925307470619
0.909446907665
0.893715409384
0.87811845084
0.862661252129
0.847348784926
0.832185767986
0.817176652614
0.802325600626
0.787636457899
0.773112726624
0.758757539053
0.744573634943
0.730563344283
0.716728576242
0.70307081476
0.689591120695
0.676290140157
0.663168118359
0.65022491823
0.637460042911
0.624872661291
0.612461635762
0.600225551422
0.588162746075
0.576271340418
0.56454926796
0.552994304237
0.541604095022
0.530376183274
0.519308034645
0.508397061396
0.497640644655
0.487036154949
0.476580970992
0.466272496731
0.456108176676
0.446085509532
0.436202060207
0.426455470223
0.416843466616
0.407363869383
0.398014597548
0.388793673933
0.379699228705
0.370729501785
0.361882844198
0.353157718458
0.344552698059
0.336066466172
0.327697813616
0.319445636205
0.31130893153
0.303286795279
0.295378417157
0.287583076474
0.279900137498
0.272329044603
0.2648693173
0.257520545199
0.250282382951
0.243154545224
0.236136801745
0.229228972459
0.222430922821
0.215742559264
0.209163824853
0.202694695146
0.196335174288
0.190085291327
0.183945096776
0.177914659419
0.17199406336
0.166183405315
0.160482792139
0.154892338596
0.149412165339
0.144042397124
0.138783161215
0.133634585997
0.128596799769
0.12366992971
0.118854101017
0.114149436178
0.109556054402
0.105074071165
0.100703597878
0.0964447416642
0.0922976052265
0.0882622868107
0.0843388802396
0.08052747502
0.0768281565108
0.0732410061442
0.0697661016946
0.066403517588
0.0631533252457
0.0600155934574
0.0569903887792
0.05407777595
0.0512778183254
0.0485905783227
0.046016117875
0.0435544988916
0.0412057837213
0.0389700356171
0.0368473192005
0.0348377009218
0.0329412495178
0.0311580364629
0.029488136414
0.0279316276473
0.0264885924876
0.0251591177272
0.0239432950357
0.0228412213596
0.0218529993108
0.020978737544
0.0202185511232
0.0195725618759
0.019040898736
0.0186236980739
0.018321104015
0.0181332687449
0.0180603528022
0.0181025253585
0.0182599644838
0.0185328574
0.0189214007189
0.0194258006658
0.0200462732888
0.0207830446517
0.0216363510107
0.0226064389738
0.0236935656426
0.0248979987342
0.0262200166833
0.0276599087227
0.0292179749405
0.0308945263123
0.0326898847068
0.0346043828636
0.036638364338
0.0387921834143
0.041066204981
0.0434608043674
0.0459763671367
0.0486132888321
0.0513719746726
0.0542528391924
0.0572563058197
0.0603828063904
0.0636327805881
0.0670066753068
0.070504943927
0.0741280454983
0.0778764438211
0.0817506064152
0.0857510033697
0.0898781060594
0.0941323857195
0.0985143118642
0.103024350536
0.107662962374
0.112430600482
0.117327708083
0.122354715943
0.127512039545
0.132800075998
0.138219200649
0.143769763399
0.149452084678
0.155266451075
0.161213110596
0.167292267522
0.173504076852
0.179848638316
0.186325989919
0.192936101025
0.199678864945
0.206554091028
0.213561496246
0.220700696276
0.227971196071
0.235372379958
0.242903501255
0.250563671468
0.258351849101
0.266266828128
0.274307226228
0.282471472841
0.290757797166
0.299164216217
0.307688523057
0.316328275373
0.325080784515
0.333943105155
0.342912025713
0.351984059644
0.361155437677
0.37042210104
0.379779695596
0.389223566765
0.398748754947
0.408349991015
0.418021691271
0.427757951046
0.437552535897
0.447398869108
0.457290013984
0.467218649191
0.477177035221
0.48715697002
0.49714973178
0.507146007164
0.517135803613
0.527108345144
0.537051952093
0.546953906754
0.556800308855
0.56657592728
0.576264057399
0.585846396803
0.595302955788
0.604612022495
0.613750205415
0.622692577539
0.631412945692
0.639884264728
0.648079208287
0.655970895353
0.663533755144
0.670744493121
0.677583100777
0.684033834743
0.690086080695
0.695735017966
0.70098201346
0.705834697709
0.710306708278
0.714417120733
0.718189618826
0.721651478234
0.724832449082
0.727763621235
0.730476345237
0.733001264221
0.735367492208
0.737601955231
0.739728896059
0.741769531973
0.743741848218
0.745660506843
0.747536850737
0.749378984836
0.751191919713
0.752977766544
0.754735975994
0.756463616735
0.758155691651
0.759805491269
0.761404984431
0.762945245689
0.764416917404
0.765810702256
0.767117878949
0.768330830835
0.769443574276
0.770452271368
0.771355710676
0.772155740215
0.77285763929
0.773470420027
0.774007055174
0.774484635571
0.774924468005
0.775352131371
0.775797515613
0.776294873711
0.776882921981
0.777605028746
0.778509536848
0.779650272879
0.781087307193
0.782888046451
0.785128768419
0.787896752995
0.791293233725
0.795437506951
0.800472720684
0.80657417656
0.813961520251
0.822917178702
0.833815274033
0.847169017983
0.863712747695
0.884553950926
0.911480789476
0.947660578726
0.999494983627
1.08254879225
1.22098254067
1.12420148468
1.0015824035
0.923283961201
0.865600418253
0.819380273301
0.780424301499
0.746484669544
0.716223436989
0.688781532498
0.663575255473
0.640190262866
0.618321997002
0.597740142296
0.578266362765
0.559759786358
0.542107215341
0.525216331274
0.50901086005
0.493427056444
0.478411099034
0.463917126995
0.449905738249
0.436342824963
0.4231986596
0.410447169642
0.398065356243
0.386032823938
0.374331396964
0.362944803798
0.3518584159
0.341059029902
0.330534684869
0.320274508102
0.310268584308
0.300507844019
0.29098396798
0.281689304838
0.272616799978
0.263759933751
0.255112667632
0.246669397141
0.238424910504
0.23037435226
0.222513191103
0.214837191384
0.207342387782
0.200025062738
0.192881726279
0.185909097947
0.17910409057
0.172463795648
0.16598547017
0.159666524693
0.153504512536
0.147497119972
0.141642157305
0.135937550731
0.130381334919
0.124971646208
0.119706716394
0.11458486701
0.109604504082
0.104764113298
0.100062255558
0.0954975628596
0.0910687345094
0.0867745336051
0.0826137837842
0.0785853662072
0.0746882167566
0.0709213234357
0.0672837239475
0.0637745034424
0.0603927924189
0.0571377647659
0.0540086359367
0.0510046612429
0.0481251342611
0.0453693853422
0.0427367802178
0.0402267186952
0.0378386334357
0.0355719888099
0.033426279825
0.0314010311196
0.0294957960208
0.0277101556596
0.0260437181419
0.0244961177698
0.023067014312
0.0217560923185
0.0205630604777
0.0194876510135
0.0185296191193
0.0176887424274
0.0169648205111
0.0163576744176
0.0158671462301
0.0154930986574
0.015235414649
0.0150939970338
0.0150687681821
0.0151596696877
0.0153666620706
0.015689724497
0.0161288545171
0.0166840678174
0.0173553979876
0.0181428963012
0.0190466315058
0.020066689625
0.0212031737686
0.0224562039493
0.0238259169058
0.0253124659296
0.0269160206937
0.0286367670824
0.0304749070187
0.0324306582883
0.0345042543571
0.03669594418
0.0390059919984
0.0414346771222
0.0439822936939
0.0466491504309
0.0494355703404
0.0523418904042
0.0553684612263
0.0585156466382
0.0617838232551
0.0651733799757
0.0686847174169
0.0723182472744
0.076074391598
0.0799535819716
0.0839562585817
0.0880828691623
0.092333867798
0.096709713566
0.101210868998
0.105837798333
0.110590965544
0.115470832093
0.120477854397
0.125612480955
0.130875149095
0.136266281298
0.141786281035
0.147435528069
0.153214373134
0.159123131939
0.165162078381
0.171331436905
0.177631373867
0.184061987814
0.190623298519
0.197315234649
0.204137619889
0.211090157343
0.21817241203
0.225383791257
0.232723522643
0.240190629557
0.247783903719
0.255501874704
0.263342776083
0.27130450796
0.279384595655
0.287580144334
0.29588778945
0.304303642903
0.312823234987
0.321441452311
0.3301524721
0.338949693531
0.347825667121
0.356772023529
0.36577940369
0.374837392686
0.383934460456
0.393057913071
0.402193859047
0.411327195769
0.420441621685
0.42951968021
0.438542841279
0.447491625974
0.456345778561
0.465084488441
0.473686661932
0.482131240485
0.490397558031
0.498465725982
0.506317030402
0.513934322513
0.521302381662
0.528408229526
0.535241376122
0.541793982048
0.548060927077
0.554039782171
0.559730689299
0.56513616032
0.570260811691
0.575111055416
0.579694768052
0.584020958899
0.588099455968
0.591940624471
0.59555512808
0.598953738485
0.602147194467
0.605146107994
0.607960912027
0.610601842795
0.613078948311
0.615402114605
0.617581101617
0.619625581559
0.621545173792
0.623349471704
0.625048058495
0.626650510246
0.628166385868
0.629605204612
0.630976412668
0.632289340913
0.633553156258
0.634776809126
0.635968979553
0.637138024198
0.638291926249
0.639438249863
0.640584100399
0.641736091356
0.642900318563
0.644082341922
0.645287174721
0.646519280383
0.647782576362
0.649080444802
0.650415749523
0.651790858851
0.65320767379
0.654667661012
0.656171890114
0.657721074548
0.659315615562
0.660955648369
0.662641089636
0.664371685136
0.666147056164
0.667966742903
0.669830242507
0.67173703901
0.673686621459
0.675678485695
0.67771211402
0.67978692553
0.681902188043
0.684056880307
0.686249490442
0.68847773324
0.690738165173
0.693025671632
0.695332796558
0.697648880789
0.699958973485
0.702242483282
0.704471546084
0.706609110624
0.708606789253
0.710402600106
0.71191884754
0.713060553608
0.713715049459
0.713753512044
0.713035288952
0.711415648676
0.708756989636
0.704942527219
0.699890298433
0.693564500861
0.685981293033
0.677207443164
0.667352194111
0.656554525115
0.64496885633
0.632751968395
0.620052888521
0.607006326333
0.593729361887
0.580320636567
0.566861203211
0.553416306165
0.540037553916
0.5267651357
0.513629883639
0.500655086669
0.487858028352
0.475251257824
0.46284362142
0.450641089205
0.438647410927
0.426864632955
0.41529350353
0.403933789177
0.392784520978
0.381844185726
0.371110873941
0.360582394195
0.350256361194
0.340130263413
0.330201514845
0.320467494402
0.310925575729
0.301573149581
0.292407640436
0.283426518654
0.274627309184
0.266007597617
0.257565034206
0.249297336321
0.241202289712
0.233277748879
0.225521636775
0.217931943999
0.21050672764
0.203244109852
0.19614227627
0.189199474292
0.18241401131
0.175784252906
0.169308621038
0.162985592252
0.156813695922
0.150791512523
0.144917671967
0.139190851982
0.133609776547
0.128173214392
0.122879977548
0.117728919956
0.112718936133
0.107848959895
0.103117963123
0.0985249545876
0.0940689788212
0.0897491150295
0.0855644760516
0.0815142073592
0.0775974860937
0.07381352014
0.0701615472342
0.0666408341019
0.0632506756272
0.0599903940483
0.0568593381779
0.053856882648
0.0509824271745
0.0482353958422
0.0456152364065
0.0431214196109
0.0407534385178
0.0385108078512
0.0363930633495
0.0343997611259
0.0325304770352
0.0307848060451
0.0291623616095
0.0276627750422
0.02628569489
0.0250307863007
0.0238977303871
0.0228862235822
0.021995976985
0.0212267156939
0.0205781781252
0.0200501153159
0.0196422902051
0.0193544768949
0.0191864598857
0.0191380332831
0.0192089999758
0.0193991707777
0.019708363534
0.0201364021872
0.0206831157976
0.0213483375184
0.022131903517
0.0230336518435
0.0240534212378
0.0251910498747
0.0264463740407
0.0278192267387
0.0293094362171
0.0309168244168
0.0326412053339
0.0344823832923
0.0364401511224
0.0385142882416
0.0407045586318
0.0430107087124
0.0454324651024
0.0479695322719
0.050621590078
0.0533882911854
0.0562692583711
0.0592640817121
0.0623723156604
0.0655934760067
0.0689270367387
0.0723724268017
0.0759290267704
0.0795961654445
0.0833731163841
0.0872590944026
0.0912532520406
0.0953546760474
0.0995623839015
0.103875320406
0.108292354402
0.112812275645
0.1174337919
0.122155526313
0.12697601512
0.13189370578
0.136906955579
0.142014030827
0.147213106689
0.15250226778
0.157879509587
0.163342740819
0.168889786773
0.174518393801
0.180226234945
0.186010916815
0.191869987749
0.197800947294
0.203801257002
0.209868352534
0.215999657004
0.222192595487
0.22844461055
0.234753178656
0.241115827206
0.247530151986
0.253993834712
0.260504660341
0.267060533779
0.2736594956
0.280299736342
0.286979608972
0.293697639083
0.300452532409
0.30724317926
0.314068655526
0.320928219904
0.3278213071
0.334747516775
0.341706598075
0.348698429656
0.355722995158
0.362780354141
0.369870608562
0.37699386487
0.384150191887
0.39133957461
0.398561864111
0.405816723711
0.413103571603
0.420421520086
0.427769311581
0.435145251605
0.442547138882
0.449972192835
0.457416978759
0.464877331091
0.472348275374
0.47982394974
0.487297527063
0.494761139363
0.502205806536
0.509621372174
0.516996449956
0.524318384947
0.53157323508
0.538745778986
0.545819557144
0.55277695394
0.559599328368
0.566267200706
0.572760501209
0.57905888462
0.585142110826
0.590990487412
0.596585364274
0.601909664297
0.606948428053
0.611689345292
0.616123242712
0.620244496839
0.624051343462
0.62754606091
0.63073501323
0.633628549835
0.636240769275
0.638589164837
0.640694177542
0.642578686925
0.644267471382
0.645786668245
0.647163259648
0.648424604582
0.649598031299
0.650710498117
0.651788325341
0.652856996781
0.653941026308
0.655063883054
0.656247967987
0.657514634594
0.658884246945
0.660376269369
0.662009383239
0.663801627679
0.665770562472
0.667933452943
0.67030747808
0.672909964781
0.675758652828
0.678871997089
0.682269515674
0.685972195435
0.690002969426
0.694387285087
0.699153787139
0.704335145955
0.709969071013
0.716099560433
0.722778452277
0.730067361453
0.73804010721
0.74678575659
0.756412417551
0.767051879974
0.778865039276
0.792047524814
0.806833507635
0.823491701976
0.842296805139
0.863430527367
0.886691495996
0.910738507335
0.93154808859
0.94127768399
0.932751152213
0.90804357675
0.875676273914
0.842084152698
0.810024054627
0.780259359881
0.75278845831
0.7273750792
0.703741735671
0.681632585204
0.660829234465
0.641150566735
0.622447857924
0.604599146443
0.587504140226
0.571079971345
0.55525777371
0.539979961709
0.52519807551
0.510871074289
0.4969639804
0.483446797912
0.470293645986
0.457482061045
0.444992432146
0.432807541975
0.420912191983
0.409292894896
0.397937621393
0.386835590554
0.375977095789
0.365353359668
0.354956412359
0.344778989436
0.334814445617
0.325056681653
0.315500082111
0.306139462207
0.296970022176
0.287987307952
0.279187177127
0.270565769363
0.262119480559
0.253844940195
0.245738991387
0.237798673236
0.230021205166
0.222403972952
0.214944516215
0.207640517185
0.200489790576
0.193490274416
0.186640021734
0.179937192989
0.173380049158
0.166966945415
0.160696325333
0.154566715556
0.148576720886
0.142725019766
0.13701036009
0.131431555345
0.12598748102
0.120677071297
0.115499315963
0.110453257555
0.105537988705
0.100752649667
0.0960964260282
0.0915685465714
0.0871682812916
0.0828949395505
0.0787478683596
0.0747264507845
0.0708301044609
0.067058280216
0.0634104607872
0.0598861596328
0.0564849198286
0.0532063130443
0.0500499385954
0.0470154225654
0.0441024169941
0.0413105991276
0.0386396707268
0.03608935743
0.0336594081671
0.031349594621
0.0291597107354
0.0270895722633
0.0251390163565
0.0233079011919
0.0215961056322
0.0200035289202
0.0185300904034
0.0171757292869
0.015940404414
0.0148240940708
0.0138267958149
0.0129485263248
0.0121893212703
0.0115492352003
0.0110283414474
0.0106267320485
0.0103445176774
0.010181827591
0.0101388095844
0.0102156299554
0.0104124734753
0.0107295433646
0.0111670612722
0.0117252672548
0.0124044197551
0.0132047955762
0.0141266898495
0.0151704159931
0.0163363056576
0.0176247086558
0.0190359928729
0.0205705441519
0.0222287661501
0.0240110801619
0.0259179249011
0.027949756236
0.0301070468716
0.0323902859686
0.034799978691
0.0373366456723
0.0400008223881
0.0427930584221
0.0457139166116
0.0487639720555
0.0519438109663
0.0552540293465
0.0586952314646
0.0622680281066
0.0659730345718
0.0698108683815
0.0737821466637
0.077887483171
0.0821274848874
0.0865027481708
0.0910138543738
0.0956613648766
0.100445815462
0.105367709948
0.110427512992
0.115625641964
0.12096245778
0.126438254571
0.132053248057
0.137807562478
0.143701215921
0.149734103875
0.155905980824
0.162216439687
0.168664888898
0.175250526926
0.181972314004
0.188828940889
0.195818794446
0.202939919905
0.210189979672
0.217566208648
0.225065366098
0.232683684225
0.240416813798
0.248259767351
0.256206860771
0.264251654383
0.272386895055
0.280604461268
0.288895313626
0.297249453816
0.305655895625
0.314102652156
0.322576743871
0.331064232449
0.339550285501
0.348019276964
0.35645492729
0.364840486251
0.373158959358
0.381393376311
0.389527096857
0.397544145973
0.405429566678
0.413169775589
0.420752903727
0.428169103805
0.435410805441
0.44247290172
0.449352854248
0.456050708953
0.46256902093
0.468912692845
0.475088737124
0.481105976774
0.486974702653
0.492706306266
0.498312906727
0.503806988623
0.509201064667
0.514507373583
0.519737620122
0.524902760814
0.530012836176
0.535076847896
0.540102677872
0.545097044963
0.550065494791
0.555012417809
0.559941091017
0.564853739033
0.569751610705
0.574635067905
0.57950368363
0.584356346968
0.589191372838
0.594006614763
0.598799579144
0.603567539728
0.608307651112
0.613017060242
0.61769301499
0.622332968957
0.626934681765
0.63149631417
0.636016517445
0.640494516555
0.64493018679
0.649324123604
0.653677705555
0.657993150366
0.662273564253
0.666522984851
0.670746418211
0.674949870561
0.679140375727
0.683326019399
0.68751596172
0.691720460049
0.695950894167
0.700219796725
0.704540892315
0.708929149277
0.713400849253
0.717973680537
0.722666862705
0.727501311677
0.732499856699
0.737687523685
0.743091903427
0.748743628668
0.754676991662
0.760930744506
0.767549139836
0.774583291542
0.782092967921
0.790148978979
0.798836395739
0.808258959961
0.818545238936
0.829857410199
0.842404137002
0.856460043486
0.872396301443
0.890730895883
0.912215934569
0.938000122672
0.969958803797
1.01144497216
1.06926215256
1.15934060835
1.27941127699
1.17052681335
1.06312399931
0.992078194489
0.939113739323
0.896477429187
0.860442333278
0.828962603614
0.800802771918
0.775163300788
0.751499293467
0.729424321013
0.708655610456
0.688980955462
0.670237777151
0.652299344192
0.635065400401
0.618455609301
0.602404858303
0.586859825688
0.571776426577
0.557117884194
0.542853254529
0.528956285309
0.515404525112
0.502178622057
0.489261767764
0.476639253715
0.464298115304
0.452226844799
0.440415158792
0.428853808978
0.417534427538
0.406449400291
0.395591762209
0.384955110995
0.374533535317
0.364321554944
0.354314070597
0.344506321745
0.334893850904
0.3254724733
0.316238250937
0.307187470327
0.298316623243
0.289622389996
0.281101624817
0.272751343011
0.264568709591
0.256551029172
0.248695736927
0.241000390467
0.23346266248
0.22608033406
0.218851288611
0.211773506257
0.204845058702
0.198064104473
0.191428884518
0.184937718111
0.178588999027
0.17238119198
0.166312829272
0.160382507661
0.154588885403
0.14893067948
0.143406662977
0.138015662614
0.132756556406
0.127628271454
0.122629781859
0.117760106741
0.113018308364
0.108403490354
0.103914796023
0.0995514067618
0.0953125405246
0.0911974503904
0.0872054231942
0.0833357782274
0.0795878660047
0.075961067091
0.072454790987
0.0690684750695
0.0658015835837
0.0626536066846
0.0596240595244
0.0567124813844
0.0539184348471
0.0512415050083
0.0486812987252
0.046237443899
0.0439095887903
0.0416974013644
0.039600568665
0.0376187962152
0.035751807442
0.033999343125
0.0323611608655
0.0308370345755
0.0294267539848
0.028130124164
0.0269469650628
0.0258771110617
0.0249204105346
0.0240767254227
0.0233459308164
0.0227279145453
0.0222225767732
0.0218298295981
0.0215495966552
0.0213818127205
0.0213264233154
0.0213833843092
0.0215526615181
0.0218342303006
0.0222280751453
0.0227341892518
0.0233525741016
0.0240832390177
0.0249262007106
0.0258814828107
0.0269491153822
0.028129134419
0.0294215813201
0.0308265023409
0.0323439480205
0.0339739725804
0.0357166332943
0.0375719898249
0.0395401035261
0.0416210367073
0.0438148518576
0.0461216108269
0.0485413739599
0.051074199182
0.0537201410312
0.0564792496354
0.0593515696293
0.062337139009
0.06543598792
0.068648137375
0.0719735978973
0.0754123680867
0.0789644331034
0.0826297630661
0.0864083113603
0.0903000128525
0.0943047820071
0.0984225109009
0.102653067133
0.106996291622
0.111451996298
0.116019961666
0.120699934262
0.125491623975
0.130394701254
0.135408794177
0.140533485396
0.145768308946
0.151112746924
0.156566226029
0.162128113966
0.167797715716
0.173574269667
0.179456943604
0.185444830565
0.191536944553
0.197732216103
0.204029487713
0.210427509113
0.216924932391
0.223520306938
0.230212074229
0.236998562404
0.243877980626
0.250848413207
0.257907813443
0.26505399713
0.272284635707
0.279597248945
0.286989197135
0.294457672658
0.301999690848
0.309612080032
0.31729147062
0.325034283089
0.332836714728
0.340694724981
0.34860401923
0.356560030862
0.364557901497
0.372592459274
0.380658195122
0.388749237045
0.396859322496
0.404981769074
0.413109443891
0.421234732165
0.429349505792
0.437445092943
0.445512249985
0.453541137383
0.461521301578
0.469441665178
0.477290528133
0.485055582854
0.492723946391
0.500282212867
0.50771652916
0.515012696469
0.522156299646
0.529132865175
0.535928047259
0.542527839817
0.548918810237
0.555088348716
0.56102492506
0.566718343139
0.572159982058
0.577343012648
0.58226257836
0.586915930992
0.591302513941
0.595423988612
0.599284203021
0.60288910505
0.606246606048
0.609366403075
0.612259769907
0.614939327835
0.617418807288
0.619712810493
0.62183658401
0.623805808138
0.625636408247
0.627344391123
0.628945707692
0.630456141961
0.631891224924
0.633266171336
0.634595836804
0.635894692397
0.637176814024
0.638455883957
0.639745202184
0.641057705619
0.642405993571
0.643802358265
0.645258819609
0.646787163724
0.648398985132
0.650105732791
0.651918760491
0.653849382386
0.655908934781
0.658108845566
0.660460713037
0.662976396202
0.665668119105
0.668548592144
0.671631153902
0.674929937624
0.678460067094
0.682237887398
0.686281236706
0.690609765761
0.695245311988
0.700212334642
0.705538415526
0.711254825291
0.717397145859
0.724005920909
0.731127270879
0.73881334209
0.747122334158
0.756117614447
0.765864985655
0.776426341154
0.787846395852
0.800126388085
0.813173986935
0.826712386629
0.840129083105
0.852268426438
0.861275174355
0.864803338483
0.860927196766
0.849337842707
0.831570353329
0.809976453898
0.786622189689
0.762879401509
0.739511924236
0.716886772546
0.695145972679
0.674314453019
0.654360775344
0.635229455797
0.616857505988
0.599182529141
0.582146389107
0.565696600908
0.549786580485
0.534375352389
0.519427027787
0.504910212909
0.490797427023
0.477064566144
0.463690426143
0.450656287467
0.437945558126
0.425543469178
0.413436816282
0.401613740925
0.390063545515
0.378776537112
0.367743895326
0.356957560512
0.346410138992
0.336094822573
0.326005320021
0.316135798589
0.306480833966
0.297035367315
0.287794668262
0.278754302916
0.269910106128
0.261258157343
0.252794759489
0.24451642047
0.236419836854
0.228501879457
0.22075958054
0.213190122402
0.205790827176
0.198559147662
0.191492659065
0.184589051522
0.177846123321
0.171261774717
0.164834002298
0.158560893804
0.152440623379
0.146471447197
0.140651699411
0.134979788415
0.12945419337
0.124073460974
0.118836202457
0.113741090773
0.108786857982
0.103972292793
0.0992962382654
0.094757589654
0.0903552923791
0.0860883401221
0.0819557730309
0.0779566760294
0.0740901772225
0.0703554463922
0.066751693575
0.0632781677189
0.0599341554122
0.0567189796797
0.0536319988433
0.0506726054409
0.0478402252011
0.04513431607
0.0425543672858
0.0400998984994
0.0377704589363
0.0355656265983
0.0334850075024
0.0315282349518
0.0296949688405
0.0279848949849
0.0263977244826
0.0249331930955
0.0235910606539
0.0223711104807
0.0212731488317
0.0202970043515
0.0194425275413
0.0187095902363
0.0180980850912
0.0176079250699
0.0172390429379
0.0169913907544
0.0168649393603
0.016859677861
0.0169756130991
0.017212769114
0.0175711865866
0.0180509222621
0.0186520483504
0.0193746518973
0.0202188341226
0.021184709721
0.0222724061196
0.0234820626857
0.0248138298807
0.0262678683516
0.0278443479531
0.0295434466942
0.0313653495984
0.0333102474705
0.0353783355592
0.0375698121047
0.0398848767615
0.0423237288814
0.0448865656465
0.0475735800357
0.0503849586102
0.053320879103
0.0563815077921
0.0595669966418
0.062877480191
0.0663130721674
0.0698738618066
0.0735599098528
0.0773712442172
0.0813078552699
0.0853696907394
0.0895566501951
0.0938685790879
0.0983052623228
0.102866417341
0.107551686691
0.112360630067
0.117292715803
0.122347311809
0.127523675954
0.132820945892
0.138238128352
0.143774087925
0.149427535386
0.155197015618
0.161080895233
0.167077349985
0.173184352134
0.179399657925
0.185720795406
0.192145052828
0.198669467933
0.205290818475
0.212005614363
0.218810091867
0.225700210363
0.232671652141
0.239719825817
0.246839873898
0.254026685051
0.261274911601
0.268578992687
0.275933183455
0.283331590494
0.290768213564
0.298236993447
0.305731865467
0.313246817991
0.320775954833
0.328313560237
0.335854164726
0.34339260988
0.350924109814
0.358444306995
0.365949319947
0.373435780432
0.380900857815
0.388342268622
0.395758269628
0.403147633282
0.410509604806
0.417843840841
0.425150330101
0.432429297033
0.439681089985
0.446906055851
0.454104403516
0.461276058823
0.468420514016
0.475536674961
0.482622709711
0.48967590235
0.496692516429
0.503667672819
0.510595247338
0.517467794077
0.524276500941
0.531011184312
0.537660329941
0.544211186911
0.550649920671
0.55696182947
0.563131625967
0.569143782207
0.574982931695
0.580634317117
0.586084266939
0.591320679134
0.596333486531
0.601115076409
0.605660637579
0.609968411689
0.61403983154
0.617879537437
0.621495271883
0.624897662178
0.628099908475
0.631117400702
0.63396729087
0.636668047615
0.639239017702
0.641700015195
0.644070953944
0.646371533622
0.648620984371
0.65083787072
0.653039951932
0.655244093482
0.65746622285
0.659721322132
0.66202344986
0.66438578486
0.666820685579
0.669339759177
0.671953935512
0.674673541998
0.677508376086
0.680467772772
0.683560665132
0.686795636308
0.690180961761
0.693724640838
0.697434416897
0.70131778536
0.705381989078
0.70963400043
0.714080489477
0.718727777433
0.723581774498
0.728647900819
0.733930988936
0.7394351653
0.745163707321
0.751118870429
0.757301676495
0.76371164978
0.770346478335
0.777201565762
0.784269418057
0.791538779715
0.798993388152
0.806610151227
0.814356465527
0.822186284427
0.830034429986
0.837808569492
0.845378361195
0.852561748596
0.859109646229
0.864692804805
0.868898621137
0.871249750317
0.871256329335
0.868502998871
0.862749202351
0.854000163519
0.842510495406
0.828717976544
0.813142843331
0.796296497907
0.778624206563
0.760482748062
0.742141762488
0.723796566247
0.705584070246
0.687597531814
0.669898592312
0.65252645156
0.635504589619
0.61884557886
0.602554483438
0.586631243916
0.57107234468
0.555871978829
0.541022862234
0.526516802727
0.512345098068
0.498498813802
0.484968976504
0.471746707189
0.458823312204
0.446190343816
0.433839639125
0.421763343456
0.409953922631
0.398404167311
0.387107191682
0.376056428194
0.365245619543
0.354668808816
0.344320328456
0.334194788514
0.324287064565
0.314592285538
0.305105821641
0.295823272527
0.28674045579
0.277853395856
0.269158313306
0.260651614669
0.252329882682
0.244189867031
0.236228475556
0.228442765933
0.220829937791
0.213387325273
0.206112390015
0.199002714513
0.19205599589
0.185270040006
0.178642755924
0.172172150695
0.165856324455
0.159693465805
0.153681847474
0.147819822233
0.142105819048
0.136538339477
0.131115954258
0.12583730012
0.120701076771
0.115706044065
0.110851019339
0.106134874902
0.101556535675
0.0971149769625
0.0928092223603
0.088638341775
0.0846014495627
0.0806977027708
0.0769262994785
0.0732864772302
0.0697775115547
0.0663987145644
0.0631494336304
0.0600290501268
0.0570369782398
0.0541726638377
0.0514355833963
0.0488252429756
0.0463411772444
0.0439829485488
0.0417501460196
0.0396423847169
0.0376593048068
0.035800570767
0.0340658706193
0.0324549151834
0.0309674373507
0.0296031913739
0.0283619521689
0.0272435146266
0.0262476929306
0.0253743198779
0.0246232461986
0.023994339872
0.0234874854345
0.0231025832767
0.0228395489251
0.0226983123043
0.0226788169768
0.0227810193547
0.0230048878791
0.0233504021635
0.0238175520945
0.0244063368864
0.0251167640825
0.0259488484988
0.0269026111027
0.0279780778213
0.0291752782718
0.0304942444077
0.0319350090725
0.0334976044534
0.0351820604275
0.0369884027913
0.0389166513647
0.0409668179614
0.0431389042154
0.0454328992546
0.0478487772128
0.050386494569
0.053045987306
0.0558271678793
0.0587299219867
0.061754105132
0.0648995389752
0.0681660074647
0.0715532527462
0.0750609708485
0.0786888071463
0.082436351604
0.0863031338102
0.0902886178148
0.0943921967879
0.0986131875252
0.102950824834
0.107404255841
0.11197253427
0.116654614759
0.121449347288
0.126355471802
0.13137161315
0.136496276432
0.141727842927
0.147064566723
0.152504572252
0.158045852894
0.163686270885
0.169423558729
0.175255322357
0.181179046287
0.187192101004
0.193291752837
0.199475176523
0.205739470703
0.212081676495
0.218498799287
0.224987833821
0.231545792555
0.238169737232
0.244856813449
0.251604287959
0.258409588271
0.265270344049
0.272184429642
0.279150007012
0.286165568198
0.293229976399
0.300342504684
0.307502871335
0.314711270823
0.321968399452
0.3292754748
0.336634248171
0.344047009389
0.35151658343
0.359046318495
0.366640065301
0.374302147428
0.382037322705
0.38985073561
0.397747860663
0.405734436736
0.413816392026
0.421999759261
0.430290580411
0.438694799804
0.447218144136
0.455865987355
0.464643197852
0.473553964793
0.48260159983
0.491788309866
0.501114936104
0.510580654359
0.520182631813
0.529915636145
0.539771594759
0.549739104985
0.559802901292
0.56994329328
0.580135599288
0.590349615245
0.600549176894
0.610691894829
0.62072916314
0.630606559049
0.640264755163
0.64964104822
0.658671558944
0.667294071283
0.675451360207
0.683094723927
0.69018732251
0.696706871155
0.702647275709
0.708018937516
0.712847666787
0.717172372349
0.721041878174
0.724511309406
0.727638482077
0.730480643115
0.733091779352
0.735520585132
0.737809074333
0.739991755699
0.742095259044
0.74413829618
0.746131854449
0.748079543645
0.749978042669
0.751817616436
0.753582694205
0.755252516572
0.756801869067
0.758201925187
0.759421220035
0.760426767132
0.761185315309
0.761664720925
0.761835385256
0.761671681805
0.761153278485
0.760266250678
0.759003886994
0.757367111596
0.755364482673
0.753011770183
0.750331159074
0.747350158997
0.744100322185
0.740615875624
0.736932363466
0.73308537502
0.729109407996
0.725036890856
0.720897365898
0.716716818044
0.712517123789
0.708315590083
0.704124553104
0.699951011049
0.695796272582
0.691655612842
0.687517942096
0.683365507968
0.679173670748
0.674910811755
0.670538455226
0.666011701214
0.661280074823
0.656288888347
0.650981179386
0.645300224177
0.639192531762
0.632611112663
0.625518709252
0.617890606489
0.609716642242
0.601002121596
0.591767498515
0.582046883403
0.571885614884
0.561337252945
0.550460385724
0.539315599168
0.527962863841
0.51645947982
0.504858617096
0.493208411759
0.481551532098
0.469925109912
0.458360933244
0.446885809322
0.435522024222
0.424287844144
0.413198019637
0.402264267652
0.391495716582
0.380899306888
0.370480145031
0.36024181166
0.350186626969
0.340315877166
0.330630006364
0.321128778239
0.311811411563
0.302676693365
0.293723073076
0.284948740598
0.276351690841
0.267929776908
0.25968075378
0.251602314082
0.24369211723
0.235947813095
0.228367061091
0.220947545475
0.213686987503
0.206583154987
0.199633869695
0.192837012978
0.186190529933
0.179692432357
0.173340800719
0.167133785318
0.161069606789
0.155146556072
0.149362993951
0.143717350252
0.138208122773
0.132833875995
0.127593239633
0.122484907074
0.117507633719
0.112660235268
0.107941585973
0.103350616873
0.0988863140252
0.0945477167544
0.090333915917
0.0862440522017
0.0822773144643
0.0784329381059
0.0747102034961
0.071108434447
0.0676269967377
0.0642652966912
0.061022779806
0.0578989294412
0.0548932655557
0.0520053435012
0.049234752868
0.0465811163835
0.0440440888615
0.0416233562011
0.0393186344347
0.0371296688224
0.0350562329931
0.0330981281274
0.0312551821851
0.0295272491708
0.0279142084392
0.0264159640374
0.0250324440806
0.0237636001615
0.0226094067902
0.0215698608626
0.0206449811551
0.0198348078439
0.019139402046
0.0185588453793
0.018093239541
0.0177427058988
0.0175073850953
0.0173874366601
0.0173830386284
0.0174943871616
0.0177216961676
0.0180651969154
0.018525137642
0.0191017831455
0.0197954143611
0.0206063279139
0.0215348356434
0.0225812640935
0.0237459539616
0.0250292594995
0.0264315478572
0.0279531983627
0.0295946017262
0.0313561591588
0.0332382813946
0.0352413876015
0.0373659041685
0.0396122633517
0.0419809017618
0.0444722586753
0.0470867741454
0.049824886891
0.0526870319357
0.0556736379701
0.0587851244032
0.0620218980693
0.0653843495508
0.0688728490748
0.0724877419374
0.0762293434031
0.0800979330258
0.0840937483296
0.0882169777835
0.0924677530017
0.0968461400906
0.101352130065
0.105985628246
0.110746442552
0.115634270591
0.120648685464
0.125789120173
0.131054850563
0.136444976696
0.141958402591
0.147593814274
0.1533496561
0.159224105346
0.165215045113
0.171320035636
0.177536284169
0.183860613677
0.190289430724
0.196818693008
0.203443877207
0.210159947916
0.216961328698
0.223841876461
0.230794860589
0.23781294853
0.244888199711
0.252012069884
0.259175428121
0.266368588748
0.27358136044
0.280803114481
0.288022873826
0.295229423946
0.30241144565
0.309557668955
0.316657045871
0.323698938505
0.330673317493
0.337570964366
0.344383670303
0.351104422966
0.357727572803
0.364248970538
0.370666068528
0.376977980247
0.383185494219
0.389291041127
0.395298615388
0.401213654814
0.407042884103
0.412794129432
0.418476112353
0.424098231519
0.429670340472
0.4352025289
0.440704913675
0.446187444577
0.451659728212
0.457130872249
0.462609350878
0.468102891375
0.473618380889
0.479161792
0.484738125289
0.490351367042
0.496004460227
0.501699287045
0.507436661629
0.513216331747
0.51903698872
0.524896285141
0.530790860309
0.536716373626
0.542667546516
0.548638213617
0.554621384229
0.560609315041
0.566593595204
0.572565244694
0.578514826712
0.584432574531
0.590308532765
0.596132712476
0.601895258917
0.607586629994
0.613197782837
0.618720365203
0.624146907825
0.62947101343
0.634687537904
0.639792759091
0.644784529046
0.649662406111
0.654427764019
0.659083876295
0.663635975405
0.668091287418
0.672459044193
0.676750476372
0.680978791539
0.685159142866
0.689308594347
0.693446089413
0.697592430196
0.701770275308
0.706004164492
0.710320579259
0.714748049598
0.719317318277
0.724061576242
0.729016785506
0.734222109842
0.739720479107
0.745559320448
0.75179149983
0.758476531001
0.765682127222
0.773486194923
0.781979398174
0.791268456599
0.801480368061
0.812767742256
0.825315309638
0.839347201716
0.855133142459
0.872987432639
0.893242337678
0.916142322404
0.941508872628
0.967809140958
0.990179914343
0.999190195341
0.987526267647
0.959744198995
0.92583179338
0.891939572531
0.860262572452
0.831211574223
0.804603006876
0.78010840326
0.757401406298
0.736198300393
0.716263408441
0.697404021507
0.679463161153
0.662312790269
0.64584813151
0.629983107758
0.614646736338
0.599780284089
0.585335014249
0.571270389994
0.557552630589
0.544153541402
0.531049558494
0.518220963037
0.505651231645
0.493326496633
0.481235096101
0.469367198065
0.457714486114
0.446269896454
0.435027398134
0.423981809589
0.413128645847
0.402463991609
0.391984396137
0.381686786548
0.371568396549
0.361626708159
0.351859404256
0.342264330181
0.332839462831
0.323582885961
0.314492770598
0.305567359633
0.296804955826
0.288203912568
0.279762626877
0.271479534157
0.263353104379
0.255381839359
0.247564270897
0.239898959579
0.232384494062
0.225019490735
0.217802593633
0.210732474527
0.203807833136
0.19702739739
0.190389923726
0.183894197376
0.177539032631
0.171323273069
0.165245791721
0.159305491199
0.153501303749
0.147832191253
0.142297145167
0.136895186401
0.131625365149
0.126486760661
0.121478480972
0.116599662581
0.1118494701
0.107227095857
0.102731759471
0.0983627073966
0.0941192124487
0.0900005732977
0.0860061139493
0.0821351832082
0.0783871541255
0.0747614234357
0.0712574109821
0.0678745591344
0.0646123321982
0.0614702158182
0.0584477163761
0.0555443603836
0.0527596938709
0.0500932817711
0.0475447073004
0.0451135713345
0.0427994917802
0.0406021029423
0.0385210548859
0.0365560127912
0.0347066563033
0.0329726788726
0.0313537870882
0.0298496999996
0.028460148429
0.0271848742699
0.0260236297724
0.0249761768131
0.024042286148
0.0232217366461
0.0225143145038
0.0219198124359
0.0214380288429
0.0210687669529
0.0208118339342
0.0206670399796
0.0206341973572
0.0207131194285
0.0209036196298
0.0212055104165
0.0216186021671
0.022142702046
0.0227776128235
0.0235231316506
0.0243790487888
0.0253451462918
0.0264211966403
0.0276069613286
0.028902189403
0.0303066159518
0.0318199605499
0.0334419256576
0.035172194977
0.0370104317696
0.0389562771386
0.0410093482816
0.0431692367207
0.0454355065172
0.0478076924812
0.0502852983863
0.0528677952034
0.0555546193678
0.0583451710978
0.0612388127821
0.0642348674611
0.0673326174234
0.0705313029472
0.0738301212147
0.0772282254343
0.0807247242034
0.084318681154
0.0880091149176
0.0917949994569
0.0956752648067
0.099648798273
0.103714446137
0.107871015914
0.112117279214
0.116451975251
0.120873815049
0.125381486378
0.129973659461
0.134648993482
0.139406143912
0.144243770661
0.149160547071
0.154155169713
0.159226368978
0.164372920411
0.169593656728
0.174887480434
0.180253376951
0.185690428135
0.191197826051
0.196774886861
0.202421064658
0.208135965075
0.21391935848
0.219771192576
0.22569160421
0.231680930201
0.237739717018
0.243868729125
0.250068955844
0.256341616606
0.262688164465
0.269110287796
0.275609910105
0.282189187914
0.288850506712
0.295596474965
0.302429916236
0.309353859437
0.316371527282
0.323486323
0.330701815357
0.338021722061
0.345449891557
0.35299028326
0.360646946184
0.368423995932
0.376325589942
0.384355900839
0.392519087693
0.400819264883
0.409260468235
0.417846617981
0.426581478007
0.43546861076
0.444511327064
0.453712629991
0.463075151791
0.47260108277
0.482292090858
0.492149230484
0.502172839272
0.512362420916
0.522716512613
0.533232535331
0.543906625354
0.554733445694
0.565705976393
0.576815283326
0.588050266119
0.599397387144
0.610840385438
0.622359981943
0.633933585657
0.645535014266
0.657134247485
0.66869723653
0.680185798404
0.691557628431
0.702766467709
0.713762462509
0.72449274883
0.73490228572
0.744934944737
0.754534840041
0.763647855442
0.772223294654
0.780215553678
0.787585695388
0.794302801024
0.800344984399
0.805699981889
0.810365270668
0.814347712695
0.817662764949
0.820333330976
0.822388350958
0.823861236326
0.824788252105
0.825206938748
0.825154648888
0.824667256252
0.823778076414
0.822517023451
0.82091001362
0.818978616876
0.81673994895
0.814206790161
0.811387911296
0.808288581107
0.804911223837
0.801256188642
0.797322586365
0.793109143762
0.788615022293
0.783840549211
0.778787813869
0.773461092193
0.76786707643
0.76201490407
0.755915997106
0.749583738205
0.743033021932
0.736279725799
0.729340147153
0.722230448593
0.714966147745
0.707561678486
0.700030041405
0.692382552599
0.68462869257
0.676776051289
0.66883036142
0.660795609081
0.652674209975
0.644467237932
0.636174692658
0.627795793454
0.619329285921
0.610773749049
0.602127890704
0.593390820491
0.584562290221
0.575642893946
0.566634221594
0.557538962599
0.548360958521
0.539105206153
0.529777814992
0.520385924914
0.510937591378
0.501441646342
0.491907543373
0.482345195126
0.472764810647
0.46317673883
0.453591323099
0.444018771021
0.434469041201
0.424951748658
0.415476088829
0.406050779552
0.396684019765
0.387383463276
0.3781562057
0.36900878261
0.359947176926
0.350976833726
0.342102680759
0.333329153183
0.324660221212
0.316099419587
0.30764987794
0.299314351345
0.291095250448
0.282994670765
0.275014420798
0.26715604876
0.259420867747
0.25180997929
0.244324295235
0.23696455798
0.229731359082
0.222625156318
0.215646289247
0.20879499338
0.202071413025
0.19547561292
0.189007588725
0.182667276476
0.176454561084
0.170369283958
0.164411249837
0.158580232892
0.152875982181
0.147298226508
0.141846678752
0.13652103971
0.13132100151
0.126246250639
0.12129647062
0.116471344375
0.111770556313
0.107193794169
0.102740750616
0.0984111246854
0.0942046229998
0.0901209608593
0.0861598631792
0.0823210653057
0.0786043137179
0.0750093666319
0.0715359945147
0.0681839805191
0.0649531208469
0.0618432250495
0.0588541162695
0.0559856314317
0.0532376213856
0.0506099510064
0.0481024992541
0.0457151591976
0.0434478380026
0.0413004568868
0.0392729510431
0.0373652695317
0.0355773751404
0.0339092442149
0.032360866456
0.0309322446846
0.0296233945724
0.0284343443363
0.0273651343934
0.0264158169762
0.0255864557019
0.0248771250938
0.0242879100506
0.0238189052576
0.0234702145358
0.023241950122
0.0231342318743
0.023147186394
0.023280946058
0.0235356479509
0.0239114326884
0.0244084431206
0.0250268229038
0.025766714928
0.0266282595868
0.0276115928732
0.0287168442865
0.0299441345322
0.0312935729948
0.0327652549639
0.0343592585914
0.0360756415552
0.0379144374052
0.0398756515635
0.0419592569513
0.044165189212
0.0464933414997
0.0489435588004
0.051515631753
0.0542092899368
0.0570241945921
0.0599599307416
0.0630159986823
0.0661918048202
0.0694866518243
0.0728997280836
0.0764300964564
0.0800766823161
0.083838260905
0.0877134440311
0.0917006661585
0.0957981699703
0.100003991512
0.104315945057
0.108731607888
0.11324830521
0.11786309551
0.122572756681
0.127373773351
0.132262325882
0.137234281613
0.142285188959
0.147410275084
0.152604447896
0.157862303179
0.163178137687
0.168545969049
0.173959563254
0.179412470448
0.184898069604
0.190409622434
0.195940336673
0.20148343852
0.207032253642
0.212580295747
0.218121361238
0.223649628043
0.229159756255
0.234646987871
0.240107242643
0.245537206902
0.250934412265
0.256297301301
0.261625277604
0.266918738268
0.272179087407
0.277408730118
0.282611047096
0.287790350876
0.292951825399
0.298101451171
0.303245918758
0.308392533599
0.313549115227
0.318723893908
0.323925407484
0.329162400891
0.334443730377
0.339778274029
0.345174849709
0.350642141083
0.356188631981
0.361822548992
0.367551811863
0.373383991054
0.379326271601
0.385385422321
0.391567769282
0.397879172458
0.404325004423
0.410910129976
0.41763888557
0.424515057482
0.431541857637
0.438721896044
0.446057148821
0.453548920769
0.461197801498
0.469003614045
0.476965355001
0.485081125092
0.493348049237
0.501762185116
0.510318419408
0.519010350993
0.52783016072
0.536768467733
0.545814172998
0.55495429153
0.564173776112
0.573455336901
0.582779263588
0.592123259468
0.601462300229
0.610768534141
0.620011244593
0.629156900134
0.638169320565
0.647009989374
0.655638541504
0.664013449701
0.672092921292
0.679835999296
0.687203837849
0.694161093931
0.700677349372
0.706728454511
0.712297673767
0.717376518587
0.721965176588
0.726072485004
0.729715445196
0.732918323997
0.735711427864
0.738129660399
0.740210980293
0.741994866621
0.743520876472
0.744827352171
0.745950307411
0.746922497796
0.747772663663
0.748524922531
0.749198284385
0.749806264431
0.750356573527
0.750850875346
0.751284610452
0.751646900074
0.751920555666
0.75208223301
0.752102779892
0.751947831664
0.751578706015
0.750953633609
0.750029332207
0.74876288823
0.747113854905
0.745046418988
0.742531441312
0.739548155038
0.736085320763
0.732141693097
0.727725740646
0.722854662549
0.717552836877
0.711849899557
0.705778676557
0.699373177696
0.692666817772
0.685690974047
0.678473932009
0.671040223272
0.663410324942
0.655600668954
0.64762390055
0.639489323649
0.631203474321
0.622770769277
0.61419418277
0.605475911795
0.596617995837
0.587622863789
0.578493787262
0.569235226465
0.559853062005
0.550354713091
0.540749149263
0.531046808372
0.521259437756
0.51139987805
0.501481809819
0.491519482345
0.481527441722
0.471520272405
0.461512362844
0.45151770233
0.441549712924
0.431621117539
0.421743843093
0.411928956046
0.402186626624
0.39252611755
0.382955792893
0.373483142865
0.364114820667
0.354856687988
0.345713866193
0.336690790793
0.327791267224
0.319018526409
0.31037527894
0.301863767053
0.293485813808
0.285242869123
0.277136052456
0.26916619208
0.261333860976
0.253639409446
0.246082994591
0.238664606849
0.231384093769
0.224241181249
0.217235492439
0.21036656451
0.203633863489
0.197036797349
0.190574727519
0.184246978984
0.17805284912
0.171991615404
0.166062542107
0.160264886112
0.154597901924
0.149060845988
0.143652980386
0.138373575987
0.133221915116
0.128197293801
0.12329902365
0.118526433399
0.113878870181
0.109355700542
0.104956311245
0.100680109882
0.0965265253243
0.0924950080364
0.0885850302593
0.0847960860958
0.0811276915034
0.07757938421
0.0741507235649
0.0708412903331
0.0676506864428
0.0645785346934
0.0616244784292
0.0587881811861
0.0560693263141
0.0534676165807
0.0509827737576
0.0486145381941
0.0463626683787
0.0442269404905
0.0422071479424
0.0403031009152
0.0385146258854
0.0368415651448
0.0352837763119
0.0338411318366
0.0325135184944
0.0313008368716
0.0302030008391
0.0292199370138
0.0283515842049
0.027597892845
0.0269588244023
0.0264343507716
0.0260244536431
0.025729123844
0.025548360652
0.0254821710754
0.0255305690981
0.0256935748852
0.0259712139438
0.0263635162375
0.026870515248
0.0274922469792
0.0282287488998
0.0290800588182
0.0300462136845
0.0311272483132
0.032323194021
0.0336340771732
0.0350599176309
0.0366007270938
0.0382565073301
0.0400272482862
0.0419129260691
0.0439135007937
0.0460289142869
0.0482590876414
0.0506039186114
0.053063278843
0.0556370109324
0.0583249253058
0.0611267969162
0.0640423617511
0.0670713131499
0.0702132979285
0.0734679123122
0.0768346976797
0.0803131361247
0.0839026458438
0.0876025763651
0.0914122036349
0.095330724987
0.0993572540229
0.103490815442
0.107730339861
0.112074658686
0.116522499084
0.121072479142
0.125723103282
0.130472758045
0.135319708325
0.14026209419
0.145297928419
0.15042509487
0.155641347863
0.160944312695
0.166331487479
0.171800246445
0.177347844862
0.18297142574
0.188668028424
0.194434599201
0.200268003989
0.206165043146
0.212122468382
0.218137001701
0.224205356237
0.230324258759
0.236490473551
0.242700827278
0.248952234365
0.255241722329
0.261566456418
0.26792376284
0.274311149815
0.280726325619
0.287167212797
0.293631957683
0.300118934427
0.306626742748
0.313154198727
0.319700318011
0.326264290963
0.332845449366
0.339443224462
0.346057096236
0.352686534021
0.359330928647
0.365989516519
0.372661296204
0.379344938282
0.386038689436
0.392740272024
0.39944678067
0.406154577786
0.412859190391
0.41955521109
0.426236206739
0.432894638955
0.439521801392
0.446107779432
0.452641438577
0.459110448316
0.465501348389
0.471799664048
0.477990075981
0.484056648763
0.489983119087
0.495753241409
0.501351184244
0.506761965457
0.511971909856
0.516969107988
0.521743851837
0.526289021822
0.530600400663
0.534676893358
0.538520638689
0.542137005489
0.545534475678
0.548724424481
0.551720815406
0.554539832566
0.557199475436
0.559719141019
0.562119216126
0.564420698562
0.566644861139
0.56881296739
0.570946043043
0.573064703196
0.57518903191
0.57733850857
0.579531973892
0.581787627611
0.584123049564
0.586555235873
0.589100641988
0.591775224399
0.594594472597
0.597573422233
0.600726639288
0.604068163063
0.607611392892
0.611368899186
0.615352133533
0.619571004578
0.624033275899
0.628743728703
0.633703015851
0.638906115252
0.644340272568
0.649982311331
0.655795195078
0.661723772852
0.66768976299
0.67358628306
0.679272676236
0.684571047899
0.689266731298
0.693115526871
0.695860347934
0.697258020665
0.697113096642
0.695310830271
0.691838891872
0.686789777433
0.680342965335
0.67273355195
0.664217745908
0.655043973651
0.645433826927
0.635572829991
0.625608650981
0.615653857925
0.605790824169
0.596077192077
0.586551013447
0.577235177842
0.568141031525
0.559271237851
0.550621990748
0.542184706312
0.533947308605
0.525895208277
0.518012053701
0.510280316895
0.502681761763
0.495197830075
0.487809970876
0.480499931203
0.473250019749
0.466043350045
0.458864065799
0.451697547895
0.44453060034
0.437351611017
0.430150682467
0.422919728042
0.415652529583
0.408344754132
0.400993928922
0.393599375865
0.38616210867
0.37868469745
0.37117110704
0.363626516151
0.35605712481
0.348469957445
0.340872668376
0.333273355565
0.325680387368
0.318102245781
0.310547388475
0.303024130769
0.295540547722
0.288104395727
0.280723052375
0.273403472955
0.266152161685
0.258975155684
0.251878019676
0.244865849505
0.23794328269
0.231114514425
0.224383317619
0.217753065766
0.211226757642
0.204807042987
0.198496248504
0.192296403646
0.186209265776
0.180236344419
0.174378924365
0.168638087506
0.16301473331
0.157509597885
0.152123271652
0.146856215633
0.141708776393
0.136681199716
0.131773643053
0.126986186841
0.122318844738
0.117771572887
0.113344278243
0.109036826074
0.104849046667
0.100780741348
0.096831687833
0.0930016450044
0.089290357146
0.085697557693
0.0822229725413
0.0788663229589
0.0756273281354
0.0725057074072
0.0695011821859
0.0666134776226
0.0638423240291
0.0611874580834
0.0586486238362
0.0562255735393
0.0539180683111
0.0517258786535
0.049648784834
0.0476865771426
0.0458390560345
0.044106032166
0.0424873263317
0.0409827693071
0.0395922016046
0.0383154731428
0.0371524428354
0.0361029781002
0.0351669542896
0.0343442540425
0.033634766559
0.0330383867947
0.0325550145742
0.0321845536209
0.0319269104999
0.0317819934703
0.0317497112427
0.0318299716363
0.0320226801301
0.0323277383019
0.0327450421484
0.0332744802783
0.0339159319703
0.034669265088
0.0355343338411
0.0365109763847
0.0375990122452
0.0387982395625
0.0401084321382
0.041529336278
0.0430606674166
0.0447021065159
0.0464532962233
0.0483138367812
0.0502832816782
0.0523611330323
0.0545468367011
0.0568397771128
0.0592392718164
0.0617445657514
0.0643548252431
0.0670691317318
0.0698864752527
0.0728057476873
0.0758257358183
0.0789451142256
0.0821624380748
0.0854761358608
0.0888845021802
0.0923856906261
0.0959777069121
0.0996584023498
0.103425467828
0.107276428453
0.11120863905
0.115219280705
0.11930535861
0.12346370142
0.127690962412
0.131983622686
0.136337996717
0.140750240497
0.145216362558
0.149732238093
0.154293626398
0.158896191769
0.163535527972
0.168207186273
0.172906706957
0.177629654146
0.182371653595
0.18712843303
0.191895864459
0.196670007746
0.201447154629
0.206223872264
0.210997045283
0.215763915325
0.220522116968
0.225269709045
0.230005200389
0.234727569154
0.239436275048
0.24413126398
0.248812964827
0.253482278283
0.258140557946
0.262789584043
0.267431530366
0.272068925187
0.276704607013
0.281341676173
0.285983443237
0.290633375297
0.295295041094
0.299972055926
0.30466802715
0.309386501033
0.314130911539
0.318904531565
0.323710426993
0.328551413836
0.33343001866
0.338348442403
0.343308527631
0.348311729261
0.353359088763
0.358451211827
0.363588249552
0.368769883187
0.373995312558
0.379263248319
0.384571908257
0.389919017926
0.395301815943
0.400717064323
0.40616106426
0.411629677788
0.417118355708
0.422622172165
0.428135866133
0.433653889977
0.439170465076
0.444679644284
0.450175380773
0.455651602512
0.461102291329
0.466521565217
0.471903762228
0.477243524032
0.482535877026
0.487776308686
0.492960836843
0.498086069577
0.503149253546
0.508148308836
0.513081848706
0.517949182976
0.522750304226
0.52748585635
0.532157085382
0.536765772803
0.541314151709
0.545804806328
0.550240555287
0.554624318899
0.558958970438
0.563247171041
0.567491187473
0.571692691637
0.575852540414
0.579970534334
0.584045153745
0.58807327175
0.592049844411
0.595967580702
0.599816597719
0.60358407097
0.607253895273
0.610806379078
0.614218003631
0.617461287813
0.620504808524
0.623313433207
0.625848822754
0.628070256155
0.629935809497
0.631403888773
0.632435068956
0.63299413532
0.633052166766
0.632588458401
0.631592066211
0.630062780397
0.628011396707
0.625459246359
0.62243704538
0.618983210546
0.615141843727
0.61096060121
0.606488642809
0.601774808748
0.596866114868
0.591806601751
0.586636529117
0.581391877041
0.576104099701
0.570800072726
0.565502178431
0.560228480817
0.554992951754
0.549805719445
0.544673319123
0.539598933492
0.534582616638
0.529621500062
0.524709983389
0.519839915275
0.515000772313
0.510179845371
0.505362443763
0.500532127927
0.495670980733
0.490759925971
0.485779099899
0.480708277789
0.475527352353
0.470216854905
0.464758503699
0.459135757659
0.453334348715
0.447342762961
0.441152640735
0.43475906889
0.428160744945
0.42136000187
0.414362692857
0.407177946184
0.399817809738
0.392296811785
0.3846314684
0.376839768523
0.368940665224
0.360953597116
0.352898058016
0.344793226609
0.336657661975
0.328509065729
0.320364107612
0.31223830859
0.304145973944
0.296100168089
0.288112722927
0.280194272013
0.272354303678
0.264601227184
0.256942447044
0.249384441544
0.241932842442
0.234592513537
0.227367626463
0.220261732574
0.21327783023
0.206418427068
0.19968559714
0.193081032937
0.186606092463
0.180261841609
0.174049092105
0.167968435402
0.162020272794
0.156204842128
0.15052224142
0.144972449691
0.139555345296
0.134270722029
0.129118303231
0.124097754136
0.119208692647
0.114450698725
0.109823322547
0.105326091589
0.10095851675
0.0967200976307
0.0926103270797
0.0886286950809
0.0847746920707
0.0810478117486
0.0774475534448
0.0739734240961
0.0706249398775
0.0674016275301
0.0643030254204
0.0613286843635
0.0584781682341
0.0557510543927
0.0531469339426
0.0506654118387
0.0483061068607
0.0460686514638
0.0439526915169
0.0419578859382
0.0400839062332
0.0383304359432
0.0366971700059
0.0351838140333
0.0337900835081
0.0325157028988
0.0313604046951
0.0303239283613
0.0294060192079
0.0286064271764
0.0279249055371
0.0273612094942
0.0269150946952
0.0265863156384
0.0263746239743
0.0262797666945
0.0263014842012
0.0264395082508
0.0266935597657
0.0270633465039
0.0275485605817
0.0281488758396
0.0288639450451
0.0296933969226
0.0306368330049
0.0316938242978
0.0328639077519
0.0341465825356
0.035541306105
0.0370474900675
0.0386644958379
0.0403916300888
0.0422281399984
0.0441732083027
0.0462259481654
0.0483853978794
0.0506505154219
0.0530201728924
0.055493150867
0.0580681327132
0.0607436989175
0.0635183214895
0.0663903585151
0.0693580489468
0.072419507729
0.0755727213737
0.0788155441114
0.0821456947626
0.0855607544825
0.0890581655525
0.0926352313971
0.0962891180197
0.100016857055
0.10381535064
0.107681378302
0.111611606051
0.115602597864
0.119650829686
0.123752706091
0.127904579662
0.13210277311
0.136343604077
0.140623412532
0.144938590513
0.149285613971
0.15366107629
0.158061723043
0.162484487394
0.166926525523
0.171385251357
0.175858369852
0.180343908056
0.18484024316
0.189346126808
0.193860704954
0.198383532675
0.20291458344
0.207454252473
0.212003353994
0.216563112274
0.22113514661
0.22572145044
0.230324365013
0.234946548074
0.239590938174
0.244260715256
0.248959258185
0.25369009994
0.258456881122
0.263263302418
0.268113076587
0.273009880461
0.277957307357
0.282958820234
0.28801770581
0.293137029784
0.298319593239
0.303567890234
0.308884066542
0.314269879461
0.31972665864
0.325255267813
0.330856067439
0.336528878221
0.342272945617
0.348086905505
0.353968751304
0.359915803001
0.365924678659
0.37199126921
0.378110717462
0.38427740249
0.390484930747
0.396726135367
0.402993085307
0.409277106001
0.415568813192
0.421858161502
0.428134509024
0.434386698824
0.44060315769
0.446772011684
0.45288121722
0.458918705356
0.46487253595
0.470731057267
0.476483065755
0.482117959948
0.487625882142
0.492997841484
0.498225812623
0.503302805026
0.508222899449
0.51298124973
0.517574050007
0.521998469332
0.526252557478
0.530335127185
0.534245619205
0.537983957098
0.541550398853
0.544945392105
0.548169438974
0.551222975593
0.554106270219
0.556819342606
0.559361906113
0.561733332968
0.563932642127
0.565958508494
0.567809291656
0.569483081975
0.570977761677
0.572291078492
0.573420729453
0.574364452535
0.575120123913
0.575685858672
0.576060112865
0.576241784744
0.576230312945
0.576025769241
0.575628943372
0.575041417332
0.57426562646
0.573304904756
0.572163512044
0.570846640993
0.569360402542
0.567711788916
0.565908614231
0.563959433424
0.561873441088
0.559660352416
0.557330269047
0.554893532954
0.552360571684
0.549741738242
0.547047148696
0.544286520254
0.541469012132
0.538603071052
0.535696282797
0.532755230807
0.529785362595
0.526790864563
0.523774545894
0.520737732393
0.517680171589
0.514599951041
0.511493432577
0.508355206144
0.505178068
0.501953028955
0.498669359331
0.495314677875
0.491875092046
0.488335396491
0.484679335071
0.480889929238
0.476949871743
0.472841979822
0.468549696212
0.464057620216
0.459352045299
0.45442147515
0.44925708776
0.443853117566
0.438207129423
0.432320165057
0.426196751939
0.419844775172
0.41327522355
0.406501830019
0.399540633367
0.392409491311
0.385127575321
0.377714874821
0.370191733688
0.362578436073
0.354894852368
0.347160150414
0.339392572142
0.331609272118
0.323826211907
0.316058102683
0.308318387924
0.300619258129
0.292971690037
0.285385503675
0.277869431513
0.270431195024
0.26307758486
0.255814541736
0.248647235827
0.241580143135
0.234617117746
0.227761459349
0.22101597564
0.21438303953
0.207864641183
0.201462435086
0.195177782392
0.189011788836
0.182965338574
0.17703912426
0.171233673715
0.165549373501
0.159986489718
0.154545186304
0.149225541105
0.144027559962
0.138951189035
0.133996325565
0.129162827252
0.124450520413
0.119859207063
0.115388671052
0.11103868336
0.106809006669
0.102699399282
0.098709618485
0.0948394234084
0.0910885774576
0.0874568503623
0.0839440198918
0.0805498732794
0.0772742083899
0.0741168346627
0.0710775738578
0.0681562606273
0.0653527429342
0.0626668823352
0.0600985541421
0.0576476474756
0.0553140652207
0.0530977238944
0.05099855343
0.0490164968867
0.0471515100859
0.0454035611797
0.0437726301503
0.0422587082445
0.04086179734
0.0395819092428
0.038419064915
0.037373293627
0.0364446320321
0.0356331231574
0.0349388153049
0.0343617608561
0.0339020149724
0.0335596341813
0.0333346748405
0.0332271914666
0.0332372349186
0.0333648504216
0.0336100754169
0.033972937224
0.0344534504964
0.035051614454
0.0357674098745
0.0366007958205
0.0375517060837
0.0386200453227
0.0398056848693
0.0411084581813
0.0425281559145
0.0440645205885
0.0457172408215
0.0474859451068
0.0493701951074
0.0513694784445
0.0534832009603
0.055710678436
0.0580511277531
0.0605036574918
0.0630672579664
0.0657407907105
0.0685229774352
0.0714123884997
0.0744074309519
0.0775063362192
0.0807071475544
0.0840077073734
0.0874056446552
0.0908983626132
0.0944830268923
0.0981565545925
0.101915604472
0.105756568738
0.10967556688
0.113668442073
0.117730760703
0.121857815628
0.126044633802
0.130285988929
0.134576419763
0.138910254673
0.143281642993
0.147684593584
0.152113020854
0.156560798321
0.161021819512
0.165490065747
0.169959680004
0.174425045745
0.178880869226
0.183322263504
0.187744832054
0.192144749722
0.196518838585
0.200864636312
0.205180454687
0.209465426236
0.213719537229
0.217943645803
0.22213948448
0.226309646971
0.230457559712
0.23458743916
0.238704236376
0.242813570791
0.246921655358
0.25103521542
0.255161403671
0.259307713461
0.263481892542
0.267691859043
0.271945621172
0.276251201764
0.280616568445
0.285049569841
0.289557877918
0.294148936279
0.298829913967
0.303607664143
