-1.47659662275e-16
4.44407556244e-05
0.000177758591595
0.000399940206497
0.000710963402293
0.00111079704078
0.00159940098259
0.00217672600877
0.00284271372477
0.00359729644695
0.00444039707145
0.00537192892542
0.0063917956005
0.00749989076856
0.00869609797957
0.00998029044153
0.0113523307824
0.0128120707942
0.0143593511585
0.015994001154
0.0177158383462
0.0195246682581
0.0214202840229
0.0234024660188
0.0254709814841
0.0276255841155
0.0298660136471
0.0321919954113
0.0346032398814
0.0370994421966
0.0396802816682
0.0423454212689
0.0450945071038
0.0479271678647
0.0508430142672
0.0538416384713
0.0569226134856
0.0600854925567
0.0633298085429
0.066655073274
0.0700607768973
0.0735463872112
0.0771113489872
0.0807550832807
0.0844769867337
0.0882764308675
0.0921527613709
0.0961052973814
0.100133330765
0.104236125392
0.108412916418
0.112662909561
0.116985280392
0.121379173625
0.125843702425
0.130377947722
0.134980957554
0.139651746412
0.144389294628
0.149192547775
0.154060416106
0.15899177403
0.163985459621
0.169040274177
0.174154981828
0.179328309194
0.184558945104
0.189845540383
0.195186707703
0.200581021511
0.20602701804
0.211523195398
0.217068013763
0.222659895657
0.228297226337
0.233978354288
0.239701591825
0.245465215823
0.25126746856
0.257106558693
0.262980662362
0.268887924432
0.274826459867
0.280794355254
0.286789670462
0.292810440446
0.298854677199
0.304920371843
0.311005496869
0.317108008515
0.323225849281
0.329356950583
0.335499235532
0.34165062184
0.347809024841
0.353972360622
0.360138549252
0.366305518105
0.372471205251
0.378633562932
0.384790561069
0.39094019083
0.397080468207
0.403209437615
0.40932517548
0.415425793805
0.421509443702
0.427574318866
0.433618658981
0.439640753037
0.445638942544
0.451611624627
0.457557254984
0.463474350699
0.469361492887
0.475217329168
0.481040575952
0.486830020522
0.492584522914
0.498303017582
0.503984514838
0.509628102067
0.515232943429
0.520799385776
0.525570809433
0.517872351234
0.507015520481
0.496336893037
0.485825347894
0.47547900516
0.465296014811
0.45527456893
0.445412900301
0.435709281082
0.426162021518
0.416769468693
0.407530005336
0.398442048652
0.389504049201
0.380714489807
0.372071884503
0.363574777509
0.355221742236
0.347011380332
0.338942320737
0.331013218783
0.323222755309
0.315569635802
0.308052589565
0.3006703689
0.293421748321
0.286305523781
0.279320511916
0.272465549316
0.265739491803
0.259141213735
0.252669607319
0.246323581938
0.240102063503
0.234003993804
0.228028329883
0.22217404342
0.216440120125
0.210825559144
0.205329372478
0.199950584406
0.194688230925
0.189541359197
0.184509026996
0.179590302181
0.174784262156
0.170089993357
0.165506590733
0.161033157241
0.156668803343
0.152412646512
0.148263810747
0.144221426088
0.140284628138
0.136452557597
0.132724359796
0.129099184234
0.125576184126
0.122154515952
0.118833339019
0.115611815012
0.11248910757
0.109464381854
0.106536804122
0.103705541315
0.100969760642
0.0983286291762
0.0957813134531
0.0933269790762
0.0909647903295
0.0886939097954
0.0865134979808
0.0844227129491
0.0824207099608
0.0805066411218
0.0786796550395
0.0650088985172
0.059072430269
0.0599202616634
0.0665293820404
0.0778198860011
0.0926999337293
0.110136516776
0.129238137842
0.14932711608
0.16997979563
0.191023821675
0.212496759907
0.234581062745
0.257532566054
0.281615353394
0.30704959924
0.333977115792
0.31244543719
0.278940203852
0.250012363814
0.225253967915
0.204226410804
0.186489786908
0.171641145428
0.159350457467
0.149383850752
0.141608444254
0.135979295777
0.132513623951
0.131259160355
0.132262689582
0.13554295005
0.141070330909
0.148754752291
0.158442654282
0.16992367794
0.182946874552
0.197244840759
0.212562255001
0.228683640106
0.245454756719
0.262928781508
0.252623547652
0.240395394467
0.228996278352
0.21845541494
0.208827116131
0.200171446338
0.192538285586
0.185955747008
0.180423825308
0.175914040084
0.172375326368
0.169745370595
0.16796522971
0.166993973039
0.166819851606
0.16746536655
0.168985261839
0.171458224991
0.174974315968
0.179620606462
0.185467341038
0.192556454535
0.200893773452
0.210445639916
0.221346516844
0.215077352663
0.210473175412
0.206531084429
0.203081473341
0.199982322472
0.197130926923
0.194468213328
0.191977212048
0.189676601698
0.187610958828
0.185839534588
0.184425186922
0.183424749706
