-1.27675647832e-17
4.43300099786e-07
1.77319995591e-06
3.98969823996e-06
7.09279273694e-06
1.10824803459e-05
1.59587570804e-05
2.17216180673e-05
2.83710575477e-05
3.5907068876e-05
4.43296445205e-05
5.36387760625e-05
6.3834454197e-05
7.49166687318e-05
8.68854085876e-05
9.97406617975e-05
0.000113482415507
0.000128110655975
0.000143625368571
0.000160026537775
0.000177314147181
0.000195488179492
0.000214548616523
0.000234495439197
0.00025532862755
0.000277048160725
0.000299654016976
0.000323146173663
0.000347524607258
0.000372789293337
0.000398940206586
0.000425977320796
0.000453900608866
0.000482710042798
0.000512405593704
0.000542987231795
0.000574454926389
0.000606808645909
0.000640048357877
0.000674174028921
0.000709185624767
0.000745083110245
0.000781866449282
0.000819535604909
0.000858090539251
0.000897531213534
0.00093785758808
0.000979069622308
0.00102116727473
0.00106415050296
0.0011080192637
0.00115277351275
0.00119841320499
0.00124493829441
0.00129234873408
0.00134064447615
0.00138982547188
0.00143989167161
0.00149084302475
0.00154267947982
0.00159540098442
0.00164900748522
0.00170349892799
0.00175887525756
0.00181513641786
0.0018722823519
0.00193031300176
0.00198922830859
0.00204902821263
0.00210971265319
0.00217128156865
0.00223373489648
0.0022970725732
0.00236129453441
0.00242640071477
0.00249239104803
0.00255926546698
0.00262702390349
0.00269566628849
0.00276519255197
0.00283560262299
0.00290689642966
0.00297907389916
0.0030521349577
0.00312607953059
0.00320090754215
0.00327661891577
0.00335321357391
0.00343069143805
0.00350905242872
0.00358829646553
0.0036684234671
0.00374943335111
0.00383132603426
0.00391410143233
0.00399775946011
0.00408230003142
0.00416772305914
0.00425402845518
0.00434121613046
0.00442928599495
0.00451823795765
0.00460807192657
0.00469878780877
0.0047903855103
0.00488286493626
0.00497622599075
0.00507046857692
0.0051655925969
0.00526159795184
0.00535848454193
0.00545625226633
0.00555490102325
0.00565443070987
0.00575484122239
0.00585613245603
0.00595830430498
0.00606135666244
0.00616528942061
0.00627010247069
0.00637579570286
0.0064823690063
0.00658982226917
0.00669815537863
0.0068073682208
0.00691746068081
0.00702843264275
0.00714028398969
0.00725301460368
0.00736662436575
0.00748111315589
0.00759648085305
0.00771272733518
0.00782985247915
0.00794785616083
0.00806673825502
0.00818649863549
0.00830713717498
0.00842865374515
0.00855104821664
0.00867432045901
0.0087984703408
0.00892349772945
0.00904940249137
0.0091761844919
0.00930384359531
0.00943237966482
0.00956179256255
0.00969208214958
0.00982324828589
0.00995529083039
0.0100882096409
0.0102220045742
0.0103566754859
0.0104922222307
0.0106286446619
0.010765942632
0.0109041159923
0.0110431645929
0.0111830882831
0.0113238869106
0.0114655603225
0.0116081083644
0.0117515308811
0.0118958277161
0.0120409987118
0.0121870437095
0.0123339625494
0.0124817550705
0.0126304211108
0.0127799605069
0.0129303730947
0.0130816587085
0.0132338171817
0.0133868483466
0.0135407520342
0.0136955280744
0.0138511762961
0.0140076965267
0.0141650885928
0.0143233523196
0.0144824875312
0.0146424940506
0.0148033716996
0.0149651202986
0.0151277396672
0.0152912296236
0.0154555899848
0.0156208205666
0.0157869211837
0.0159538916496
0.0161217317765
0.0162904413755
0.0164600202564
0.0166304682278
0.0168017850972
0.0169739706709
0.0171470247537
0.0173209471494
0.0174957376606
0.0176713960886
0.0178479222335
0.018025315894
0.0182035768677
0.0183827049511
0.0185626999392
0.0187435616258
0.0189252898036
0.0191078842638
0.0192913447965
0.0194756711906
0.0196608632334
0.0198469207114
0.0200338434094
0.0202216311112
0.0204102835991
0.0205998006543
0.0207901820566
0.0209814275845
0.0211735370152
0.0213665101246
0.0215603466874
0.0217550464769
0.0219506092649
0.0221470348223
0.0223443229182
0.0225424733207
0.0227414857966
0.022941360111
0.023142096028
0.0233436933103
0.0235461517191
0.0237494710144
0.0239536509548
0.0241586912975
0.0243645917983
0.0245713522118
0.024778972291
0.0249874517878
0.0251967904524
0.0254069880338
0.0256180442796
0.025829958936
0.0260427317478
0.0262563624583
0.0264708508095
0.026686196542
0.0269023993949
0.027119459106
0.0273373754114
0.0275561480462
0.0277757767437
0.0279962612359
0.0282176012534
0.0284397965252
0.028662846779
0.028886751741
0.0291115111359
0.0293371246871
0.0295635921161
0.0297909131435
0.030019087488
0.030248114867
0.0304779949963
0.0307087275903
0.0309403123618
0.0311727490223
0.0314060372816
0.031640176848
0.0318751674284
0.032111008728
0.0323477004507
0.0325852422986
0.0328236339726
0.0330628751716
0.0333029655935
0.0335439049341
0.0337856928881
0.0340283291484
0.0342718134064
0.0345161453519
0.034761324673
0.0350073510566
0.0352542241875
0.0355019437494
0.035750509424
0.0359999208917
0.0362501778312
0.0365012799194
0.0367532268318
0.0370060182423
0.037259653823
0.0375141332445
0.0377694561758
0.038025622284
0.0382826312348
0.0385404826922
0.0387991763186
0.0390587117745
0.0393190887189
0.0395803068092
0.039842365701
0.0401052650483
0.0403690045032
0.0406335837164
0.0408990023367
0.0411652600112
0.0414323563854
0.041700291103
0.041969063806
0.0422386741347
0.0425091217276
0.0427804062215
0.0430525272515
0.0433254844508
0.043599277451
0.0438739058818
0.0441493693713
0.0444256675457
0.0447028000295
0.0449807664454
0.0452595664141
0.0455391995549
0.045819665485
0.0461009638198
0.0463830941731
0.0466660561567
0.0469498493806
0.0472344734531
0.0475199279803
0.047806212567
0.0480933268157
0.0483812703272
0.0486700427005
0.0489596435327
0.0492500724191
0.0495413289528
0.0498334127254
0.0501263233265
0.0504200603438
0.0507146233629
0.0510100119677
0.0513062257403
0.0516032642606
0.0519011271067
0.0521998138548
0.0524993240791
0.0527996573519
0.0531008132437
0.0534027913226
0.0537055911552
0.054009212306
0.0543136543373
0.0546189168097
0.0549249992818
0.0552319013099
0.0555396224488
0.0558481622507
0.0561575202664
0.0564676960442
0.0567786891306
0.05709049907
0.0574031254049
0.0577165676756
0.0580308254204
0.0583458981755
0.0586617854751
0.0589784868513
0.0592960018342
0.0596143299518
0.0599334707298
0.0602534236921
0.0605741883604
0.0608957642541
0.0612181508909
0.0615413477859
0.0618653544524
0.0621901704016
0.0625157951422
0.0628422281811
0.063169469023
0.0634975171703
0.0638263721233
0.0641560333802
0.0644865004369
0.0648177727871
0.0651498499226
0.0654827313325
0.0658164165042
0.0661509049226
0.0664861960704
0.0668222894281
0.067159184474
0.0674968806843
0.0678353775325
0.0681746744904
0.0685147710272
0.0688556666098
0.0691973607032
0.0695398527696
0.0698831422694
0.0702272286604
0.0705721113981
0.0709177899359
0.0712642637247
0.0716115322131
0.0719595948475
0.0723084510719
0.0726581003279
0.0730085420548
0.0733597756895
0.0737118006666
0.0740646164184
0.0744182223745
0.0747726179625
0.0751278026075
0.0754837757321
0.0758405367565
0.0761980850986
0.0765564201738
0.0769155413952
0.0772754481733
0.0776361399161
0.0779976160295
0.0783598759167
0.0787229189783
0.0790867446128
0.0794513522159
0.0798167411811
0.0801829108991
0.0805498607583
0.0809175901447
0.0812860984414
0.0816553850295
0.0820254492872
0.0823962905903
0.0827679083121
0.0831403018232
0.0835134704918
0.0838874136835
0.0842621307613
0.0846376210856
0.0850138840144
0.085390918903
0.0857687251039
0.0861473019673
0.0865266488408
0.086906765069
0.0872876499944
0.0876693029564
0.0880517232921
0.0884349103357
0.088818863419
0.089203581871
0.089589065018
0.0899753121837
0.090362322689
0.0907500958523
0.0911386309892
0.0915279274126
0.0919179844327
0.092308801357
0.0927003774902
0.0930927121344
0.0934858045887
0.0938796541499
0.0942742601116
0.0946696217648
0.095065738398
0.0954626092964
0.0958602337429
0.0962586110173
0.0966577403967
0.0970576211556
0.0974582525652
0.0978596338945
0.0982617644091
0.0986646433722
0.0990682700439
0.0994726436816
0.0998777635397
0.10028362887
0.100690238921
0.101097592939
0.101505690166
0.101914529843
0.102324111207
0.102734433493
0.103145495931
0.103557297751
0.103969838177
0.104383116432
0.104797131737
0.105211883307
0.105627370357
0.106043592098
0.106460547736
0.106878236478
0.107296657524
0.107715810074
0.108135693324
0.108556306467
0.108977648692
0.109399719187
0.109822517134
0.110246041716
0.11067029211
0.11109526749
0.111520967028
0.111947389893
0.11237453525
0.112802402262
0.113230990088
0.113660297885
0.114090324805
0.114521069999
0.114952532614
0.115384711793
0.115817606677
0.116251216404
0.116685540109
0.117120576922
0.117556325972
0.117992786385
0.11842995728
0.118867837779
0.119306426995
0.119745724041
0.120185728027
0.120626438058
0.121067853237
0.121509972663
0.121952795433
0.12239632064
0.122840547374
0.123285474721
0.123731101765
0.124177427585
0.124624451258
0.125072171859
0.125520588457
0.12596970012
0.12641950591
0.12687000489
0.127321196114
0.127773078638
0.128225651513
0.128678913784
0.129132864496
0.12958750269
0.130042827403
0.130498837669
0.130955532517
0.131412910976
0.131870972069
0.132329714817
0.132789138236
0.13324924134
0.13371002314
0.134171482642
0.134633618851
0.135096430765
0.135559917381
0.136024077694
0.136488910692
0.136954415362
0.137420590687
0.137887435647
0.138354949217
0.138823130371
0.139291978077
0.139761491301
0.140231669005
0.140702510148
0.141174013685
0.141646178568
0.142119003746
0.142592488162
0.143066630759
0.143541430474
0.144016886241
0.144492996991
0.144969761651
0.145447179145
0.145925248393
0.146403968311
0.146883337813
0.147363355808
0.147844021201
0.148325332896
0.148807289791
0.149289890781
0.149773134758
0.150257020609
0.15074154722
0.151226713471
0.151712518239
0.152198960398
0.152686038818
0.153173752366
0.153662099903
0.15415108029
0.154640692382
0.155130935031
0.155621807085
0.156113307388
0.156605434782
0.157098188104
0.157591566188
0.158085567863
0.158580191957
0.159075437291
0.159571302685
0.160067786954
0.160564888909
0.161062607359
0.161560941108
0.162059888956
0.162559449701
0.163059622135
0.163560405048
0.164061797226
0.164563797451
0.1650664045
0.16556961715
0.16607343417
0.166577854328
0.167082876387
0.167588499107
0.168094721244
0.16860154155
0.169108958773
0.169616971659
0.170125578948
0.170634779377
0.171144571681
0.171654954588
0.172165926825
0.172677487114
0.173189634173
0.173702366717
0.174215683457
0.1747295831
0.175244064349
0.175759125904
0.17627476646
0.17679098471
0.177307779342
0.17782514904
0.178343092485
0.178861608353
0.179380695319
0.17990035205
0.180420577212
0.180941369468
0.181462727474
0.181984649885
0.182507135352
0.18303018252
0.183553790032
0.184077956527
0.18460268064
0.185127961003
0.185653796241
0.186180184981
0.18670712584
0.187234617435
0.187762658378
0.188291247277
0.188820382737
0.189350063358
0.189880287738
0.190411054469
0.190942362141
0.191474209339
0.192006594644
0.192539516635
0.193072973885
0.193606964965
0.194141488441
0.194676542874
0.195212126825
0.195748238847
0.196284877493
0.196822041308
0.197359728837
0.197897938619
0.19843666919
0.198975919082
0.199515686823
0.200055970937
0.200596769946
0.201138082365
0.201679906707
0.202222241483
0.202765085196
0.203308436349
0.20385229344
0.204396654962
0.204941519405
0.205486885256
0.206032750997
0.206579115107
0.207125976061
0.207673332331
0.208221182383
0.208769524681
0.209318357686
0.209867679853
0.210417489634
0.210967785478
0.21151856583
0.212069829131
0.212621573819
0.213173798325
0.213726501081
0.214279680513
0.214833335042
0.215387463088
0.215942063064
0.216497133383
0.217052672451
0.217608678672
0.218165150445
0.218722086169
0.219279484233
0.219837343028
0.220395660939
0.220954436346
0.221513667628
0.222073353158
0.222633491308
0.223194080442
0.223755118926
0.224316605117
0.224878537372
0.225440914042
0.226003733477
0.22656699402
0.227130694013
0.227694831793
0.228259405694
0.228824414047
0.229389855178
0.22995572741
0.230522029063
0.231088758452
0.23165591389
0.232223493686
0.232791496144
0.233359919567
0.233928762252
0.234498022494
0.235067698583
0.235637788809
0.236208291453
0.236779204797
0.237350527118
0.23792225669
0.238494391781
0.239066930659
0.239639871587
0.240213212824
0.240786952626
0.241361089247
0.241935620935
0.242510545937
0.243085862494
0.243661568846
0.244237663228
0.244814143873
0.24539100901
0.245968256864
0.246545885657
0.247123893609
0.247702278934
0.248281039846
0.248860174553
0.24943968126
0.25001955817
0.250599803483
0.251180415393
0.251761392094
0.252342731775
0.252924432621
0.253506492817
0.254088910541
0.25467168397
0.255254811278
0.255838290635
0.256422120207
0.257006298159
0.257590822651
0.258175691841
0.258760903884
0.259346456931
0.25993234913
0.260518578628
0.261105143565
0.261692042083
0.262279272316
0.262866832398
0.263454720459
0.264042934627
0.264631473026
0.265220333777
0.265809515
0.266399014809
0.266988831317
0.267578962635
0.268169406868
0.268760162122
0.269351226496
0.269942598091
0.270534275001
0.271126255319
0.271718537136
0.272311118538
0.272903997611
0.273497172436
0.274090641092
0.274684401656
0.275278452202
0.275872790801
0.276467415521
0.277062324428
0.277657515586
0.278252987056
0.278848736895
0.279444763159
0.280041063902
0.280637637173
0.281234481022
0.281831593493
0.282428972631
0.283026616475
0.283624523064
0.284222690435
0.28482111662
0.285419799651
0.286018737557
0.286617928364
0.287217370097
0.287817060778
0.288416998427
0.289017181061
0.289617606695
0.290218273343
0.290819179016
0.291420321722
0.292021699468
0.29262331026
0.293225152098
0.293827222985
0.294429520918
0.295032043893
0.295634789906
0.296237756948
0.29684094301
0.297444346081
0.298047964147
0.298651795193
0.299255837202
0.299860088155
0.300464546031
0.301069208808
0.301674074461
0.302279140965
0.302884406292
0.303489868412
0.304095525294
0.304701374905
0.305307415211
0.305913644176
0.306520059763
0.307126659932
0.307733442643
0.308340405853
0.308947547519
0.309554865597
0.310162358038
0.310770022796
0.311377857822
0.311985861065
0.312594030472
0.313202363991
0.313810859567
0.314419515145
0.315028328668
0.315637298077
0.316246421314
0.316855696317
0.317465121026
0.318074693378
0.318684411309
0.319294272754
0.319904275649
0.320514417926
0.321124697518
0.321735112356
0.322345660372
0.322956339494
0.323567147652
0.324178082774
0.324789142787
0.325400325618
0.326011629194
0.326623051438
0.327234590277
0.327846243633
0.328458009431
0.329069885593
0.329681870041
0.330293960698
0.330906155484
0.33151845232
0.332130849127
0.332743343825
0.333355934333
0.333968618571
0.334581394458
0.335194259913
0.335807212854
0.3364202512
0.337033372869
0.337646575779
0.338259857847
0.338873216993
0.339486651132
0.340100158184
0.340713736067
0.341327382697
0.341941095993
0.342554873873
0.343168714255
0.343782615058
0.3443965742
0.345010589599
0.345624659176
0.346238780848
0.346852952537
0.347467172162
0.348081437643
0.348695746902
0.349310097859
0.349924488438
0.350538916559
0.351153380146
0.351767877123
0.352382405414
0.352996962944
0.353611547638
0.354226157422
0.354840790224
0.355455443972
0.356070116594
0.356684806019
0.357299510179
0.357914227004
0.358528954428
0.359143690383
0.359758432803
0.360373179625
0.360987928785
0.36160267822
0.36221742587
0.362832169674
0.363446907575
0.364061637514
0.364676357436
0.365291065285
0.365905759009
0.366520436556
0.367135095875
0.367749734917
0.368364351635
0.368978943983
0.369593509917
0.370208047394
0.370822554373
0.371437028814
0.372051468681
0.372665871938
0.373280236549
0.373894560484
0.374508841713
0.375123078205
0.375737267937
0.376351408882
0.376965499018
0.377579536326
0.378193518787
0.378807444384
0.379421311104
0.380035116936
0.380648859868
0.381262537895
0.381876149012
0.382489691214
0.383103162504
0.383716560882
0.384329884353
0.384943130924
0.385556298605
0.386169385408
0.386782389348
0.387395308442
0.388008140711
0.388620884176
0.389233536864
0.389846096803
0.390458562024
0.39107093056
0.391683200449
0.39229536973
0.392907436446
0.393519398642
0.394131254368
0.394743001675
0.395354638617
0.395966163253
0.396577573644
0.397188867854
0.39780004395
0.398411100004
0.39902203409
0.399632844285
0.400243528669
0.400854085328
0.401464512349
0.402074807823
0.402684969845
0.403294996513
0.40390488593
0.404514636199
0.405124245432
0.40573371174
0.406343033241
0.406952208054
0.407561234305
0.40817011012
0.408778833632
0.409387402976
0.409995816293
0.410604071726
0.411212167423
0.411820101536
0.412427872221
0.413035477637
0.413642915949
0.414250185325
0.414857283938
0.415464209965
0.416070961586
0.416677536988
0.417283934359
0.417890151896
0.418496187795
0.41910204026
0.419707707499
0.420313187723
0.420918479151
0.421523580002
0.422128488503
0.422733202884
0.423337721381
0.423942042234
0.424546163688
0.425150083991
0.4257538014
0.426357314172
0.426960620572
0.42756371887
0.428166607338
0.428769284258
0.429371747911
0.429973996589
0.430576028584
0.431177842197
0.431779435732
0.432380807499
0.432981955811
0.433582878991
0.434183575363
0.434784043259
0.435384281013
0.435984286968
0.436584059471
0.437183596874
0.437782897535
0.438381959817
0.438980782089
0.439579362725
0.440177700107
0.440775792618
0.441373638651
0.441971236602
0.442568584875
0.443165681877
0.443762526022
0.444359115732
0.444955449431
0.445551525551
0.44614734253
0.446742898812
0.447338192844
0.447933223084
0.448527987993
0.449122486037
0.44971671569
0.450310675433
0.45090436375
0.451497779133
0.45209092008
0.452683785096
0.45327637269
0.45386868138
0.454460709688
0.455052456143
0.455643919281
0.456235097645
0.456825989781
0.457416594244
0.458006909597
0.458596934405
0.459186667244
0.459776106693
0.46036525134
0.460954099778
0.461542650608
0.462130902436
0.462718853875
0.463306503545
0.463893850074
0.464480892095
0.465067628247
0.465654057178
0.46624017754
0.466825987996
0.467411487211
0.46799667386
0.468581546623
0.469166104189
0.469750345252
0.470334268514
0.470917872683
0.471501156475
0.472084118612
0.472666757824
0.473249072846
0.473831062424
0.474412725307
0.474994060253
0.475575066026
0.4761557414
0.476736085152
0.47731609607
0.477895772946
0.478475114581
0.479054119783
0.479632787367
0.480211116155
0.480789104978
0.481366752671
0.481944058079
0.482521020053
0.483097637453
0.483673909145
0.484249834002
0.484825410905
0.485400638742
0.48597551641
0.486550042812
0.487124216858
0.487698037466
0.488271503563
0.48884461408
0.48941736796
0.48998976415
0.490561801606
0.491133479292
0.491704796177
0.492275751241
0.492846343469
0.493416571856
0.493986435402
0.494555933116
0.495125064016
0.495693827124
0.496262221474
0.496830246104
0.497397900062
0.497965182403
0.498532092189
0.499098628491
0.499664790388
0.500230576963
0.500795987313
0.501361020537
0.501925675745
0.502489952055
0.50305384859
0.503617364483
0.504180498875
0.504743250913
0.505305619755
0.505867604563
0.506429204509
0.506990418774
0.507551246543
0.508111687013
0.508671739386
0.509231402874
0.509790676696
0.510349560077
0.510908052254
0.511466152468
0.512023859969
0.512581174017
0.513138093877
0.513694618825
0.51425074814
0.514806481115
0.515361817047
0.515916755241
0.516471295012
0.517025435682
0.517579176579
0.518132517043
0.518685456418
0.519237994058
0.519790129325
0.520341861588
0.520893190224
0.52144411462
0.521994634168
0.52254474827
0.523094456335
0.52364375778
0.524192652032
0.524741138522
0.525289216693
0.525836885994
0.526384145881
0.526930995818
0.527477435277
0.528023463733
0.528569080667
0.529114285565
0.529659077918
0.530203457235
0.530747423067
0.531290975063
0.531834113068
0.532376837297
0.53291914857
0.533461048562
0.534002539837
0.534543625087
0.535084304321
0.535624567474
0.53616437794
0.536703639412
0.537242133232
0.537779401367
0.538314511602
0.538845519618
0.539368148977
0.539872609229
0.540334048879
0.540686849438
0.540764153876
0.540406877768
0.539699903882
0.538822694161
0.537877174807
0.536906737883
0.535928637614
0.534949101186
0.533969769821
0.532990826756
0.532012178747
0.531033723511
0.530055385792
0.529077100121
0.528098834764
0.527120661232
0.526142640817
0.525164889554
0.524187508263
0.523210535553
0.522234000547
0.521257933599
0.520282374479
0.519307371724
0.51833297563
0.517359230199
0.516386160118
0.515413772935
0.514442121574
0.513471258608
0.512501215475
0.511532015599
0.510563669766
0.509596150646
0.508629453522
0.507663658095
0.506698810689
0.505734931011
0.504772030145
0.503810116253
0.502849198339
0.501889289563
0.500930408712
0.499972578796
0.499015823915
0.498060166476
0.497105625717
0.496152217275
0.495199953174
0.49424884176
0.493298887237
0.492350088533
0.491402437923
0.49045592364
0.489510539048
0.488566286848
0.487623179659
0.486681237641
0.485740481714
0.484800929281
0.483862593688
0.482925485093
0.481989611487
0.48105497961
0.48012159571
0.479189466063
0.478258597182
0.477328995708
0.476400668132
0.475473620522
0.474547858388
0.473623386719
0.47270021016
0.471778333267
0.47085776072
0.469938497429
0.469020548474
0.468103918945
0.467188613736
0.466274637384
0.465361993958
0.464450687002
0.463540719514
0.462632093929
0.4617248121
0.460818875265
0.459914284009
0.459011038243
0.458109137288
0.457208580137
0.456309366009
0.455411495081
0.454514969055
0.453619791167
0.452725965617
0.451833496824
0.45094238887
0.450052645247
0.449164268814
0.448277261873
0.447391626256
0.446507363419
0.445624474517
0.444742960455
0.443862821935
0.442984059487
0.442106673487
0.441230664172
0.440356031651
0.439482775894
0.438610896721
0.437740393752
0.436871266307
0.436003513177
0.43513713207
0.434272118325
0.433408462668
0.43254615284
0.431685187535
0.430825578766
0.429967336736
0.429110466232
0.428254969122
0.427400846015
0.426548096977
0.425696721836
0.424846720316
0.423998092088
0.423150836794
0.422304954046
0.42146044342
0.420617304435
0.41977553651
0.41893513878
0.418096108705
0.417258424456
0.41642207111
0.415587081297
0.414753459184
0.413921204683
0.413090317215
0.412260796075
0.411432640506
0.410605849726
0.409780422945
0.408956359374
0.40813365824
0.407312318791
0.406492340302
0.405673722077
0.404856463447
0.404040563767
0.403226022407
0.402412838744
0.401601012156
0.400790542007
0.399981427646
0.399173668398
0.398367263557
0.397562212381
0.396758514083
0.395956167827
0.395155172722
0.394355527821
0.393557232142
0.392760284715
0.391964684633
0.391170431054
0.39037752316
0.389585960088
0.388795740868
0.388006864327
0.38721932887
0.386433131916
0.385648269188
0.384864737132
0.384082537088
0.383301671513
0.382522141174
0.381743945802
0.380967084702
0.380191557001
0.379417361735
0.378644497897
0.377872964446
0.377102760319
0.376333884436
0.3755663357
0.374800112998
0.374035215202
0.373271641173
0.372509389752
0.371748459772
0.370988850046
0.37023055938
0.369473586564
0.368717930379
0.367963589596
0.367210562982
0.366458849298
0.365708447308
0.36495935578
0.364211573492
0.363465099239
0.362719931838
0.361976070133
0.361233513002
0.360492259359
0.359752308155
0.359013658379
0.35827630905
0.357540259217
0.356805507947
0.356072054319
0.35533989742
0.354609036334
0.35387947015
0.353151197958
0.35242421886
0.351698531984
0.350974136498
0.35025103162
0.349529216631
0.348808690868
0.34808945372
0.347371504607
0.346654842966
0.345939468233
0.34522537983
0.344512577155
0.343801059582
0.343090826455
0.342381877092
0.341674210786
0.34096782681
0.340262724417
0.339558902842
0.338856361308
0.338155099025
0.337455115192
0.336756408999
0.336058979624
0.335362826239
0.334667948008
0.333974344085
0.333282013618
0.332590955745
0.331901169599
0.331212654301
0.330525408966
0.329839432701
0.329154724603
0.328471283758
0.327789109244
0.327108200127
0.326428555461
0.325750174286
0.325073055627
0.324397198494
0.323722601876
0.323049264747
0.32237718606
0.321706364754
0.321036799761
0.320368490014
0.319701434467
0.319035632105
0.318371081961
0.317707783113
0.317045734678
0.316384935801
0.315725385637
0.315067083342
0.314410028066
0.313754218948
0.313099655117
0.312446335695
0.311794259798
0.311143426541
0.310493835035
0.309845484397
0.309198373742
0.308552502191
0.307907868868
0.307264472899
0.306622313412
0.305981389539
0.305341700412
0.304703245161
0.304066022919
0.303430032815
0.302795273977
0.302161745529
0.301529446594
0.300898376291
0.300268533734
0.299639918035
0.299012528301
0.298386363636
0.297761423139
0.297137705907
0.296515211031
0.2958939376
0.295273884698
0.294655051404
0.294037436794
0.293421039936
0.292805859894
0.292191895721
0.291579146458
0.290967611125
0.290357288713
0.289748178161
0.289140278316
0.288533587854
0.287928105144
0.287323828077
0.2867207542
0.286118881712
0.285518210404
0.284918740871
0.284320473423
0.283723407879
0.283127543724
0.282532880258
0.281939416687
0.281347152157
0.280756085786
0.280166216671
0.279577543897
0.278990066542
0.278403783677
0.27781869437
0.277234797686
0.276652092687
0.276070578436
0.27549025399
0.27491111841
0.27433317075
0.273756410069
0.273180835421
0.27260644586
0.272033240441
0.271461218216
0.270890378237
0.270320719556
0.269752241223
0.269184942287
0.2686188218
0.268053878807
0.267490112359
0.266927521502
0.266366105282
0.265805862747
0.265246792942
0.264688894913
0.264132167707
0.263576610369
0.263022221945
0.262469001483
0.261916948029
0.261366060634
0.260816338347
0.260267780219
0.259720385306
0.259174152662
0.258629081349
0.258085170427
0.257542418962
0.257000826025
0.256460390688
0.255921112031
0.255382989135
0.254846021089
0.254310206984
0.253775545919
0.253242036994
0.252709679318
0.252178472002
0.251648414162
0.251119504918
0.250591743393
0.250065128716
0.249539660017
0.249015336428
0.248492157085
0.247970121126
0.247449227688
0.246929475912
0.246410864939
0.245893393909
0.245377061964
0.244861868245
0.244347811892
0.243834892048
0.24332310785
0.242812458439
0.242302942953
0.24179456053
0.241287310306
0.240781191417
0.240276202999
0.239772344186
0.239269614111
0.238768011908
0.238267536708
0.237768187644
0.237269963847
0.236772864448
0.236276888579
0.23578203537
0.235288303954
0.23479569346
0.234304203022
0.233813831771
0.23332457884
0.232836443362
0.232349424473
0.231863521307
0.231378733
0.230895058689
0.230412497514
0.229931048613
0.229450711126
0.228971484197
0.228493366969
0.228016358585
0.227540458191
0.227065664935
0.226591977964
0.226119396428
0.225647919478
0.225177546264
0.22470827594
0.22424010766
0.223773040577
0.223307073847
0.222842206626
0.222378438072
0.221915767342
0.221454193594
0.220993715988
0.220534333684
0.220076045841
0.219618851619
0.219162750182
0.218707740688
0.218253822302
0.217800994186
0.217349255501
0.216898605412
0.216449043083
0.216000567677
0.215553178359
0.215106874294
0.214661654646
0.214217518583
0.213774465269
0.213332493871
0.212891603556
0.212451793491
0.212013062843
0.211575410781
0.211138836473
0.210703339087
0.210268917793
0.209835571758
0.209403300155
0.208972102151
0.208541976918
0.208112923625
0.207684941445
0.207258029547
0.206832187104
0.206407413286
0.205983707265
0.205561068214
0.205139495305
0.204718987709
0.2042995446
0.20388116515
0.203463848531
0.203047593916
0.202632400479
0.202218267392
0.201805193829
0.201393178961
0.200982221964
0.200572322009
0.20016347827
0.19975568992
0.199348956132
0.19894327608
0.198538648937
0.198135073875
0.197732550069
0.197331076691
0.196930652915
0.196531277913
0.196132950859
0.195735670925
0.195339437285
0.194944249112
0.194550105578
0.194157005857
0.193764949121
0.193373934543
0.192983961296
0.192595028552
0.192207135485
0.191820281266
0.191434465068
0.191049686065
0.190665943428
0.190283236329
0.189901563942
0.189520925438
0.189141319991
0.188762746771
0.188385204952
0.188008693705
0.187633212203
0.187258759618
0.186885335122
0.186512937888
0.186141567086
0.18577122189
0.185401901472
0.185033605002
0.184666331655
0.1843000806
0.183934851011
0.18357064206
0.183207452918
0.182845282757
0.18248413075
0.182123996069
0.181764877886
0.181406775372
0.1810496877
0.180693614042
0.180338553571
0.179984505458
0.179631468876
0.179279442998
0.178928426996
0.178578420042
0.17822942131
0.177881429971
0.1775344452
0.177188466167
0.176843492048
0.176499522015
0.17615655524
0.175814590898
0.175473628163
0.175133666207
0.174794704204
0.174456741328
0.174119776753
0.173783809653
0.173448839202
0.173114864574
0.172781884942
0.172449899482
0.172118907367
0.171788907771
0.171459899868
0.171131882832
0.170804855837
0.170478818055
0.170153768661
0.169829706827
0.169506631728
0.169184542535
0.168863438424
0.168543318566
0.168224182137
0.167906028312
0.167588856266
0.167272665176
0.166957454222
0.166643222585
0.166329969445
0.166017693989
0.165706395403
0.165396072874
0.165086725592
0.16477835275
0.164470953538
0.164164527151
0.163859072782
0.163554589625
0.163251076875
0.162948533726
0.162646959373
0.16234635301
0.162046713831
0.161748041031
0.161450333802
0.16115359134
0.160857812838
0.160562997488
0.160269144485
0.15997625302
0.159684322288
0.15939335148
0.15910333979
0.15881428641
0.158526190532
0.15823905135
0.157952868054
0.157667639838
0.157383365893
0.157100045412
0.156817677586
0.156536261607
0.156255796667
0.155976281958
0.15569771667
0.155420099996
0.155143431127
0.154867709253
0.154592933566
0.154319103257
0.154046217516
0.153774275534
0.153503276501
0.153233219608
0.152964104044
0.152695929
0.152428693665
0.152162397229
0.15189703888
0.151632617808
0.151369133202
0.151106584249
0.150844970139
0.15058429006
0.150324543198
0.150065728742
0.149807845879
0.149550893795
0.149294871678
0.149039778714
0.148785614088
0.148532376986
0.148280066595
0.148028682098
0.147778222681
0.147528687528
0.147280075823
0.147032386751
0.146785619493
0.146539773234
0.146294847155
0.14605084044
0.145807752271
0.145565581828
0.145324328293
0.145083990848
0.144844568672
0.144606060946
0.144368466849
0.144131785561
0.143896016261
0.143661158127
0.143427210338
0.143194172072
0.142962042505
0.142730820816
0.14250050618
0.142271097774
0.142042594774
0.141814996355
0.141588301692
0.141362509961
0.141137620334
0.140913631987
0.140690544093
0.140468355824
0.140247066353
0.140026674854
0.139807180496
0.139588582452
0.139370879894
0.13915407199
0.138938157912
0.13872313683
0.138509007912
0.138295770328
0.138083423246
0.137871965834
0.13766139726
0.137451716691
0.137242923294
0.137035016235
0.13682799468
0.136621857795
0.136416604745
0.136212234694
0.136008746806
0.135806140246
0.135604414176
0.13540356776
0.13520360016
0.135004510537
0.134806298054
0.134608961872
0.13441250115
0.13421691505
0.134022202731
0.133828363353
0.133635396073
0.133443300051
0.133252074444
0.13306171841
0.132872231105
0.132683611687
0.13249585931
0.132308973132
0.132122952306
0.131937795987
0.13175350333
0.131570073488
0.131387505614
0.131205798861
0.13102495238
0.130844965325
0.130665836845
0.116940636848
0.110907815409
0.111618227195
0.118049498533
0.129126052401
0.143760336173
0.160922482782
0.179719232189
0.199477726508
0.219771517875
0.240414959832
0.261409978483
0.282920206669
0.305183751922
0.32834362678
0.352386093606
0.349806393545
0.311452139293
0.278035844669
0.249192387007
0.224512997445
0.203558375305
0.185888078676
0.1710987698
0.158860144577
0.148938122783
0.141199648209
0.135599619762
0.132155114462
0.130913752713
0.131922257197
0.135199372787
0.140715578965
0.14838097922
0.15804229058
0.16948951482
0.182472126752
0.196723178275
0.211987797382
0.228050913061
0.244758620641
0.262028940033
0.279850418332
0.284480078067
0.273637808636
0.263433591085
0.254080514747
0.245601615694
0.238059728213
0.231509571914
0.22599788568
0.221494012202
0.217943792392
0.215283389414
0.213455232514
0.212415667829
0.212142598688
0.212648490956
0.214012309309
0.216325472547
0.219642576847
0.224039935526
0.229563523223
0.236238376272
0.234073687976
0.226391451778
0.219912138099
0.214467288488
0.209870990197
0.205936923
0.20249409445
0.199400861207
0.196554837654
0.193897200569
0.191411154253
0.189115474084
0.187054759951
0.18528821986
0.183878611087
0.182882619439
