-0.0
4.43300100673e-07
1.77319995647e-06
3.98969823807e-06
7.09279273575e-06
1.10824803441e-05
1.59587570765e-05
2.17216180649e-05
2.83710575434e-05
3.59070688694e-05
4.43296445133e-05
5.3638776053e-05
6.38344541854e-05
7.491666872e-05
8.68854085749e-05
9.97406617806e-05
0.000113482415488
0.000128110655956
0.000143625368547
0.000160026537749
0.000177314147151
0.000195488179462
0.000214548616489
0.000234495439158
0.000255328627511
0.00027704816068
0.000299654016928
0.000323146173611
0.000347524607201
0.000372789293277
0.000398940206521
0.000425977320729
0.000453900608794
0.000482710042721
0.000512405593623
0.000542987231709
0.000574454926296
0.000606808645813
0.000640048357774
0.000674174028814
0.000709185624652
0.000745083110125
0.000781866449158
0.000819535604779
0.000858090539112
0.000897531213389
0.00093785758793
0.00097906962215
0.00102116727457
0.00106415050279
0.00110801926352
0.00115277351257
0.0011984132048
0.00124493829421
0.00129234873387
0.00134064447594
0.00138982547166
0.00143989167137
0.00149084302451
0.00154267947958
0.00159540098417
0.00164900748496
0.00170349892772
0.00175887525728
0.00181513641757
0.00187228235161
0.00193031300145
0.00198922830827
0.0020490282123
0.00210971265285
0.00217128156831
0.00223373489612
0.00229707257284
0.00236129453403
0.00242640071439
0.00249239104763
0.00255926546657
0.00262702390307
0.00269566628806
0.00276519255153
0.00283560262254
0.0029068964292
0.00297907389868
0.00305213495722
0.00312607953009
0.00320090754163
0.00327661891525
0.00335321357337
0.0034306914375
0.00350905242817
0.00358829646496
0.00366842346652
0.00374943335051
0.00383132603366
0.0039141014317
0.00399775945946
0.00408230003076
0.00416772305848
0.0042540284545
0.00434121612977
0.00442928599425
0.00451823795693
0.00460807192584
0.00469878780802
0.00479038550953
0.00488286493547
0.00497622598996
0.00507046857612
0.00516559259607
0.005261597951
0.00535848454108
0.00545625226546
0.00555490102235
0.00565443070898
0.00575484122148
0.0058561324551
0.00595830430403
0.00606135666147
0.00616528941963
0.00627010246969
0.00637579570185
0.00648236900527
0.00658982226813
0.00669815537757
0.00680736821972
0.00691746067971
0.00702843264163
0.00714028398856
0.00725301460253
0.00736662436458
0.0074811131547
0.00759648085185
0.00771272733395
0.00782985247791
0.00794785615957
0.00806673825374
0.0081864986342
0.00830713717367
0.00842865374382
0.00855104821529
0.00867432045764
0.0087984703394
0.00892349772803
0.00904940248994
0.00917618449045
0.00930384359384
0.00943237966333
0.00956179256104
0.00969208214805
0.00982324828434
0.00995529082881
0.0100882096393
0.0102220045726
0.0103566754843
0.010492222229
0.0106286446602
0.0107659426303
0.0109041159906
0.0110431645912
0.0111830882813
0.0113238869088
0.0114655603207
0.0116081083626
0.0117515308793
0.0118958277143
0.0120409987099
0.0121870437076
0.0123339625475
0.0124817550686
0.0126304211088
0.0127799605049
0.0129303730926
0.0130816587064
0.0132338171796
0.0133868483445
0.0135407520321
0.0136955280723
0.0138511762939
0.0140076965245
0.0141650885906
0.0143233523173
0.014482487529
0.0146424940483
0.0148033716972
0.0149651202963
0.0151277396649
0.0152912296212
0.0154555899824
0.0156208205641
0.0157869211812
0.0159538916471
0.016121731774
0.0162904413729
0.0164600202538
0.0166304682252
0.0168017850946
0.0169739706682
0.017147024751
0.0173209471467
0.0174957376579
0.0176713960859
0.0178479222307
0.0180253158911
0.0182035768649
0.0183827049482
0.0185626999363
0.0187435616229
0.0189252898006
0.0191078842608
0.0192913447935
0.0194756711875
0.0196608632304
0.0198469207083
0.0200338434063
0.0202216311081
0.020410283596
0.0205998006511
0.0207901820534
0.0209814275812
0.0211735370119
0.0213665101213
0.0215603466841
0.0217550464735
0.0219506092615
0.0221470348188
0.0223443229147
0.0225424733172
0.022741485793
0.0229413601074
0.0231420960244
0.0233436933067
0.0235461517155
0.0237494710107
0.0239536509511
0.0241586912937
0.0243645917945
0.024571352208
0.0247789722872
0.0249874517839
0.0251967904485
0.0254069880299
0.0256180442756
0.025829958932
0.0260427317437
0.0262563624542
0.0264708508054
0.0266861965379
0.0269023993908
0.0271194591018
0.0273373754072
0.027556148042
0.0277757767394
0.0279962612316
0.028217601249
0.0284397965208
0.0286628467746
0.0288867517366
0.0291115111315
0.0293371246826
0.0295635921116
0.0297909131389
0.0300190874834
0.0302481148623
0.0304779949916
0.0307087275856
0.0309403123571
0.0311727490176
0.0314060372768
0.0316401768432
0.0318751674235
0.0321110087231
0.0323477004457
0.0325852422936
0.0328236339675
0.0330628751666
0.0333029655884
0.033543904929
0.033785692883
0.0340283291433
0.0342718134012
0.0345161453466
0.0347613246677
0.0350073510512
0.0352542241822
0.035501943744
0.0357505094186
0.0359999208863
0.0362501778257
0.0365012799138
0.0367532268262
0.0370060182367
0.0372596538174
0.0375141332388
0.03776945617
0.0380256222782
0.038282631229
0.0385404826864
0.0387991763127
0.0390587117685
0.039319088713
0.0395803068032
0.039842365695
0.0401052650422
0.0403690044971
0.0406335837102
0.0408990023305
0.041165260005
0.0414323563791
0.0417002910967
0.0419690637997
0.0422386741284
0.0425091217212
0.0427804062151
0.043052527245
0.0433254844443
0.0435992774444
0.0438739058752
0.0441493693647
0.0444256675391
0.0447028000228
0.0449807664386
0.0452595664073
0.0455391995481
0.0458196654781
0.0461009638129
0.0463830941662
0.0466660561497
0.0469498493736
0.047234473446
0.0475199279732
0.0478062125598
0.0480933268085
0.04838127032
0.0486700426933
0.0489596435254
0.0492500724117
0.0495413289454
0.049833412718
0.0501263233191
0.0504200603363
0.0507146233553
0.0510100119601
0.0513062257327
0.0516032642529
0.051901127099
0.052199813847
0.0524993240713
0.0527996573441
0.0531008132358
0.0534027913147
0.0537055911473
0.054009212298
0.0543136543293
0.0546189168017
0.0549249992736
0.0552319013018
0.0555396224406
0.0558481622425
0.0561575202581
0.0564676960359
0.0567786891222
0.0570904990616
0.0574031253965
0.0577165676671
0.0580308254118
0.0583458981669
0.0586617854665
0.0589784868427
0.0592960018255
0.059614329943
0.059933470721
0.0602534236833
0.0605741883515
0.0608957642452
0.0612181508819
0.0615413477769
0.0618653544434
0.0621901703925
0.0625157951331
0.062842228172
0.0631694690138
0.0634975171611
0.063826372114
0.0641560333708
0.0644865004275
0.0648177727777
0.0651498499131
0.065482731323
0.0658164164947
0.066150904913
0.0664861960608
0.0668222894184
0.0671591844643
0.0674968806745
0.0678353775227
0.0681746744806
0.0685147710173
0.0688556665999
0.0691973606932
0.0695398527596
0.0698831422593
0.0702272286503
0.0705721113879
0.0709177899257
0.0712642637144
0.0716115322028
0.0719595948372
0.0723084510616
0.0726581003175
0.0730085420444
0.073359775679
0.0737118006561
0.0740646164078
0.0744182223639
0.0747726179519
0.0751278025968
0.0754837757213
0.0758405367457
0.0761980850878
0.076556420163
0.0769155413843
0.0772754481623
0.0776361399051
0.0779976160185
0.0783598759056
0.0787229189672
0.0790867446016
0.0794513522047
0.0798167411698
0.0801829108877
0.0805498607469
0.0809175901332
0.08128609843
0.081655385018
0.0820254492757
0.0823962905788
0.0827679083005
0.0831403018115
0.0835134704801
0.0838874136717
0.0842621307495
0.0846376210738
0.0850138840025
0.085390918891
0.0857687250919
0.0861473019553
0.0865266488287
0.0869067650569
0.0872876499822
0.0876693029442
0.0880517232798
0.0884349103234
0.0888188634067
0.0892035818586
0.0895890650056
0.0899753121712
0.0903623226765
0.0907500958398
0.0911386309766
0.0915279274
0.0919179844201
0.0923088013443
0.0927003774774
0.0930927121215
0.0934858045759
0.093879654137
0.0942742600986
0.0946696217519
0.0950657383849
0.0954626092833
0.0958602337298
0.0962586110041
0.0966577403835
0.0970576211423
0.097458252552
0.0978596338811
0.0982617643958
0.0986646433588
0.0990682700304
0.0994726436681
0.0998777635261
0.100283628856
0.100690238907
0.101097592925
0.101505690152
0.101914529829
0.102324111194
0.102734433479
0.103145495917
0.103557297737
0.103969838163
0.104383116418
0.104797131723
0.105211883293
0.105627370343
0.106043592083
0.106460547722
0.106878236463
0.10729665751
0.10771581006
0.10813569331
0.108556306453
0.108977648678
0.109399719172
0.10982251712
0.110246041702
0.110670292095
0.111095267475
0.111520967013
0.111947389878
0.112374535235
0.112802402247
0.113230990073
0.11366029787
0.11409032479
0.114521069984
0.114952532598
0.115384711778
0.115817606662
0.116251216389
0.116685540094
0.117120576907
0.117556325957
0.117992786369
0.118429957265
0.118867837763
0.119306426979
0.119745724025
0.120185728011
0.120626438042
0.121067853221
0.121509972647
0.121952795418
0.122396320625
0.122840547358
0.123285474705
0.123731101749
0.124177427569
0.124624451242
0.125072171843
0.125520588441
0.125969700104
0.126419505894
0.126870004873
0.127321196098
0.127773078622
0.128225651496
0.128678913768
0.12913286448
0.129587502674
0.130042827387
0.130498837652
0.130955532501
0.13141291096
0.131870972053
0.1323297148
0.132789138219
0.133249241324
0.133710023123
0.134171482626
0.134633618834
0.135096430748
0.135559917364
0.136024077677
0.136488910675
0.136954415345
0.13742059067
0.13788743563
0.1383549492
0.138823130354
0.13929197806
0.139761491283
0.140231668988
0.140702510131
0.141174013668
0.141646178551
0.142119003728
0.142592488145
0.143066630742
0.143541430456
0.144016886223
0.144492996973
0.144969761633
0.145447179127
0.145925248375
0.146403968293
0.146883337795
0.14736335579
0.147844021184
0.148325332878
0.148807289773
0.149289890763
0.14977313474
0.150257020591
0.150741547202
0.151226713453
0.151712518221
0.15219896038
0.1526860388
0.153173752347
0.153662099885
0.154151080272
0.154640692364
0.155130935013
0.155621807066
0.15611330737
0.156605434764
0.157098188086
0.15759156617
0.158085567845
0.158580191938
0.159075437272
0.159571302666
0.160067786935
0.16056488889
0.16106260734
0.161560941089
0.162059888937
0.162559449682
0.163059622116
0.163560405029
0.164061797207
0.164563797432
0.165066404481
0.165569617131
0.166073434151
0.166577854309
0.167082876368
0.167588499088
0.168094721224
0.16860154153
0.169108958754
0.16961697164
0.170125578929
0.170634779358
0.171144571662
0.171654954569
0.172165926806
0.172677487095
0.173189634154
0.173702366698
0.174215683438
0.17472958308
0.175244064329
0.175759125884
0.176274766441
0.176790984691
0.177307779323
0.177825149021
0.178343092465
0.178861608334
0.179380695299
0.17990035203
0.180420577192
0.180941369448
0.181462727454
0.181984649866
0.182507135332
0.1830301825
0.183553790012
0.184077956507
0.18460268062
0.185127960983
0.185653796222
0.186180184961
0.18670712582
0.187234617415
0.187762658358
0.188291247257
0.188820382717
0.189350063338
0.189880287718
0.190411054449
0.190942362121
0.191474209319
0.192006594624
0.192539516615
0.193072973865
0.193606964945
0.19414148842
0.194676542854
0.195212126805
0.195748238827
0.196284877472
0.196822041288
0.197359728817
0.197897938599
0.19843666917
0.198975919062
0.199515686803
0.200055970917
0.200596769925
0.201138082344
0.201679906687
0.202222241462
0.202765085176
0.203308436329
0.203852293419
0.204396654941
0.204941519384
0.205486885235
0.206032750976
0.206579115087
0.207125976041
0.20767333231
0.208221182363
0.208769524661
0.209318357665
0.209867679832
0.210417489613
0.210967785458
0.21151856581
0.212069829111
0.212621573798
0.213173798305
0.213726501061
0.214279680492
0.214833335022
0.215387463067
0.215942063044
0.216497133362
0.21705267243
0.217608678651
0.218165150425
0.218722086148
0.219279484212
0.219837343007
0.220395660918
0.220954436325
0.221513667607
0.222073353138
0.222633491287
0.223194080422
0.223755118905
0.224316605096
0.224878537351
0.225440914022
0.226003733456
0.226566993999
0.227130693992
0.227694831772
0.228259405674
0.228824414026
0.229389855157
0.22995572739
0.230522029042
0.231088758432
0.23165591387
0.232223493665
0.232791496123
0.233359919546
0.233928762231
0.234498022473
0.235067698563
0.235637788788
0.236208291432
0.236779204777
0.237350527098
0.237922256669
0.23849439176
0.239066930639
0.239639871566
0.240213212803
0.240786952606
0.241361089227
0.241935620915
0.242510545916
0.243085862473
0.243661568825
0.244237663208
0.244814143853
0.245391008989
0.245968256843
0.246545885637
0.247123893588
0.247702278914
0.248281039826
0.248860174532
0.24943968124
0.25001955815
0.250599803462
0.251180415373
0.251761392074
0.252342731754
0.252924432601
0.253506492797
0.254088910521
0.25467168395
0.255254811258
0.255838290615
0.256422120187
0.257006298139
0.257590822631
0.258175691821
0.258760903864
0.259346456911
0.259932349111
0.260518578608
0.261105143546
0.261692042063
0.262279272296
0.262866832378
0.263454720439
0.264042934607
0.264631473006
0.265220333758
0.26580951498
0.266399014789
0.266988831298
0.267578962615
0.268169406849
0.268760162102
0.269351226477
0.269942598071
0.270534274981
0.2711262553
0.271718537117
0.272311118519
0.272903997592
0.273497172417
0.274090641073
0.274684401637
0.275278452183
0.275872790782
0.276467415502
0.277062324409
0.277657515567
0.278252987037
0.278848736876
0.27944476314
0.280041063883
0.280637637154
0.281234481003
0.281831593475
0.282428972612
0.283026616456
0.283624523046
0.284222690416
0.284821116601
0.285419799632
0.286018737538
0.286617928346
0.287217370079
0.28781706076
0.288416998409
0.289017181042
0.289617606677
0.290218273325
0.290819178998
0.291420321704
0.29202169945
0.292623310242
0.29322515208
0.293827222967
0.2944295209
0.295032043875
0.295634789888
0.29623775693
0.296840942992
0.297444346063
0.298047964129
0.298651795175
0.299255837184
0.299860088137
0.300464546013
0.301069208791
0.301674074444
0.302279140948
0.302884406275
0.303489868395
0.304095525277
0.304701374888
0.305307415194
0.30591364416
0.306520059746
0.307126659915
0.307733442626
0.308340405836
0.308947547503
0.30955486558
0.310162358022
0.31077002278
0.311377857806
0.311985861048
0.312594030456
0.313202363975
0.313810859551
0.314419515129
0.315028328652
0.315637298061
0.316246421298
0.316855696301
0.31746512101
0.318074693362
0.318684411293
0.319294272739
0.319904275634
0.320514417911
0.321124697503
0.321735112341
0.322345660356
0.322956339479
0.323567147637
0.324178082759
0.324789142772
0.325400325604
0.326011629179
0.326623051424
0.327234590262
0.327846243619
0.328458009417
0.329069885579
0.329681870027
0.330293960684
0.33090615547
0.331518452306
0.332130849113
0.332743343811
0.333355934319
0.333968618558
0.334581394445
0.3351942599
0.335807212841
0.336420251187
0.337033372856
0.337646575766
0.338259857834
0.33887321698
0.339486651119
0.340100158172
0.340713736054
0.341327382684
0.34194109598
0.342554873861
0.343168714243
0.343782615046
0.344396574187
0.345010589587
0.345624659164
0.346238780836
0.346852952525
0.34746717215
0.348081437631
0.34869574689
0.349310097848
0.349924488426
0.350538916548
0.351153380135
0.351767877112
0.352382405403
0.352996962933
0.353611547627
0.354226157411
0.354840790214
0.355455443961
0.356070116583
0.356684806009
0.357299510169
0.357914226994
0.358528954418
0.359143690373
0.359758432793
0.360373179615
0.360987928775
0.361602678211
0.36221742586
0.362832169665
0.363446907566
0.364061637505
0.364676357426
0.365291065276
0.365905759
0.366520436547
0.367135095866
0.367749734909
0.368364351627
0.368978943975
0.369593509909
0.370208047386
0.370822554365
0.371437028807
0.372051468674
0.37266587193
0.373280236542
0.373894560477
0.374508841705
0.375123078198
0.37573726793
0.376351408875
0.376965499011
0.377579536319
0.37819351878
0.378807444378
0.379421311098
0.380035116929
0.380648859862
0.381262537889
0.381876149006
0.382489691209
0.383103162498
0.383716560876
0.384329884347
0.384943130918
0.3855562986
0.386169385403
0.386782389343
0.387395308437
0.388008140706
0.388620884172
0.38923353686
0.389846096799
0.390458562019
0.391070930556
0.391683200445
0.392295369726
0.392907436442
0.393519398639
0.394131254364
0.394743001671
0.395354638614
0.39596616325
0.396577573641
0.397188867851
0.397800043947
0.398411100002
0.399022034087
0.399632844282
0.400243528667
0.400854085326
0.401464512347
0.402074807821
0.402684969843
0.403294996512
0.403904885928
0.404514636198
0.405124245431
0.405733711739
0.40634303324
0.406952208053
0.407561234304
0.408170110119
0.408778833631
0.409387402976
0.409995816293
0.410604071726
0.411212167423
0.411820101536
0.412427872221
0.413035477637
0.413642915949
0.414250185326
0.414857283939
0.415464209966
0.416070961587
0.416677536989
0.417283934361
0.417890151897
0.418496187796
0.419102040262
0.419707707501
0.420313187725
0.420918479153
0.421523580004
0.422128488505
0.422733202887
0.423337721384
0.423942042237
0.424546163691
0.425150083994
0.425753801403
0.426357314175
0.426960620576
0.427563718873
0.428166607342
0.428769284262
0.429371747916
0.429973996593
0.430576028589
0.431177842202
0.431779435737
0.432380807503
0.432981955817
0.433582878996
0.434183575369
0.434784043264
0.435384281019
0.435984286974
0.436584059477
0.43718359688
0.437782897541
0.438381959823
0.438980782095
0.439579362732
0.440177700113
0.440775792625
0.441373638658
0.44197123661
0.442568584882
0.443165681884
0.44376252603
0.44435911574
0.444955449439
0.445551525559
0.446147342539
0.44674289882
0.447338192853
0.447933223093
0.448527988002
0.449122486046
0.4497167157
0.450310675442
0.450904363759
0.451497779142
0.45209092009
0.452683785106
0.4532763727
0.45386868139
0.454460709698
0.455052456154
0.455643919292
0.456235097655
0.456825989792
0.457416594255
0.458006909608
0.458596934416
0.459186667255
0.459776106705
0.460365251352
0.46095409979
0.46154265062
0.462130902448
0.462718853887
0.463306503558
0.463893850087
0.464480892108
0.46506762826
0.465654057191
0.466240177554
0.466825988009
0.467411487225
0.467996673874
0.468581546637
0.469166104203
0.469750345267
0.470334268529
0.470917872698
0.47150115649
0.472084118627
0.472666757839
0.473249072862
0.473831062439
0.474412725322
0.474994060268
0.475575066042
0.476155741416
0.476736085169
0.477316096086
0.477895772962
0.478475114598
0.4790541198
0.479632787384
0.480211116172
0.480789104995
0.481366752688
0.481944058096
0.482521020071
0.483097637471
0.483673909163
0.48424983402
0.484825410923
0.485400638761
0.485975516429
0.486550042831
0.487124216877
0.487698037485
0.488271503582
0.4888446141
0.48941736798
0.48998976417
0.490561801626
0.491133479312
0.491704796197
0.492275751261
0.49284634349
0.493416571877
0.493986435423
0.494555933138
0.495125064037
0.495693827146
0.496262221496
0.496830246126
0.497397900085
0.497965182426
0.498532092212
0.499098628514
0.499664790411
0.500230576987
0.500795987336
0.501361020561
0.501925675769
0.502489952079
0.503053848614
0.503617364507
0.504180498899
0.504743250938
0.50530561978
0.505867604588
0.506429204535
0.506990418799
0.507551246569
0.508111687039
0.508671739413
0.509231402901
0.509790676723
0.510349560104
0.510908052281
0.511466152495
0.512023859997
0.512581174045
0.513138093905
0.513694618853
0.514250748169
0.514806481143
0.515361817075
0.51591675527
0.516471295041
0.51702543571
0.517579176608
0.518132517071
0.518685456446
0.519237994086
0.519790129353
0.520341861616
0.520893190252
0.521444114647
0.521994634195
0.522544748296
0.52309445636
0.523643757805
0.524192652055
0.524741138543
0.525289216712
0.525836886009
0.526384145892
0.526930995826
0.527477435284
0.528023463747
0.528569080703
0.52911428565
0.529659078093
0.530203457543
0.530747423523
0.531290975559
0.53183411319
0.532376835959
0.532919143419
0.53346103513
0.534002510661
0.534543569587
0.535084211494
0.535624435972
0.536164242622
0.536703631052
0.537242600878
0.537781151722
0.538319283217
0.538856995002
0.539394286725
0.53993115804
0.54046760861
0.541003638107
0.541539246208
0.542074432602
0.542609196981
0.543143539048
0.543677458514
0.544210955096
0.54474402852
0.545276678519
0.545808904834
0.546340707215
0.546872085418
0.547403039208
0.547933568357
0.548463672646
0.54899335186
0.549522605799
0.550051434263
0.550579837066
0.551107814023
0.551635364964
0.55216248972
0.552689188132
0.55321546006
0.55374130535
0.554266723865
0.554791715497
0.555316280111
0.555840417578
0.556364127819
0.556887410749
0.557410266122
0.557932694029
0.558454694364
0.558976267112
0.559497411667
0.560018129022
0.560538417717
0.561058278492
0.561577712093
0.562096715216
0.562615292965
0.563133440848
0.563651158631
0.564168449235
0.564685311056
0.56520174069
0.565717744958
0.566233311484
0.566748449225
0.567263191389
0.567777461538
0.568291322424
0.568804787212
0.569317841011
0.569830352029
0.570342606931
0.57085438325
0.571365781532
0.571876871358
0.572387715796
0.57289779199
0.573407949254
0.573917677861
0.574426471837
0.574936950835
0.575445475816
0.575950969956
0.576463317077
0.576970969721
0.577478698421
0.577993324813
0.578531533278
0.579051187922
0.57957297929
0.580160199124
0.580915841484
0.581334870486
0.582564654473
0.582186869812
0.58171941863
0.581414780099
0.580408870949
0.579153348795
0.578053938812
0.578627172895
0.578421806407
0.576211587864
0.574648141538
0.574361530269
0.573850700614
0.572750399583
0.571738463622
0.570407897402
0.5711176441
0.568686705067
0.568400292736
0.56727951214
0.566348698285
0.56636363744
0.565088087104
0.568259503793
0.563319138735
0.562713281662
0.563329637349
0.56011905659
0.559271015638
0.559013876711
0.557272093444
0.556339537048
0.557312299508
0.557022731569
0.554609553631
0.555044736425
0.552745743887
0.55407546722
0.551911657537
0.550332354265
0.55050360756
0.550970250387
0.549860412746
0.546137248026
0.545527123469
0.547715008634
0.545206441294
0.543965905359
0.543042562658
0.543907557916
0.542102810381
0.54020888
0.540914434329
0.538962644525
0.538250659689
0.53663839711
0.537236714878
0.535743309341
0.535033952019
0.535429149269
0.53396404176
0.533790512173
0.532868636971
0.531059683821
0.529782554678
0.533540754643
0.529859409556
0.527269559075
0.525998929515
0.52732142399
0.525366227659
0.531336008725
0.524225433712
0.525401069845
0.522731744652
0.522062814451
0.523447002459
0.522876214114
0.521877827201
0.519296437846
0.52018178036
0.516662200778
0.526196853374
0.515227927639
0.513045090287
0.513236580832
0.514478974594
0.51252663686
0.51150072339
0.51160769434
0.512343211185
0.508190546232
0.512263621924
0.506931357877
0.506679101536
0.50703027473
0.507223276552
0.50506904856
0.504054279482
0.506435397612
0.505612301123
0.502668926716
0.501958020928
0.500936295069
0.501659330668
0.498640826992
0.499198548608
0.496551817981
0.495739806473
0.497479597369
0.494810358961
0.495744883702
0.494505820465
0.495117740356
0.492443290602
0.491234860702
0.492578553963
0.495098293768
0.48964248863
0.491796043026
0.488857520167
0.488142183176
0.49027885639
0.486022531492
0.484007752097
0.485062322142
0.48626288194
0.481471174461
0.482212230773
0.480153733982
0.482828029598
0.478789130768
0.478641987979
0.478324421756
0.478466311037
0.475266574913
0.477470341909
0.477029094082
0.473073592531
0.473095041256
0.473521864038
0.479300129097
0.471718338205
0.471665423404
0.471735471088
0.473275017374
0.471107858929
0.4692800065
0.468224527032
0.465101342205
0.471626521442
0.465109031415
0.468416411828
0.463771333461
0.463029397931
0.462937944843
0.462426824753
0.461851197103
0.462127911816
0.461006298533
0.458690858192
0.46089212832
0.460035576759
0.457257131246
0.455334465787
0.45999379921
0.455059072723
0.453418257518
0.455132610123
0.45368923853
0.450983539957
0.450924381973
0.451810815516
0.448744829144
0.452296078697
0.448027696353
0.45177321412
0.447808692218
0.450419338228
0.44867841728
0.446305293986
0.446338934293
0.445853559474
0.4432555942
0.445475810837
0.449336786255
0.442053479008
0.440312563489
0.442635546028
0.440536324762
0.441960520119
0.43882845984
0.440316651401
0.436248296543
0.437859953912
0.435496831351
0.434053051106
0.434179756973
0.43436943334
0.433876191228
0.431446457279
0.43144624607
0.430892465061
0.432351779871
0.430213162754
0.43015750796
0.430114836864
0.427689291925
0.425765136476
0.425443610271
0.428436057177
0.426650011803
0.425179678772
0.424771048505
0.424075793324
0.424624160749
0.424931716442
0.422767210532
0.421226853224
0.419302480101
0.420451988981
0.418867413351
0.417573459381
0.417696917562
0.416188087565
0.418647832668
0.417853723234
0.416603331124
0.416839239388
0.414162923878
0.414487729173
0.413029287382
0.413457671382
0.411758200914
0.411045889036
0.412829488893
0.415339383852
0.407938906258
0.408800849423
0.405763134846
0.407364624932
0.406378446535
0.405823202516
0.405921050278
0.403661624864
0.405990734398
0.40381285089
0.40308347966
0.401724576067
0.401313119808
0.403800212082
0.402089164241
0.401482958111
0.400925156277
0.399278033801
0.398144672842
0.397510905937
0.396820761301
0.396968025691
0.396907379366
0.398180199823
0.394517019756
0.395405102348
0.395039460589
0.396507886842
0.391139295302
0.391640369271
0.391576155856
0.391778597019
0.391323656092
0.388519791973
0.391507851954
0.387411727811
0.388930390686
0.388819484804
0.388387060837
0.385793778794
0.385932829702
0.388496242622
0.384609942841
0.382829022907
0.383813609203
0.384422387762
0.387262643959
0.38325919692
0.38392577839
0.380392793155
0.381327746974
0.379705139609
0.380737777444
0.379474169927
0.379452868838
0.376944774993
0.383431919678
0.378043166238
0.377097324892
0.380904123054
0.378396188322
0.375670770188
0.373328002418
0.374262660074
0.373598122604
0.373625323241
0.371467780134
0.375131318113
0.372116297146
0.370742202805
0.368623318858
0.369900072593
0.367884754517
0.368906407153
0.371899676351
0.36719628242
0.367857873615
0.364741158409
0.36568958488
0.364676871551
0.368941069884
0.363705807715
0.363918435392
0.362771721845
0.360977098561
0.36677276386
0.361805436863
0.362887553479
0.361310036459
0.360330999879
0.363021065383
0.361615963182
0.358054906416
0.358445406323
0.360085468781
0.35618466685
0.356877429635
0.355376234857
0.356251361306
0.355767853339
0.35668075412
0.353598462143
0.353322155284
0.353198515924
0.356180801467
0.350947664527
0.35274938127
0.355274317485
0.350554098523
0.350858251907
0.349124071325
0.34828189035
0.349234093291
0.348019402549
0.35058729002
0.347192914975
0.34758099591
0.347104594343
0.349277984857
0.345760930902
0.346289732793
0.345856423307
0.344159112624
0.34564468647
0.342195960806
0.343341969819
0.344484388618
0.340698529261
0.342212262934
0.340087450007
0.343176846822
0.341544400386
0.33998790264
0.342107615782
0.337324895192
0.338681017323
0.338975831298
0.337986783193
0.33713654704
0.338102138636
0.33653009395
0.335159139804
0.334594782738
0.335644156064
0.333785868203
0.332848343956
0.333033120123
0.332594899068
0.332683625297
0.337868528042
0.331521209524
0.332448066349
0.330697826856
0.329948161745
0.328356600641
0.328474730486
0.331584408981
0.329428591119
0.330381123826
0.327112534202
0.327027526557
0.328454671523
0.329126313222
0.328391373446
0.326315014727
0.325056753712
0.325109055452
0.32301254764
0.324852869004
0.322896500717
0.323874050064
0.324543007004
0.323525454451
0.32416724574
0.321885945941
0.320589781708
0.321751322981
0.320459731336
0.319282825041
0.320273650112
0.319658374939
0.316723290883
0.317647230583
0.317487537574
0.318509584664
0.324747169263
0.317396103063
0.316768547705
0.315997016667
0.315639296853
0.316383101527
0.315572202112
0.317486645942
0.313062369488
0.314461724993
0.315092708529
0.313772313641
0.312638940977
0.314097865217
0.312282815533
0.311298521146
0.313308222012
0.310511633704
0.309115733023
0.309763039766
0.310427495792
0.308190878547
0.310694738076
0.308008339054
0.310261079352
0.307055148342
0.306269239224
0.305954519352
0.306451881928
0.304832044377
0.307382001503
0.307518526984
0.304832281288
0.304736737793
0.309886043584
0.303997583929
0.304301823186
0.305495420428
0.300870520947
0.304575834084
0.30145194768
0.30193652092
0.302324771653
0.300283873717
0.301685116567
0.30365923902
0.298918422471
0.299648409796
0.300219797754
0.300165488213
0.297209154057
0.298864901946
0.298798694617
0.3019659795
0.296069651644
0.297960949622
0.298383667969
0.29780322348
0.296178097555
0.296106179877
0.29864587006
0.293844592854
0.294047456693
0.294532904882
0.29506693802
0.293689135645
0.292613589749
0.293209403449
0.292429020302
0.293294173467
0.29229483238
0.292777087202
0.290633346967
0.29100536375
0.29196201189
0.293103678925
0.290002622903
0.289358396837
0.289803581709
0.290743406455
0.288106635823
0.288692894388
0.287747528446
0.289071364842
0.287771284008
0.288239584206
0.288402746027
0.286197376587
0.285683887433
0.286454767932
0.285398183072
0.285086743181
0.283316767975
0.284304680314
0.283979445393
0.286607777431
0.284531822079
0.282148916682
0.282678115839
0.282682570976
0.282724364371
0.286786027698
0.282738194161
0.281685642169
0.284300207437
0.285264768769
0.287076126909
0.280369363193
0.280556075921
0.281927406121
0.281140299468
0.281791858782
0.282026683737
0.282288411359
0.279037141817
0.277697201604
0.279754487149
0.280604445676
0.278943376602
0.278637723507
0.276167899203
0.276796736352
0.286022947008
0.275021756773
0.277135985579
0.279806565333
0.280129260791
0.274764881992
0.275388624999
0.275229458206
0.274024821803
0.273285921482
0.277451478516
0.273791262243
0.274671981405
0.273806845533
0.274700960862
0.271962964733
0.273292447865
0.272434617353
0.27702224715
0.272166826838
0.271936969542
0.270875069153
0.270717089787
0.271866984217
0.271626996897
0.269422354698
0.269542175761
0.269006090724
0.269285712813
0.268268615296
0.270447777799
0.268523908998
0.267797403393
0.269567544527
0.26974968698
0.268968374711
0.266964164675
0.271076061052
0.26585085314
0.268630522636
0.266076448216
0.267498204049
0.26821259938
0.267101177844
0.266583449111
0.267186451513
0.265857536901
0.265466457004
0.267593036834
0.265748667103
0.269661008281
0.26345544566
0.265659055269
0.26429722595
0.264416040564
0.265073298898
0.266494749655
0.262100754587
0.263728791534
0.263245420988
0.261897958357
0.261143597425
0.263464320184
0.26189629714
0.261611868412
0.260532464072
0.261798960948
0.260271311019
0.260833570424
0.26055965515
0.259638225818
0.259659406918
0.260991451449
0.261355515875
0.260679061255
0.260342572528
0.260870897554
0.258064742472
0.259136233899
0.259318405975
0.25789871306
0.259926495429
0.259760414727
0.265268213114
0.258240061603
0.259126942762
0.258594196958
0.256223357817
0.258251847266
0.256560254096
0.254947336825
0.25945262969
0.256717055188
0.255353074526
0.254191545526
0.255071669848
0.254124413504
0.253909736356
0.254001097931
0.254212060791
0.253806475977
0.254689887574
0.253102967823
0.254087924567
0.255163374352
0.25228034611
0.251303124877
0.254411621534
0.253313220451
0.242286849606
0.235132994307
0.234446002683
0.241588851166
0.251866211379
0.266108174809
0.282564711924
0.301898327501
0.32126091786
0.340029954741
0.360305168565
0.381013183662
0.401769489287
0.424615417712
0.442596291059
0.393424340746
0.349806387613
0.311452138721
0.278035844047
0.249192386343
0.224512996752
0.203558374594
0.185888077959
0.171098769086
0.158860143872
0.148938122091
0.141199647532
0.1355996191
0.132155113814
0.130913752078
0.131922256577
0.135199372183
0.140715578379
0.148380978655
0.158042290041
0.169489514313
0.182472126281
0.196723177841
0.211987796985
0.2280509127
0.244758620323
0.262028939727
0.279850422385
0.298270009178
0.317373594613
0.33726341212
0.358032521464
0.367482475616
0.359804079632
0.353089823315
0.347394382866
0.343086337488
0.339380168059
0.336943319201
0.335888531728
0.335455960334
0.333042290785
0.329132382209
0.311268174356
0.294447945378
0.27923938768
0.265631625126
0.253603130409
0.243109718602
0.234075977957
0.226391454846
0.219912137309
0.214467287737
0.209870989462
0.205936922294
0.202494093759
0.199400860528
0.196554836984
0.1938971999
0.191411153571
0.189115473376
0.187054759206
0.185288219072
0.183878610253
0.182882618558
