-0.0
3.20893854692e-05
0.000128358594266
0.000288810782598
0.000513451207602
0.000802287222518
0.0011553282699
0.00157258587284
0.00205407362411
0.00259980717331
0.00320980421175
0.00388408445518
0.0046226696242
0.0054255834223
0.00629285151128
0.00722450148421
0.00822056283548
0.00928106692806
0.0104060469576
0.0115955379135
0.0128495765362
0.0141682012712
0.0155514522188
0.0169993710804
0.0185120010997
0.0200893869996
0.0217315749142
0.0234386123151
0.0252105479325
0.0270474316697
0.0289493145118
0.0309162484264
0.0329482862578
0.0350454816125
0.0372078887367
0.0394355623837
0.0417285576723
0.0440869299338
0.046510734548
0.0490000267666
0.0515548615238
0.0541752932317
0.0568613755612
0.0596131612065
0.0624307016306
0.0653140467931
0.0682632448563
0.0712783418695
0.0743593814292
0.0775064043128
0.0807194480855
0.0839985466757
0.0873437299187
0.0907550230646
0.094232446248
0.097776013917
0.101385734217
0.105061608327
0.108803629741
0.112611783499
0.116486045346
0.120426380836
0.124432744357
0.128505078075
0.132643310801
0.136847356759
0.141117114252
0.145452464225
0.149853268698
0.154319369082
0.158850584336
0.163446708984
0.168107510954
0.17283272923
0.177622071307
0.182475210415
0.187391782507
0.192371382969
0.197413563043
0.20251782592
0.207683622474
0.2129103466
0.218197330115
0.223543837172
0.228949058129
0.234412102826
0.239931993185
0.245507655061
0.251137909256
0.25682146159
0.26255689191
0.268342641896
0.274177001526
0.280058093992
0.285983858879
0.291952033371
0.297960131187
0.30400541897
0.310084889742
0.316195233059
0.322332801413
0.328493572413
0.33467310626
0.340866498011
0.347068324197
0.353272583446
0.359472630975
0.365661107161
0.371829860934
0.377969869533
0.384071157231
0.390122717022
0.39611244081
0.402027065103
0.4078521401
0.413572029724
0.419169948298
0.424628036432
0.429927475644
0.435048639567
0.439971279644
0.444674744006
0.449138228549
0.453341058663
0.457262998906
0.460884586207
0.464187479897
0.467154819073
0.469771574844
0.472024882803
0.473904340089
0.475402252026
0.476513815531
0.477237229738
0.477573728397
0.477527532981
0.477105729699
0.476318077442
0.475176756782
0.473696072331
0.471892122184
0.469782448742
0.467385685015
0.464721209274
0.461808819131
0.458668434524
0.455319839473
0.451782474309
0.448075284699
0.444216608461
0.440224061947
0.436114420811
0.431903529036
0.427606254614
0.423236482186
0.418807127707
0.414330166001
0.409816666535
0.405276834777
0.400720057223
0.39615494856
0.391589399724
0.387030625826
0.382485213177
0.37795916483
0.37345794421
0.368986516569
0.364549388092
0.360150642572
0.355793975655
0.351482726669
0.34721990813
0.343008233014
0.33885013991
0.334747816178
0.33070321924
0.326718096127
0.322794001419
0.318932313687
0.315134250562
0.311400882528
0.307733145564
0.304131852702
0.30059770461
0.297131299283
0.293733140902
0.290403647946
0.287143160623
0.283951947662
0.280830212545
0.27777809921
0.274795697283
0.271883046881
0.269040143018
0.266266939659
0.263563353456
0.260929267195
0.258364532978
0.255868975183
0.253442393207
0.251084564032
0.248795244618
0.246574174151
0.244421076155
0.242335660473
0.240317625132
0.238366658093
0.236482438889
0.234664640146
0.232912929012
0.231226968465
0.229606418539
0.228050937452
0.22656018265
0.225133811789
0.223771483636
0.222472858931
0.221237601184
0.220065377439
0.218955858994
0.217908722086
0.216923648546
0.216000326432
0.215138450624
0.214337723408
0.213597855037
0.212918564274
0.212299578914
0.211740636301
0.211241483823
0.210801879397
0.210421591944
0.210100401849
0.20983810141
0.209634495274
0.209489400866
0.209402648795
0.209374083261
0.209403562435
0.209490958834
0.209636159678
0.209839067231
0.210099599127
0.210417688681
0.210793285176
0.211226354137
0.211716877581
0.21226485425
0.212870299815
0.213533247056
0.214253746021
0.215031864146
0.215867686345
0.216761315063
0.217712870287
0.218722489502
0.219790327598
0.220916556702
0.222101365933
0.223344961062
0.224647564051
0.226009412447
0.227430758596
0.228911868614
0.230453021069
0.232054505266
0.233716619031
0.235439665844
0.237223951188
0.239069778015
0.240977441508
0.24294722388
0.244979391158
0.247074195366
0.249231885717
0.251452728244
0.253737024297
0.256085113356
0.258497354326
0.260974094504
0.263515639681
0.266122231677
0.268794032049
0.271531108052
0.274333417251
0.277200787573
0.280132887871
0.283129175019
0.286188752999
0.289309549518
0.292484931982
0.295714047958
0.298997877442
0.302335476087
0.305724522593
0.309161852715
0.312643819983
0.316166008843
0.319722778525
0.323307187073
0.326909284747
0.330513425479
0.334124725797
0.337739065346
0.341346856425
0.344937206972
0.348501960884
0.35202996783
0.355493055775
0.358876149529
0.36216796353
0.365366662397
0.368450690357
0.371419678285
0.374249585294
0.376916206842
0.379412052315
0.381703675919
0.383765007851
0.385604526865
0.387214908441
0.388592430149
0.389728717569
0.390618724311
0.391263620609
0.39168041931
0.391902869697
0.391939301641
0.391817820061
0.391555613211
0.391170672885
0.39067898787
0.390094572924
0.389429657617
0.388695102846
0.387901050478
0.387057052028
0.386171662275
0.385252290679
0.3843054546
0.383337250341
0.382353544491
0.381359728824
0.380360547514
0.379360137091
0.378362123365
0.377369701862
0.376385696169
0.375412601188
0.374452616766
0.373507674871
0.372579462138
0.371669438946
0.370778855873
0.369908768218
0.369060049086
0.368233401426
0.367429369247
0.366648348122
0.36589059501
0.365156237397
0.36444528176
0.363757621375
0.363093043578
0.362451236558
0.361831795822
0.361234230407
0.360657968907
0.360102365293
0.359566704475
0.359050207389
0.358552034802
0.358071283701
0.357606818042
0.357153348148
0.356712713511
0.35628557775
0.355870941334
0.355467778853
0.355075083182
0.354691880124
0.354317233304
0.353950241676
0.353590033262
0.35323575859
0.352886585531
0.352541695481
0.352200279679
0.351861532955
0.35152463849
0.351188728709
0.350852799048
0.35051559594
0.350175406068
0.349830114693
0.349481290568
0.349130209864
0.34877697604
0.348421328652
0.348062844046
0.347701365182
0.347336775195
0.346967873086
0.346594027662
0.346213543573
0.345827640898
0.345438557191
0.345046223649
0.34465046993
0.344251151682
0.343848109684
0.343441406576
0.34303154221
0.342619804002
0.342206516158
0.341791052006
0.341372674385
0.340951688923
0.340530108709
0.340110434365
0.339694551357
0.339283565376
0.338876920873
0.338470766205
0.338067643252
0.337661500121
0.337261316399
0.336868377071
0.336484160222
0.336109652394
0.335743530306
0.335387632953
0.335043138274
0.334707184393
0.334382862333
0.334071434213
0.333772963239
0.333487400668
0.333214527459
0.332953954783
0.332705376534
0.332469076835
0.332246240155
0.33203808452
0.331845247942
0.331662801507
0.331493022652
0.331333486773
0.331184543693
0.331041539045
0.330900238481
0.330773964616
0.330664693016
0.330573112972
0.330500203831
0.330447774796
0.330417683466
0.330411231689
0.330429349598
0.330472275151
0.33053946971
0.330631605325
0.330750666063
0.330898362471
0.331075766183
0.331283531315
0.33152205914
0.331791641592
0.332092493064
0.332424344167
0.332787218808
0.333182151484
0.333609656097
0.334069913335
0.334562990964
0.335088892049
0.3356475635
0.336238891458
0.33686268825
0.337518671191
0.338206429404
0.338925370305
0.339674678267
0.340453485411
0.34126115634
0.342097076149
0.342960382202
0.343849933382
0.344764307636
0.345701803974
0.346660526082
0.347638467544
0.348632959541
0.349640465409
0.350660633463
0.351692783384
0.352734164392
0.353781220196
0.354831011197
0.355880750016
0.35692888789
0.357974297178
0.359013940403
0.360050196897
0.361085473969
0.362116792624
0.363142435894
0.364160894324
0.36517076087
0.366175124015
0.367173094471
0.368163026641
0.369147370229
0.370127780227
0.371104845944
0.372078801431
0.373049305986
0.374014697805
0.374972069837
0.375914352055
0.376850434124
0.377778864474
0.378690756274
0.379591449751
0.380486418344
0.381375377818
0.382253613276
0.383125450091
0.383992887707
0.384855768273
0.385713616316
0.386565812248
0.387411754451
0.388250974832
0.389083011742
0.38990775809
0.390725834954
0.39153799118
0.392344489171
0.393141888019
0.393929724269
0.394706641562
0.39547670171
0.396240417491
0.396996552211
0.397743507674
0.398480607655
0.399207340107
0.399922469082
0.400624610078
0.401312302949
0.401985879063
0.402647183495
0.403296772236
0.403934370576
0.404559181067
0.405169911139
0.405764566886
0.406337847747
0.406885885899
0.407411639704
0.407915009483
0.408393556272
0.408848342046
0.409281476675
0.409693072209
0.410082241699
0.410448931622
0.410794131849
0.411118576635
0.411422834723
0.411707240684
0.411971814735
0.412216355918
0.412440387032
0.412642790297
0.412822771381
0.412982211049
0.413123224447
0.413246886977
0.413353800839
0.41344479399
0.413520543448
0.413579303302
0.413623027885
0.41365297087
0.413669618815
0.413673873485
0.413666566053
0.413648214928
0.413619155313
0.413579799494
0.413530650414
0.413470205795
0.413393941897
0.413305645641
0.413205264754
0.413093971046
0.412972387478
0.412841458966
0.412702598439
0.412556886518
0.412404918251
0.412246860485
0.412082871
0.411913787996
0.411740680473
0.411564163895
0.411383844349
0.411196292384
0.411003405481
0.410806967231
0.410607796
0.410406152652
0.410202256579
0.409996467654
0.409789201134
0.409580799971
0.409371514771
0.409161500383
0.408950596624
0.408737877723
0.408522556785
0.40830366842
0.408081057043
0.407856079618
0.407630186618
0.407404145118
0.40717781186
0.406950456193
0.406720965848
0.40648793806
0.406250242736
0.406009564888
0.405767346099
0.405523985828
0.405279645228
0.405034648332
0.404788557301
0.404541129568
0.404294011725
0.404048500905
0.403805489788
0.403565542008
0.403328810843
0.403094913342
0.402863177914
0.402633660183
0.402406548326
0.402181138421
0.40195519373
0.401724485576
0.401486208808
0.401243101491
0.400994715889
0.400739572031
0.400472381372
0.400197609777
0.399919135343
0.399637804045
0.399354171845
0.399068831626
0.398782391099
0.398495373995
0.398205839954
0.397912196108
0.397619233512
0.397327478805
0.397037136733
0.39674488507
0.396449774459
0.396155986278
0.395863472447
0.395572378329
0.395282284562
0.394989234334
0.394699463643
0.394414684637
0.394135179729
0.393858800666
0.393581777773
0.393308876454
0.393043789868
0.392787335044
0.392539121389
0.392298819961
0.392067658878
0.391845841019
0.391633484808
0.391431095918
0.391238923714
0.391055351376
0.390883287841
0.390724103029
0.390577834481
0.390444451121
0.390323933661
0.390216111981
0.390120821411
0.390038351174
0.389969709322
0.38991615697
0.389878564642
0.389857298166
0.389852616108
0.389864847545
0.389893999212
0.389939114552
0.389999109766
0.390074863871
0.390166532076
0.390272864533
0.390392930981
0.390527223529
0.390675624456
0.390837422631
0.391013275225
0.391204443748
0.391409980357
0.391625609687
0.391856241589
0.392101063495
0.39235904812
0.392629277074
0.392910740302
0.393202320615
0.393502501035
0.393808170571
0.394121466516
0.39444202107
0.394767257139
0.395097252887
0.395434140196
0.395777798272
0.396128643308
0.396487008464
0.396850640078
0.397219954956
0.397597560384
0.397984123724
0.398379326251
0.398781726049
0.399188749541
0.39959966714
0.400013824136
0.40043281879
0.400857073904
0.401285967396
0.401716684147
0.402147250166
0.402577426689
0.403006582627
0.403437386693
0.403869915634
0.404297401899
0.404725206303
0.405155298525
0.405588042426
0.406024018872
0.406465265045
0.406911815851
0.407362107439
0.407807021832
0.408248160468
0.408690170496
0.409132034399
0.409572880431
0.410011948404
0.410447142106
0.410878286145
0.411306502342
0.411732285956
0.41215558751
0.412568891029
0.412969494568
0.413362068598
0.413745672213
0.414119657207
0.414482325439
0.4148303837
0.415161017113
0.415473015702
0.415764414224
0.416042513942
0.41630922296
0.416563586981
0.416807602699
0.417044887747
0.417276003136
0.417499280257
0.417713923291
0.417919656615
0.41811630976
0.418304166989
0.418483769896
0.418655525853
0.41881964697
0.418976458554
0.419126824146
0.419272015768
0.41941241552
0.419543141937
0.419662920088
0.419776578635
0.41988378765
0.419983254572
0.42007409091
0.420154118415
0.420222380503
0.420281706359
0.420331453825
0.420369698148
0.420398892488
0.420421161502
0.420436494626
0.420445800256
0.420446323405
0.420438883488
0.420425292629
0.42040180364
0.420363951867
0.420316808962
0.42025560249
0.420182262762
0.42009987156
0.420008703201
0.419909507325
0.419802356533
0.419684846011
0.4195491619
0.419397453477
0.419230908626
0.4190503983
0.418854897366
0.41864586798
0.418428969469
0.418204258452
0.417969565292
0.41772786264
0.417483515826
0.417239153685
0.416995893808
0.416754059078
0.416514784422
0.416279148605
0.416047249518
0.415819317508
0.415596542889
0.415380020561
0.415164533212
0.414952164369
0.414746651578
0.414548597467
0.414359961145
0.41418279587
0.414018600257
0.413868356759
0.413732655713
0.413611826411
0.413505836197
0.413414691875
0.413339516721
0.413281592683
0.41324154966
0.413219586047
0.413215657789
0.413229506457
0.413260678922
0.413308341822
0.413370387349
0.413447310835
0.413539286942
0.413645520412
0.413765464601
0.413899202495
0.41404500685
0.414200280157
0.414369679913
0.41455282644
0.414748322609
0.41495335199
0.415166267337
0.415388163879
0.415619945175
0.415861979997
0.416114176435
0.416376035714
0.416646691153
0.416924851266
0.41720863343
0.41749629483
0.417787540814
0.418082269498
0.418379916452
0.418679517467
0.418979025154
0.419274808303
0.419566956492
0.419858108958
0.420149208361
0.420439154206
0.420726665912
0.421010446802
0.42129098927
0.421567429764
0.421841488031
0.422114395147
0.422385398823
0.422653363267
0.422918357609
0.423180666884
0.423439975442
0.423696091199
0.423948759857
0.424198125414
0.424445312088
0.42469135334
0.42493494465
0.425174644127
0.425414177821
0.425653536145
0.425892363081
0.426130089242
0.426365912435
0.426598655222
0.426826151365
0.427045329313
0.427256062588
0.427458438205
0.427652536995
0.427838803033
0.428017507822
0.42818530046
0.428342981991
0.42848841884
0.428623870696
0.42874836201
0.428858911782
0.428954189476
0.429030166109
0.429088659263
0.429127831513
0.429150093613
0.429158191744
0.42915253523
0.429132422263
0.429097732695
0.429049684761
0.428989866772
0.428915960475
0.428830847517
0.428735723485
0.428630814285
0.428516078842
0.42839108173
0.428254636589
0.428101501219
0.427928642108
0.427742890654
0.427545116699
0.427335637549
0.427114357617
0.426880725262
0.426633582357
0.426361113828
0.426062487225
0.425748041465
0.425416843832
0.425077564013
0.424731320013
0.424378822085
0.424020845092
0.42365792237
0.423290147099
0.422917345164
0.422539584349
0.422157433089
0.421771617461
0.421381657395
0.420985116937
0.42058262307
0.420178522876
0.419773983054
0.419370841254
0.418971344371
0.418576701656
0.418187492511
0.417804041485
0.417426566707
0.417055172674
0.416689653533
0.416328329603
0.415968520912
0.415612104047
0.415256829398
0.414905431352
0.414560105716
0.414221003665
0.413889808824
0.413566716125
0.413248824948
0.412932902246
0.412624589573
0.412323504775
0.412029301585
0.41174171529
0.411460581833
0.411185883631
0.410917835129
0.410656904436
0.410403674729
0.410157217347
0.409913396566
0.409678280738
0.40945270965
0.409236829026
0.409030735939
0.408834584684
0.408647331145
0.408468171972
0.408300173528
0.408142784992
0.407995454875
0.407857753021
0.407726841717
0.407604921742
0.40749325619
0.407391344609
0.407300457348
0.407221370785
0.407154564605
0.407100145374
0.407057775633
0.407026755952
0.407006189345
0.406995284015
0.406993471992
0.40700023643
0.407015085125
0.407037498957
0.4070670055
0.407103510143
0.407147405266
0.407198973981
0.40725680226
0.407311733776
0.407369823144
0.407433694508
0.407503245353
0.407582043335
0.407670632204
0.407765875648
0.407864017593
0.407970211235
0.408089015883
0.408221377888
0.408367086031
0.4085205109
0.408680164159
0.408850953646
0.40903205165
0.409222650282
0.40942165204
0.409627435318
0.409838767585
0.410054491581
0.410274794348
0.410500386881
0.410730851924
0.41096604991
0.411204355903
0.411443408972
0.41167996755
0.41190976431
0.412134565361
0.412356186141
0.412576213129
0.412791924958
0.41300405349
0.41320557014
0.413404079813
0.413600220146
0.413795286808
0.413990614258
0.414187476378
0.414387284982
0.41459054486
0.41479697736
0.415005455863
0.415213786645
0.41542114459
0.41562865633
0.415835853299
0.416040647871
0.416239960387
0.416433682051
0.416627627232
0.416821656224
0.41701522724
0.417206292012
0.417385870067
0.417553638699
0.417712687091
0.417868279144
0.418021488541
0.418171185698
0.418316033109
0.41845512406
0.41858792595
0.418716760895
0.418843139608
0.418968001122
0.419092057425
0.419215676526
0.419338806486
0.41946103098
0.419581839151
0.419700954849
0.419818106057
0.419932544644
0.420043965293
0.420151126648
0.420253038733
0.420351608753
0.420447022405
0.420536126052
0.420619499578
0.420696755997
0.420767209385
0.420831880851
0.420891619727
0.420946886718
0.420998140494
0.421045308189
0.42108576822
0.421118749512
0.421143828718
0.421166256539
0.421185124935
0.421197847841
0.421209889983
0.421222589673
0.421235845575
0.421248095821
0.421252422008
0.421252409809
0.421250425838
0.421245828317
0.421237021816
0.421221734037
0.421200088139
0.421172377286
0.421136076988
0.421092316539
0.421040185656
0.420984449009
0.420927167954
0.420868119109
0.420807685482
0.420746272541
0.420683843415
0.42062004729
0.420551763962
0.420477154487
0.420400172911
0.420320160207
0.420231821346
0.420126216996
0.420009675349
0.41988802906
0.419761535973
0.419630240179
0.419494772413
0.419354698279
0.419211399804
0.419065403075
0.418916682137
0.418765537396
0.418613629925
0.418461874831
0.418309746178
0.418152454776
0.417990531807
0.417826446515
0.417660322668
0.417493306596
0.417326161217
0.41715895292
0.416990679025
0.416814112997
0.41663642829
0.416457953374
0.416276327223
0.416090695454
0.415897334157
0.415698399082
0.415496884501
0.415290615004
0.415080988819
0.414870965193
0.414661284366
0.41445196069
0.414242456908
0.414030999499
0.413813482037
0.413591820219
0.413368348443
0.413143235096
0.412916034615
0.412686518086
0.412455134918
0.412222757729
0.411990205532
0.411757625366
0.411524173012
0.411288644961
0.411050795418
0.41081336157
0.41057696847
0.41034131549
0.410105871127
0.40987039855
0.409635304808
0.409401377366
0.409168998144
0.408937747388
0.408707123171
0.408478193546
0.408252478664
0.408030378281
0.407810102854
0.407589583507
0.40737090442
0.40715564718
0.406943551512
0.406734040198
0.406525635187
0.406320533175
0.406120820247
0.40592715975
0.405739412134
0.40555706163
0.405378459155
0.405203472329
0.405032995767
0.404869427742
0.404712863165
0.404563044735
0.404418874693
0.404279780009
0.40414672593
0.404020907458
0.403902813435
0.403792316292
0.40368907803
0.403592587652
0.403499063545
0.403406274931
0.40332022793
0.403242156003
0.40317166731
0.403107849303
0.403049603683
0.402990803185
0.402931905317
0.402876859479
0.402825459329
0.402773778897
0.402719310062
0.402668832486
0.402622240737
0.402579052704
0.402538738182
0.402499775911
0.402465961288
0.402428055576
0.402395036143
0.402370228793
0.402353768071
0.402345784242
0.402346406835
0.402355511623
0.402372233472
0.402395387714
0.402425693649
0.402464236602
0.402510404755
0.402561947783
0.402616440662
0.402673670477
0.402734858903
0.402802226023
0.402874476154
0.40295173353
0.403036031311
0.403128285431
0.403228933241
0.403338212804
0.4034554238
0.403577640934
0.403704304341
0.403836287288
0.403976358688
0.404125827588
0.404285434819
0.404455351966
0.404632786862
0.404815901332
0.40500746036
0.405205230009
0.405404713499
0.405605349008
0.405808249953
0.40601274796
0.406221258432
0.40643447327
0.406649646696
0.406869068701
0.407094121795
0.407325016533
0.407561785706
0.407804115264
0.408051894052
0.408305503111
0.408562419682
0.40882677638
0.409099200619
0.409379444366
0.409666847592
0.409960882181
0.410261776306
0.410569953133
0.410885569628
0.411208523608
0.411538504884
0.411874989105
0.412217168326
0.412563620643
0.412911244054
0.413259198339
0.413605656027
0.413948455097
0.414288785066
0.414627515042
0.414962586994
0.415291243815
0.415618772711
0.415945936431
0.416272518421
0.416598308224
0.416923634392
0.417248577268
0.417571593881
0.417891232856
0.418207050795
0.418517884101
0.418828784077
0.419141018393
0.419454750958
0.419769799858
0.420085572199
0.420400674975
0.420712228564
0.421017519036
0.421317397803
0.421613473615
0.421906100313
0.422195124158
0.422479892553
0.422759162376
0.42303160839
0.423295746638
0.423550937033
0.423799330317
0.424041009821
0.42427413071
0.424500315047
0.424721786164
0.424938697909
0.425149634497
0.425348622184
0.425531094005
0.425701879315
0.425864872197
0.426019774698
0.426165838783
0.426298532095
0.426414589415
0.426519954087
0.426615032442
0.426698244186
0.426767605825
0.426824735058
0.426869971667
0.426904903373
0.426930810706
0.426947869439
0.426955134298
0.426950330782
0.426933035419
0.426904408698
0.426866931558
0.42682235104
0.426769558187
0.426705357757
0.42662880283
0.426542785055
0.426449935219
0.426350867436
0.426239323487
0.426111797443
0.425976233769
0.42583733346
0.425696430498
0.425553761713
0.425409190098
0.425262219755
0.425111197321
0.424952624753
0.424788442814
0.42461940888
0.424440296326
0.424249205738
0.424049509665
0.423837297803
0.423610297204
0.423373337561
0.423131871235
0.422887770986
0.422642019206
0.422394689103
0.422144876995
0.421893731418
0.421643220219
0.421394141063
0.421144725378
0.420893856996
0.420644701363
0.420397365158
0.420147072705
0.419889707468
0.419632209395
0.419377391568
0.41912542673
0.418876044451
0.418628558606
0.418381912744
0.418134657177
0.417884900523
0.417631492695
0.417374639207
0.417114605527
0.416852720108
0.416590798121
0.416329741874
0.416069474398
0.415809211016
0.415547724465
0.415284483674
0.415020260829
0.414751081941
0.414479021474
0.414207793047
0.413938552754
0.413672548632
0.413410621342
0.413153242823
0.412900674341
0.412653107742
0.412410781349
0.412174006447
0.411943112972
0.411718372037
0.411499795157
0.411283161021
0.411070495603
0.410864344374
0.410663950162
0.410468618424
0.410279681335
0.410096512098
0.409917972738
0.409742598383
0.409573341189
0.409411252239
0.409255640534
0.409105261697
0.408958268369
0.408812044764
0.408666976133
0.408523974786
0.408382516868
0.408241214206
0.408103380384
0.407970232019
0.40784316234
0.407723023653
0.40760999068
0.407503758813
0.407404154727
0.407311176909
0.407226182369
0.407149611866
0.40707923311
0.407019156402
0.40696920782
0.406927713202
0.406893336923
0.406865705865
0.406843735518
0.406825209151
0.406813934687
0.406810253751
0.406813888532
0.406824808794
0.406843514549
0.40687109157
0.4069054895
0.406946360647
0.406992791113
0.40703657492
0.407080095893
0.407124889198
0.407172170122
0.407217742778
0.407259971095
0.40730331545
0.407344374846
0.407385869112
0.407431536801
0.407482558499
0.4075377918
0.40759550957
0.407653233165
0.407708795489
0.407761527483
0.407812540916
0.407864715817
0.407915288585
0.407958918746
0.408000830062
0.408039844791
0.408078573964
0.40811614716
0.408150119169
0.408179786189
0.408204947032
0.408224653401
0.408236776709
0.408243305199
0.408245243362
0.408242974199
0.408236979225
0.408229255425
0.408220593436
0.408209833503
0.408195049418
0.408174376998
0.408145251757
0.408109861314
0.40807083569
0.408029018878
0.407984908763
0.407939264173
0.407893174669
0.407847624785
0.407803063667
0.407759583621
0.407717751911
0.407678586604
0.407642803271
0.407610565832
0.407581272128
0.407550369014
0.407520005498
0.407486364661
0.407444884478
0.407401579827
0.407356846941
0.40730876496
0.407261006032
0.407216155998
0.407175479124
0.407139712263
0.4071094645
0.407085615048
0.407068905493
0.407059422935
0.407056539448
0.407059453709
0.40706798103
0.407073552465
0.407082873941
0.407099311718
0.40712293881
0.407153488719
0.407189604886
0.407232706193
0.407283981084
0.407343160355
0.407410329829
0.407485987326
0.407570003734
0.407661779483
0.40776060815
0.40786608121
0.407977996962
0.408095575368
0.40821879435
0.408348928829
0.408486035859
0.408626639543
0.408771571532
0.408923732043
0.409083393103
0.409250393301
0.409423836975
0.409602076303
0.4097850065
0.40997159946
0.410159324486
0.410346657782
0.410532308503
0.410715077244
0.410894802363
0.411070581884
0.411243428667
0.411416064116
0.411590081791
0.411766526343
0.411946140932
0.412129326775
0.412316146852
0.41250630239
0.412699031923
0.412892813913
0.413084784318
0.413272045111
0.413452390307
0.413628343692
0.413799207435
0.413955954609
0.414106903866
0.414254719779
0.414399976686
0.414542617693
0.414681931938
0.41481610167
0.414942171435
0.415057772596
0.415161029955
0.415247813533
0.415319917173
0.41538426132
0.415443258384
0.415497946763
0.415548676578
0.41559537147
0.415637792579
0.415675501767
0.415707745542
0.415734604349
0.415758189906
0.415781113512
0.415805170388
0.415831326573
0.415859946596
0.415890848678
0.415922284411
0.415950254802
0.415978272864
0.416007828383
0.416039038056
0.416072686378
0.416109173372
0.416148061386
0.416189143847
0.416233143682
0.41628091235
0.416332862574
0.416385522475
0.416434583579
0.416484424769
0.416537549631
0.416594175564
0.416653930689
0.416716021691
0.416778470237
0.416838574676
0.416895313806
0.41694694054
0.416993171224
0.417035817615
0.417075125779
0.417107292819
0.417130160229
0.417144538662
0.417153173714
0.417153159403
0.417145160391
0.417130374226
0.4171060548
0.417073889123
0.41703676573
0.416994327958
0.41694581988
0.416892683051
0.416835313868
0.416773587153
0.41670701138
0.416634863811
0.416557601235
0.416476506361
0.416392429378
0.416305779469
0.416216711687
0.416125253466
0.416031164891
0.415933972674
0.415833658583
0.41572929909
0.415619936356
0.415504779335
0.415387604932
0.415271781018
0.415158178317
0.415047124147
0.414938761385
0.414827918853
0.414719248706
0.414612255681
0.414506314437
0.414401669697
0.414295702394
0.41419043697
0.4140876643
0.413985786509
0.413880388921
0.413773782739
0.413664860729
0.413555240901
0.413447135938
0.413341035847
0.413235602847
0.413130063029
0.413024782363
0.412915187304
0.412805997981
0.412695397994
0.412579855847
0.412460954988
0.412341517467
0.41222394373
0.41210968771
0.411999706307
0.411893796748
0.411791930093
0.411694180743
0.411601675756
0.411515570225
0.411435683861
0.411361921484
0.411294495602
0.411232277941
0.411176506816
0.411123459639
0.411077206787
0.411038887676
0.411007430992
0.410980807088
0.410960326369
0.410946113138
0.410935117815
0.410928162988
0.410927146443
0.410930987229
0.410938650081
0.410948153053
0.410961900371
0.410981383968
0.411005664621
0.41103240973
0.411062014705
0.411097178752
0.411138800541
0.411186612296
0.411239601585
0.41129674927
0.411358108617
0.411423629594
0.411492958512
0.411565822394
0.411642158461
0.411721990923
0.41180515559
0.411890894549
0.411977587199
0.412062651326
0.412143255183
0.412220215528
0.412296265702
0.412373642453
0.412453482429
0.412536539914
0.412623354185
0.412714226735
0.412809275655
0.412908485714
0.413011682939
0.413118426426
0.413227269953
0.41333184383
0.413430697674
0.413526877616
0.413624448512
0.413724447485
0.413822781591
0.413916380198
0.414008139556
0.414103162636
0.414202500709
0.41430479678
0.414407567257
0.414511110327
0.414615546048
0.414720259185
0.414825126775
0.414930518376
0.415036594766
0.415143828983
0.415253091747
0.415364851206
0.415478993723
0.415594920299
0.415711622864
0.41582784778
0.415942482136
0.416053890656
0.416159025232
0.416256774613
0.41635170508
0.416443607597
0.416531574442
0.416614562658
0.416691499432
0.416761393605
0.416823307144
0.416876301133
0.416919857143
0.416955068299
0.416983879181
0.417007382749
0.417025656983
0.417036958112
0.417042084666
0.417043218333
0.417041457485
0.417037791083
0.417032931673
0.41702681687
0.417016775981
0.417000099636
0.416980244946
0.416959335973
0.416938331009
0.416917584937
0.416897053296
0.416875565338
0.416851818582
0.416828582516
0.416807031907
0.416787201385
0.416768029867
0.416747712053
0.416727336023
0.416707549646
0.41668593518
0.416660940936
0.416634417572
0.416605679375
0.416574404138
0.416540995342
0.416503850762
0.416463091515
0.41641840827
0.416371694659
0.416324328533
0.416276001042
0.416226004626
0.416173316297
0.416115142487
0.416044798362
0.415969542533
0.415892101419
0.41581403623
0.415735778925
0.415656855603
0.415574526407
0.415482787095
0.41538830766
0.415292611576
0.415192339655
0.415092038336
0.414991987391
0.414892154913
0.414793412618
0.414696633808
0.414602625018
0.414511716844
0.414423613802
0.414337496375
0.414252211783
0.41416697274
0.414081518032
0.413995794849
0.413910158206
0.413825090511
0.413740784274
0.413657075177
0.413574087161
0.41349274084
0.413414052789
0.413338558354
0.41326631202
0.413196912068
0.413122912949
0.413046934112
0.412970373764
0.412895753623
0.412825260291
0.412759220288
0.412697330993
0.412638810936
0.412582265668
0.412525355988
0.412460184554
0.412394477571
0.412330027441
0.412266976984
0.412202938424
0.412136234913
0.412066968413
0.41199409012
0.411918383503
0.411841839084
0.411762750675
0.411680353281
0.411598185358
0.411517026317
0.411437642112
0.411360058289
0.411284155114
0.411209440924
0.411135521609
0.411062209463
0.410988849356
0.410913560509
0.41083602682
0.410758850267
0.410683539819
0.410610594542
0.410539624452
0.410467665999
0.41039609606
0.410329147059
0.410267962019
0.410213012364
0.410164535123
0.410122574202
0.410086822238
0.410056134002
0.410026256357
0.409999541683
0.40997688669
0.409956710566
0.409934120359
0.409908468114
0.409883377712
0.409858625227
0.409832548313
0.409803839745
0.409774856425
0.409746608219
0.40971984926
0.409695093837
0.409672554114
0.409652070566
0.409633290551
0.409616071926
0.40960068698
0.409587478713
0.409576401152
0.409567334749
0.409560064286
0.409553598158
0.409545793125
0.409535859086
0.409524955469
0.409512492427
0.40950272911
0.409495410214
0.409489951823
0.40948667926
0.409485094469
0.409478107061
0.409468780314
0.409458657715
0.409448546524
0.409435455028
0.409417516659
0.409394653667
0.409366955978
0.409335650937
0.409302412792
0.409269960925
0.409239209863
0.409210032593
0.409181826169
0.40915420872
0.409127361878
0.409101156011
0.409074796848
0.409047006643
0.409017702356
0.408988157673
0.408959689933
0.408933373779
0.408909187497
0.408886387149
0.408866323215
0.408851087463
0.408841473803
0.408837181151
0.408837537615
0.408842227302
0.40885224035
0.408868504293
0.408891235795
0.408920736916
0.408957599199
0.40900230066
0.409055083246
0.409115695946
0.4091828155
0.409253871609
0.409328441227
0.409407353944
0.409491439534
0.409581081974
0.409676125341
0.409776580677
0.409882838723
0.409995211637
0.410111424712
0.410230270717
0.410353980093
0.410481340543
0.410610446406
0.410739098529
0.410865356892
0.410988898796
0.411110360774
0.411230231597
0.41134920907
0.411468503029
0.411589390116
0.41171255975
0.411838188161
0.411966035573
0.412095044127
0.412221844828
0.412341980176
0.412461472415
0.412582250974
0.412704105143
0.412826773926
0.412949979521
0.413071937953
0.413192199855
0.413311083976
0.41342796477
0.413541281131
0.413648100338
0.413748143226
0.413842306938
0.413931779335
0.414016200737
0.414091557822
0.414155256692
0.414210368297
0.414259434368
0.414303527666
0.414342466704
0.414375691835
0.414403457482
0.414426564129
0.414446114466
0.414463918608
0.414481008284
0.414497933423
0.414514956597
0.414531259251
0.41454322938
0.414541572103
0.414532472769
0.414523720653
0.414516104728
0.414509892453
0.414506123091
0.414504826434
0.414505575517
0.4145075897
0.414509635184
0.414510215145
0.414509009535
0.414507126038
0.414505325878
0.414503593915
0.414501508211
0.414498375062
0.41449129393
0.414471419992
0.414435905108
0.414392041559
0.414343636184
0.414286381359
0.414226827747
0.414164220855
0.414098402973
0.414032646533
0.413968267542
0.4139055559
0.413844062733
0.413782819733
0.413721381326
0.413660584482
0.413599271686
0.413537296839
0.413476805721
0.413416506732
0.413354317677
0.413288664197
0.413220862816
0.413153462477
0.413086335482
0.413017855448
0.412946660489
0.41287328486
0.412797179175
0.412718744012
0.412638914543
0.41255920648
0.412481236874
0.412406705562
0.412336131166
0.412269527306
0.412206687823
0.412147249705
0.412090704546
0.412036728621
0.411985392962
0.411936705591
0.411890389961
0.411845822354
0.411802169521
0.411758914183
0.411716052112
0.411673783387
0.411631645101
0.411584963389
0.41153660463
0.411489080379
0.4114420278
0.411394802689
0.411348055238
0.411302209225
0.411256079371
0.411207610126
0.411160185491
0.411115444404
0.411073681517
0.411034626077
0.410997728782
0.410962770905
0.410929714833
0.41089832099
0.410868865626
0.410842132381
0.410818580781
0.410798120707
0.410779995961
0.410762958841
0.410746979094
0.410733714911
0.410724364755
0.410718944865
0.410715833064
0.410714319355
0.410715211158
0.410717442031
0.410718938847
0.410719826966
0.410721518244
0.410724152789
0.410727356474
0.410730655757
0.410733552332
0.410735457729
0.410735688673
0.410733657357
0.410729107271
0.41072204401
0.41071236647
0.410698988607
0.410681357089
0.410661563901
0.410640606516
0.410618781347
0.410595887165
0.410571244229
0.410544924238
0.410517807208
0.410490400757
0.410462923062
0.410434949498
0.410406285636
0.410378189358
0.410352172074
0.410329164487
0.410309517255
0.410293157129
0.410279878345
0.410269571155
0.410261923141
0.410256302036
0.410252410846
0.410250414395
0.410250388257
0.410252158518
0.410255410319
0.410259951567
0.410265947237
0.410273584415
0.410282088791
0.410289852617
0.410297869328
0.410307558061
0.410319898775
0.410335508167
0.410355022534
0.41037909686
0.410408284575
0.410442989684
0.41048345974
0.410529777459
0.410581841175
0.410639362779
0.410701939369
0.410767561455
0.410836284616
0.410909081869
0.410985642993
0.411065630031
0.411147953864
0.411229518421
0.411309524462
0.411388742987
0.411468461124
0.411549657667
0.411632816104
0.411717975818
0.411804730574
0.411892154675
0.411978773641
0.412063227556
0.412145213662
0.412224918741
0.41230213151
0.412375987659
0.41244556383
0.412510665037
0.412571169885
0.412625799382
0.412672848445
0.412713351674
0.412748158149
0.412775634414
0.412798449421
0.412818791434
0.412837355112
0.412854513417
0.412870307357
0.41288434899
0.412895656521
0.412901703077
0.412896674535
0.412883263261
0.412864127019
0.412839898895
0.412810799179
0.412776561583
0.412736594796
0.412690924891
0.412640689119
0.41258734803
0.412531936077
0.412474447452
0.412415250262
0.412355670526
0.412296172478
0.412237283886
0.412179124527
0.412120927018
0.412060754064
0.41199228823
0.411911769985
0.411820636224
0.411719024553
0.411607985791
0.411486485398
0.411362870206
0.411239645
0.411117412032
0.41099665408
0.410877686841
0.410760117441
0.410638308113
0.410517455571
0.410398536343
0.410282775295
0.410170954242
0.410063681388
0.409961316266
0.409863506911
0.409768572238
0.409675458189
0.409585786265
0.409500739473
0.409420631573
0.409345100494
0.409273863032
0.40920661448
0.409142224448
0.409076475904
0.409006679909
0.408934174458
0.408863035579
0.408793248581
0.408724168514
0.40865520308
0.408586110818
0.408517502883
0.408450369821
0.408385188424
0.40832133518
0.408257598326
0.408193800438
0.408131319993
0.408071906857
0.408015670577
0.407960615457
0.407909324687
0.407863451031
0.407821866756
0.407784152707
0.407753293898
0.407730539423
0.407716094659
0.40770969437
0.407710549322
0.407717814291
0.407731771946
0.407753416371
0.407783415493
0.407821919773
0.407866520353
0.407908686074
0.407953579815
0.407998462649
0.40804243231
0.40809000087
0.40814312639
0.408201692372
0.408264367834
0.408330747419
0.408401842448
0.408478044677
0.408558628416
0.408642002356
0.408729886717
0.408822891734
0.40891997892
0.409019689847
0.40911907112
0.409219925404
0.40932466952
0.409433228169
0.40954509129
0.409660270499
0.409778633609
0.409898463782
0.410019698315
0.410144642376
0.410274157055
0.410408472293
0.410547512132
0.410690268488
0.410832083132
0.410968321533
0.411103874974
0.411239632671
0.411377255904
0.411517358229
0.411658706229
0.411800524068
0.41194291241
0.412085396522
0.412227187247
0.412368507056
0.412510041444
0.412652178635
0.412794783686
0.412936152901
0.413072450815
0.413204143493
0.413329081665
0.413450410135
0.413567559642
0.413678936972
0.413782151258
0.413875924349
0.413960639774
0.414037114525
0.414106757358
0.414170099826
0.414226751378
0.41427599059
0.414319281115
0.414357649684
0.41439115776
0.414419515681
0.414442247673
0.414458706636
0.414467855445
0.414467944082
0.414458590093
0.414442489135
0.414421790146
0.414397525379
0.414369853678
0.414338103663
0.414301233802
0.414259099928
0.414212473221
0.41416146307
0.414103757829
0.414037025581
0.413964012557
0.413886387643
0.413804471981
0.413718260477
0.413628164904
0.413534826381
0.413438553549
0.413338465455
0.413235067685
0.413129894616
0.413023665285
0.412916206744
0.412807108013
0.412696896243
0.412585416315
0.412469800246
0.412350729212
0.41222962204
0.412103204208
0.411972649794
0.411839933321
0.411705184623
0.411570468745
0.411437854668
0.41130838775
0.411182583831
0.411060726543
0.410942954002
0.410829121611
0.410718528929
0.410609820741
0.41050061736
0.410391340411
0.410285121103
0.410182871085
0.410084578011
0.409989962518
0.409898961948
0.409812220915
0.409730637561
0.409654913135
0.409585575934
0.409523045761
0.409467633036
0.40941951345
0.409378685537
0.409344859182
0.409317089524
0.409292861822
0.40927002753
0.409242246997
0.409215491225
0.409192087637
0.409171571461
0.409153889629
0.409139296655
0.409127675099
0.409118579801
0.409111622848
0.409106192687
0.409100615217
0.409092626682
0.409083387185
0.409075162609
0.409068069539
0.409058569216
0.409048761733
0.409037776783
0.40902636479
0.409017291242
0.409011932324
0.409010544988
0.409012676469
0.409013240944
0.409010612514
0.409008812946
0.409005925883
0.409000519936
0.408993737846
0.408985124485
0.408967401496
0.408948106937
0.408927311135
0.408903496861
0.408874602534
0.408839726393
0.408799585538
0.408754768454
0.408704890879
0.408649446712
0.408588423565
0.40852164838
0.408447492133
0.408366843013
0.40828078497
0.408190063192
0.408092780633
0.407993473634
0.407892531422
0.407790026919
0.407685253836
0.407576356771
0.407463934752
0.407348938268
0.407231015823
0.407109565054
0.406984061349
0.406852927345
0.406715477831
0.406571760917
0.406427303576
0.406283998487
0.406142370356
0.406002375941
0.405863439718
0.405724101956
0.405581112976
0.40543480415
0.405286046061
0.405136024205
0.404985337704
0.404835340603
0.404686760419
0.404540137226
0.404395815974
0.404253689013
0.404113172894
0.40397359506
0.403835495973
0.403699650892
0.403565044498
0.403432863363
0.403305015184
0.403182024861
0.403063797278
0.402946542259
0.402834675679
0.402728710376
0.402628813012
0.402535082868
0.402448008846
0.402368270204
0.402296286649
0.402232260031
0.40217619548
0.402128116683
0.402088306407
0.402054752278
0.402028878849
0.402012243461
0.402001954797
0.401997097146
0.401999675339
0.402010373371
0.402028085653
0.402051170373
0.402078772228
0.402111424596
0.402150160763
0.402194937605
0.402241250185
0.402286227133
0.402333690021
0.402385258173
0.40244169968
0.402503254357
0.402569756389
0.402640796679
0.402716145116
0.402795941382
0.402880371285
0.40296821766
0.403055946373
0.403146443288
0.403239504175
0.403331965186
0.403420076891
0.403504780033
0.403589880603
0.403676619973
0.403765386564
0.40385606326
0.403947882925
0.404040587783
0.404134796026
0.404230995722
0.404329409137
0.404430323514
0.40453416998
0.404641391598
0.404752238704
0.404866408382
0.404982021804
0.40509576392
0.405207789185
0.405318254439
0.405425690465
0.405529055896
0.405627414947
0.405720421855
0.40580937796
0.405896620466
0.405984512239
0.406074804432
0.406168569311
0.406266416323
0.406368663307
0.406475427186
0.406586718708
0.406702571071
0.406823103548
0.40694846816
0.407078742505
0.407213779565
0.40735303244
0.407496012064
0.407642104777
0.407789726264
0.407938717596
0.408082845674
0.40823059415
0.408381276795
0.408532096811
0.408676458119
0.408811896027
0.40894787884
0.409085328959
0.409223491132
0.409361643799
0.409499834191
0.409638671057
0.409778920195
0.409921245589
0.410066014473
0.410212275387
0.410357470748
0.410504664664
0.410653974049
0.410805707674
0.410959844191
0.411114570785
0.411267163166
0.411417115028
0.411563215813
0.411709357533
0.411854134397
0.411993574919
0.412126874404
0.412253852938
0.412373171683
0.412485404667
0.412590473176
0.41268681728
0.412772522793
0.41285052455
0.412923267016
0.412991546603
0.413055724604
0.413116107432
0.413172935767
0.413226284551
0.413276061205
0.413322099216
0.413364246093
0.413402360017
0.413436267177
0.413465726091
0.413489937177
0.413504465908
0.413506854457
0.413498273398
0.413482229279
0.413459497131
0.413429860491
0.413392528971
0.413346947507
0.413293671462
0.413233599465
0.413167390218
0.413095486351
0.413017892741
0.412932919374
0.412838149072
0.412736364879
0.412629175065
0.412516641025
0.412398147098
0.412273926337
0.412144795339
0.412011418794
0.41187440743
0.411733029153
0.411583748939
0.411422106627
0.411253371992
0.411078983111
0.410895678224
0.410711700327
0.410528191676
0.410346066163
0.410165727855
0.409984242341
0.409799933764
0.409617308331
0.409435711783
0.409253037369
0.409071756521
0.408892921414
0.408716819208
0.408543506907
0.408372537008
0.408201129886
0.408019252622
0.407830566627
0.407641171722
0.407454349758
0.407270814106
0.407090368247
0.406912505521
0.406736833183
0.406563325955
0.406391809444
0.406223148787
0.406058535196
0.405897561644
0.405738669251
0.405581811736
0.405428086841
0.405278337424
0.40513418385
0.40499549134
0.404861513997
0.404730924303
0.404604715633
0.40448400112
0.404369471466
0.404261412998
0.404159619142
0.404063944181
0.403974188318
0.403889427774
0.403807862326
0.40372846146
0.403650054879
0.403576249467
0.403508082103
0.403445553425
0.403388018443
0.403332617362
0.403277658394
0.403226667367
0.40317950919
0.403136544868
0.403098058938
0.403064000369
0.403034148102
0.403007875399
0.402983777515
0.402960818526
0.402935395948
0.402911716374
0.402890416762
0.402871829029
0.402857452018
0.402847091149
0.402839093778
0.402833083426
0.402825534603
0.402817567386
0.402813454444
0.402813793919
0.402818578748
0.402826916095
0.402833906856
0.402840825326
0.402851724202
0.402867558751
0.402888499372
0.402913856394
0.402942174811
0.402974013508
0.40300825602
0.4030457266
0.403086741506
0.403131740875
0.40318079622
0.403233550734
0.403289102973
0.403345413003
0.403399664663
0.403451514627
0.40350190895
0.403544434365
0.403585046538
0.403627039095
0.403669984892
0.403710316975
0.403752818286
0.40379683024
0.403840249014
0.403882322606
0.403923902226
0.403965791883
0.404009267852
0.404056084924
0.404106788979
0.404160755254
0.404214491468
0.404269869412
0.404328795664
0.404391003252
0.404455983747
0.40452311117
0.404591384232
0.404658442626
0.404719068737
0.404772828911
0.404820528156
0.404863971406
0.404906356699
0.404948558668
0.404990916952
0.405033483507
0.405076080344
0.405118295351
0.405159495534
0.405198958613
0.405235868951
0.405268144618
0.405291684206
0.405312070512
0.405328768975
0.405343355583
0.405357256208
0.405369873413
0.405380553509
0.405388880895
0.405394083994
0.405391644171
0.405375541354
0.405348386604
0.405312506759
0.405267727455
0.405215983475
0.405158997677
0.40509733684
0.405028665966
0.404952375358
0.404870417732
0.404781966922
0.404686886736
0.404586205394
0.404481557784
0.404374785066
0.404267367123
0.404159852225
0.40405062372
0.403941247154
0.403834279335
0.403730280152
0.403629799689
0.403533756579
0.403442919926
0.403353614552
0.403264298395
0.403182035142
0.403106980831
0.403038730335
0.402975906581
0.402916863423
0.402861914262
0.402811786498
0.402767080771
0.402728284662
0.402695377949
0.402667632754
0.402643502242
0.402621650171
0.40260246523
0.402586515556
0.402573361792
0.402561744869
0.402551047373
0.402542070558
0.402535755902
0.402532782686
0.402533522417
0.402537946888
0.402545685212
0.402556195364
0.402568634766
0.402582049799
0.402595970531
0.402609517815
0.402619246362
0.402623764217
0.402627636657
0.402634919752
0.402647023131
0.402662750747
0.402682905857
0.402709323085
0.402742177992
0.402781557382
0.402827551163
0.402880181314
0.402939616611
0.403006094424
0.403079733638
0.403160511611
0.403248278037
0.403342689402
0.403441020844
0.403543751297
0.40365170106
0.403764346825
0.403881060743
0.40400106478
0.404123407947
0.404246883595
0.40436982901
0.40449086581
0.404610045459
0.404727553678
0.404843544763
0.40495853943
0.405073181371
0.405188223424
0.405304506438
0.405422793644
0.405543629936
0.405667265929
0.405793554462
0.405921389671
0.406045889199
0.40616396625
0.406279191189
0.406391768465
0.406501611996
0.406608486353
0.406711594859
0.406810453496
0.40690423902
0.4069914982
0.407070892934
0.407142944366
0.407207371167
0.40726647635
0.407322651554
0.407376686824
0.407427145067
0.407474431285
0.407520634207
0.407565907292
0.40760917926
0.407648505065
0.407684100016
0.407717854151
0.407750343091
0.40778152063
0.407811842797
0.407841794786
0.407871335063
0.407899947549
0.407926867414
0.407951266481
0.407972260686
0.407989343506
0.408002866314
0.408013491958
0.408021708337
0.408026686224
0.408026992741
0.408024658944
0.40801910746
0.408005447585
0.407986602362
0.407960866206
0.407933908371
0.4079018038
0.407870806491
0.407841592631
0.40781475324
0.407790628193
0.407769256535
0.407749965963
0.407731798356
0.407715264031
0.407700246809
0.407683730299
0.407668671872
0.407657075291
0.407649257749
0.407645163543
0.407644379582
0.407645789617
0.407648199545
0.40765310595
0.407661701821
0.40767461931
0.407692191351
0.407713846804
0.407736922643
0.407759255641
0.40778224877
0.407804844515
0.407827949005
0.407852640461
0.407878465403
0.407904842776
0.407931568014
0.407958498393
0.407985169627
0.408010875202
0.408034979779
0.408057097368
0.40807675826
0.408092592416
0.408104262847
0.40811329534
0.408120072294
0.408121299553
0.40811788993
0.408103635967
0.408079326209
0.4080489663
0.408014423511
0.407977669448
0.407939798523
0.407901407426
0.407862633682
0.40782324566
0.407782878853
0.407740789772
0.407693214638
0.407639816663
0.407580822228
0.407516872398
0.407450515804
0.407382810003
0.407313784973
0.407243091494
0.407170072493
0.407093516601
0.407011166103
0.40692448385
0.406836351502
0.406748222363
0.406661654523
0.40657806585
0.406498470096
0.40642361673
0.406354059159
0.406290124232
0.406231881345
0.406179143132
0.40613147629
0.406088172613
0.406048019879
0.406008012243
0.405967531665
0.405926950165
0.405887378879
0.405850575482
0.405817294147
0.405782107562
0.405741799564
0.405704816473
0.405672453146
0.405645078824
0.405622863964
0.405602555965
0.405584299947
0.405568940763
0.405552678964
0.405536719743
0.405521888035
0.405509287046
0.405492939505
0.405476811494
0.405462366153
0.405447990624
0.405433504275
0.405421382616
0.405412086941
0.405405392563
0.405400556406
0.405397068183
0.405395355281
0.40539600298
0.405399140687
0.405404474267
0.405410888359
0.405417663604
0.405425366029
0.405434206813
0.405445972993
0.405461384182
0.405480408794
0.405502784215
0.405528165021
0.405555942568
0.405585659895
0.405617577055
0.405647865959
0.405677633722
0.405709027736
0.405741110996
0.40577232534
0.405800609
0.405824732547
0.405845575347
0.405865449828
0.405885463167
0.405904839479
0.405920248447
0.405927353506
0.405927051365
0.405922272833
0.405914031819
0.40590484265
0.405897463706
0.405893006129
0.405891803447
0.405893679724
0.405898010906
0.405904612813
0.405912405085
0.405916933609
0.405920031416
0.405922539236
0.405925181318
0.40592714445
0.405927447526
0.405926550011
0.405923590102
0.405918461149
0.405912918576
0.405904011585
0.405894736155
0.405888330925
0.405884026523
0.405879527505
0.405873498503
0.405864133061
0.405848374621
0.40583225811
0.405817128247
0.405802854386
0.405789454742
0.405777982326
0.405769192367
0.405761477042
0.405749529299
0.405734566768
0.405717717882
0.405700527004
0.405684190558
0.405668551783
0.405652764947
0.405636881432
0.405621680027
0.405607526989
0.405594313453
0.405580515291
0.405565599082
0.405550867359
0.405536005697
0.405516456438
0.405485218897
0.405449222681
0.40541529883
0.405384947185
0.405358344947
0.405335781874
0.405317711036
0.405304661189
0.405297137576
0.405295351812
0.405297008764
0.405300089085
0.405308740843
0.405316180721
0.405323910125
0.40533778645
0.405357445852
0.405382096732
0.405410357321
0.405439561965
0.405467859618
0.405494832564
0.405516568175
0.40553676982
0.405555502194
0.405566461554
0.405572291515
0.405571327835
0.405564937996
0.405555408118
0.405544081227
0.405529954338
0.405513363064
0.40549625446
0.40547964011
0.40546374282
0.40544803898
0.40543106193
0.405410298253
0.405382527138
0.405351789971
0.405319260453
0.405285257035
0.405249344744
0.405210023311
0.405167523659
0.40512400619
0.405081435033
0.405040518835
0.405001600643
0.404964782078
0.40492992306
0.404896624189
0.404864227552
0.40483173421
0.404796764947
0.40475562687
0.404711029081
0.404664693419
0.404617035538
0.404568215147
0.404518307786
0.404467264222
0.404414383252
0.404358737051
0.404301813712
0.40424473977
0.404187632421
0.404130012627
0.404071580501
0.40401214354
0.403948097428
0.403877834222
0.403805251051
0.403732035434
0.403660243049
0.403591386136
0.403525688337
0.403460474651
0.403391635602
0.403325026295
0.403261022397
0.403196915074
0.40313642181
0.403080118303
0.4030276359
0.402978108889
0.402930780636
0.40288627085
0.402845837866
0.4028102279
0.402779568645
0.402753551984
0.402731624734
0.402713388462
0.402698803327
0.402687946009
0.402680928936
0.402677563875
0.402674643392
0.402672880858
0.402674275769
0.402666965022
0.40265910733
0.402650560871
0.402645566453
0.402642857508
0.402641007976
0.402638782289
0.402631842657
0.402621826916
0.402609888851
0.402595479858
0.402578906962
0.40256125
0.402542671701
0.402522170472
0.402498036152
0.402469030241
0.402429667769
0.402385576985
0.402338586625
0.40228921158
0.402238561724
0.402187369246
0.402132309545
0.402075193332
0.402016148174
0.401954302529
0.401889222115
0.401821007274
0.40174923264
0.40167152781
0.40158788943
0.401499461976
0.401407808987
0.401315499206
0.401224215929
0.401134149607
0.401044883893
0.400955576257
0.400866537521
0.400776962876
0.40069222538
0.400612605875
0.400536969013
0.400464967244
0.400396542439
0.400331030254
0.400269691749
0.400214066297
0.400164940037
0.400121797949
0.400083366633
0.400053093865
0.400032077627
0.400020434725
0.400017893876
0.400023951761
0.400037882488
0.400058972793
0.400087116961
0.400122769492
0.400166307349
0.400217767351
0.40027697585
0.40034366249
0.400416131211
0.400494048895
0.400578853052
0.400670409168
0.400767751411
0.400870657967
0.400980984047
0.401100007025
0.401227847382
0.401363627992
0.401506080245
0.401655186817
0.401811448589
0.401975033312
0.402145264804
0.402321336751
0.402503657048
0.402691784467
0.40288459879
0.40308158613
0.403282495648
0.403487009777
0.403694859041
0.403905701452
0.404118967469
0.404333613114
0.404547764322
0.404759449293
0.404968512539
0.405174911843
0.405377152964
0.405572723336
0.405760281022
0.405941079261
0.406115837059
0.4062862481
0.406454114886
0.406619234574
0.406781706973
0.406941487438
0.407097198502
0.407246316505
0.407386352652
0.407514805285
0.407635042167
0.407747944232
0.407852131856
0.407944742857
0.408024638755
0.408092396356
0.408149757188
0.40819951893
0.408242948913
0.408279924356
0.408308640396
0.408326877362
0.40833931082
0.408336334969
0.408321224607
0.408301790647
0.408279185028
0.40825494731
0.408230520592
0.408206664776
0.408183655709
0.408161434976
0.408139627083
0.408117580742
0.408094733466
0.408071334929
0.408048363089
0.408026851336
0.408007547772
0.40799077123
0.407976250765
0.407962810068
0.407947850331
0.407927799486
0.40790209571
0.407873580485
0.407843418115
0.407808291619
0.407772580357
0.407736219333
0.407699954403
0.407665321096
0.407633197291
0.4076038041
0.407576719412
0.407551940387
0.407529605637
0.407509399991
0.407491593722
0.407476984342
0.407466021174
0.407458658564
0.407454412088
0.407452453659
0.40745212079
0.407452721813
0.407451942066
0.407448373344
0.407444260425
0.407440594127
0.407438699288
0.407439676599
0.407443906009
0.407451472784
0.407462460012
0.407476961584
0.407494933836
0.407515673017
0.407535294574
0.407548904017
0.407564051664
0.4075822029
0.407603342217
0.407626960193
0.407651940367
0.407676227099
0.407697553065
0.407715207812
0.407729790662
0.407742506022
0.407754797785
0.40776734191
0.407780377979
0.40779414284
0.407808947955
0.407824626417
0.407839314561
0.407848241503
0.40785951391
0.407874351031
0.407892701257
0.40791445065
0.407934402161
0.407957524922
0.407982663022
0.408010061081
0.408041275776
0.408076765356
0.408116256108
0.408158804455
0.408202073919
0.408243841769
0.408284226324
0.408320741144
0.408351935121
0.408380775959
0.408408336308
0.408433419513
0.408457006277
0.408481446802
0.408506919631
0.408533466018
0.408561026511
0.408589259046
0.408617301887
0.408643552682
0.408665042508
0.408679793398
0.408689701091
0.408697335242
0.40870462984
0.408712704807
0.408721253016
0.408727778406
0.408730860497
0.408732255153
0.408734268854
0.408735274532
0.408728432414
0.408720416541
0.408715479935
0.408713667395
0.40871403079
0.408715164065
0.408711769459
0.408708139917
0.408704314431
0.408699962269
0.408694072014
0.408684864836
0.408670435452
0.408649853163
0.408623087079
0.408588325451
0.40854810315
0.408504330342
0.408453156816
0.408399726351
0.408345116879
0.408289327192
0.408233569324
0.408178963579
0.408126400513
0.408075456593
0.408023593685
0.407962729579
0.407899200344
0.407834094591
0.40776764619
0.407699626868
0.407629884581
0.407558257643
0.40748452984
0.407406881179
0.407322661024
0.407237489383
0.407149133887
0.407053623644
0.406957398434
0.406861057635
0.406765259392
0.406670598717
0.406577483205
0.406485736799
0.406394506874
0.406300894919
0.40620145654
0.406103662132
0.406009041166
0.405917131814
0.405827006886
0.40573915811
0.405650809122
0.405559285658
0.405471434272
0.405387664694
0.40530522912
0.40522405329
0.405148128907
0.405077638196
0.405012046919
0.404950616579
0.404892087328
0.404837900109
0.404789415385
0.404746694104
0.404709255389
0.404676510818
0.404648073375
0.404622895014
0.404600559196
0.404582182707
0.404567744655
0.404556431439
0.404546360573
0.404537638544
0.404531463819
0.404528310229
0.404528851068
0.40453421397
0.404545226093
0.404562167071
0.40458495584
0.404613246147
0.404646064474
0.404679871601
0.404715540635
0.404754298782
0.404796664328
0.40484278874
0.404891598405
0.404941307948
0.404986552728
0.405024849099
0.405064639328
0.405106144322
0.405148024163
0.405188232807
0.405226297669
0.405263240096
0.405299459686
0.405334922749
0.405369092569
0.405400331239
0.405425252434
0.405443074262
0.405458633834
0.405471525592
0.405478794105
0.405479935983
0.405481178281
0.405483948619
0.405488396829
0.405494401802
0.40550193001
0.40551115412
0.405522341086
0.405535680505
0.40555119458
0.405568696951
0.405587491429
0.40560459308
0.405620188571
0.405637662579
0.405658038448
0.405681451033
0.405700060646
0.405713337847
0.405720559304
0.405717501912
0.405712406498
0.405704139321
0.405692238338
0.40567725534
0.405659629462
0.405639391279
0.405615975278
0.405588043068
0.405554460672
0.405516089023
0.405475994746
0.405437047762
0.405400779387
0.40536793911
0.405338797103
0.405313322974
0.405290027359
0.405262703901
0.405238265518
0.405216412914
0.405197483436
0.405182123236
0.405170584417
0.405162632872
0.405157575047
0.405153704978
0.405148938792
0.405145900831
0.405146444655
0.405151785323
0.405162807764
0.405180049346
0.405203786517
0.40523412551
0.4052710537
0.405314457571
0.405364127593
0.405419755822
0.405478672138
0.405536444442
0.405592542639
0.405649074253
0.405709524172
0.405773751697
0.405840090325
0.405904986366
0.405968372458
0.406031508666
0.406094074698
0.406155393113
0.406215405637
0.406274661394
0.406333849111
0.406393417013
0.406453224664
0.40651193087
0.406568633809
0.406624808758
0.406681113664
0.406737248355
0.406792379974
0.406845402078
0.406895146671
0.406936241322
0.406968362732
0.406992392194
0.407006003713
0.407006177602
0.406990052925
0.406961516115
0.406928132256
0.406889347559
0.406845440776
0.40679564156
0.406735368728
0.406661779289
0.406575624651
0.406480504581
0.40638283231
0.406283436899
0.406182660467
0.406080007998
0.405973906698
0.40586441586
0.405752968646
0.405640608273
0.40552789856
0.405414995405
0.405301737816
0.405187792638
0.405072680294
0.404955534096
0.404836291483
0.40471574912
0.404593704265
0.404469203773
0.404341279758
0.40420961083
0.404074565462
0.403936911385
0.403797466457
0.403656829197
0.403515217931
0.403372271751
0.403227286004
0.403080485391
0.40293308016
0.402786448155
0.40264192197
0.402500725817
0.402363550457
0.402229118419
0.402097674191
0.401968494885
0.401841736969
0.401719064345
0.401600452801
0.401486560974
0.401379826488
0.401280333164
0.40118785659
0.401101886567
0.401021448381
0.400945384004
0.40087217304
0.400798530489
0.400719115059
0.400641017973
0.400565995224
0.400489972544
0.40041698025
0.400347782919
0.400281941605
0.400218582255
0.400156240869
0.400092978643
0.4000273666
0.399959209576
0.399888938242
0.399818475342
0.399744285471
0.399667745539
0.399581386558
0.399496813789
0.399415571064
0.39933694006
0.399255125011
0.399175954957
0.399102865355
0.399036301587
0.39897550396
0.398915961413
0.398856809983
0.398802454053
0.398754580804
0.398712318073
0.398672795745
0.398638373316
0.398609445773
0.398581920633
0.398557027605
0.398537641149
0.398522797783
0.398510759295
0.398501030737
0.39849488273
0.398493439935
0.398497360423
0.398507133627
0.398523117867
0.398545515041
0.398574376588
0.398609596682
0.398650864145
0.398697536486
0.398746750791
0.398798261898
0.39885380742
0.398912606338
0.3989733098
0.399035390188
0.399098955231
0.399162153603
0.399223568079
0.399286845559
0.399352980741
0.399416608808
0.399477950793
0.399539847563
0.399604718024
0.399673899345
0.399748364773
0.399827626076
0.399909950531
0.39999850143
0.400093814086
0.400195716415
0.400303803641
0.400417460327
0.400535599237
0.400656274387
0.400779365574
0.40090599869
0.401036261157
0.401169700765
0.401305791986
0.4014438639
0.401583387831
0.401724934246
0.401869500897
0.40201748788
0.402167971483
0.402317678354
0.402464019713
0.402609471798
0.402754661443
0.402898230891
0.403037816298
0.403170896084
0.403296444296
0.403416594824
0.40353353381
0.403648611107
0.403759384732
0.403867375069
0.403974429206
0.404080289485
0.404184886717
0.404288577442
0.404391804176
0.40449475739
0.404597090789
0.404694419535
0.404789102712
0.404879238534
0.404958301787
0.405028950393
0.405097802966
0.405166625241
0.405236051344
0.405306122697
0.405376430007
0.405446058368
0.405513235162
0.405575424426
0.405631734997
0.405683137182
0.405730139469
0.405772467804
0.405809060926
0.405829124806
0.405839390638
0.405838249861
0.405829478234
0.4058115812
0.405788208337
0.405762394401
0.405734308746
0.405702359706
0.405665244624
0.405624839897
0.405582262615
0.405537821946
0.405494847853
0.405444324804
0.405387569344
0.405329159639
0.405273438415
0.40522072548
0.405171582394
0.405126622731
0.405086128362
0.405050014691
0.40501636357
0.404982012472
0.404950656767
0.404922169799
0.404895576101
0.404869582
0.404843725319
0.404819023716
0.404796499713
0.40477657663
0.404759190892
0.404743985833
0.404730598703
0.404718817158
0.40470839659
0.40469762654
0.404682360202
0.404664759767
0.404643733652
0.404617670286
0.404585740363
0.4045490089
0.404508102382
0.404460353061
0.404409593258
0.404356393049
0.404301037055
0.404244844565
0.404188356069
0.40413156441
0.404074030136
