7.61295788314e-16
0.0225765368719
0.0874422798057
0.183266363186
0.288494024417
0.385881954784
0.475482024403
0.547982631683
0.571441004872
0.500664405764
0.383333700842
0.303379842492
0.256139980588
0.2366412698
0.248513573406
0.296004809747
0.314346405499
0.254090300579
0.217200046705
0.208639895976
0.218415281276
0.269323968403
0.281839048365
0.220616098106
0.205401833686
0.195056091792
0.161740476614
0.129144516307
0.110102425587
0.10511739093
0.108477218276
0.109978174377
0.114527356614
0.139300734438
0.189873690104
0.243371220158
0.232770068393
0.207357713987
0.219712466043
0.260856915133
0.267303969217
0.259721441452
0.295560531926
0.378139568586
0.472601062267
0.348524760668
0.253041212278
0.216768829106
0.225396806981
0.253606682552
0.213934006941
0.148061851281
0.118041872264
0.127703986534
0.166728764385
0.209944677807
0.245042931227
0.243187909223
0.195574362695
0.159443693544
0.150743533188
0.172657666194
0.224033205783
0.254758698383
0.206668982118
0.177175051465
0.179569752112
0.200286018211
0.23968701811
0.319486137473
0.413718211417
0.343364580386
0.305742307683
0.327416025418
0.344926793031
0.285677152245
0.266487537026
0.26324902539
0.250227957865
0.243394385486
0.237401376201
0.20881998169
0.171637451219
0.140804086885
0.12437487634
0.12846690386
0.159604407285
0.226436305777
0.315071678542
0.334866056324
0.329111437303
0.305973899538
0.263362581068
0.24644910512
0.245356861069
0.246271636488
0.262642362291
0.30500249184
0.350105631239
0.361630086632
0.356399488161
0.325065782199
0.277342101683
0.243761110187
0.232121355237
0.241856140579
0.261391755454
0.296500090569
0.334018899085
0.313474986753
0.244063674413
0.188606099111
0.159450229075
0.154520500501
0.168438429391
0.191268059946
0.214227861432
0.247266163811
0.303276671461
0.348658721614
0.305914365255
0.266313200201
0.253007697339
0.246782350411
0.241224390748
0.244344657379
0.25494831769
0.261735887611
0.271014491647
0.288385806681
0.306071512346
0.291432734042
0.264483593828
0.24914285059
0.23920860061
0.222546999555
0.209861678834
0.214490607727
0.238422960733
0.272048133074
0.28251574155
0.254637612978
0.227625316032
0.215302408322
0.215015100789
0.228089920674
0.25462777823
0.271201891351
0.269667740768
0.26354661916
0.248519483406
0.236113752873
0.238004483261
0.242527467013
0.237549029236
0.223117270707
0.217726564468
0.229992003896
0.249816277785
0.255561703723
0.247158466686
0.24249689171
0.240034376406
0.231705737581
0.223828297985
0.219001097583
0.222902488288
0.235096559365
0.241343406983
0.24108769073
0.251655077904
0.272915437673
0.295184631462
0.288674211183
0.265975455059
0.256522281534
0.254611959692
0.253124147634
0.250378092207
0.246844700033
0.251398136509
0.26394451138
0.273601625919
0.276660970144
0.27302616018
0.253300072874
0.227231424857
0.205777947489
0.19276040013
0.192290594238
0.20712521384
0.236984395297
0.269679182557
0.285327934717
0.27781218078
0.265043138219
0.250792868828
0.237777790033
0.23274062123
0.239371729031
0.259099979668
