-3.05311331772e-17
4.43300099759e-07
1.77319995556e-06
3.98969823926e-06
7.09279273568e-06
1.10824803442e-05
1.59587570778e-05
2.17216180637e-05
2.8371057543e-05
3.59070688705e-05
4.43296445135e-05
5.36387760539e-05
6.38344541866e-05
7.49166687198e-05
8.68854085737e-05
9.97406617817e-05
0.000113482415489
0.000128110655955
0.000143625368547
0.000160026537749
0.000177314147152
0.000195488179461
0.000214548616488
0.00023449543916
0.000255328627509
0.000277048160681
0.000299654016928
0.000323146173612
0.000347524607202
0.000372789293277
0.000398940206522
0.000425977320728
0.000453900608793
0.000482710042721
0.000512405593621
0.000542987231708
0.000574454926297
0.000606808645812
0.000640048357775
0.000674174028813
0.000709185624654
0.000745083110126
0.000781866449157
0.000819535604778
0.000858090539114
0.00089753121339
0.00093785758793
0.000979069622151
0.00102116727457
0.00106415050279
0.00110801926353
0.00115277351257
0.0011984132048
0.00124493829421
0.00129234873387
0.00134064447593
0.00138982547166
0.00143989167138
0.00149084302451
0.00154267947958
0.00159540098417
0.00164900748496
0.00170349892772
0.00175887525728
0.00181513641757
0.0018722823516
0.00193031300145
0.00198922830827
0.0020490282123
0.00210971265285
0.00217128156831
0.00223373489613
0.00229707257283
0.00236129453403
0.00242640071439
0.00249239104763
0.00255926546657
0.00262702390307
0.00269566628806
0.00276519255153
0.00283560262254
0.0029068964292
0.00297907389868
0.00305213495722
0.00312607953009
0.00320090754164
0.00327661891525
0.00335321357337
0.0034306914375
0.00350905242817
0.00358829646496
0.00366842346652
0.00374943335051
0.00383132603365
0.00391410143171
0.00399775945947
0.00408230003077
0.00416772305848
0.0042540284545
0.00434121612977
0.00442928599425
0.00451823795693
0.00460807192584
0.00469878780802
0.00479038550953
0.00488286493548
0.00497622598996
0.00507046857611
0.00516559259608
0.00526159795101
0.00535848454108
0.00545625226547
0.00555490102237
0.00565443070897
0.00575484122148
0.0058561324551
0.00595830430403
0.00606135666147
0.00616528941963
0.00627010246969
0.00637579570185
0.00648236900527
0.00658982226813
0.00669815537757
0.00680736821972
0.00691746067971
0.00702843264163
0.00714028398856
0.00725301460253
0.00736662436458
0.0074811131547
0.00759648085185
0.00771272733396
0.00782985247791
0.00794785615957
0.00806673825374
0.0081864986342
0.00830713717366
0.00842865374382
0.00855104821529
0.00867432045764
0.0087984703394
0.00892349772804
0.00904940248994
0.00917618449045
0.00930384359384
0.00943237966333
0.00956179256104
0.00969208214805
0.00982324828434
0.00995529082882
0.0100882096393
0.0102220045726
0.0103566754843
0.010492222229
0.0106286446602
0.0107659426303
0.0109041159906
0.0110431645912
0.0111830882813
0.0113238869088
0.0114655603207
0.0116081083626
0.0117515308793
0.0118958277143
0.0120409987099
0.0121870437076
0.0123339625475
0.0124817550686
0.0126304211088
0.0127799605049
0.0129303730926
0.0130816587064
0.0132338171796
0.0133868483445
0.0135407520321
0.0136955280723
0.0138511762939
0.0140076965245
0.0141650885906
0.0143233523173
0.014482487529
0.0146424940483
0.0148033716972
0.0149651202963
0.0151277396649
0.0152912296212
0.0154555899824
0.0156208205641
0.0157869211812
0.0159538916471
0.016121731774
0.0162904413729
0.0164600202538
0.0166304682252
0.0168017850946
0.0169739706682
0.017147024751
0.0173209471467
0.0174957376579
0.0176713960859
0.0178479222307
0.0180253158911
0.0182035768649
0.0183827049482
0.0185626999363
0.0187435616229
0.0189252898006
0.0191078842608
0.0192913447935
0.0194756711875
0.0196608632304
0.0198469207083
0.0200338434063
0.0202216311081
0.020410283596
0.0205998006511
0.0207901820534
0.0209814275812
0.0211735370119
0.0213665101213
0.0215603466841
0.0217550464735
0.0219506092615
0.0221470348188
0.0223443229147
0.0225424733172
0.022741485793
0.0229413601074
0.0231420960244
0.0233436933067
0.0235461517155
0.0237494710107
0.0239536509511
0.0241586912937
0.0243645917945
0.024571352208
0.0247789722872
0.0249874517839
0.0251967904485
0.0254069880299
0.0256180442756
0.025829958932
0.0260427317437
0.0262563624542
0.0264708508054
0.0266861965379
0.0269023993908
0.0271194591018
0.0273373754072
0.027556148042
0.0277757767394
0.0279962612316
0.028217601249
0.0284397965208
0.0286628467746
0.0288867517366
0.0291115111315
0.0293371246826
0.0295635921116
0.0297909131389
0.0300190874834
0.0302481148623
0.0304779949916
0.0307087275856
0.0309403123571
0.0311727490176
0.0314060372768
0.0316401768432
0.0318751674235
0.0321110087231
0.0323477004457
0.0325852422936
0.0328236339675
0.0330628751666
0.0333029655884
0.033543904929
0.033785692883
0.0340283291433
0.0342718134012
0.0345161453466
0.0347613246677
0.0350073510512
0.0352542241821
0.035501943744
0.0357505094186
0.0359999208863
0.0362501778257
0.0365012799138
0.0367532268262
0.0370060182367
0.0372596538174
0.0375141332388
0.03776945617
0.0380256222782
0.038282631229
0.0385404826864
0.0387991763127
0.0390587117686
0.039319088713
0.0395803068032
0.039842365695
0.0401052650422
0.0403690044971
0.0406335837102
0.0408990023305
0.041165260005
0.0414323563791
0.0417002910967
0.0419690637997
0.0422386741284
0.0425091217212
0.0427804062151
0.043052527245
0.0433254844443
0.0435992774444
0.0438739058752
0.0441493693647
0.0444256675391
0.0447028000228
0.0449807664386
0.0452595664073
0.0455391995481
0.0458196654781
0.0461009638129
0.0463830941662
0.0466660561497
0.0469498493736
0.047234473446
0.0475199279732
0.0478062125598
0.0480933268085
0.04838127032
0.0486700426933
0.0489596435254
0.0492500724117
0.0495413289454
0.049833412718
0.0501263233191
0.0504200603363
0.0507146233553
0.0510100119601
0.0513062257327
0.0516032642529
0.051901127099
0.052199813847
0.0524993240713
0.0527996573441
0.0531008132358
0.0534027913147
0.0537055911473
0.054009212298
0.0543136543293
0.0546189168017
0.0549249992737
0.0552319013018
0.0555396224406
0.0558481622425
0.0561575202581
0.0564676960359
0.0567786891222
0.0570904990616
0.0574031253965
0.0577165676671
0.0580308254118
0.0583458981669
0.0586617854665
0.0589784868427
0.0592960018255
0.059614329943
0.059933470721
0.0602534236833
0.0605741883515
0.0608957642452
0.0612181508819
0.0615413477769
0.0618653544434
0.0621901703925
0.0625157951331
0.062842228172
0.0631694690138
0.0634975171611
0.063826372114
0.0641560333708
0.0644865004275
0.0648177727777
0.0651498499131
0.065482731323
0.0658164164947
0.066150904913
0.0664861960608
0.0668222894184
0.0671591844643
0.0674968806745
0.0678353775227
0.0681746744806
0.0685147710173
0.0688556665999
0.0691973606932
0.0695398527596
0.0698831422593
0.0702272286503
0.0705721113879
0.0709177899257
0.0712642637144
0.0716115322028
0.0719595948372
0.0723084510616
0.0726581003175
0.0730085420444
0.073359775679
0.0737118006561
0.0740646164078
0.0744182223639
0.0747726179519
0.0751278025968
0.0754837757213
0.0758405367457
0.0761980850878
0.076556420163
0.0769155413843
0.0772754481623
0.0776361399051
0.0779976160185
0.0783598759056
0.0787229189672
0.0790867446016
0.0794513522047
0.0798167411698
0.0801829108877
0.0805498607469
0.0809175901332
0.08128609843
0.081655385018
0.0820254492757
0.0823962905788
0.0827679083005
0.0831403018115
0.0835134704801
0.0838874136717
0.0842621307495
0.0846376210738
0.0850138840025
0.085390918891
0.0857687250919
0.0861473019553
0.0865266488287
0.0869067650569
0.0872876499822
0.0876693029442
0.0880517232798
0.0884349103234
0.0888188634067
0.0892035818586
0.0895890650056
0.0899753121712
0.0903623226765
0.0907500958398
0.0911386309766
0.0915279274
0.0919179844201
0.0923088013443
0.0927003774774
0.0930927121215
0.0934858045759
0.093879654137
0.0942742600986
0.0946696217519
0.0950657383849
0.0954626092833
0.0958602337298
0.0962586110041
0.0966577403835
0.0970576211423
0.097458252552
0.0978596338812
0.0982617643958
0.0986646433588
0.0990682700304
0.0994726436681
0.0998777635261
0.100283628856
0.100690238907
0.101097592925
0.101505690152
0.101914529829
0.102324111194
0.102734433479
0.103145495917
0.103557297737
0.103969838163
0.104383116418
0.104797131723
0.105211883293
0.105627370343
0.106043592083
0.106460547722
0.106878236463
0.10729665751
0.10771581006
0.10813569331
0.108556306453
0.108977648678
0.109399719172
0.10982251712
0.110246041702
0.110670292095
0.111095267475
0.111520967013
0.111947389878
0.112374535235
0.112802402247
0.113230990073
0.11366029787
0.11409032479
0.114521069984
0.114952532598
0.115384711778
0.115817606662
0.116251216389
0.116685540094
0.117120576907
0.117556325957
0.117992786369
0.118429957265
0.118867837763
0.119306426979
0.119745724025
0.120185728011
0.120626438042
0.121067853221
0.121509972647
0.121952795418
0.122396320625
0.122840547358
0.123285474705
0.123731101749
0.124177427569
0.124624451242
0.125072171843
0.125520588441
0.125969700104
0.126419505894
0.126870004873
0.127321196098
0.127773078622
0.128225651496
0.128678913768
0.12913286448
0.129587502674
0.130042827387
0.130498837652
0.130955532501
0.13141291096
0.131870972053
0.1323297148
0.132789138219
0.133249241324
0.133710023123
0.134171482626
0.134633618834
0.135096430748
0.135559917364
0.136024077677
0.136488910675
0.136954415345
0.13742059067
0.13788743563
0.1383549492
0.138823130354
0.13929197806
0.139761491283
0.140231668988
0.140702510131
0.141174013668
0.141646178551
0.142119003728
0.142592488145
0.143066630742
0.143541430456
0.144016886223
0.144492996973
0.144969761633
0.145447179127
0.145925248375
0.146403968293
0.146883337795
0.14736335579
0.147844021184
0.148325332878
0.148807289773
0.149289890763
0.14977313474
0.150257020591
0.150741547202
0.151226713453
0.151712518221
0.15219896038
0.1526860388
0.153173752347
0.153662099885
0.154151080272
0.154640692364
0.155130935013
0.155621807066
0.15611330737
0.156605434764
0.157098188086
0.15759156617
0.158085567845
0.158580191938
0.159075437272
0.159571302666
0.160067786935
0.16056488889
0.16106260734
0.161560941089
0.162059888937
0.162559449682
0.163059622116
0.163560405029
0.164061797207
0.164563797432
0.165066404481
0.165569617131
0.166073434151
0.166577854309
0.167082876368
0.167588499088
0.168094721224
0.16860154153
0.169108958754
0.16961697164
0.170125578929
0.170634779358
0.171144571662
0.171654954569
0.172165926806
0.172677487095
0.173189634154
0.173702366698
0.174215683438
0.17472958308
0.175244064329
0.175759125884
0.176274766441
0.176790984691
0.177307779323
0.177825149021
0.178343092465
0.178861608334
0.179380695299
0.17990035203
0.180420577192
0.180941369448
0.181462727454
0.181984649865
0.182507135332
0.1830301825
0.183553790012
0.184077956507
0.18460268062
0.185127960983
0.185653796222
0.186180184961
0.18670712582
0.187234617415
0.187762658358
0.188291247257
0.188820382717
0.189350063338
0.189880287718
0.190411054449
0.190942362121
0.191474209319
0.192006594624
0.192539516615
0.193072973865
0.193606964945
0.19414148842
0.194676542854
0.195212126805
0.195748238827
0.196284877472
0.196822041288
0.197359728817
0.197897938599
0.19843666917
0.198975919062
0.199515686803
0.200055970917
0.200596769925
0.201138082344
0.201679906687
0.202222241462
0.202765085176
0.203308436329
0.203852293419
0.204396654941
0.204941519384
0.205486885235
0.206032750976
0.206579115087
0.207125976041
0.20767333231
0.208221182363
0.208769524661
0.209318357665
0.209867679832
0.210417489613
0.210967785458
0.21151856581
0.212069829111
0.212621573798
0.213173798305
0.213726501061
0.214279680492
0.214833335022
0.215387463067
0.215942063044
0.216497133362
0.21705267243
0.217608678651
0.218165150425
0.218722086148
0.219279484212
0.219837343007
0.220395660918
0.220954436325
0.221513667607
0.222073353138
0.222633491287
0.223194080422
0.223755118905
0.224316605096
0.224878537351
0.225440914022
0.226003733456
0.226566993999
0.227130693992
0.227694831772
0.228259405674
0.228824414026
0.229389855157
0.22995572739
0.230522029042
0.231088758432
0.23165591387
0.232223493665
0.232791496123
0.233359919546
0.233928762231
0.234498022473
0.235067698563
0.235637788788
0.236208291432
0.236779204777
0.237350527098
0.237922256669
0.23849439176
0.239066930639
0.239639871566
0.240213212803
0.240786952606
0.241361089227
0.241935620915
0.242510545916
0.243085862473
0.243661568825
0.244237663208
0.244814143853
0.245391008989
0.245968256843
0.246545885637
0.247123893588
0.247702278914
0.248281039826
0.248860174532
0.24943968124
0.25001955815
0.250599803462
0.251180415373
0.251761392074
0.252342731754
0.252924432601
0.253506492797
0.254088910521
0.25467168395
0.255254811258
0.255838290615
0.256422120187
0.257006298139
0.257590822631
0.258175691821
0.258760903864
0.259346456911
0.259932349111
0.260518578608
0.261105143546
0.261692042063
0.262279272296
0.262866832378
0.263454720439
0.264042934607
0.264631473006
0.265220333758
0.26580951498
0.266399014789
0.266988831298
0.267578962615
0.268169406849
0.268760162102
0.269351226477
0.269942598071
0.270534274981
0.2711262553
0.271718537117
0.272311118519
0.272903997592
0.273497172417
0.274090641073
0.274684401637
0.275278452183
0.275872790782
0.276467415502
0.277062324409
0.277657515567
0.278252987037
0.278848736876
0.27944476314
0.280041063883
0.280637637154
0.281234481003
0.281831593475
0.282428972612
0.283026616456
0.283624523046
0.284222690416
0.284821116601
0.285419799632
0.286018737538
0.286617928346
0.287217370079
0.28781706076
0.288416998409
0.289017181042
0.289617606677
0.290218273325
0.290819178998
0.291420321704
0.29202169945
0.292623310242
0.29322515208
0.293827222967
0.2944295209
0.295032043875
0.295634789888
0.29623775693
0.296840942992
0.297444346063
0.298047964129
0.298651795175
0.299255837184
0.299860088137
0.300464546014
0.301069208791
0.301674074444
0.302279140948
0.302884406275
0.303489868395
0.304095525277
0.304701374888
0.305307415194
0.30591364416
0.306520059746
0.307126659915
0.307733442626
0.308340405836
0.308947547503
0.30955486558
0.310162358022
0.31077002278
0.311377857806
0.311985861048
0.312594030456
0.313202363975
0.313810859551
0.314419515129
0.315028328652
0.315637298061
0.316246421298
0.316855696301
0.31746512101
0.318074693362
0.318684411293
0.319294272739
0.319904275634
0.320514417911
0.321124697503
0.321735112341
0.322345660356
0.322956339479
0.323567147637
0.324178082759
0.324789142772
0.325400325604
0.326011629179
0.326623051424
0.327234590262
0.327846243619
0.328458009417
0.329069885579
0.329681870027
0.330293960684
0.33090615547
0.331518452306
0.332130849113
0.332743343811
0.333355934319
0.333968618558
0.334581394445
0.3351942599
0.335807212841
0.336420251187
0.337033372856
0.337646575766
0.338259857834
0.33887321698
0.339486651119
0.340100158172
0.340713736054
0.341327382684
0.34194109598
0.342554873861
0.343168714243
0.343782615046
0.344396574187
0.345010589587
0.345624659164
0.346238780836
0.346852952525
0.34746717215
0.348081437631
0.34869574689
0.349310097848
0.349924488426
0.350538916548
0.351153380135
0.351767877112
0.352382405403
0.352996962933
0.353611547627
0.354226157411
0.354840790214
0.355455443961
0.356070116583
0.356684806009
0.357299510169
0.357914226994
0.358528954418
0.359143690373
0.359758432793
0.360373179615
0.360987928775
0.361602678211
0.36221742586
0.362832169665
0.363446907566
0.364061637505
0.364676357426
0.365291065276
0.365905759
0.366520436547
0.367135095866
0.367749734909
0.368364351627
0.368978943975
0.369593509909
0.370208047386
0.370822554365
0.371437028807
0.372051468674
0.37266587193
0.373280236542
0.373894560477
0.374508841705
0.375123078198
0.37573726793
0.376351408875
0.376965499011
0.377579536319
0.37819351878
0.378807444378
0.379421311098
0.380035116929
0.380648859862
0.381262537889
0.381876149006
0.382489691209
0.383103162498
0.383716560876
0.384329884347
0.384943130918
0.3855562986
0.386169385403
0.386782389343
0.387395308437
0.388008140706
0.388620884172
0.38923353686
0.389846096799
0.390458562019
0.391070930556
0.391683200445
0.392295369726
0.392907436442
0.393519398639
0.394131254364
0.394743001671
0.395354638614
0.39596616325
0.396577573641
0.397188867851
0.397800043947
0.398411100002
0.399022034087
0.399632844282
0.400243528667
0.400854085326
0.401464512347
0.402074807821
0.402684969843
0.403294996512
0.403904885928
0.404514636198
0.405124245431
0.405733711739
0.40634303324
0.406952208053
0.407561234304
0.408170110119
0.408778833631
0.409387402976
0.409995816293
0.410604071726
0.411212167423
0.411820101536
0.412427872221
0.413035477637
0.413642915949
0.414250185326
0.414857283939
0.415464209966
0.416070961587
0.416677536989
0.417283934361
0.417890151897
0.418496187796
0.419102040262
0.419707707501
0.420313187725
0.420918479153
0.421523580004
0.422128488505
0.422733202887
0.423337721384
0.423942042237
0.424546163691
0.425150083994
0.425753801403
0.426357314175
0.426960620576
0.427563718873
0.428166607342
0.428769284262
0.429371747916
0.429973996593
0.430576028589
0.431177842202
0.431779435737
0.432380807503
0.432981955817
0.433582878996
0.434183575369
0.434784043264
0.435384281019
0.435984286974
0.436584059477
0.43718359688
0.437782897541
0.438381959823
0.438980782095
0.439579362732
0.440177700113
0.440775792625
0.441373638658
0.441971236609
0.442568584882
0.443165681884
0.44376252603
0.44435911574
0.444955449439
0.445551525559
0.446147342539
0.44674289882
0.447338192853
0.447933223093
0.448527988002
0.449122486046
0.4497167157
0.450310675442
0.450904363759
0.451497779142
0.45209092009
0.452683785106
0.4532763727
0.45386868139
0.454460709698
0.455052456154
0.455643919292
0.456235097655
0.456825989792
0.457416594255
0.458006909608
0.458596934416
0.459186667255
0.459776106705
0.460365251352
0.46095409979
0.46154265062
0.462130902448
0.462718853887
0.463306503558
0.463893850087
0.464480892108
0.46506762826
0.465654057191
0.466240177554
0.466825988009
0.467411487225
0.467996673874
0.468581546637
0.469166104203
0.469750345267
0.470334268529
0.470917872698
0.47150115649
0.472084118627
0.472666757839
0.473249072862
0.473831062439
0.474412725322
0.474994060268
0.475575066042
0.476155741416
0.476736085169
0.477316096086
0.477895772962
0.478475114598
0.4790541198
0.479632787384
0.480211116172
0.480789104995
0.481366752688
0.481944058096
0.482521020071
0.483097637471
0.483673909163
0.48424983402
0.484825410923
0.485400638761
0.485975516429
0.486550042831
0.487124216877
0.487698037485
0.488271503582
0.4888446141
0.48941736798
0.48998976417
0.490561801626
0.491133479312
0.491704796197
0.492275751261
0.49284634349
0.493416571877
0.493986435423
0.494555933138
0.495125064037
0.495693827146
0.496262221496
0.496830246126
0.497397900085
0.497965182426
0.498532092212
0.499098628514
0.499664790411
0.500230576987
0.500795987336
0.501361020561
0.501925675769
0.502489952079
0.503053848614
0.503617364507
0.504180498899
0.504743250938
0.50530561978
0.505867604588
0.506429204535
0.506990418799
0.507551246569
0.508111687039
0.508671739413
0.509231402901
0.509790676723
0.510349560104
0.510908052281
0.511466152495
0.512023859997
0.512581174045
0.513138093905
0.513694618853
0.514250748169
0.514806481143
0.515361817075
0.51591675527
0.516471295041
0.51702543571
0.517579176608
0.518132517071
0.518685456446
0.519237994086
0.519790129353
0.520341861616
0.520893190252
0.521444114647
0.521994634195
0.522544748296
0.52309445636
0.523643757805
0.524192652055
0.524741138543
0.525289216712
0.525836886009
0.526384145892
0.526930995826
0.527477435284
0.528023463747
0.528569080703
0.52911428565
0.529659078093
0.530203457543
0.530747423523
0.531290975559
0.53183411319
0.532376835959
0.532919143419
0.53346103513
0.534002510661
0.534543569587
0.535084211494
0.535624435972
0.536164242622
0.536703631052
0.537242600878
0.537781151722
0.538319283217
0.538856995002
0.539394286725
0.53993115804
0.54046760861
0.541003638107
0.541539246208
0.542074432602
0.542609196981
0.543143539049
0.543677458515
0.544210955096
0.54474402852
0.545276678519
0.545808904834
0.546340707215
0.546872085417
0.547403039207
0.547933568355
0.548463672643
0.548993351856
0.549522605793
0.550051434255
0.550579837053
0.551107814006
0.551635364942
0.55216248969
0.552689188097
0.553215460012
0.553741305284
0.554266723797
0.554791715399
0.555316279995
0.555840417472
0.556364127676
0.556887410588
0.557410266032
0.55793269401
0.558454694465
0.558976267133
0.55949741224
0.56001812948
0.560538418966
0.561058280542
0.561577714112
0.562096719892
0.562615297285
0.56313344764
0.563651167782
0.564168461918
0.564685326748
0.565201766749
0.56571777232
0.566233344222
0.566748499445
0.567263219202
0.567777514099
0.568291386122
0.568804806329
0.569317814364
0.569830436565
0.570342552032
0.570854282464
0.571365583029
0.57187646409
0.572387066401
0.572897011876
0.57340658162
0.573916332738
0.574425013954
0.574932690015
0.575441806579
0.575948100536
0.576455292993
0.576962579323
0.577465661677
0.577972758279
0.578481408017
0.57898563325
0.579504475038
0.580021923284
0.580625589022
0.581203426138
0.581713603072
0.581833354381
0.581557670734
0.580791272645
0.57965067548
0.578716128959
0.577654464316
0.577060520308
0.576272676887
0.575140796605
0.574206382294
0.573450395992
0.572347673819
0.57164109041
0.570788683601
0.569854878607
0.568947862726
0.568090838272
0.567156025192
0.566417523258
0.565525311369
0.564906274174
0.563788833858
0.563264696998
0.56211894938
0.56110188482
0.560499630947
0.559484306316
0.558600754849
0.55775325311
0.556817311722
0.555858265422
0.555379612975
0.554651508822
0.553592127605
0.552928317461
0.551914244877
0.550912667962
0.550492874481
0.549192271184
0.548594032284
0.54757810556
0.546755350415
0.545651954547
0.544901930508
0.544371310834
0.543288582327
0.542677179191
0.541850401112
0.541009676417
0.540247685122
0.539116904055
0.538368381537
0.537596412543
0.536684164503
0.535761051536
0.535344848361
0.534164965689
0.533454231129
0.532689662332
0.531914003895
0.531196683021
0.530305409996
0.529443812069
0.528289287371
0.527916666489
0.527070277505
0.526194454401
0.525260286056
0.524546061234
0.523653672497
0.523128331297
0.522137750683
0.521433663201
0.520557025262
0.519800555214
0.519152442464
0.518287709955
0.517567921133
0.516633343622
0.5158399683
0.514875558654
0.514113349921
0.51318808662
0.512125080958
0.511962734896
0.51123383918
0.51007724395
0.509560082335
0.508647282973
0.50823710742
0.506916749213
0.506576093123
0.505573219294
0.5050141474
0.503978055439
0.503295053224
0.502468948673
0.50190766433
0.500929766339
0.500473061313
0.499598091041
0.498714826615
0.497886953336
0.497394401063
0.496408931685
0.49565192006
0.49486147354
0.494054389097
0.493379779273
0.492539754673
0.491843535993
0.491251829356
0.490586799326
0.489550306466
0.488703512801
0.488519333602
0.487591550173
0.486752930738
0.486072274901
0.485348116655
0.484397527171
0.483772752139
0.4830475372
0.482286260868
0.481458576212
0.480836929813
0.479968144427
0.479210295191
0.478376029402
0.478072912975
0.476892138606
0.476569891108
0.475727461119
0.47478266251
0.474153875365
0.473564880998
0.473014426588
0.47206044109
0.471216268483
0.470452929438
0.469855532332
0.469245537279
0.468717112515
0.467928403041
0.467287179592
0.466446670572
0.465738318183
0.465152387867
0.463913206139
0.463791993971
0.463263961145
0.461917482995
0.461265257288
0.460848335179
0.460152861963
0.459568193336
0.458706187599
0.458036949988
0.457438940778
0.456554709402
0.456114337884
0.455391762282
0.454806948418
0.454094296411
0.453327398719
0.452491372279
0.451945701571
0.45095441909
0.450030053322
0.449900548342
0.449178873571
0.448532955922
0.448026440184
0.446824018591
0.446251807501
0.445715677423
0.445237258154
0.44428900808
0.443717122383
0.442928083374
0.442458185558
0.441688576866
0.441378706079
0.440340940486
0.439696582582
0.439032180331
0.438582343206
0.43780640061
0.437105111396
0.436322675378
0.435900700996
0.435143847392
0.434379545295
0.433819926414
0.433144832458
0.432756704125
0.431637146239
0.431302191638
0.430412952086
0.429988145462
0.429267871786
0.428837430713
0.428147899647
0.427566145762
0.426617023331
0.426314427768
0.42548808527
0.424979257484
0.424209878972
0.423481578885
0.422870315435
0.422350612441
0.421728148747
0.421108545955
0.42029759236
0.419936491137
0.419146960612
0.418609110396
0.417913604597
0.417491955769
0.416731252581
0.416246922304
0.415570613623
0.415005847835
0.414171357686
0.413729518808
0.413168665681
0.412495228292
0.411988534742
0.411267698696
0.410683649872
0.410016251706
0.409324471114
0.408803746897
0.408197213341
0.407664463247
0.407128863363
0.406390569613
0.405752213877
0.405386830656
0.404663802206
0.404118468912
0.403505355123
0.402924626009
0.402140333652
0.401681478083
0.401235029463
0.400364490166
0.400003086204
0.399446547384
0.398781832309
0.398141663357
0.397557291674
0.397120300268
0.396537779663
0.395789382037
0.395242123446
0.39472683874
0.394195662108
0.393623450736
0.393079682671
0.392411488343
0.391928970987
0.391302674865
0.390751637075
0.390207777263
0.389677967199
0.389057218869
0.388453879246
0.387910262233
0.387289342832
0.386836450182
0.386242475713
0.385689007023
0.385147628011
0.384614388266
0.384076401003
0.383468711281
0.382974576638
0.382277197991
0.381917760545
0.381278346824
0.380760276065
0.380176833403
0.379506693161
0.379252873929
0.378561578335
0.378136764651
0.377479811208
0.37707696054
0.376328324019
0.375860967596
0.375243646638
0.374973947626
0.374126037214
0.373926945956
0.373311728963
0.372616897363
0.372111338115
0.371590966843
0.371221578674
0.370595655646
0.370070789853
0.369650265037
0.36905051171
0.36858820822
0.368013957361
0.367527064946
0.367040149052
0.366479272998
0.365933860427
0.365378840198
0.364956965965
0.364503435833
0.363921498478
0.363423164072
0.362906997913
0.362315161714
0.361768822439
0.36134913318
0.360846337151
0.360368647063
0.359909936185
0.359358161036
0.358972491254
0.358449420614
0.35778915161
0.35753688968
0.35690897775
0.356374950662
0.35587854911
0.355451644007
0.354874757965
0.354424873353
0.353933832219
0.353439553287
0.352906618597
0.352491104052
0.352032533424
0.351603381364
0.350949928938
0.350317027172
0.350004497173
0.349591634563
0.349100617475
0.348583715871
0.348051444425
0.347624821361
0.347247742479
0.346672621977
0.346255229044
0.345821837891
0.345363344628
0.344938544967
0.344453206665
0.34397594827
0.343560379879
0.343119617984
0.342519492432
0.342137929425
0.341664217372
0.341106203487
0.340757317329
0.340202021095
0.339768609629
0.339234234108
0.33900617294
0.338405364815
0.337911384657
0.337478887328
0.337079523794
0.336541939302
0.336185193154
0.335689433269
0.335055342923
0.334847662275
0.334523394775
0.333926063057
0.333658789713
0.333076859839
0.33268676822
0.332073371615
0.331916126854
0.331343537818
0.330911901214
0.330628839495
0.329958817363
0.329597740587
0.329180483591
0.328764441537
0.328258060244
0.327870781048
0.327489218577
0.327107492854
0.326510431059
0.326233541562
0.325627604794
0.325403089098
0.324893623274
0.324565487262
0.324092931143
0.323633319796
0.323299103972
0.322750544454
0.322537031491
0.322019046508
0.321608377922
0.321225737556
0.320791786363
0.320377079089
0.319859158518
0.319542733171
0.319248651652
0.318891380098
0.31823357162
0.317915407425
0.317653065749
0.316890485168
0.316623621252
0.316424278389
0.315995170269
0.315562151097
0.315205996783
0.314790741507
0.314455697831
0.314108840712
0.313719214694
0.313195822847
0.312974087985
0.312504812784
0.312189670288
0.311682112185
0.311311629714
0.310981484811
0.310523773551
0.310140747059
0.309821047566
0.309358676927
0.30918704544
0.30863164189
0.308369018638
0.307937656551
0.307483662147
0.307157328776
0.306683567991
0.306496071149
0.306118329868
0.30551675993
0.3051183212
0.305066288034
0.304404715901
0.304124714564
0.303899829182
0.30353148005
0.303058598681
0.302868518919
0.302473718053
0.302179446114
0.301750478402
0.301265638466
0.301023085842
0.300645874913
0.300353005318
0.299981302302
0.299464082772
0.299288178301
0.298911390662
0.298454435358
0.298183557454
0.297868496957
0.29749517601
0.297094028788
0.296853469086
0.296563827447
0.296186837613
0.295616672741
0.295535715889
0.295093082723
0.294857970075
0.294444310094
0.294113609337
0.293800499209
0.293263403807
0.293119654634
0.292573849666
0.292414137525
0.291968065756
0.291809605448
0.29130388188
0.291079510036
0.290894202852
0.290478747089
0.290307634367
0.289937941101
0.289525115627
0.289184461521
0.288909998688
0.288419403923
0.288209173668
0.287915010832
0.287569705146
0.287219357062
0.286794589296
0.286668160947
0.286361317128
0.285966390992
0.285796963165
0.285499763343
0.285104282872
0.284686308509
0.284520842389
0.283884308506
0.283890913838
0.283530357561
0.283454710292
0.282792990329
0.282728889745
0.282401764031
0.282102818778
0.281781885742
0.281419474215
0.281047810344
0.280953393039
0.280586580803
0.280286055209
0.280040109083
0.279777637259
0.279446165427
0.279035112623
0.278832576023
0.278671494305
0.278394537165
0.278043226199
0.277748651405
0.277564076329
0.277142236042
0.276829962483
0.276736488417
0.276455671026
0.276163046376
0.275742040817
0.275352174787
0.275205365841
0.275025129979
0.274656445682
0.274395094694
0.274171278252
0.273915189254
0.273283598039
0.273405817084
0.273174932895
0.272854804178
0.272507766063
0.272387502154
0.272059692059
0.271853816795
0.271520121199
0.271272757719
0.270959654072
0.270784755298
0.27034912203
0.270263265875
0.269927267018
0.269765302804
0.269113159372
0.268927688586
0.268946842214
0.268710716523
0.268330948649
0.268055051768
0.267839239513
0.267586211082
0.267361040666
0.267270866201
0.266893425911
0.266530036689
0.266381277093
0.266226268034
0.265977596497
0.265758335493
0.265398051345
0.265222379834
0.264993768121
0.264603563375
0.264505917762
0.264306809723
0.263998614582
0.263924827518
0.263641433106
0.263159677909
0.263199675533
0.262980977324
0.262659321138
0.262512164735
0.262158831428
0.261862394846
0.261682690291
0.261608199044
0.261384927229
0.261160778193
0.260725271304
0.26068414853
0.260529262896
0.260194026056
0.259949460068
0.259859918538
0.259503788377
0.259347686756
0.259140416262
0.258908737847
0.258641858592
0.258597506023
0.258209148606
0.25809566456
0.25787744638
0.257706795603
0.257422428772
0.25715355765
0.257060138028
0.256755214616
0.256576773684
0.256471453071
0.256309793429
0.255903816999
0.25587870855
0.255674434756
0.255430672135
0.25513202619
0.255080517782
0.254815671199
0.254480106264
0.254468772553
0.254149924699
0.253934432344
0.253873419961
0.253705507279
0.253481080273
0.253224417624
0.253006407177
0.25298023733
0.252654684901
0.252337848494
0.252383804066
0.252150691734
0.251831772731
0.251646351717
0.251466429912
0.251393421772
0.251205476396
0.250549720142
0.250974420294
0.250737483238
0.237075569262
0.231155486743
0.231995663332
0.238458192266
0.249657494089
0.264285252027
0.281506319853
0.300230542849
0.320023188488
0.340252322079
0.360662191162
0.381487659487
0.402687276476
0.424463016238
0.442616861369
0.393424340766
0.349806387613
0.311452138721
0.278035844047
0.249192386343
0.224512996752
0.203558374594
0.185888077959
0.171098769086
0.158860143872
0.148938122091
0.141199647532
0.1355996191
0.132155113814
0.130913752078
0.131922256577
0.135199372183
0.140715578379
0.148380978655
0.158042290041
0.169489514313
0.182472126281
0.196723177841
0.211987796985
0.2280509127
0.244758620323
0.262028939727
0.279850422385
0.298270009178
0.317373594621
0.337263401794
0.358032759566
0.366309900062
0.358908462723
0.352499719776
0.347123636952
0.342734083764
0.339329854339
0.33672348578
0.334916120237
0.333936097735
0.333548542347
0.329644394688
0.311268348168
0.294447934594
0.279239386016
0.265631625132
0.253603130409
0.243109718602
0.234075977957
0.226391454846
0.219912137309
0.214467287737
0.209870989462
0.205936922294
0.202494093759
0.199400860528
0.196554836984
0.1938971999
0.191411153571
0.189115473376
0.187054759206
0.185288219072
0.183878610253
0.182882618558
