2.47024622979e-17
4.68342530275e-07
1.87336941419e-06
4.21507853115e-06
7.49346634676e-06
1.17085279128e-05
1.6860256867e-05
2.29486454332e-05
2.99736844207e-05
3.79353632249e-05
4.6833669826e-05
5.66685907898e-05
6.74401112668e-05
7.91482149921e-05
9.17928842852e-05
0.000105374100049
0.000119891841772
0.000135346087522
0.000151736813953
0.000169063996301
0.000187327608382
0.000206527622594
0.000226664009917
0.000247736739909
0.000269745780709
0.000292691099036
0.000316572660186
0.000341390428031
0.000367144365024
0.00039383443219
0.000421460589133
0.00045002279403
0.000479521003631
0.000509955173262
0.000541325256817
0.000573631206765
0.000606872974143
0.000641050508559
0.000676163758189
0.000712212669775
0.000749197188628
0.000787117258621
0.000825972822194
0.00086576382035
0.000906490192652
0.000948151877226
0.000990748810755
0.00103428092848
0.00107874816421
0.00112415045029
0.00117048771764
0.00121775989572
0.00126596691254
0.00131510869468
0.00136518516724
0.00141619625388
0.00146814187683
0.00152102195682
0.00157483641317
0.00162958516369
0.00168526812478
0.00174188521135
0.00179943633685
0.00185792141327
0.00191734035113
0.00197769305949
0.00203897944592
0.00210119941654
0.00216435287598
0.00222843972741
0.00229345987251
0.00235941321148
0.00242629964305
0.00249411906446
0.00256287137146
0.00263255645832
0.00270317421782
0.00277472454125
0.00284720731841
0.00292062243758
0.00299496978557
0.00307024924769
0.00314646070774
0.003223604048
0.00330167914927
0.00338068589083
0.00346062415045
0.00354149380438
0.00362329472737
0.00370602679264
0.00378968987189
0.0038742838353
0.00395980855152
0.00404626388768
0.00413364970938
0.00422196588068
0.00431121226411
0.00440138872065
0.00449249510975
0.00458453128933
0.00467749711574
0.00477139244378
0.00486621712672
0.00496197101627
0.00505865396256
0.00515626581419
0.00525480641818
0.00535427562
0.00545467326352
0.00555599919108
0.0056582532434
0.00576143525967
0.00586554507747
0.00597058253279
0.00607654746006
0.00618343969211
0.00629125906016
0.00640000539385
0.00650967852122
0.00662027826871
0.00673180446115
0.00684425692175
0.00695763547213
0.00707193993229
0.00718717012058
0.00730332585378
0.007420406947
0.00753841321373
0.00765734446586
0.0077772005136
0.00789798116554
0.00801968622863
0.00814231550817
0.0082658688078
0.00839034592953
0.00851574667368
0.00864207083894
0.00876931822232
0.00889748861915
0.00902658182311
0.00915659762619
0.00928753581871
0.00941939618929
0.00955217852487
0.00968588261071
0.00982050823036
0.00995605516567
0.0100925231968
0.0102299121022
0.0103682216585
0.0105074516409
0.0106476018226
0.0107886719751
0.0109306618684
0.0110735712704
0.0112173999477
0.0113621476648
0.0115078141847
0.0116543992684
0.0118019026753
0.0119503241632
0.0120996634878
0.0122499204032
0.0124010946618
0.0125531860141
0.0127061942089
0.0128601189932
0.0130149601122
0.0131707173093
0.0133273903261
0.0134849789024
0.0136434827761
0.0138029016836
0.0139632353591
0.0141244835352
0.0142866459426
0.0144497223102
0.0146137123651
0.0147786158325
0.0149444324357
0.0151111618962
0.0152788039337
0.0154473582661
0.0156168246092
0.0157872026771
0.015958492182
0.0161306928343
0.0163038043422
0.0164778264124
0.0166527587495
0.0168286010563
0.0170053530335
0.0171830143801
0.0173615847931
0.0175410639676
0.0177214515967
0.0179027473716
0.0180849509816
0.0182680621142
0.0184520804545
0.0186370056862
0.0188228374907
0.0190095755474
0.019197219534
0.019385769126
0.019575223997
0.0197655838186
0.0199568482603
0.0201490169899
0.0203420896729
0.0205360659729
0.0207309455514
0.0209267280681
0.0211234131805
0.0213210005441
0.0215194898123
0.0217188806366
0.0219191726663
0.0221203655487
0.0223224589291
0.0225254524507
0.0227293457546
0.0229341384798
0.0231398302632
0.0233464207397
0.023553909542
0.0237622963009
0.0239715806448
0.0241817622001
0.0243928405912
0.0246048154402
0.0248176863672
0.0250314529901
0.0252461149245
0.0254616717842
0.0256781231804
0.0258954687226
0.0261137080178
0.0263328406708
0.0265528662845
0.0267737844594
0.0269955947938
0.0272182968838
0.0274418903234
0.0276663747043
0.0278917496159
0.0281180146455
0.0283451693781
0.0285732133965
0.0288021462812
0.0290319676104
0.0292626769601
0.029494273904
0.0297267580137
0.0299601288582
0.0301943860044
0.0304295290169
0.0306655574579
0.0309024708874
0.031140268863
0.03137895094
0.0316185166713
0.0318589656077
0.0321002972974
0.0323425112862
0.0325856071179
0.0328295843335
0.0330744424719
0.0333201810696
0.0335667996605
0.0338142977764
0.0340626749464
0.0343119306975
0.034562064554
0.0348130760379
0.0350649646688
0.0353177299638
0.0355713714375
0.0358258886023
0.0360812809677
0.0363375480412
0.0365946893276
0.036852704329
0.0371115925455
0.0373713534742
0.0376319866101
0.0378934914454
0.0381558674699
0.0384191141708
0.038683231033
0.0389482175385
0.039214073167
0.0394807973955
0.0397483896985
0.040016849548
0.0402861764132
0.040556369761
0.0408274290554
0.041099353758
0.0413721433277
0.0416457972208
0.041920314891
0.0421956957893
0.0424719393641
0.0427490450611
0.0430270123234
0.0433058405914
0.0435855293029
0.0438660778927
0.0441474857934
0.0444297524345
0.044712877243
0.0449968596431
0.0452816990563
0.0455673949013
0.0458539465941
0.0461413535481
0.0464296151737
0.0467187308787
0.047008700068
0.0472995221438
0.0475911965056
0.0478837225498
0.0481770996704
0.0484713272582
0.0487664047015
0.0490623313855
0.0493591066928
0.0496567300029
0.0499552006926
0.0502545181358
0.0505546817036
0.0508556907642
0.0511575446827
0.0514602428216
0.0517637845403
0.0520681691954
0.0523733961404
0.0526794647261
0.0529863743002
0.0532941242075
0.0536027137898
0.053912142386
0.0542224093321
0.0545335139609
0.0548454556023
0.0551582335833
0.0554718472278
0.0557862958566
0.0561015787878
0.0564176953359
0.056734644813
0.0570524265277
0.0573710397857
0.0576904838896
0.0580107581389
0.0583318618301
0.0586537942565
0.0589765547084
0.0593001424729
0.059624556834
0.0599497970726
0.0602758624665
0.0606027522902
0.0609304658152
0.0612590023097
0.0615883610388
0.0619185412645
0.0622495422455
0.0625813632373
0.0629140034922
0.0632474622593
0.0635817387845
0.0639168323104
0.0642527420764
0.0645894673187
0.06492700727
0.0652653611601
0.0656045282152
0.0659445076584
0.0662852987094
0.0666269005846
0.0669693124972
0.0673125336569
0.0676565632701
0.0680014005401
0.0683470446666
0.0686934948459
0.0690407502712
0.0693888101319
0.0697376736146
0.0700873399019
0.0704378081734
0.0707890776051
0.0711411473697
0.0714940166363
0.0718476845707
0.0722021503353
0.0725574130889
0.0729134719869
0.0732703261811
0.0736279748201
0.0739864170487
0.0743456520083
0.074705678837
0.075066496669
0.0754281046354
0.0757905018633
0.0761536874765
0.0765176605954
0.0768824203365
0.077247965813
0.0776142961343
0.0779814104064
0.0783493077315
0.0787179872084
0.0790874479322
0.0794576889943
0.0798287094824
0.0802005084809
0.0805730850702
0.0809464383272
0.081320567325
0.0816954711332
0.0820711488176
0.0824475994402
0.0828248220596
0.0832028157303
0.0835815795034
0.083961112426
0.0843414135418
0.0847224818903
0.0851043165077
0.085486916426
0.0858702806738
0.0862544082757
0.0866392982525
0.0870249496213
0.0874113613953
0.0877985325839
0.0881864621927
0.0885751492235
0.0889645926741
0.0893547915386
0.0897457448072
0.0901374514662
0.0905299104979
0.090923120881
0.09131708159
0.0917117915958
0.0921072498649
0.0925034553605
0.0929004070414
0.0932981038626
0.0936965447752
0.0940957287262
0.0944956546589
0.0948963215123
0.0952977282217
0.0956998737182
0.096102756929
0.0965063767773
0.0969107321822
0.0973158220588
0.0977216453182
0.0981282008676
0.0985354876098
0.0989435044438
0.0993522502646
0.0997617239628
0.100171924425
0.100582850535
0.100994501169
0.101406875203
0.101819971508
0.102233788949
0.102648326388
0.103063582683
0.103479556688
0.103896247252
0.104313653222
0.104731773437
0.105150606737
0.105570151952
0.105990407912
0.106411373441
0.106833047361
0.107255428486
0.107678515628
0.108102307596
0.108526803192
0.108952001216
0.109377900463
0.109804499722
0.110231797781
0.110659793422
0.111088485422
0.111517872554
0.111947953588
0.112378727289
0.112810192418
0.11324234773
0.113675191977
0.114108723907
0.114542942263
0.114977845784
0.115413433204
0.115849703254
0.116286654659
0.116724286141
0.117162596416
0.117601584198
0.118041248194
0.118481587108
0.11892259964
0.119364284484
0.119806640331
0.120249665867
0.120693359774
0.121137720729
0.121582747404
0.122028438468
0.122474792584
0.122921808413
0.123369484608
0.123817819821
0.124266812696
0.124716461876
0.125166765998
0.125617723692
0.126069333588
0.126521594309
0.126974504474
0.127428062696
0.127882267585
0.128337117747
0.128792611783
0.129248748287
0.129705525852
0.130162943065
0.130620998507
0.131079690757
0.131539018388
0.131998979968
0.132459574062
0.132920799228
0.133382654022
0.133845136993
0.134308246687
0.134771981645
0.135236340403
0.135701321493
0.136166923441
0.136633144771
0.137099983999
0.13756743964
0.1380355102
0.138504194185
0.138973490092
0.139443396416
0.139913911648
0.140385034271
0.140856762767
0.14132909561
0.141802031273
0.14227556822
0.142749704914
0.143224439811
0.143699771364
0.14417569802
0.144652218221
0.145129330405
0.145607033006
0.146085324452
0.146564203167
0.14704366757
0.147523716075
0.148004347092
0.148485559024
0.148967350274
0.149449719234
0.149932664297
0.150416183848
0.150900276267
0.151384939931
0.151870173212
0.152355974475
0.152842342083
0.153329274394
0.153816769758
0.154304826524
0.154793443034
0.155282617627
0.155772348635
0.156262634387
0.156753473206
0.157244863411
0.157736803316
0.158229291231
0.158722325458
0.159215904298
0.159710026046
0.160204688992
0.160699891419
0.16119563161
0.161691907838
0.162188718376
0.162686061488
0.163183935435
0.163682338474
0.164181268856
0.164680724828
0.16518070463
0.165681206501
0.166182228671
0.166683769369
0.167185826815
0.167688399229
0.168191484823
0.168695081804
0.169199188375
0.169703802736
0.170208923078
0.170714547591
0.171220674458
0.171727301858
0.172234427965
0.172742050949
0.173250168973
0.173758780198
0.174267882777
0.174777474861
0.175287554596
0.17579812012
0.176309169569
0.176820701075
0.177332712762
0.177845202752
0.178358169161
0.1788716101
0.179385523675
0.179899907988
0.180414761136
0.180930081212
0.181445866301
0.181962114487
0.182478823847
0.182995992453
0.183513618375
0.184031699675
0.184550234411
0.185069220636
0.185588656401
0.186108539749
0.186628868718
0.187149641344
0.187670855656
0.188192509678
0.188714601432
0.189237128932
0.18976009019
0.19028348321
0.190807305994
0.191331556538
0.191856232833
0.192381332868
0.192906854623
0.193432796076
0.193959155199
0.194485929962
0.195013118326
0.19554071825
0.196068727688
0.196597144589
0.197125966898
0.197655192554
0.198184819492
0.198714845642
0.199245268931
0.199776087279
0.200307298602
0.200838900813
0.201370891818
0.20190326952
0.202436031817
0.202969176601
0.203502701761
0.204036605182
0.204570884743
0.205105538318
0.205640563778
0.206175958988
0.20671172181
0.2072478501
0.20778434171
0.208321194488
0.208858406277
0.209395974914
0.209933898235
0.210472174068
0.211010800239
0.211549774568
0.212089094871
0.212628758961
0.213168764643
0.213709109721
0.214249791994
0.214790809255
0.215332159294
0.215873839896
0.216415848842
0.216958183909
0.21750084287
0.218043823491
0.218587123537
0.219130740767
0.219674672936
0.220218917795
0.220763473091
0.221308336566
0.221853505958
0.222398979001
0.222944753426
0.223490826957
0.224037197317
0.224583862222
0.225130819387
0.22567806652
0.226225601327
0.226773421509
0.227321524763
0.227869908783
0.228418571257
0.228967509871
0.229516722305
0.230066206239
0.230615959344
0.231165979291
0.231716263745
0.232266810368
0.23281761682
0.233368680753
0.233919999818
0.234471571664
0.235023393932
0.235575464262
0.236127780291
0.23668033965
0.237233139968
0.237786178871
0.23833945398
0.238892962913
0.239446703284
0.240000672706
0.240554868785
0.241109289127
0.241663931331
0.242218792997
0.242773871717
0.243329165084
0.243884670686
0.244440386107
0.244996308928
0.245552436729
0.246108767085
0.246665297568
0.247222025747
0.247778949189
0.248336065458
0.248893372113
0.249450866713
0.250008546813
0.250566409965
0.251124453717
0.251682675618
0.252241073211
0.252799644037
0.253358385636
0.253917295544
0.254476371294
0.255035610419
0.255595010448
0.256154568907
0.256714283321
0.257274151213
0.257834170102
0.258394337507
0.258954650943
0.259515107925
0.260075705965
0.260636442572
0.261197315255
0.26175832152
0.262319458871
0.262880724813
0.263442116845
0.264003632468
0.26456526918
0.265127024477
0.265688895855
0.266250880809
0.266812976829
0.267375181409
0.267937492037
0.268499906204
0.269062421398
0.269625035106
0.270187744813
0.270750548006
0.271313442169
0.271876424787
0.272439493341
0.273002645317
0.273565878194
0.274129189457
0.274692576585
0.275256037061
0.275819568365
0.276383167978
0.276946833382
0.277510562056
0.278074351483
0.278638199143
0.279202102518
0.279766059089
0.280330066338
0.280894121749
0.281458222804
0.282022366987
0.282586551783
0.283150774677
0.283715033156
0.284279324706
0.284843646817
0.285407996977
0.285972372677
0.286536771409
0.287101190667
0.287665627945
0.28823008074
0.28879454655
0.289359022875
0.289923507216
0.290487997077
0.291052489964
0.291616983384
0.292181474847
0.292745961865
0.293310441953
0.293874912628
0.29443937141
0.295003815819
0.295568243382
0.296132651626
0.296697038081
0.297261400281
0.297825735763
0.298390042066
0.298954316734
0.299518557313
0.300082761353
0.300646926407
0.301211050033
0.301775129791
0.302339163246
0.302903147966
0.303467081523
0.304030961495
0.304594785462
0.305158551009
0.305722255725
0.306285897204
0.306849473044
0.307412980849
0.307976418224
0.308539782783
0.309103072144
0.309666283927
0.31022941576
0.310792465275
0.31135543011
0.311918307906
0.312481096313
0.313043792983
0.313606395575
0.314168901753
0.314731309188
0.315293615555
0.315855818536
0.316417915817
0.316979905093
0.317541784063
0.318103550431
0.318665201909
0.319226736215
0.319788151072
0.320349444211
0.320910613368
0.321471656285
0.322032570713
0.322593354406
0.323154005127
0.323714520645
0.324274898735
0.32483513718
0.325395233769
0.325955186297
0.326514992566
0.327074650387
0.327634157574
0.328193511952
0.32875271135
0.329311753604
0.329870636559
0.330429358065
0.33098791598
0.331546308168
0.332104532502
0.332662586859
0.333220469125
0.333778177193
0.334335708962
0.334893062338
0.335450235235
0.336007225573
0.336564031278
0.337120650286
0.337677080537
0.338233319978
0.338789366563
0.339345218254
0.339900873018
0.34045632883
0.34101158367
0.341566635526
0.34212148239
0.342676122264
0.343230553153
0.343784773071
0.344338780034
0.344892572069
0.345446147204
0.345999503477
0.34655263893
0.347105551609
0.347658239567
0.348210700863
0.348762933561
0.349314935727
0.349866705436
0.350418240766
0.350969539799
0.351520600621
0.352071421325
0.352622000005
0.353172334761
0.353722423695
0.354272264913
0.354821856524
0.355371196642
0.355920283381
0.35646911486
0.357017689197
0.357566004516
0.35811405894
0.358661850594
0.359209377606
0.359756638103
0.360303630213
0.360850352065
0.361396801787
0.361942977508
0.362488877356
0.363034499457
0.363579841936
0.364124902918
0.364669680523
0.36521417287
0.365758378076
0.366302294254
0.366845919511
0.367389251954
0.367932289682
0.368475030791
0.369017473369
0.369559615501
0.370101455262
0.370642990723
0.371184219947
0.371725140986
0.372265751887
0.372806050685
0.373346035407
0.373885704068
0.374425054674
0.374964085218
0.375502793681
0.376041178031
0.376579236222
0.377116966195
0.377654365876
0.378191433174
0.378728165984
0.379264562182
0.379800619628
0.380336336163
0.380871709607
0.381406737764
0.381941418414
0.382475749318
0.383009728213
0.383543352814
0.384076620813
0.384609529876
0.385142077645
0.385674261735
0.386206079735
0.386737529206
0.387268607681
0.387799312663
0.388329641626
0.388859592013
0.389389161235
0.389918346671
0.390447145666
0.390975555534
0.391503573551
0.392031196961
0.392558422969
0.393085248746
0.393611671425
0.394137688101
0.394663295829
0.395188491628
0.395713272476
0.39623763531
0.396761577028
0.397285094486
0.3978081845
0.398330843841
0.398853069244
0.399374857395
0.399896204943
0.400417108491
0.400937564601
0.401457569792
0.401977120542
0.402496213283
0.403014844407
0.403533010265
0.404050707163
0.404567931369
0.405084679108
0.405600946565
0.406116729885
0.406632025175
0.407146828503
0.407661135898
0.408174943354
0.408688246829
0.409201042246
0.409713325493
0.410225092428
0.410736338875
0.411247060629
0.411757253456
0.412266913093
0.412776035253
0.413284615622
0.413792649861
0.414300133611
0.41480706249
0.415313432095
0.415819238006
0.416324475781
0.416829140964
0.417333229081
0.417836735642
0.41833965614
0.418841986053
0.419343720843
0.419844855956
0.42034538682
0.420845308843
0.421344617415
0.421843307901
0.422341375643
0.422838815952
0.423335624106
0.423831795348
0.424327324873
0.424822207828
0.425316439303
0.42581001432
0.426302927823
0.426795174672
0.427286749622
0.427777647317
0.428267862269
0.428757388842
0.429246221233
0.429734353449
0.430221779287
0.430708492302
0.431194485784
0.431679752723
0.432164285777
0.432648077233
0.433131118965
0.433613402396
0.434094918443
0.434575657469
0.435055609229
0.435534762811
0.436013106572
0.436490628068
0.436967313991
0.437443150088
0.437918121081
0.438392210592
0.438865401048
0.439337673599
0.439809008023
0.440279382635
0.440748774193
0.4412171578
0.441684506817
0.44215079277
0.442615985264
0.443080051901
0.443542958213
0.444004667588
0.444465141232
0.444924338132
0.445382215086
0.445838726764
0.446293825786
0.446747462747
0.447199586242
0.447650142943
0.448099077727
0.448546333841
0.448991853022
0.449435575147
0.449877417696
0.450316133178
0.450752618585
0.451187044682
0.451619351385
0.452049476007
0.452477353669
0.452902915804
0.453326086622
0.453746777858
0.454164897206
0.454580372223
0.454993131933
0.455403082405
0.455810099137
0.456214008795
0.456614536216
0.457011180171
0.457403178751
0.45779004461
0.458171590886
0.458547657667
0.458918381909
0.459284010069
0.459644639177
0.460000204216
0.460350532473
0.460695382558
0.461034468053
0.461367476623
0.46169408611
0.462013971681
0.462326810136
0.462632282337
0.462930072133
0.463219863136
0.463501335303
0.463774163209
0.464038018484
0.46429257897
0.46453754066
0.464772625685
0.464997588725
0.465212223315
0.465416367083
0.46560990775
0.465792789302
0.465965017647
0.466126665662
0.466277875002
0.466418852075
0.46654986116
0.466671219735
0.466783286702
0.46688645039
0.466981115509
0.467067687235
0.467146552447
0.467218058138
0.467282485016
0.467340010474
0.467390659163
0.467434261296
0.46747047169
0.46749898334
0.467519885938
0.46753382372
0.467541861365
0.467545152247
0.467544709821
0.467541344093
0.467535681677
0.467528205984
0.467519292088
0.467509231809
0.467498250539
0.467486518022
0.467474154796
0.467461235804
0.467447792824
0.46743381234
0.467419232374
0.467403937442
0.467387751151
0.46737042871
0.467351655976
0.467331054626
0.46730817563
0.467282483672
0.467253356906
0.467220113615
0.467182066217
0.467138588839
0.467089169335
0.467033436501
0.466971144124
0.466902146301
0.466826389398
0.466743917353
0.466654873375
0.466559493451
0.466458098664
0.466351084
0.466238901385
0.466122038954
0.466000998843
0.465876274961
0.465748333411
0.465617599767
0.465484444555
0.465349142306
0.465211876627
0.465072871475
0.464932176876
0.464789727765
0.464645345051
0.464498726054
0.464349433105
0.464196885565
0.464040367095
0.463879050449
0.463712013974
0.463538247942
0.463356683459
0.463166246157
0.462965893367
0.462754569258
0.462531091968
0.462294014689
0.462041496603
0.461771229444
0.461480472482
0.461166228723
0.460825534159
0.460455809494
0.460055247588
0.459623164223
0.45916018712
0.458668203959
0.458150092215
0.457609330427
0.45704960605
0.456474501398
0.45588728932
0.455290831218
0.45468755111
0.454079456688
0.453468182824
0.452855049033
0.452241109672
0.451627199792
0.451013977962
0.450401960712
0.449791549105
0.449183050244
0.448576695354
0.447972654585
0.4473710489
0.446771959694
0.446175436696
0.445581504382
0.444990166986
0.444401412404
0.443815215474
0.443231540808
0.442650345191
0.442071579578
0.441495190709
0.440921122396
0.440349316511
0.439779713745
0.439212254158
0.438646877621
0.438083524151
0.437522134213
0.436962649021
0.436405010875
0.435849163346
0.43529505136
0.434742621118
0.434191819917
0.433642595959
0.433094898227
0.432548676434
0.432003881048
0.431460463348
0.430918375493
0.430377570596
0.42983800276
0.429299627161
0.42876240022
0.428226279484
0.427691223684
0.427157192764
0.426624147862
0.426092051265
0.425560866424
0.425030557943
0.424501091404
0.423972433305
0.423444551025
0.422917412787
0.422390987639
0.421865245426
0.421340156773
0.42081569307
0.420291826454
0.419768529797
0.419245776691
0.41872354144
0.418201799044
0.41768052519
0.417159696242
0.416639289228
0.416119281835
0.415599652409
0.415080379956
0.414561444121
0.414042825172
0.413524504002
0.413006462114
0.412488681611
0.411971145191
0.411453836129
0.410936738262
0.410419835971
0.409903114156
0.40938655822
0.408870154042
0.408353887957
0.407837746745
0.407321717601
0.406805788121
0.406289946271
0.405774180352
0.405258478951
0.404742830893
0.404227225263
0.403711651376
0.403196098644
0.402680556507
0.402165014384
0.401649461603
0.401133887325
0.400618280419
0.400102628987
0.399586914982
0.399071127029
0.398555255897
0.398039287677
0.397523207146
0.397006997686
0.396490640973
0.395974116557
0.395457401287
0.394940468586
0.394423287544
0.393905822
0.393388029952
0.392869864062
0.3923512739
0.391832209593
0.39131262485
0.390792477307
0.390271726351
0.389750330287
0.389228244328
0.38870541963
0.388181803055
0.3876573373
0.387131961115
0.386605609589
0.386078214418
0.385549704199
0.385020004735
0.384489039396
0.383956729563
0.383422995136
0.382887755076
0.3823509279
0.38181243217
0.381272187004
0.380730112661
0.380186131202
0.379640167196
0.379092148453
0.378542006731
0.377989678433
0.377435105301
0.376878235094
0.376319022242
0.375757428449
0.37519342323
0.374626984372
0.374058098304
0.373486760374
0.372912975007
0.372336755764
0.371758125268
0.371177115024
0.370593765124
0.370008123895
0.369420247534
0.368830199673
0.368238050818
0.367643877805
0.367047763414
0.366449796102
0.365850069747
0.365248683303
0.364645740211
0.364041347517
0.36343561478
0.362828652888
0.362220572948
0.361611485324
0.361001498837
0.360390720072
0.359779252375
0.359167192631
0.358554638601
0.357941688928
0.357328435007
0.356714963949
0.356101359297
0.355487701372
0.354874067665
0.354260533197
0.353647170787
0.353034051123
0.352421242644
0.351808811287
0.351196820196
0.350585329469
0.349974395988
0.349364073329
0.348754411753
0.348145458249
0.347537256601
0.34692984749
0.346323268603
0.345717554744
0.345112737952
0.344508847608
0.343905910529
0.343303951072
0.342702991285
0.342103051145
0.341504148818
0.340906300828
0.340309522203
0.33971382665
0.339119226645
0.338525733368
0.337933356589
0.337342104615
0.336751984299
0.336163001088
0.335575159069
0.33498846101
0.334402908377
0.33381850133
0.333235238703
0.33265311795
0.33207213507
0.331492284488
0.330913558905
0.330335949081
0.329759443554
0.329184028271
0.328609686084
0.328036396095
0.327464132774
0.326892864765
0.326322553278
0.325753149879
0.325184593446
0.324616805945
0.324049686539
0.323483103395
0.322916882424
0.322350792247
0.32178452549
0.32121767898
0.320649741477
0.320080108224
0.319508151716
0.318933366463
0.318355547366
0.317774891347
0.317191937679
0.316607392345
0.316021956585
0.315436230105
0.314850684357
0.314265673596
0.313681458263
0.31309822821
0.312516121633
0.311935239302
0.311355654859
0.310777422184
0.310200580643
0.309625158833
0.309051177295
0.30847865048
0.30790758819
0.307337996659
0.306769879355
0.306203237589
0.305638070983
0.305074377831
0.304512155378
0.30395140004
0.303392107577
0.302834273232
0.302277891842
0.301722957924
0.301169465748
0.300617409399
0.300066782819
0.299517579847
0.298969794255
0.29842341977
0.297878450095
0.297334878932
0.29679269999
0.296251907003
0.295712493737
0.295174453998
0.294637781636
0.294102470528
0.293568514544
0.29303590767
0.292504644177
0.291974718395
0.291446124677
0.290918857439
0.290392911173
0.289868280449
0.289344959914
0.288822944287
0.288302228362
0.287782807004
0.287264675148
0.286747827803
0.286232260044
0.285717967022
0.285204943956
0.284693186135
0.28418268892
0.283673447743
0.283165458103
0.282658715571
0.282153215785
0.281648954454
0.28114592735
0.280644130316
0.280143559259
0.279644210153
0.279146079034
0.278649162005
0.27815345523
0.277658954935
0.277165657409
0.276673559
0.276182656116
0.275692945226
0.275204422854
0.274717085585
0.274230930057
0.273745952966
0.273262151062
0.272779521152
0.272298060092
0.271817764794
0.271338632221
0.270860659388
0.270383843359
0.269908181249
0.26943367022
0.268960307484
0.268488090297
0.268017015961
0.267547081821
0.267078285261
0.2666106237
0.26614409458
0.26567869535
0.26521442342
0.26475127609
0.264289250426
0.26382834334
0.263368552292
0.262909875709
0.262452312254
0.261995860325
0.261540518104
0.261086283678
0.260633155105
0.260181130446
0.25973020778
0.259280385213
0.258831660878
0.258384032939
0.257937499591
0.257492059058
0.257047709598
0.256604449498
0.256162277074
0.255721190674
0.255281188674
0.254842269479
0.254404431521
0.253967673262
0.253531993188
0.253097389814
0.25266386168
0.252231407352
0.251800025419
0.251369714497
0.250940473223
0.250512300261
0.250085194293
0.249659154028
0.249234178192
0.248810265537
0.248387414832
0.247965624868
0.247544894455
0.247125222422
0.246706607617
0.246289048907
0.245872545176
0.245457095325
0.245042698273
0.244629352953
0.244217058317
0.243805813329
0.243395616971
0.242986468239
0.242578366141
0.242171309701
0.241765297955
0.241360329953
0.240956404755
0.240553521437
0.240151679082
0.239750876787
0.23935111366
0.238952388818
0.238554701389
0.238158050511
0.237762435329
0.237367854999
0.236974308687
0.236581795564
0.23619031481
0.235799865615
0.235410447174
0.235022058689
0.23463469937
0.234248368432
0.233863065098
0.233478788595
0.233095538158
0.232713313023
0.232332112435
0.231951935643
0.231572781897
0.231194650454
0.230817540575
0.230441451523
0.230066382563
0.229692332966
0.229319302004
0.228947288951
0.228576293084
0.228206313681
0.227837350024
0.227469401394
0.227102467074
0.226736546349
0.226371638505
0.226007742827
0.225644858603
0.225282985119
0.224922121663
0.224562267523
0.224203421985
0.223845584337
0.223488753865
0.223132929854
0.222778111591
0.222424298359
0.222071489441
0.22171968412
0.221368881675
0.221019081386
0.220670282531
0.220322484385
0.219975686222
0.219629887315
0.219285086933
0.218941284344
0.218598478814
0.218256669606
0.217915855981
0.217576037198
0.217237212513
0.216899381177
0.216562542443
0.216226695557
0.215891839764
0.215557974306
0.215225098422
0.214893211348
0.214562312316
0.214232400556
0.213903475295
0.213575535754
0.213248581155
0.212922610713
0.212597623643
0.212273619153
0.211950596449
0.211628554735
0.21130749321
0.210987411069
0.210668307505
0.210350181705
0.210033032854
0.209716860134
0.209401662722
0.20908743979
0.208774190508
0.208461914042
0.208150609553
0.207840276199
0.207530913133
0.207222519505
0.206915094461
0.206608637142
0.206303146684
0.205998622222
0.205695062883
0.205392467792
0.20509083607
0.204790166832
0.204490459191
0.204191712253
0.203893925122
0.203597096896
0.20330122667
0.203006313534
0.202712356573
0.202419354868
0.202127307497
0.201836213532
0.201546072041
0.201256882087
0.20096864273
0.200681353025
0.200395012022
0.200109618767
0.199825172302
0.199541671664
0.199259115886
0.198977503997
0.198696835021
0.198417107977
0.198138321881
0.197860475745
0.197583568576
0.197307599377
0.197032567148
0.196758470884
0.196485309576
0.196213082212
0.195941787778
0.195671425255
0.195401993619
0.195133491847
0.194865918907
0.194599273768
0.194333555394
0.194068762745
0.193804894777
0.193541950443
0.193279928693
0.193018828472
0.192758648721
0.192499388379
0.192241046381
0.191983621656
0.191727113133
0.191471519733
0.191216840379
0.190963073985
0.190710219466
0.19045827573
0.190207241683
0.18995711623
0.189707898269
0.189459586697
0.189212180406
0.188965678287
0.188720079227
0.188475382108
0.188231585812
0.187988689216
0.187746691195
0.187505590619
0.187265386359
0.187026077278
0.18678766224
0.186550140106
0.186313509731
0.186077769971
0.185842919676
0.185608957696
0.185375882877
0.185143694063
0.184912390094
0.184681969808
0.184452432041
0.184223775627
0.183995999396
0.183769102176
0.183543082794
0.183317940072
0.183093672832
0.182870279891
0.182647760068
0.182426112175
0.182205335024
0.181985427425
0.181766388186
0.181548216111
0.181330910003
0.181114468665
0.180898890893
0.180684175486
0.180470321237
0.180257326941
0.180045191387
0.179833913364
0.17962349166
0.179413925059
0.179205212345
0.178997352299
0.1787903437
0.178584185327
0.178378875956
0.17817441436
0.177970799313
0.177768029585
0.177566103946
0.177365021163
0.177164780003
0.17696537923
0.176766817607
0.176569093896
0.176372206856
0.176176155246
0.175980937824
0.175786553344
0.175593000561
0.175400278229
0.175208385098
0.175017319919
0.174827081441
0.174637668411
0.174449079576
0.174261313682
0.174074369471
0.173888245688
0.173702941073
0.173518454368
0.173334784311
0.173151929641
0.172969889096
0.172788661411
0.172608245322
0.172428639562
0.172249842866
0.172071853966
0.171894671592
0.171718294475
0.171542721346
0.171367950931
0.17119398196
0.171020813159
0.170848443254
0.170676870971
0.170506095034
0.170336114166
0.170166927092
0.169998532533
0.169830929211
0.169664115846
0.16949809116
0.16933285387
0.169168402697
0.169004736357
0.16884185357
0.16867975305
0.168518433514
0.168357893677
0.168198132253
0.168039147953
0.16788093949
0.167723505571
0.1675668449
0.167410956176
0.167255838084
0.167101489287
0.166947908406
0.166795093976
0.166643044446
0.166491758336
0.166341234457
0.166191471784
0.166042469231
0.165894225622
0.165746739728
0.165600010289
0.165454036035
0.165308815685
0.165164347956
0.165020631562
0.164877665215
0.164735447625
0.164593977503
0.164453253559
0.164313274501
0.16417403904
0.164035545884
0.163897793741
0.16376078132
0.16362450733
0.163488970478
0.163354169475
0.163220103027
0.163086769843
0.162954168631
0.162822298101
0.16269115696
0.162560743917
0.162431057682
0.162302096961
0.162173860466
0.162046346903
0.161919554984
0.161793483417
0.161668130911
0.161543496177
0.152485007766
0.149336022592
0.150932207729
0.15624694408
0.16443670361
0.174881422557
0.187159448401
0.20096993954
0.216102811473
0.232374525712
0.249416144974
0.266683358714
0.283889321577
0.301814917021
0.314332128813
0.315955706627
0.316333007116
0.302556019456
0.298176818882
0.293060074675
0.281180632897
0.271073147608
0.267563971491
0.26583472622
0.265118973083
0.264022133633
0.264160904631
0.265681414305
0.268500003785
0.270698218277
0.273197540809
0.276148290446
0.280239242726
0.284979151244
0.286090630542
0.28654904156
0.284270656998
0.282508509494
0.278220012121
0.280513838051
0.27790371913
0.276709360555
0.27710410401
0.278021037946
0.27624674544
0.271521189848
0.266703962174
0.265441673918
0.266838802794
0.268015768295
0.27004539448
0.272265360808
0.273412372356
0.275234725568
0.271591051333
0.265956684661
0.260627859946
0.260026490471
0.261599623115
0.260146860255
0.259719200555
0.26171859471
0.265642144776
0.271785637174
0.282054637986
0.281256347628
0.286328792823
0.289388792639
0.291197486597
0.289624436911
0.286977051276
0.281715488019
0.274201277273
0.270112171711
0.269602274851
0.266617126832
0.261185648302
0.25681414372
0.255880970145
0.256074873587
