2.60902410787e-17
4.68068197231e-07
1.87227207759e-06
4.21260950723e-06
7.48907692966e-06
1.17016693657e-05
1.68503804133e-05
2.29352022477e-05
2.99561256208e-05
3.79131398613e-05
4.68062328747e-05
5.66353911425e-05
6.74005997224e-05
7.91018422475e-05
9.17391009269e-05
0.000105312356544
0.000119821588458
0.000135266774601
0.00015164789148
0.000168964914175
0.000187217816338
0.000206406570196
0.000226531146544
0.000247591514752
0.000269587642759
0.000292519497072
0.000316387042771
0.000341190243503
0.000366929061482
0.00039360345749
0.000421213390877
0.000449758819556
0.000479239700006
0.00050965598727
0.000541007634955
0.000573294595228
0.000606516818818
0.000640674255015
0.000675766851669
0.000711794555185
0.000748757310529
0.00078665506122
0.000825487749333
0.000865255315499
0.000905957698898
0.000947594837264
0.000990166666881
0.00103367312258
0.00107811413774
0.0011234896443
0.00116979957271
0.001217043852
0.00126522240973
0.00131433517199
0.00136438206342
0.0014153630072
0.00146727792504
0.00152012673719
0.00157390936243
0.00162862571807
0.00168427571995
0.00174085928246
0.00179837631848
0.00185682673944
0.00191621045529
0.00197652737449
0.00203777740404
0.00209996044944
0.00216307641471
0.0022271252024
0.00229210671355
0.00235802084772
0.00242486750299
0.00249264657593
0.00256135796161
0.00263100155363
0.00270157724406
0.00277308492349
0.002845524481
0.00291889580416
0.00299319877903
0.00306843329018
0.00314459922063
0.00322169645192
0.00329972486406
0.00337868433554
0.00345857474332
0.00353939596286
0.00362114786807
0.00370383033134
0.00378744322354
0.00387198641398
0.00395745977045
0.0040438631592
0.00413119644494
0.00421945949084
0.00430865215851
0.00439877430802
0.00448982579788
0.00458180648506
0.00467471622495
0.00476855487141
0.0048633222767
0.00495901829155
0.00505564276511
0.00515319554493
0.00525167647703
0.00535108540583
0.00545142217416
0.00555268662328
0.00565487859286
0.005757997921
0.00586204444416
0.00596701799725
0.00607291841357
0.00617974552479
0.00628749916102
0.00639617915073
0.00650578532078
0.00661631749643
0.00672777550131
0.00684015915743
0.00695346828517
0.00706770270331
0.00718286222896
0.00729894667761
0.00741595586312
0.00753388959769
0.00765274769189
0.00777252995464
0.0078932361932
0.00801486621317
0.0081374198185
0.00826089681147
0.00838529699269
0.0085106201611
0.00863686611398
0.00876403464691
0.00889212555379
0.00902113862685
0.00915107365661
0.00928193043191
0.00941370873988
0.00954640836596
0.00968002909388
0.00981457070565
0.00995003298157
0.0100864157002
0.0102237186385
0.0103619415715
0.0105010842727
0.0106411465136
0.0107821280644
0.010924028693
0.011066848166
0.0112105862481
0.0113552427022
0.0115008172894
0.0116473097692
0.0117947198993
0.0119430474354
0.0120922921316
0.0122424537404
0.0123935320121
0.0125455266954
0.0126984375375
0.0128522642832
0.0130070066761
0.0131626644575
0.0133192373672
0.0134767251431
0.0136351275212
0.0137944442356
0.013954675019
0.0141158196016
0.0142778777123
0.014440849078
0.0146047334236
0.0147695304722
0.0149352399452
0.015101861562
0.0152693950401
0.0154378400951
0.0156071964409
0.0157774637893
0.0159486418503
0.0161207303321
0.0162937289408
0.0164676373806
0.0166424553541
0.0168181825615
0.0169948187015
0.0171723634706
0.0173508165634
0.0175301776728
0.0177104464895
0.0178916227022
0.0180737059979
0.0182566960614
0.0184405925756
0.0186253952216
0.0188111036783
0.0189977176226
0.0191852367297
0.0193736606724
0.0195629891218
0.0197532217468
0.0199443582145
0.0201363981898
0.0203293413356
0.0205231873128
0.0207179357804
0.020913586395
0.0211101388116
0.0213075926827
0.0215059476592
0.0217052033894
0.0219053595201
0.0221064156956
0.0223083715582
0.0225112267482
0.0227149809039
0.0229196336612
0.0231251846542
0.0233316335146
0.0235389798721
0.0237472233545
0.0239563635871
0.0241664001932
0.024377332794
0.0245891610085
0.0248018844536
0.025015502744
0.0252300154922
0.0254454223084
0.025661722801
0.0258789165758
0.0260970032367
0.0263159823851
0.0265358536204
0.0267566165398
0.0269782707381
0.027200815808
0.02742425134
0.0276485769222
0.0278737921407
0.028099896579
0.0283268898186
0.0285547714386
0.028783541016
0.0290131981252
0.0292437423386
0.0294751732261
0.0297074903555
0.029940693292
0.0301747815989
0.0304097548367
0.0306456125639
0.0308823543364
0.0311199797081
0.0313584882302
0.0315978794518
0.0318381529194
0.0320793081772
0.0323213447672
0.0325642622287
0.0328080600988
0.0330527379123
0.0332982952012
0.0335447314955
0.0337920463224
0.0340402392071
0.0342893096719
0.034539257237
0.0347900814199
0.0350417817358
0.0352943576974
0.0355478088147
0.0358021345956
0.0360573345453
0.0363134081663
0.036570354959
0.0368281744209
0.0370868660473
0.0373464293307
0.0376068637612
0.0378681688264
0.0381303440111
0.0383933887978
0.0386573026664
0.038922085094
0.0391877355553
0.0394542535224
0.0397216384648
0.0399898898493
0.04025900714
0.0405289897988
0.0407998372844
0.0410715490532
0.0413441245589
0.0416175632526
0.0418918645824
0.0421670279943
0.042443052931
0.0427199388329
0.0429976851376
0.04327629128
0.0435557566923
0.0438360808039
0.0441172630415
0.0443993028292
0.044682199588
0.0449659527366
0.0452505616906
0.0455360258629
0.0458223446637
0.0461095175004
0.0463975437774
0.0466864228967
0.046976154257
0.0472667372546
0.0475581712827
0.0478504557317
0.0481435899893
0.0484375734401
0.0487324054661
0.0490280854462
0.0493246127566
0.0496219867705
0.0499202068581
0.050219272387
0.0505191827216
0.0508199372235
0.0511215352513
0.0514239761608
0.0517272593046
0.0520313840325
0.0523363496913
0.052642155625
0.0529488011743
0.0532562856771
0.0535646084682
0.0538737688795
0.0541837662398
0.0544945998748
0.0548062691074
0.0551187732572
0.0554321116409
0.055746283572
0.0560612883611
0.0563771253155
0.0566937937397
0.0570112929348
0.0573296221989
0.0576487808271
0.0579687681112
0.05828958334
0.058611225799
0.0589336947708
0.0592569895345
0.0595811093662
0.059906053539
0.0602318213225
0.0605584119832
0.0608858247845
0.0612140589866
0.0615431138462
0.061872988617
0.0622036825495
0.0625351948907
0.0628675248846
0.0632006717718
0.0635346347897
0.0638694131722
0.0642050061501
0.0645414129509
0.0648786327987
0.0652166649143
0.0655555085152
0.0658951628155
0.0662356270259
0.0665769003539
0.0669189820034
0.0672618711753
0.0676055670667
0.0679500688715
0.0682953757802
0.0686414869797
0.0689884016538
0.0693361189827
0.0696846381429
0.070033958308
0.0703840786476
0.0707349983282
0.0710867165125
0.0714392323601
0.0717925450267
0.0721466536648
0.0725015574232
0.0728572554472
0.0732137468788
0.073571030856
0.0739291065136
0.0742879729828
0.0746476293911
0.0750080748626
0.0753693085175
0.0757313294727
0.0760941368415
0.0764577297332
0.076822107254
0.0771872685061
0.0775532125882
0.0779199385953
0.0782874456188
0.0786557327462
0.0790247990617
0.0793946436455
0.0797652655742
0.0801366639207
0.0805088377543
0.0808817861403
0.0812555081405
0.0816300028128
0.0820052692115
0.0823813063871
0.0827581133861
0.0831356892517
0.0835140330227
0.0838931437346
0.084273020419
0.0846536621034
0.0850350678117
0.0854172365641
0.0858001673766
0.0861838592617
0.0865683112277
0.0869535222795
0.0873394914175
0.0877262176388
0.0881136999363
0.088501937299
0.088890928712
0.0892806731566
0.0896711696101
0.0900624170457
0.090454414433
0.0908471607372
0.09124065492
0.0916348959388
0.092029882747
0.0924256142944
0.0928220895262
0.0932193073842
0.0936172668057
0.0940159667243
0.0944154060693
0.0948155837663
0.0952164987364
0.0956181498971
0.0960205361615
0.0964236564388
0.096827509634
0.0972320946481
0.097637410378
0.0980434557164
0.0984502295519
0.0988577307691
0.0992659582483
0.0996749108658
0.100084587494
0.100494987
0.100906108248
0.101317950098
0.101730511404
0.102143791019
0.10255778779
0.102972500558
0.103387928163
0.103804069439
0.104220923216
0.10463848832
0.105056763573
0.105475747792
0.10589543979
0.106315838377
0.106736942356
0.107158750528
0.107581261689
0.108004474631
0.108428388141
0.108853001003
0.109278311995
0.109704319891
0.110131023462
0.110558421473
0.110986512686
0.111415295859
0.111844769743
0.112274933087
0.112705784634
0.113137323126
0.113569547296
0.114002455876
0.114436047591
0.114870321165
0.115305275313
0.115740908751
0.116177220185
0.116614208321
0.117051871858
0.117490209492
0.117929219913
0.118368901808
0.118809253859
0.119250274743
0.119691963134
0.120134317699
0.120577337103
0.121021020005
0.121465365061
0.121910370921
0.12235603623
0.12280235963
0.123249339758
0.123696975247
0.124145264724
0.124594206812
0.125043800131
0.125494043294
0.12594493491
0.126396473586
0.126848657921
0.127301486511
0.127754957948
0.128209070817
0.128663823702
0.12911921518
0.129575243823
0.130031908199
0.130489206874
0.130947138404
0.131405701345
0.131864894247
0.132324715654
0.132785164108
0.133246238143
0.133707936291
0.134170257079
0.134633199029
0.135096760657
0.135560940476
0.136025736994
0.136491148715
0.136957174136
0.137423811752
0.137891060051
0.138358917519
0.138827382634
0.139296453872
0.139766129704
0.140236408595
0.140707289005
0.141178769391
0.141650848206
0.142123523894
0.142596794899
0.143070659658
0.143545116603
0.144020164163
0.14449580076
0.144972024814
0.145448834737
0.145926228938
0.146404205823
0.14688276379
0.147361901233
0.147841616544
0.148321908107
0.148802774303
0.149284213508
0.149766224091
0.150248804421
0.150731952857
0.151215667758
0.151699947474
0.152184790352
0.152670194736
0.153156158963
0.153642681366
0.154129760272
0.154617394006
0.155105580885
0.155594319224
0.156083607331
0.156573443511
0.157063826064
0.157554753283
0.158046223458
0.158538234876
0.159030785816
0.159523874554
0.16001749936
0.160511658502
0.161006350239
0.161501572828
0.161997324522
0.162493603567
0.162990408205
0.163487736674
0.163985587206
0.16448395803
0.164982847367
0.165482253438
0.165982174454
0.166482608625
0.166983554155
0.167485009243
0.167986972084
0.168489440867
0.168992413778
0.169495888996
0.169999864697
0.170504339052
0.171009310226
0.171514776381
0.172020735674
0.172527186255
0.173034126273
0.173541553869
0.17404946718
0.17455786434
0.175066743476
0.175576102712
0.176085940167
0.176596253953
0.177107042181
0.177618302955
0.178130034373
0.178642234533
0.179154901523
0.179668033429
0.180181628332
0.180695684309
0.18121019943
0.181725171764
0.18224059937
0.182756480308
0.18327281263
0.183789594384
0.184306823614
0.184824498358
0.18534261665
0.185861176521
0.186380175994
0.18689961309
0.187419485824
0.187939792208
0.188460530248
0.188981697945
0.189503293297
0.190025314296
0.190547758929
0.191070625181
0.19159391103
0.192117614449
0.192641733409
0.193166265875
0.193691209806
0.194216563159
0.194742323885
0.195268489931
0.195795059238
0.196322029745
0.196849399385
0.197377166086
0.197905327773
0.198433882365
0.198962827777
0.19949216192
0.2000218827
0.200551988019
0.201082475774
0.201613343857
0.202144590158
0.20267621256
0.203208208942
0.20374057718
0.204273315144
0.2048064207
0.205339891711
0.205873726033
0.206407921519
0.206942476019
0.207477387377
0.208012653433
0.208548272022
0.209084240975
0.20962055812
0.21015722128
0.210694228272
0.211231576911
0.211769265006
0.212307290364
0.212845650785
0.213384344066
0.213923368
0.214462720376
0.215002398978
0.215542401585
0.216082725975
0.216623369918
0.217164331183
0.217705607532
0.218247196725
0.218789096517
0.219331304659
0.219873818897
0.220416636974
0.22095975663
0.221503175598
0.222046891609
0.22259090239
0.223135205662
0.223679799144
0.224224680551
0.224769847593
0.225315297975
0.225861029401
0.226407039568
0.226953326172
0.227499886902
0.228046719445
0.228593821484
0.229141190698
0.22968882476
0.230236721343
0.230784878113
0.231333292733
0.231881962864
0.23243088616
0.232980060273
0.233529482852
0.23407915154
0.234629063979
0.235179217804
0.235729610649
0.236280240144
0.236831103913
0.237382199579
0.23793352476
0.238485077071
0.239036854123
0.239588853522
0.240141072874
0.240693509778
0.241246161831
0.241799026626
0.242352101752
0.242905384796
0.243458873341
0.244012564965
0.244566457244
0.245120547751
0.245674834054
0.246229313719
0.246783984307
0.247338843378
0.247893888486
0.248449117185
0.249004527022
0.249560115543
0.250115880291
0.250671818803
0.251227928617
0.251784207264
0.252340652273
0.252897261172
0.253454031483
0.254010960726
0.254568046417
0.255125286071
0.255682677199
0.256240217307
0.256797903902
0.257355734483
0.257913706551
0.258471817601
0.259030065126
0.259588446616
0.260146959558
0.260705601437
0.261264369733
0.261823261926
0.262382275492
0.262941407904
0.263500656632
0.264060019145
0.264619492907
0.26517907538
0.265738764026
0.266298556301
0.26685844966
0.267418441555
0.267978529436
0.268538710751
0.269098982944
0.269659343458
0.270219789732
0.270780319205
0.271340929312
0.271901617486
0.272462381158
0.273023217756
0.273584124708
0.274145099436
0.274706139364
0.275267241912
0.275828404497
0.276389624535
0.27695089944
0.277512226624
0.278073603497
0.278635027467
0.279196495941
0.279758006322
0.280319556013
0.280881142416
0.281442762929
0.282004414949
0.282566095873
0.283127803094
0.283689534004
0.284251285996
0.284813056458
0.285374842778
0.285936642343
0.286498452537
0.287060270746
0.287622094351
0.288183920733
0.288745747272
0.289307571348
0.289869390337
0.290431201616
0.290993002561
0.291554790546
0.292116562945
0.292678317129
0.29324005047
0.293801760339
0.294363444106
0.29492509914
0.295486722808
0.29604831248
0.296609865521
0.297171379297
0.297732851176
0.298294278522
0.298855658699
0.299416989073
0.299978267006
0.300539489864
0.301100655009
0.301661759803
0.302222801611
0.302783777795
0.303344685717
0.30390552274
0.304466286226
0.305026973539
0.30558758204
0.306148109093
0.306708552061
0.307268908305
0.307829175191
0.308389350081
0.30894943034
0.309509413332
0.310069296422
0.310629076975
0.311188752358
0.311748319936
0.312307777077
0.312867121148
0.313426349519
0.313985459557
0.314544448634
0.315103314121
0.315662053388
0.316220663809
0.316779142758
0.317337487609
0.317895695737
0.318453764521
0.319011691337
0.319569473565
0.320127108586
0.320684593781
0.321241926533
0.321799104226
0.322356124247
0.322912983983
0.323469680821
0.324026212152
0.324582575368
0.325138767862
0.325694787028
0.326250630264
0.326806294966
0.327361778534
0.327917078371
0.328472191878
0.329027116462
0.329581849528
0.330136388484
0.330690730743
0.331244873714
0.331798814812
0.332352551454
0.332906081056
0.333459401039
0.334012508824
0.334565401835
0.335118077496
0.335670533236
0.336222766483
0.336774774669
0.337326555227
0.337878105592
0.338429423202
0.338980505495
0.339531349913
0.340081953898
0.340632314895
0.34118243035
0.341732297713
0.342281914434
0.342831277965
0.34338038576
0.343929235275
0.344477823968
0.345026149297
0.345574208724
0.346121999711
0.346669519723
0.347216766224
0.347763736683
0.348310428567
0.348856839348
0.349402966494
0.34994880748
0.350494359779
0.351039620866
0.351584588215
0.352129259305
0.352673631611
0.353217702613
0.353761469788
0.354304930618
0.35484808258
0.355390923155
0.355933449824
0.356475660066
0.357017551362
0.357559121193
0.358100367036
0.358641286373
0.359181876682
0.35972213544
0.360262060124
0.360801648209
0.361340897172
0.361879804483
0.362418367615
0.362956584037
0.363494451216
0.364031966618
0.364569127703
0.365105931933
0.365642376764
0.366178459648
0.366714178037
0.367249529376
0.367784511107
0.368319120668
0.368853355492
0.369387213007
0.369920690637
0.370453785797
0.3709864959
0.371518818351
0.372050750548
0.372582289882
0.373113433738
0.373644179493
0.374174524513
0.374704466159
0.375234001781
0.37576312872
0.376291844307
0.376820145862
0.377348030695
0.377875496104
0.378402539375
0.378929157781
0.379455348584
0.37998110903
0.380506436351
0.381031327766
0.381555780477
0.382079791669
0.382603358513
0.38312647816
0.383649147744
0.38417136438
0.384693125164
0.385214427169
0.38573526745
0.386255643038
0.386775550943
0.38729498815
0.387813951619
0.388332438286
0.38885044506
0.389367968824
0.389885006429
0.390401554702
0.390917610437
0.391433170396
0.391948231311
0.39246278988
0.392976842765
0.393490386594
0.394003417959
0.394515933413
0.39502792947
0.395539402604
0.396050349247
0.396560765791
0.39707064858
0.397579993916
0.398088798052
0.398597057196
0.399104767504
0.399611925083
0.400118525987
0.400624566216
0.401130041718
0.401634948381
0.402139282038
0.402643038461
0.403146213361
0.403648802389
0.404150801129
0.404652205101
0.405153009759
0.405653210486
0.406152802597
0.406651781333
0.407150141863
0.40764787928
0.4081449886
0.408641464761
0.40913730262
0.40963249695
0.410127042443
0.410620933703
0.411114165248
0.411606731502
0.412098626803
0.41258984539
0.413080381409
0.413570228905
0.414059381826
0.414547834013
0.415035579204
0.415522611028
0.416008923003
0.416494508532
0.416979360902
0.417463473279
0.417946838705
0.418429450093
0.418911300225
0.419392381746
0.419872687159
0.42035220882
0.420830938936
0.421308869552
0.421785992549
0.422262299638
0.42273778235
0.423212432025
0.423686239811
0.424159196644
0.424631293247
0.42510252011
0.425572867484
0.426042325362
0.426510883465
0.426978531227
0.427445257777
0.427911051916
0.428375902095
0.428839796395
0.429302722498
0.429764667659
0.430225618674
0.43068556185
0.431144482966
0.431602367233
0.432059199256
0.432514962984
0.432969641663
0.433423217782
0.433875673012
0.434326988135
0.434777142987
0.435226116402
0.435673886093
0.436120428568
0.436565719039
0.437009731316
0.437452437697
0.437893808853
0.438333813701
0.438772419287
0.439209590655
0.439645290726
0.440079480181
0.440512117337
0.44094315802
0.441372555394
0.441800259706
0.442226217832
0.442650372475
0.443072660686
0.443493011115
0.443911338739
0.444327534135
0.444741440051
0.445152797263
0.445561125906
0.445965590315
0.446365402741
0.446760827786
0.447152740962
0.447541714415
0.44792798684
0.448311630391
0.448692640571
0.449070974428
0.449446567749
0.449819345309
0.450189227754
0.450556133075
0.45091997495
0.451280662179
0.451638099312
0.451992187331
0.452342823797
0.452689902119
0.453033310846
0.453372937037
0.453708665871
0.454040382579
0.454367972509
0.454691317998
0.455010297468
0.455324789479
0.455634678006
0.455939850077
0.456240187751
0.456535547371
0.456825841997
0.457110968905
0.457390835072
0.457665352251
0.457934440154
0.458198028463
0.458456059573
0.458708495764
0.458955320067
0.459196533424
0.459432153183
0.459662212698
0.459886760611
0.46010585752
0.46031957087
0.460527969941
0.460731120076
0.460929074631
0.461121862341
0.461309467785
0.461491803963
0.461668681676
0.461839803641
0.46200489383
0.46216406098
0.462317865899
0.462466970013
0.462611914425
0.462753078305
0.462890702373
0.463024933838
0.463155923877
0.463283854295
0.463408873694
0.463531096834
0.463650622376
0.463767541298
0.463881943698
0.463993921065
0.46410356612
0.464210972819
0.464316238196
0.464419462845
0.464520751065
0.464620210995
0.464717955653
0.464814103792
0.464908778301
0.465002104421
0.465094208766
0.465185217697
0.465275252833
0.465364402518
0.46545270463
0.465540325161
0.465627379873
0.46571391953
0.465799933913
0.46588532243
0.465969847662
0.466053066699
0.466134230692
0.466212139555
0.466284936754
0.466349837203
0.466402809386
0.466438336015
0.466449480802
0.466428693123
0.466369615118
0.46626938335
0.46612996301
0.465957392915
0.465759544537
0.465543985337
0.465316848746
0.465082609603
0.464844316568
0.464603945296
0.464362718669
0.464121350223
0.463880221393
0.463639495341
0.463399193162
0.463159229517
0.462919339608
0.462678949421
0.462438321782
0.462197726511
0.461957058487
0.461716160882
0.461474878252
0.461233065589
0.460990590504
0.46074733328
0.460503186
0.460258051419
0.460011840837
0.459764474853
0.459515880346
0.459265987408
0.459014728012
0.458762034939
0.458507840577
0.458252074678
0.457994660124
0.457735391204
0.457474223554
0.457211129625
0.456946043085
0.456678886911
0.456409559507
0.456137947906
0.455863925637
0.455587350058
0.455308059894
0.455025872992
0.454740584256
0.454451963679
0.454159754204
0.453863670091
0.453563397178
0.453258591466
0.452948882721
0.452633877281
0.452313152865
0.451986254544
0.451652690296
0.451311924916
0.45096339643
0.450606528773
0.450240693055
0.449865188293
0.449479207229
0.44908177638
0.448671505674
0.44824784643
0.447810500376
0.447359811249
0.446896443969
0.446421058679
0.445934211981
0.445436381002
0.444928005713
0.44440951911
0.443881364455
0.443343998842
0.442797893546
0.442243531437
0.441681402655
0.441111999529
0.44053581135
0.439953319501
0.439364993289
0.438771285352
0.438172618293
0.437569428079
0.436962112215
0.436351047068
0.4357365871
0.435119063404
0.434498774964
0.433876010256
0.4332510515
0.432624152464
0.431995547767
0.431365451857
0.430734061329
0.430101556341
0.429468102258
0.428833849644
0.428198933869
0.427563475929
0.42692758394
0.426291356256
0.425654886897
0.425018270631
0.424381602788
0.423744974
0.423108465333
0.422472147018
0.421836080648
0.421200322048
0.420564921792
0.4199299258
0.419295376818
0.418661314676
0.418027776284
0.417394795435
0.416762402618
0.416130625019
0.415499486689
0.414869008786
0.414239209847
0.413610106078
0.412981711589
0.412354038528
0.41172709724
0.411100896557
0.410475443835
0.409850744921
0.409226804258
0.408603624987
0.407981209018
0.407359557065
0.406738668653
0.406118542098
0.405499174467
0.404880561495
0.404262697455
0.403645574952
0.403029184536
0.402413513806
0.401798545227
0.401184254864
0.400570626121
0.399957662723
0.399345368995
0.398733740154
0.398122765368
0.397512430194
0.396902717603
0.396293608441
0.395685081688
0.395077114636
0.394469683047
0.393862761371
0.393256323032
0.392650340718
0.392044786988
0.391439634885
0.390834857722
0.390230429249
0.389626323586
0.389022515181
0.388418978751
0.387815689212
0.387212621581
0.386609750904
0.38600705221
0.385404500489
0.384802070694
0.384199737765
0.383597476675
0.382995262501
0.382393070572
0.381790876559
0.38118865649
0.380586386821
0.379984044513
0.37938160709
0.378779052706
0.378176360234
0.377573509339
0.376970480552
0.376367255348
0.375763816206
0.37516014667
0.374556231394
0.373952056172
0.373347607934
0.37274287455
0.37213784516
0.371532510815
0.37092686308
0.370320892997
0.369714589771
0.369107941841
0.368500945702
0.367893609793
0.367285945145
0.366677960791
0.366069664778
0.365461065392
0.364852171744
0.364242993985
0.363633543337
0.363023831817
0.362413870087
0.361803670944
0.361193253958
0.360582636476
0.359971835884
0.35936087011
0.358749757455
0.358138516165
0.357527163959
0.356915718849
0.356304202334
0.355692639157
0.355081055084
0.354469474526
0.353857920985
0.353246417626
0.352634987457
0.352023653396
0.351412438301
0.350801364958
0.350190456042
0.349579734081
0.348969221425
0.348358940231
0.347748912433
0.347139159716
0.346529703483
0.345920564817
0.345311764447
0.344703322709
0.344095259507
0.34348759427
0.342880345905
0.342273532763
0.341667172624
0.341061282785
0.340455880236
0.3398509819
0.339246604701
0.338642765403
0.338039480448
0.337436766191
0.336834639207
0.336233115957
0.335632212273
0.335031943231
0.334432323252
0.333833366236
0.333235085684
0.332637494816
0.33204060667
0.331444434148
0.330848989995
0.330254286734
0.329660336606
0.329067151527
0.328474743076
0.327883122499
0.327292300718
0.326702288349
0.326113095715
0.325524732858
0.324937209548
0.324350535301
0.323764719378
0.323179770801
0.322595698356
0.322012510601
0.32143021587
0.320848822281
0.320268337738
0.319688769939
0.319110126377
0.318532414346
0.317955640943
0.317379813077
0.316804937465
0.316231020643
0.315658068963
0.315086088603
0.314515085563
0.313945065674
0.313376034597
0.312807997826
0.312240960691
0.311674928361
0.311109905845
0.310545897997
0.309982909513
0.309420944941
0.308860008674
0.30830010496
0.307741237895
0.307183411432
0.306626629373
0.30607089537
0.305516212922
0.304962585377
0.304410015948
0.303858507738
0.303308063707
0.302758686628
0.302210379069
0.301663143399
0.301116981749
0.300571895965
0.300027887736
0.299484958952
0.29894311196
0.298402349345
0.29786267356
0.297324086773
0.296786590882
0.296250187572
0.295714878365
0.295180664655
0.29464754773
0.29411552879
0.293584608965
0.293054789324
0.292526070894
0.291998454665
0.291471941612
0.290946532701
0.290422228902
0.289899031208
0.289376940634
0.288855958239
0.288336085124
0.287817322444
0.287299671406
0.286783133277
0.286267709374
0.285753401068
0.285240209773
0.284728136941
0.28421718405
0.283707352591
0.283198644061
0.28269105995
0.28218460173
0.281679270845
0.281175068699
0.280671996652
0.280170056011
0.279669248023
0.279169573869
0.278671034665
0.278173631456
0.277677365215
0.277182236843
0.276688247166
0.276195396942
0.275703686857
0.275213117525
0.274723689496
0.274235403252
0.273748259212
0.273262257733
0.272777399115
0.272293683599
0.271811111378
0.271329682591
0.270849397329
0.270370255633
0.2698922575
0.269415402881
0.268939691688
0.26846512379
0.267991699022
0.267519417179
0.267048278023
0.266578281282
0.266109426655
0.265641713806
0.265175142374
0.264709711967
0.26424542217
0.263782272539
0.263320262608
0.262859391885
0.26239965986
0.261941065998
0.261483609744
0.261027290525
0.260572107748
0.260118060804
0.259665149064
0.259213371885
0.258762728608
0.258313218559
0.257864841048
0.257417595374
0.25697148082
0.256526496659
0.25608264215
0.25563991654
0.255198319065
0.25475784895
0.254318505408
0.253880287643
0.253443194845
0.253007226198
0.252572380872
0.25213865803
0.251706056823
0.251274576393
0.250844215871
0.250414974382
0.249986851037
0.249559844941
0.249133955188
0.248709180865
0.248285521046
0.2478629748
0.247441541186
0.247021219253
0.246602008044
0.246183906591
0.24576691392
0.245351029046
0.24493625098
0.244522578721
0.244110011263
0.243698547593
0.243288186688
0.24287892752
0.242470769053
0.242063710246
0.241657750049
0.241252887407
0.240849121259
0.240446450538
0.240044874169
0.239644391073
0.239245000166
0.238846700358
0.238449490552
0.238053369649
0.237658336542
0.237264390121
0.23687152927
0.236479752871
0.236089059798
0.235699448925
0.235310919118
0.234923469243
0.23453709816
0.234151804728
0.2337675878
0.233384446229
0.233002378863
0.232621384549
0.232241462132
0.231862610452
0.231484828352
0.231108114667
0.230732468236
0.230357887893
0.229984372473
0.229611920808
0.22924053173
0.228870204071
0.228500936661
0.228132728332
0.227765577913
0.227399484235
0.227034446127
0.226670462419
0.226307531941
0.225945653522
0.225584825993
0.225225048182
0.224866318921
0.224508637038
0.224152001366
0.223796410734
0.223441863974
0.223088359916
0.222735897393
0.222384475237
0.222034092279
0.221684747352
0.221336439288
0.22098916692
0.220642929082
0.220297724604
0.219953552321
0.219610411065
0.219268299667
0.21892721696
0.218587161774
0.218248132942
0.217910129293
0.217573149657
0.217237192862
0.216902257739
0.216568343114
0.216235447816
0.215903570671
0.215572710507
0.215242866151
0.214914036429
0.214586220169
0.214259416196
0.213933623337
0.213608840416
0.213285066259
0.212962299688
0.212640539525
0.212319784591
0.212000033704
0.211681285683
0.211363539341
0.211046793494
0.210731046954
0.210416298531
0.210102547034
0.209789791271
0.209478030047
0.209167262166
0.208857486431
0.208548701642
0.2082409066
0.207934100101
0.207628280942
0.207323447917
0.207019599821
0.206716735444
0.206414853577
0.206113953008
0.205814032525
0.205515090915
0.205217126961
0.204920139446
0.204624127154
0.204329088864
0.204035023356
0.203741929407
0.203449805796
0.203158651296
0.202868464683
0.20257924473
0.202290990209
0.202003699891
0.201717372546
0.201432006942
0.201147601848
0.200864156031
0.200581668255
0.200300137287
0.200019561889
0.199739940825
0.199461272857
0.199183556746
0.198906791252
0.198630975134
0.198356107153
0.198082186064
0.197809210626
0.197537179595
0.197266091726
0.196995945774
0.196726740494
0.196458474639
0.196191146962
0.195924756215
0.19565930115
0.195394780518
0.195131193068
0.194868537551
0.194606812717
0.194346017313
0.194086150087
0.193827209789
0.193569195163
0.193312104958
0.193055937919
0.192800692792
0.192546368322
0.192292963253
0.19204047633
0.191788906296
0.191538251896
0.191288511871
0.191039684965
0.190791769919
0.190544765476
0.190298670376
0.190053483361
0.189809203171
0.189565828547
0.189323358228
0.189081790953
0.188841125463
0.188601360496
0.18836249479
0.188124527084
0.187887456116
0.187651280622
0.187415999341
0.187181611009
0.186948114364
0.18671550814
0.186483791074
0.186252961903
0.186023019361
0.185793962184
0.185565789106
0.185338498863
0.185112090188
0.184886561816
0.18466191248
0.184438140914
0.184215245852
0.183993226025
0.183772080168
0.183551807012
0.183332405291
0.183113873735
0.182896211076
0.182679416047
0.182463487377
0.182248423799
0.182034224044
0.18182088684
0.18160841092
0.181396795012
0.181186037847
0.180976138154
0.180767094663
0.180558906103
0.180351571201
0.180145088688
0.179939457292
0.17973467574
0.17953074276
0.179327657081
0.17912541743
0.178924022533
0.178723471119
0.178523761913
0.178324893642
0.178126865034
0.177929674813
0.177733321706
0.177537804439
0.177343121736
0.177149272324
0.176956254928
0.176764068271
0.176572711079
0.176382182077
0.176192479988
0.176003603537
0.175815551447
0.175628322442
0.175441915246
0.175256328581
0.175071561171
0.174887611739
0.174704479007
0.174522161697
0.174340658533
0.174159968235
0.173980089527
0.173801021129
0.173622761763
0.173445310151
0.173268665014
0.173092825073
0.172917789048
0.172743555661
0.172570123632
0.17239749168
0.172225658528
0.172054622893
0.171884383497
0.171714939059
0.171546288299
0.171378429936
0.171211362689
0.171045085277
0.17087959642
0.170714894836
0.170550979244
0.170387848363
0.17022550091
0.170063935605
0.169903151165
0.169743146309
0.169583919755
0.169425470219
0.169267796421
0.169110897077
0.168954770906
0.168799416623
0.168644832948
0.168491018596
0.168337972285
0.168185692732
0.168034178654
0.167883428768
0.167733441789
0.167584216435
0.167435751423
0.167288045468
0.167141097288
0.166994905598
0.166849469114
0.166704786554
0.166560856632
0.166417678065
0.166275249569
0.166133569859
0.165992637652
0.165852451664
0.165713010609
0.165574313205
0.165436358166
0.165299144208
0.165162670048
0.165026934399
0.164891935979
0.164757673502
0.164624145684
0.164491351241
0.164359288887
0.16422795734
0.164097355313
0.163967481523
0.163838334685
0.163709913514
0.163582216727
0.163455243038
0.163328991163
0.163203459819
0.163078647719
0.162954553581
0.162831176119
0.16270851405
0.16258656609
0.162465330953
0.162344807357
0.162224994016
0.162105889648
0.161987492967
0.161869802691
0.15344842064
0.150815543307
0.152793476596
0.158374795311
0.166749373602
0.177223533856
0.189166682624
0.202201552028
0.216301903688
0.231516005097
0.247616337526
0.263293964337
0.277935248447
0.293329969705
0.308404619667
0.320312740781
0.319051419315
0.308574754876
0.300048127778
0.289619054823
0.280185374519
0.274536312275
0.269408041665
0.265907759871
0.262747568095
0.260314302739
0.25970589906
0.259880169076
0.261476898897
0.264648186525
0.268443182022
0.271866630812
0.276193181539
0.276564124143
0.276443652388
0.273494208802
0.269439674352
0.270929970183
0.272746679212
0.269377248759
0.268198471487
0.270802760547
0.275629294727
0.26862750101
0.265502427186
0.266941833188
0.271959788505
0.277723369936
0.277310846025
0.276316112607
0.274876271422
0.274435339142
0.275394745223
0.273234218495
0.268216097763
0.264018637156
0.261968079062
0.262127550103
0.263623346062
0.263902069523
0.265993997216
0.269534915955
0.274793366039
0.279247671629
0.282639329642
0.283587638024
0.285712870677
0.287016926442
0.28543698642
0.284026008013
0.282822124349
0.278879378733
0.274447383016
0.26756321635
0.260031359964
0.254339891935
0.250923066761
0.249299502489
0.248774028972
0.25117716187
