-0.0
2.37526079047e-05
9.50115425366e-05
0.000213780138432
0.000380063959099
0.000593870805952
0.000855210730853
0.00116409605228
0.00152054137519
0.00192456361454
0.0023761820227
0.00287541822056
0.00342229623267
0.00401684252633
0.00465908605476
0.0053490583045
0.00608679334708
0.00687232789519
0.00770570136329
0.00858695593308
0.00951613662374
0.0104932913672
0.0115184710888
0.0125917297929
0.013713124655
0.0148827161185
0.0161005679986
0.0173667475919
0.018681325793
0.0200443772174
0.0214559803323
0.0229162175945
0.024425175596
0.0259829452181
0.0275896217939
0.0292453052799
0.030950100437
0.0327041170209
0.0345074699838
0.0363602796858
0.0382626721188
0.0402147791412
0.042216738726
0.0442686952218
0.0463707996277
0.0485232098823
0.0507260911688
0.0529796162357
0.0552839657343
0.0576393285749
0.0600459023003
0.0625038934809
0.0650135181293
0.0675750021374
0.070188581737
0.0728545039843
0.0755730272707
0.0783444218608
0.0811689704593
0.0840469688079
0.0869787263154
0.0899645667208
0.0930048287933
0.0960998670698
0.0992500526338
0.102455773936
0.10571743766
0.10903546964
0.112410315822
0.11584244329
0.119332341338
0.122880522611
0.126487524313
0.130153909474
0.133880268305
0.137667219619
0.141515412343
0.145425527119
0.149398278
0.153434414247
0.157534722237
0.161700027488
0.165931196809
0.170229140584
0.174594815203
0.179029225643
0.183533428222
0.188108533524
0.192755709526
0.197476184929
0.202271252708
0.207142273918
0.212090681745
0.217117985858
0.222225777055
0.22741573225
0.232689619822
0.238049305352
0.2434967578
0.249034056139
0.254663396507
0.260387099912
0.266207620553
0.272127554806
0.278149650949
0.284276819691
0.290512145593
0.296858899471
0.303320551877
0.309900787781
0.316603522584
0.323432919594
0.330393409149
0.33748970956
0.344726850088
0.352110196199
0.359645477367
0.367338817734
0.375196769991
0.38322635288
0.391435092797
0.39983107002
0.4084229702
0.417220141827
0.4262326605
0.435471400988
0.444948118182
0.454675538276
0.464667461698
0.474938879589
0.48550610595
0.496386927906
0.507600777005
0.51916892496
0.531114707811
0.543463783197
0.556244426156
0.569487869705
0.583228697343
0.597505295347
0.612360373302
0.627841561168
0.644002089775
0.660901557615
0.678606777875
0.697192681377
0.716743215246
0.737352107906
0.759123237737
0.78217008465
0.806613238686
0.832573937205
0.860159587269
0.889433159315
0.920350249899
0.952632694705
0.98552658589
1.01739454005
1.04525255246
1.06492584818
1.07289546574
1.06881232191
1.0552914343
1.03547798073
1.01168886918
0.985471322687
0.957945976209
0.92997357841
0.902194242953
0.875046642106
0.848802368105
0.823608076957
0.79952414819
0.776555060179
0.754671210514
0.733823713451
0.713954027206
0.695000003139
0.67689955253
0.659592768585
0.643023067408
0.627137718038
0.611888000654
0.597229145494
0.583120148775
0.569523525713
0.556405037483
0.543733414269
0.531480087174
0.519618935935
0.508126055737
0.496979544218
0.486159308445
0.475646890891
0.465425313089
0.455478935439
0.445793331656
0.43635517637
0.427152144494
0.418172821072
0.409406620481
0.400843713911
0.392474964219
0.38429186734
0.376286499496
0.368451469591
0.360779876199
0.353265268661
0.345901611826
0.338683254064
0.331604898202
0.324661575058
0.317848619338
0.31116164762
0.304596538238
0.298149412868
0.291816619649
0.285594717693
0.279480462845
0.273470794587
0.267562823962
0.261753822447
0.25604121166
0.250422553862
0.244895543147
0.23945799729
0.23410785018
0.228843144794
0.223662026664
0.218562737802
0.213543611039
0.208603064749
0.20373959793
0.198951785601
0.194238274514
0.18959777913
0.185029077861
0.180531009546
0.176102470151
0.171742409668
0.167449829208
0.163223778272
0.15906335218
0.154967689661
0.150935970577
0.146967413786
0.14306127513
0.139216845529
0.135433449199
0.131710441956
0.128047209623
0.124443166528
0.120897754077
0.117410439416
0.113980714152
0.11060809316
0.107292113443
0.104032333054
0.100828330081
0.0976797016826
0.0945860631729
0.0915470471576
0.0885623027132
0.0856314946105
0.082754302577
0.0799304205984
0.0771595562555
0.0744414300953
0.0717757750347
0.0691623357938
0.0666008683587
0.0640911394713
0.0616329261449
0.0592260152046
0.0568702028505
0.0545652942432
0.0523111031099
0.0501074513707
0.0479541687835
0.0458510926067
0.0437980672787
0.0417949441142
0.0398415810151
0.0379378421961
0.0360835979248
0.0342787242739
0.0325231028871
0.0308166207559
0.0291591700087
0.0275506477102
0.0259909556713
0.024480000269
0.0230176922753
0.0216039466958
0.0202386826162
0.0189218230573
0.0176532948382
0.0164330284463
0.0152609579149
0.0141370207079
0.0130611576107
0.0120333126277
0.0110534328858
0.0101214685438
0.00923737270728
0.00840110134928
0.00761261323588
0.00687186985694
0.0061788353618
0.0055334764996
0.00493576256433
0.00438566534419
0.00388315907539
0.00342822040015
0.0030208283288
0.00266096420594
0.00234861168051
0.00208375667977
0.00186638738711
0.00169649422354
0.00157406983302
0.00149910907131
0.00147160899861
0.00149156887578
0.00155899016415
0.00167387652898
0.00183623384659
0.00204607021503
0.00230339596852
0.00260822369555
0.0029605682607
0.0033604468303
0.00380787890192
0.00430288633777
0.00484549340215
0.00543572680294
0.00607361573732
0.00675919194176
0.00749248974642
0.00827354613413
0.00910240080404
0.00997909624006
0.0109036777844
0.0118761937162
0.0128966953355
0.0139652370528
0.0150818764848
0.0162466745551
0.0174596956022
0.0187210074939
0.0200306817476
0.0213887936588
0.0227954224361
0.0242506513448
0.0257545678575
0.0273072638141
0.0289088355902
0.0305593842745
0.0322590158567
0.0340078414244
0.0358059773719
0.0376535456189
0.0395506738421
0.041497495718
0.0434941511799
0.0455407866868
0.0476375555083
0.0497846180232
0.0519821420345
0.0542303031008
0.0565292848855
0.0588792795235
0.0612804880086
0.0637331205999
0.0662373972511
0.0687935480611
0.0714018137497
0.074062446158
0.0767757087754
0.0795418772949
0.0823612401986
0.0852340993737
0.0881607707625
0.0911415850474
0.0941768883734
0.0972670431094
0.100412428652
0.103613442273
0.106870500015
0.110184037635
0.113554511603
0.116982400157
0.120468204414
0.12401244955
0.127615686044
0.131278490998
0.135001469527
0.138785256239
0.142630516798
0.146537949584
0.150508287444
0.154542299567
0.158640793455
0.16280461703
0.167034660865
0.171331860563
0.175697199285
0.180131710438
0.184636480543
0.189212652298
0.193861427832
0.198584072196
0.203381917078
0.208256364793
0.213208892537
0.218241056958
0.223354499052
0.228550949419
0.233832233911
0.23920027971
0.244657121864
0.250204910343
0.255845917647
0.261582547027
0.267417341381
0.273352992884
0.279392353442
0.285538446033
0.291794477054
0.298163849758
0.304650178919
0.311257306852
0.317989320939
0.324850572848
0.331845699626
0.338979646914
0.346257694515
0.353685484644
0.361269053166
0.369014864244
0.376929848821
0.385021447484
0.393297658288
0.401767090268
0.410439023448
0.419323476303
0.428431281802
0.437774173361
0.44736488224
0.45721724824
0.467346345853
0.477768628444
0.488502093493
0.499566472514
0.510983449891
0.522776915648
0.53497325802
0.547601702583
0.560694705643
0.574288410301
0.588423173942
0.603144175203
0.618502105863
0.634553946763
0.651363813964
0.669003836443
0.687554980943
0.707107656969
0.727761787069
0.749625762523
0.772813226131
0.797435747809
0.82358782376
0.851317541576
0.880570475894
0.911083962526
0.942191893282
0.972482098753
0.999283990874
1.01833079178
1.02525167033
1.02016284431
1.00829145709
0.994292786236
0.980118446611
0.96607845483
0.951816551664
0.936807524935
0.920610354012
0.902997069676
0.883989702202
0.863821614023
0.842853141832
0.821479951265
0.800063983797
0.778897575799
0.758194049014
0.738093344377
0.718675344498
0.699975684164
0.681999649729
0.664732805965
0.648148894803
0.632215376982
0.616897018706
0.602158083568
0.587963618745
0.574280174555
0.561076174107
0.548322068673
0.535990363471
0.524055566968
0.512494097028
0.501284164831
0.490405649559
0.479839971847
0.469569970755
0.459579786957
0.449854753545
0.440381295008
0.431146834429
0.422139708656
0.413349091009
0.404764921002
0.396377840531
0.388179135965
0.380160685611
0.372314912045
0.364634738831
0.357113551213
0.349745160376
0.342523770923
0.33544395126
0.328500606578
0.321688954197
0.315004501035
0.308443022982
0.302000546007
0.295673328839
0.289457847044
0.283350778402
0.277348989439
0.271449523013
0.265649586867
0.25994654305
0.254337898136
0.248821294173
0.243394500291
0.23805540492
0.23280200856
0.227632417067
0.222544835401
0.217537561806
0.212608982381
0.207757566025
0.202981859702
0.198280484033
0.193652129155
0.189095550865
0.184609566989
0.180193053991
0.175844943788
0.171564220759
0.167349918938
0.163201119372
0.159116947643
0.155096571528
0.151139198801
0.147244075159
0.143410482274
0.139637735946
0.135925184366
0.13227220648
0.128678210432
0.125142632111
0.121664933757
0.118244602663
0.114881149931
0.111574109305
0.108323036065
0.105127505975
0.101987114291
0.0989014748226
0.0958702190378
0.0928929952213
0.0899694676722
0.0870993159446
0.0842822341275
0.0815179301616
0.0788061251909
0.0761465529475
0.0735389591679
0.0709831010391
0.068478746672
0.0660256746026
0.0636236733174
0.0612725408033
0.0589720841202
0.0567221189945
0.0545224694341
0.0523729673618
0.0502734522676
0.0482237708786
0.0462237768454
0.0442733304443
0.0423722982944
0.0405205530895
0.0387179733432
0.0369644431471
0.0352598519415
0.0336040942976
0.0319970697111
0.0304386824069
0.028928841153
0.0274674590851
0.0260544535403
0.0246897458993
0.0233732614376
0.0221049291843
0.0208846817897
0.0197124553986
0.0185881895329
0.0175118269791
0.0164833136838
0.0155025986546
0.0145696338678
0.0136843741811
0.012846777253
0.0120568034664
0.0113144158587
0.0106195800561
0.00997226421326
0.00937243895736
0.00882007733719
0.00831515477656
0.00785764903207
0.00744754015524
0.00708481045882
0.00676944448718
0.00650142899081
0.00628075290473
0.00610740733084
0.00598138552417
0.00590268288296
0.00587129694254
0.00588722737304
0.00595047598086
0.00606104671398
0.00621894567102
0.00642418111413
0.0066767634858
0.00697670542949
0.00732402181418
0.00771872976303
0.00816084868594
0.00865040031639
0.00918740875242
0.00977190050192
0.0104039045324
0.0110834523253
0.011810577935
0.0125853180522
0.0134077120732
0.0142778021734
0.0151956333864
0.0161612536888
0.0171747140903
0.0182360687302
0.0193453749792
0.0205026935487
0.0217080886056
0.0229616278949
0.0242633828689
0.0256134288242
0.0270118450465
0.0284587149637
0.0299541263071
0.0314981712821
0.0330909467482
0.0347325544083
0.0364231010089
0.0381626985507
0.0399514645107
0.0417895220758
0.0436770003893
0.0456140348101
0.0476007671856
0.0496373461392
0.0517239273727
0.0538606739847
0.0560477568057
0.0582853547508
0.0605736551909
0.0629128543432
0.0653031576829
0.0677447803755
0.0702379477324
0.0727828956914
0.0753798713208
0.0780291333518
0.0807309527384
0.0834856132474
0.0862934120801
0.0891546605272
0.0920696846588
0.0950388260523
0.0980624425597
0.101140909116
0.104274618595
0.107463982706
0.110709432949
0.114011421618
0.117370422858
0.120786933789
0.124261475692
0.127794595257
0.131386865912
0.135038889226
0.138751296391
0.1425247498
0.14635994471
0.150257611018
0.154218515131
0.158243461963
0.16233329705
0.166488908803
0.1707112309
0.175001244839
0.179359982643
0.183788529767
0.188288028173
0.192859679635
0.197504749258
0.202224569246
0.207020542931
0.211894149101
0.216846946627
0.22188057944
0.226996781879
0.232197384441
0.237484319972
0.242859630352
0.248325473698
0.253884132161
0.259538020359
0.265289694513
0.271141862364
0.277097393947
0.283159333317
0.289330911326
0.295615559569
0.302016925629
0.308538889775
0.315185583269
0.321961408488
0.328871061066
0.335919554317
0.343112246204
0.350454869207
0.357953563431
0.365614913405
0.373445989051
0.381454391391
0.389648303645
0.398036548451
0.406628652091
0.415434916676
0.424466501438
0.433735514371
0.443255115687
0.453039634637
0.463104701442
0.473467396127
0.484146416078
0.495162263942
0.506537457121
0.518296759263
0.530467432857
0.543079509942
0.556166074817
0.569763547862
0.583911951845
0.59865512931
0.614040859971
0.630120800893
0.646950141185
0.664586819542
0.68309006395
0.702517820393
0.722922316115
0.74434263862
0.766792906313
0.790244191158
0.814597396561
0.839642885843
0.86500237139
0.890051579511
0.913827799578
0.934926270076
0.951357075355
0.9602526235
0.958148636957
0.946464478834
0.932324896649
0.919301173323
0.908067575599
0.898440014977
0.889988578672
0.882206633602
0.874569152372
0.866568991684
0.857754994802
0.847773240962
0.836402574093
0.823572813081
0.809358323828
0.793948420446
0.777604211582
0.760614440518
0.743259717752
0.725788517068
0.708404110145
0.691260754204
0.674467441712
0.658096625657
0.64219388495
0.626784818527
0.61187907978
0.597473780208
0.583557145326
0.57011199837
0.557118453923
0.544555359669
0.532401009586
0.520633773182
0.509232631348
0.49817751703
0.487449485408
0.477030773522
0.466904795634
0.457056103187
0.447470326404
0.438134107456
0.429035031049
0.42016155576
0.411502948056
0.40304921999
0.394791071039
0.386719834241
0.378827426553
0.371106303268
0.363549416241
0.356150175679
0.348902415186
0.34180035983
0.334838596942
0.328012049416
0.321315951281
0.314745825341
0.30829746268
0.30196690387
0.295750421721
0.28964450543
0.283645846001
0.277751322823
0.271957991288
0.266263071381
0.260663937123
0.255158106826
0.249743234056
0.244417099271
0.239177602058
0.234022753923
0.228950671599
0.223959570806
0.219047760455
0.214213637231
0.209455680552
0.20477244785
0.200162570174
0.195624748062
0.19115774769
0.186760397258
0.182431583602
0.178170249015
0.173975388263
0.169846045787
0.165781313059
0.161780326108
0.157842263185
0.153966342563
0.150151820468
0.146397989122
0.142704174906
0.139069736613
0.135494063811
0.13197657529
0.128516717594
0.125113963637
0.121767811385
0.118477782625
0.115243421778
0.112064294798
0.108939988109
0.105870107611
0.102854277733
0.0998921405354
0.0969833548604
0.0941275955234
0.0913245525489
0.0885739304437
0.0858754475083
0.0832288351822
0.0806338374232
0.078090210118
0.075597720522
0.0731561467283
0.0707652771624
0.068424910103
0.0661348532265
0.0638949231746
0.0617049451436
0.0595647524938
0.0574741863792
0.0554330953954
0.0534413352455
0.0514987684221
0.0496052639068
0.0477606968829
0.0459649484649
0.0442179054399
0.0425194600234
0.0408695096269
0.0392679566383
0.0377147082131
0.0362096760765
0.0347527763366
0.0333439293065
0.031983059337
0.0306700946578
0.0294049672274
0.0281876125915
0.0270179697494
0.0258959810282
0.0248215919638
0.0237947511897
0.0228154103317
0.0218835239104
0.0209990492484
0.0201619463852
0.0193721779962
0.0186297093192
0.0179345080847
0.0172865444526
0.0166857909535
0.0161322224353
0.0156258160144
0.0151665510316
0.0147544090131
0.0143893736353
0.0140714306949
0.0138005680822
0.0135767757602
0.0134000457464
0.0132703720999
0.0131877509123
0.0131521803024
0.0131636604157
0.0132221934274
0.0133277835496
0.0134804370432
0.013680162233
0.013926969528
0.0142208714451
0.0145618826374
0.0149500199271
0.0153853023425
0.0158677511593
0.0163973899471
0.0169742446203
0.0175983434936
0.0182697173427
0.0189883994702
0.0197544257765
0.0205678348363
0.0214286679804
0.0223369693838
0.0232927861592
0.024296168457
0.025347169572
0.0264458460561
0.0275922578388
0.0287864683542
0.0300285446758
0.0313185576595
0.0326565820945
0.0340426968623
0.0354769851057
0.0369595344061
0.0384904369712
0.0400697898326
0.0416976950544
0.0433742599526
0.0450995973263
0.0468738257017
0.0486970695882
0.0505694597485
0.052491133483
0.0544622349284
0.0564829153728
0.0585533335867
0.0606736561713
0.0628440579251
0.0650647222293
0.067335841454
0.0696576173843
0.0720302616703
0.0744539962987
0.0769290540911
0.0794556792266
0.082034127793
0.0846646683671
0.0873475826246
0.0900831659837
0.0928717282825
0.0957135944918
0.098609105468
0.101558618745
0.104562509369
0.107621170782
0.110735015749
0.11390447734
0.117130009966
0.120412090472
0.123751219293
0.127147921674
0.130602748961
0.134116279971
0.137689122431
0.141321914514
0.145015326458
0.148770062289
0.152586861637
0.156466501679
0.160409799192
0.164417612735
0.168490844974
0.172630445152
0.176837411724
0.181112795161
0.185457700943
0.189873292755
0.194360795897
0.198921500943
0.203556767639
0.2082680291
0.213056796293
0.217924662865
0.22287331032
0.227904513599
0.233020147083
0.23822219107
0.243512738768
0.248894003853
0.254368328648
0.259938192989
0.265606223845
0.271375205767
0.277248092262
0.283228018181
0.289318313236
0.295522516761
0.301844393877
0.308287953179
0.314857466156
0.321557488517
0.328392883637
0.335368848387
0.342490941588
0.349765115402
0.357197749974
0.364795691678
0.372566295311
0.380517470638
0.388657733616
0.396996262654
0.405542960153
0.414308519454
0.423304497188
0.432543390741
0.442038720374
0.451805115302
0.461858402903
0.472215699927
0.482895503541
0.493917777161
0.505304021144
0.517077313229
0.529262301887
0.541885139543
0.554973350785
0.568555635512
0.582661585416
0.597321214857
0.61256409379
0.628417814894
0.644905592443
0.662042903952
0.679833124227
0.698261969969
0.717290164533
0.736843206575
0.756797167443
0.776960662239
0.797055258995
0.816698684666
0.835397081939
0.852553518864
0.867493749943
0.87949534582
0.887773903416
0.891158543491
0.886913538953
0.873810335298
0.860534954322
0.849282060942
0.840001503186
0.832415415931
0.826213562094
0.82108424682
0.816714792603
0.812787517463
0.808978863188
0.804964585564
0.800431773878
0.795096628358
0.78872512351
0.781152320685
0.77229571068
0.762158945028
0.750824617318
0.738437696308
0.725183547987
0.711265234439
0.69688404224
0.682225734704
0.667453165522
0.652703747913
0.638089159025
0.623695785356
0.60958610848
0.595801345301
0.582365139944
0.56928831409
0.556574146518
0.5442222583
0.532229592108
0.520589825784
0.509293508414
0.498328840978
0.487682477904
0.477340295667
0.467288218443
0.457512807199
0.448001244363
0.438741156963
0.429720634191
0.420928324595
0.412353500438
0.403986076735
0.395816600835
0.3878362264
0.38003668013
0.372410225847
0.364949628386
0.3576481186
0.350499360131
0.343497418248
0.336636730835
0.329912081533
0.323318574923
0.31685161367
0.310506877466
0.304280303656
0.29816806942
0.292166575357
0.286272430386
0.280482437825
0.274793582558
0.269203019198
0.263708061148
0.258306170499
0.252994948672
0.247772127761
0.242635562503
0.237583222827
0.232613186932
0.227723634857
0.222912842487
0.218179175979
0.213521086558
0.208937105666
0.204425840425
0.199985969397
0.195616238622
0.191315457896
0.187082497295
0.182916283906
0.178815798761
0.174780073958
0.170808189951
0.166899273006
0.163052492801
0.159267060164
0.155542224951
0.151877274033
0.1482715294
0.144724346379
0.141235111934
0.137803243078
0.134428185356
0.131109411421
0.127846419679
0.124638733009
0.121485897553
0.118387481563
0.115343074317
0.112352285084
0.109414742144
0.106530091861
0.103697997803
0.100918139904
0.0981902136685
0.0955139294218
0.0928890115908
0.0903151980254
0.0877922393525
0.0853198983624
0.0828979494259
0.0805261779402
0.0782043798026
0.0759323609104
0.0737099366851
0.0715369316209
0.0694131788556
0.067338519762
0.0653128035607
0.0633358869514
0.0614076337634
0.0595279146225
0.0576966066359
0.055913593092
0.0541787631758
0.0524920116986
0.0508532388419
0.0492623499139
0.047719255119
0.0462238693394
0.0447761119274
0.04337590651
0.0420231808027
0.0407178664345
0.0394598987812
0.0382492168097
0.0370857629294
0.0359694828531
0.034900325466
0.0338782427023
0.032903189429
0.0319751233381
0.0310940048443
0.0302597969909
0.0294724653608
0.0287319779953
0.0280383053175
0.0273914200627
0.0267912972143
0.0262379139448
0.0257312495626
0.0252712854646
0.0248580050927
0.0244913938967
0.0241714393015
0.0238981306792
0.0236714593262
0.023491418445
0.0233580031306
0.023271210362
0.0232310389976
0.023237489776
0.0232905653209
0.0233902701509
0.0235366106939
0.0237295953061
0.0239692342956
0.0242555399513
0.0245885265758
0.024968210524
0.0253946102462
0.0258677463363
0.0263876415857
0.0269543210414
0.027567812071
0.0282281444319
0.0289353503472
0.0296894645872
0.0304905245567
0.0313385703889
0.0322336450462
0.0331757944264
0.0341650674778
0.0352015163196
0.0362851963712
0.0374161664888
0.0385944891099
0.0398202304068
0.041093460448
0.0424142533701
0.043782687558
0.0451988458358
0.0466628156678
0.0481746893704
0.0497345643361
0.0513425432678
0.0529987344273
0.054703251896
0.0564562158487
0.0582577528433
0.0601079961234
0.0620070859386
0.06395516988
0.0659524032332
0.0679989493502
0.0700949800392
0.0722406759755
0.0744362271329
0.0766818332373
0.0789777042437
0.081324060838
0.0837211349641
0.0861691703786
0.0886684232343
0.0912191626939
0.0938216715754
0.0964762470318
0.0991832012658
0.101942862283
0.104755574686
0.107621700505
0.110541620085
0.113515733004
0.116544459059
0.119628239294
0.122767537086
0.125962839295
0.129214657481
0.132523529176
0.135890019248
0.139314721327
0.142798259324
0.146341289032
0.14994449983
0.153608616482
0.157334401044
0.161122654901
0.164974220912
0.168889985704
0.172870882104
0.176917891733
0.181032047764
0.185214437869
0.189466207355
0.193788562521
0.198182774242
0.202650181807
0.207192197024
0.211810308624
0.216506086987
0.221281189213
0.226137364583
0.231076460421
0.236100428427
0.241211331489
0.246411351049
0.251702795052
0.257088106549
0.262569873002
0.268150836373
0.273833904047
0.279622160694
0.285518881131
0.291527544287
0.297651848351
0.303895727215
0.310263368281
0.316759231743
0.32338807139
0.330154957005
0.33706529835
0.344124870718
0.351339841955
0.3587168008
0.366262786359
0.373985318581
0.381892429743
0.389992697256
0.398295278268
0.406809946208
0.415547127778
0.424517936242
0.433734194586
0.443208442287
0.452953921852
0.46298454471
0.473314841877
0.483959914113
0.494935398251
0.506257440636
0.517942612877
0.530007659439
0.542468983433
0.55534184886
0.568639326593
0.582370997763
0.596541423418
0.611148425155
0.626181151627
0.641617634333
0.657421278722
0.673535823912
0.689878793105
0.706334090986
0.722744874878
0.738907992707
0.754571770351
0.769440473797
0.783188386207
0.795479781563
0.805987593502
0.814412246278
0.820493757761
0.823965061389
0.824207445292
0.819568442468
0.808479152298
0.797378361807
0.788023732208
0.780290834167
0.773974832584
0.768877046399
0.764810945786
0.761597335635
0.759057991194
0.757010132644
0.755262758784
0.753615528539
0.751860685664
0.749788217893
0.747193986428
0.743890028601
0.73971575938
0.734548505187
0.728311761604
0.720979762049
0.712577351687
0.703174868631
0.692878856677
0.681820562925
0.670144316997
0.657996908817
0.645518454289
0.632835618101
0.620058014673
0.60727760332
0.594570643792
0.582000588845
0.569619059337
0.557465778116
0.545569439713
0.533948832408
0.522613896416
0.5115666938
0.500803080641
0.490315785775
0.48009727787
0.470141086028
0.46044213344
0.450994948767
0.441791685299
0.432824221404
0.424084478996
0.415563592897
0.407252347762
0.399141596805
0.391222714861
0.383487822736
0.375929560994
0.368540861872
0.361314925602
0.354245264545
0.347325732084
0.340550528672
0.333914193893
0.32741159165
0.321037892467
0.314788554973
0.308659307607
0.302646131043
0.296745241581
0.290953075574
0.285266274925
0.279681673606
0.274196285154
0.268807291087
0.263512030176
0.258307988501
0.25319279024
0.248164189136
0.243220060566
0.238358394193
0.23357728713
0.228874937587
0.224249638956
0.219699774301
0.215223811222
0.210820297059
0.206487854417
0.202225176974
0.198031025564
0.19390422451
0.189843658179
0.185848267757
0.181917048218
0.178049045474
0.174243353697
0.1704991128
0.16681550606
0.16319175788
0.15962713168
0.156120927904
0.152672482139
0.149281163339
0.145946372139
0.142667539272
0.139444124062
0.136275612995
0.133161518376
0.130101377044
0.127094749162
0.124141217066
0.121240384173
0.118391873941
0.115595328893
0.112850409673
0.110156794165
0.107514176645
0.104922266983
0.102380789875
0.0998894841235
0.0974481019434
0.0950564083099
0.0927141803328
0.0904212066638
0.0881772869317
0.085982231206
0.0838358594853
0.0817380012117
0.0796884948085
0.0776871872402
0.0757339335942
0.073828596683
0.0719710466657
0.0701611606887
0.0683988225433
0.0666839223407
0.0650163562041
0.0633960259742
0.0618228389322
0.0602967075342
0.0588175491617
0.0573852858832
0.0559998442292
0.054661154979
0.0533691529584
0.0521237768494
0.0509249690091
0.0497726752999
0.0486668449288
0.0476074302961
0.0465943868528
0.0456276729678
0.0447072498019
0.043833081191
0.0430051335365
0.0422233757036
0.0414877789267
0.0407983167216
0.0401549648053
0.0395577010214
0.0390065052732
0.0385013594623
0.0380422474332
0.037629154925
0.0372620695278
0.036940980646
0.0366658794661
0.0364367589318
0.0362536137226
0.0361164402401
0.0360252365979
0.0359800026183
0.0359807398334
0.0360274514928
0.0361201425751
0.0362588198067
0.0364434916845
0.0366741685053
0.0369508623997
0.0372735873728
0.0376423593494
0.0380571962264
0.0385181179298
0.0390251464784
0.0395783060541
0.0401776230775
0.0408231262906
0.0415148468466
0.0422528184054
0.0430370772373
0.0438676623332
0.0447446155229
0.0456679816005
0.0466378084587
0.0476541472303
0.0487170524396
0.0498265821618
0.0509827981919
0.0521857662236
0.0534355560378
0.0547322417019
0.0560759017798
0.0574666195531
0.0589044832544
0.0603895863127
0.061922027612
0.0635019117626
0.0651293493872
0.0668044574215
0.0685273594295
0.0702981859355
0.0721170747729
0.0739841714498
0.0758996295339
0.0778636110563
0.0798762869352
0.0819378374215
0.0840484525659
0.08620833271
0.0884176890018
0.0906767439366
0.0929857319259
0.0953448998939
0.0977545079051
0.100214829823
0.102726154001
0.105288784014
0.107903039419
0.11056925656
0.113287789419
0.116059010497
0.11888331176
0.12176110562
0.124692825973
0.127678929299
0.130719895807
0.133816230661
0.136968465256
0.140177158577
0.143442898626
0.14676630394
0.150148025184
0.153588746844
0.157089189018
0.160650109311
0.164272304846
0.167956614397
0.171703920648
0.175515152599
0.179391288121
0.183333356671
0.187342442185
0.19141968616
0.195566290937
0.199783523203
0.204072717735
0.20843528139
0.212872697381
0.21738652984
0.22197842871
0.226650134973
0.23140348626
0.236240422847
0.241162994089
0.246173365298
0.251273825116
0.256466793383
0.261754829551
0.267140641632
0.272627095713
0.278217226017
0.283914245494
0.289721556899
0.295642764285
0.301681684832
0.307842360919
0.314129072393
0.320546349101
0.32709898396
0.333792047102
0.340630901758
0.347621222169
0.354769012596
0.362080624805
0.369562770499
0.377222526054
0.385067328712
0.39310496413
0.401343545343
0.40979148616
0.418457478955
0.427350491296
0.436479787229
0.445854953721
0.455485884379
0.465382666805
0.475555349728
0.486013609759
0.496766351527
0.507821240805
0.519184134299
0.530858401081
0.542844209306
0.555137857706
0.567731100425
0.580610240123
0.593754701172
0.607134908174
0.620709495462
0.634422036397
0.648197642428
0.661939898029
0.675528475544
0.688817867068
0.70163869106
0.713803783312
0.725118913529
0.735392894858
0.744442588327
0.752098857238
0.758217984212
0.762691845945
0.765431305383
0.766243530683
0.76463566265
0.759601481599
0.751346949827
0.742743975401
0.735116012578
0.728649514419
0.723276170019
0.718890039307
0.715383425941
0.712651931242
0.71059300383
0.709102997542
0.708074148378
0.707392054173
0.706934036492
0.706568696745
0.706156905567
0.705554342616
0.704615531834
0.703199116456
0.701173925613
0.698425245129
0.694860651053
0.690414798471
0.685052679466
0.678771072575
0.671598066664
0.663590381363
0.654827953072
0.645405961229
0.635426320432
0.624991458895
0.614204580411
0.603171696023
0.591989098897
0.580738949488
0.569486604145
0.558279846448
0.547170583768
0.536186980149
0.525351953112
0.514706611827
0.504273305603
0.494052724671
0.484062310934
0.474307770566
0.464790500717
0.455508734516
0.446455399678
0.437619039196
0.428989559511
0.420560911897
0.412328864287
0.40428700846
0.396427399747
0.388754391322
0.381258670618
0.37393169974
0.366770824071
0.359769945153
0.352922906945
0.346223675271
0.339666413252
0.333245788429
0.326957072762
0.320795867603
0.314757909955
0.308839068609
0.303035382461
0.297343082455
0.291758597017
0.286278548521
0.280899745603
0.275619173802
0.270433985727
0.265341491304
0.260339148398
0.255424553912
0.250595435412
0.24584964329
0.241185143435
0.236600010404
0.23209242105
0.22766064858
0.223303057021
0.219018096046
0.214804296155
0.210660264163
0.206584678987
0.2025762877
0.198633901844
0.194756393959
0.190942694341
0.187191787988
0.183502711737
0.179874551565
0.176306440053
0.172797553993
0.169347112135
0.165954373059
0.162618633167
0.159339224782
0.156115514357
0.152946900773
0.149832813731
0.146772712231
0.143766083125
0.140812439749
0.137911320619
0.135062288202
0.132264927739
0.129518846135
0.126823670894
0.124179049118
0.121584646545
0.119040146638
0.116545249717
0.114099672132
0.111703145478
0.109355415843
0.107056243093
0.104805400196
0.102602672568
0.10044785746
0.0983407633652
0.0962812094601
0.0942690250686
0.0923040491531
0.0903861298277
0.0885151238965
0.0866908964119
0.0849133202549
0.0831822757355
0.0814976502115
0.0798593377263
0.0782672386639
0.0767212594212
0.0752213120959
0.0737673141902
0.0723591883295
0.0709968619952
0.0696802672709
0.0684093406026
0.0671840225709
0.0660042576757
0.0648699941327
0.0637811836809
0.0627377814019
0.0617397455483
0.060787037384
0.0598796210331
0.0590174633387
0.0582005337312
0.0574288041054
0.0567022487061
0.0560208440222
0.0553845686895
0.0547934034008
0.0542473308244
0.0537463355296
0.0532904039204
0.0528795241761
0.0525136861989
0.052192881569
0.0519171035063
0.0516863468394
0.0515006079806
0.0513598849087
0.0512641771572
0.0512134858105
0.0512078135056
0.051247164441
0.0513315443919
0.0514609607324
0.051635422464
0.051854940251
0.0521195264624
0.0524291952212
0.0527839624601
0.0531838459843
0.0536288655416
0.0541190429
0.0546544019319
0.055234968707
0.0558607715916
0.0565318413575
0.0572482112975
0.0580099173498
0.0588169982316
0.0596694955806
0.0605674541064
0.0615109217504
0.0624999498566
0.0635345933514
0.0646149109343
0.0657409652791
0.0669128232467
0.0681305561088
0.0693942397838
0.0707039550856
0.0720597879845
0.0734618298822
0.0749101779005
0.0764049351841
0.0779462112196
0.0795341221689
0.08116879122
0.0828503489549
0.0845789337344
0.0863546921028
0.0881777792111
0.0900483592612
0.0919666059711
0.0939327030623
0.0959468447708
0.0980092363825
0.100120094794
0.1022796491
0.10448814121
0.106745826494
0.109052974458
0.111409869458
0.113816811436
0.116274116709
0.118782118784
0.121341169215
0.12395163851
0.126613917076
0.129328416211
0.132095569154
0.134915832182
0.137789685763
0.140717635778
0.143700214793
0.146737983414
0.149831531699
0.152981480663
0.156188483847
0.159453228992
0.162776439787
0.166158877736
0.169601344112
0.173104682033
0.176669778656
0.180297567501
0.183989030904
0.187745202621
0.191567170582
0.195456079814
0.19941313553
0.203439606402
0.207536828034
0.211706206625
0.21594922285
0.22026743595
0.224662488049
0.229136108682
0.233690119546
0.23832643945
0.243047089451
0.247854198145
0.252750007078
0.257736876225
0.2628172895
0.267993860274
0.273269336946
0.278646608709
0.284128711849
0.289718837017
0.295420337971
0.301236741794
0.307171759766
0.313229297078
0.31941345942
0.325728555509
0.332179095908
0.338769788605
0.345505530682
0.352391395015
0.359432613337
0.366634561762
0.374002758111
0.381542877684
0.38926078321
0.397162549526
0.405254454555
0.413542915082
0.422034366776
0.430735107988
0.439651129537
0.448787931815
0.458150301054
0.467742012133
0.477565467229
0.487621336237
0.49790827106
0.508422697027
0.519158589312
0.530107088509
0.541255829414
0.552587935326
0.564080695322
0.575703953984
0.587418319741
0.599173471469
0.610906809808
0.622542391204
0.633990090995
0.645145678079
0.65589318397
0.666110266694
0.675674960442
0.684469891431
0.692382037139
0.699303722657
0.705141675381
0.709827440655
0.71331828678
0.715554643234
0.716481941382
0.715922426925
0.713495385215
0.708745633895
0.702321547824
0.695612345708
0.689391960096
0.683946291036
0.679314691029
0.675460914015
0.67232926048
0.669859889785
0.667992419385
0.666665909434
0.66581764893
0.665381591598
0.665286822347
0.665456291974
0.665806010723
0.666244861478
0.666675152219
0.666993969496
0.667095325794
0.666873020001
0.666224053707
0.665052370113
0.663272624891
0.66081368949
0.657621626216
0.653661880263
0.648920360434
0.643403134284
0.637134910106
0.630157164714
0.62252818175
0.614324536947
0.605632891843
0.59653961512
0.587119042426
0.577411059117
0.567501081682
0.557478077337
0.547412219401
0.537341999098
0.527309701431
0.51736443953
0.507536583028
0.497843163427
0.488289437023
0.478883620381
0.469643617634
0.460588222918
0.451720996706
0.443052675653
0.434578402957
0.426292118092
0.418195136031
0.410291873442
0.402576603033
0.395039728971
0.387670384989
0.380462486188
0.37340324244
0.366492513867
0.359732287952
0.353119728657
0.346650436014
0.34032025317
0.334124699188
0.328059070951
0.322118820469
0.316299868488
0.310598493971
0.305011005264
0.299533623598
0.294162618224
0.288894649702
0.283726855186
0.278656541722
0.273681034068
0.26879770397
0.264004013247
0.259297534511
0.254675957365
0.25013708775
0.245678844308
0.24129925352
0.23699644442
0.232768643272
0.228614168381
0.224531425122
0.220518901218
0.216575162289
0.212698847652
0.208888666379
0.205143393584
0.201461866948
0.197842983438
0.194285696234
0.190789011835
0.187351987335
0.183973727853
0.180653384121
0.177390150198
0.174183261315
0.171031991845
0.167935653372
0.164893592875
0.161905191001
0.158969860428
0.156087044321
0.153256214852
0.150476871813
0.147748541277
0.145070774346
0.142443145941
0.139865253663
0.137336716707
0.134857174816
0.1324262873
0.130043732089
0.127709204835
0.125422418051
0.123183100294
0.120990995384
0.118845861654
0.116747471235
0.11469560938
0.11269007381
0.11073067409
0.108817231038
0.106949576155
0.105127551084
0.103351007089
0.101619804565
0.0999338125617
0.0982929083325
0.0966969769051
0.0951459106699
0.0936396089883
0.0921779778188
0.0907609293607
0.0893883817157
0.088060258564
0.086776488858
0.0855370065301
0.0843417502154
0.083190662989
0.0820836921162
0.0810207888171
0.080001908043
0.0790270082657
0.0780960512796
0.0772090020141
0.0763658283587
0.0755665009986
0.0748109932612
0.0740992809731
0.0734313423278
0.0728071577627
0.0722267098462
0.0716899831752
0.0711969642805
0.0707476415427
0.0703420051165
0.0699800468644
0.0696617602987
0.0693871405323
0.0691561842389
0.0689688896199
0.068825256382
0.0687252857211
0.0686689803157
0.0686563443286
0.0686873834161
0.0687621047462
0.068880517025
0.0690426305309
0.0692484571581
0.0694980104673
0.0697913057459
0.0701283600766
0.0705091924141
0.0709338236711
0.0714022768131
0.0719145769622
0.0724707515102
0.0730708302409
0.0737148454622
0.0744028321476
0.0751348280882
0.0759108740543
0.0767310139682
0.0775952950871
0.0785037681973
0.0794564878194
0.0804535124259
0.0814949046701
0.0825807316273
0.0837110650493
0.0848859816314
0.0861055632932
0.0873698974738
0.0886790774404
0.0900332026133
0.091432378905
0.0928767190761
0.094366343108
0.095901378592
0.0974819611376
0.0991082347976
0.100780352515
0.102498476586
0.104262779151
0.106073442697
0.107930660593
0.109834637645
0.11178559067
0.113783749109
0.115829355651
0.117922666901
0.120063954064
0.122253503671
0.124491618327
0.126778617504
0.12911483836
0.131500636602
0.133936387388
0.136422486263
0.138959350152
0.141547418386
0.144187153786
0.146879043792
0.14962360165
0.152421367652
0.155272910441
0.158178828374
0.161139750954
0.164156340333
0.167229292885
0.170359340859
0.173547254114
0.176793841934
0.180099954935
0.18346648706
0.186894377672
0.190384613733
0.193938232092
0.19755632186
0.201240026879
0.204990548281
0.20880914713
0.212697147123
0.216655937352
0.220686975089
0.224791788589
0.228971979864
0.233229227457
0.237565289196
0.241982005033
0.246481300117
0.251065188358
0.255735776796
0.260495270991
0.265345981278
0.270290329179
0.275330852835
0.280470210476
0.285711181719
0.291056667234
0.296509687274
0.302073378628
0.307750988733
0.313545866118
0.319461448394
0.325501251748
0.331668867603
0.337967971248
0.344402342529
0.350975891052
0.357692671595
0.36455687526
0.371572789935
0.378744734845
0.386076981181
0.393573670205
0.401238731788
0.409075791999
0.417088046955
0.42527808735
0.433647688729
0.44219761407
0.450927475434
0.45983566255
0.468919295684
0.478174133
0.487594368277
0.497172282398
0.506897739111
0.516757507228
0.526734377819
0.536806130653
0.546944552738
0.557114707871
0.56727442007
0.577373724813
0.587354197401
0.597148582418
0.606681582312
0.615872412856
0.624638765025
0.632900633293
0.640581813007
0.647608496514
0.653908707596
0.659417442271
0.664084282131
0.667873083476
0.670752680633
0.672706710834
0.673712742177
0.673686067451
0.672439737978
0.669777711616
0.665509123925
0.660304087027
0.654891723018
0.649739749264
0.645099292334
0.64105828616
0.637625452025
0.634779518223
0.632488790342
0.630718057594
0.629430703895
0.628588943359
0.628153280689
0.628081654252
0.628328488844
0.628843803412
0.62957249063
0.630453870943
0.631421606034
0.632404029802
0.633324921451
0.634104712123
0.634662086868
0.634915910863
0.6347873659
0.634202216987
0.633093482803
0.631404437557
0.629090188095
0.626118449168
0.622471375854
0.618147134166
0.613158679687
0.607529429476
0.601287026561
0.594461738952
0.587114696081
0.579327955531
0.571191769979
0.562769152577
0.554120178364
0.545303943907
0.536359471684
0.527338698821
0.518262783732
0.509187461218
0.50016052299
0.491207057126
0.482361582469
0.473625889476
0.465025959205
0.45656761938
0.448238220867
0.440042124312
0.431997320035
0.424111595533
0.416392703408
0.408841177416
0.401453709781
0.394226950354
0.387158449261
0.380246670281
0.373489511885
0.366882983159
0.360421863194
0.354100259788
0.347912057462
0.341851654993
0.335914654995
0.330098382411
0.324401188898
0.318821282914
0.313356242
0.308003138921
0.302758791718
0.297619906622
0.292583109379
0.287645031904
0.282802714639
0.278053748115
0.273395814153
0.268826468887
0.264343147612
0.259943266069
0.2556246261
0.251385502848
0.247224216915
0.243139022878
0.239128179861
0.235189997566
0.231322853659
0.22752519875
0.223795556494
0.220132521739
0.216534757898
0.213000994022
0.209530021825
0.20612069274
0.202771915077
0.199482651287
0.196251915357
0.193078770337
0.189962325979
0.186901736511
0.183896198515
0.180944948922
0.178047263107
0.175202453079
0.172409865771
0.169668881406
0.166978911951
0.164339399642
0.161749815587
0.159209658427
0.156718453065
0.154275749457
0.151881121453
0.149534165693
0.147234500556
0.144981765148
0.142775618341
0.140615737852
0.138501819363
0.136433575674
0.134410735897
0.132433044685
0.130500261483
0.128612159826
0.126768526655
0.124969161664
0.123213876674
0.121502495036
0.119834851055
0.11821078944
0.116630164777
0.115092841021
0.113598691015
0.112147596026
0.110739445299
0.109374135637
0.108051570992
0.106771662077
0.105534325999
0.104339485903
0.103187070636
0.102077014427
0.101009256583
0.0999837411939
0.0990004168647
0.0980592364491
0.0971601568053
0.0963031385624
0.0954881459014
0.0947151463484
0.0939841105817
0.0932950122504
0.0926478278063
0.0920425363479
0.0914791194754
0.090957561159
0.090477847617
0.0900399672071
0.0896439103275
0.0892896693302
0.0889772384442
0.0887066137109
0.0884777929288
0.0882907756106
0.088145562949
0.0880421577949
0.0879805646446
0.0879607896387
0.0879828405704
0.0880467269052
0.0881524598102
0.0883000521944
0.0884895187593
0.08872087606
0.0889941425771
0.0893093387986
0.0896664873136
0.0900656129153
0.0905067427167
0.0909899062754
0.0915151357314
0.0920824659543
0.0926919347039
0.0933435828003
0.0940374543077
0.0947735967289
0.0955520612122
0.096372902771
0.097236180516
0.0981419578997
0.0990903029747
0.100081288665
0.101114993051
0.102191499669
0.103310897824
0.104473282919
0.105678756797
0.106927428102
0.108219412651
0.109554833824
0.110933822979
0.112356519867
0.113823073083
0.115333640525
0.116888389871
0.118487499085
0.120131156933
0.121819563524
0.123552930877
0.125331483503
0.127155459014
0.12902510876
0.13094069848
0.132902508995
0.134910836915
0.136965995378
0.139068314824
0.141218143792
0.143415849752
0.145661819975
0.147956462426
0.150300206708
0.152693505031
0.155136833225
0.157630691797
0.16017560702
0.162772132077
0.165420848238
0.168122366089
0.170877326805
0.173686403467
0.176550302429
0.17946976472
0.1824455675
0.185478525545
0.188569492766
0.191719363761
0.194929075376
0.198199608281
0.20153198853
0.204927289117
0.208386631508
0.211911187167
0.215502179106
0.219160883542
0.222888631788
0.226686812546
0.230556874757
0.234500331062
0.238518761645
0.242613817989
0.246787225883
0.251040787287
0.255376381042
0.25979596285
0.264301564773
0.268895294064
0.273579330555
0.27835592182
0.283227376036
0.28819605372
0.293264360792
0.2984347462
0.303709707003
0.30909180185
0.314583669937
0.320188048442
0.325907779679
0.331745801936
0.337705123657
0.343788785511
0.349999816587
0.35634119003
0.36281578085
0.369426323256
0.376175357128
0.383065149465
0.390097585222
0.397274041205
0.404595272371
0.412061337368
0.41967156824
0.427424563028
0.435318169009
0.443349432766
0.451514505817
0.459808490002
0.468225175636
0.476756614023
0.485392537186
0.494119729343
0.502921474432
0.511777165638
0.520662063362
0.52954705378
0.538398250151
0.547176443087
0.555836655734
0.564328304699
0.572596392018
0.580583658608
0.588233156131
0.595490320408
0.602303383559
0.608621952243
0.614396030481
0.619578413738
0.624129685513
0.62802008821
0.631225943339
0.633729654619
0.635524001649
0.63659747099
0.636914679038
0.636382581757
0.634861372938
0.632232335233
0.628473249988
0.624118266804
0.619607349986
0.615247239038
0.611233103199
0.607662527242
0.604568408382
0.601951494572
0.59979845918
0.598090058205
0.596804484995
0.595918564979
0.595407958673
0.595246887474
0.595407624359
0.595859880106
0.596570172157
0.597501248145
0.598611630439
0.599855341772
0.601181859717
0.602536328671
0.603860035695
0.605091137233
0.606165609082
0.6070183688
0.607584462887
0.607800316967
0.607606136592
0.606948650187
0.605780313435
0.604064329372
0.601769948878
0.598861805642
0.595340869208
0.591212103708
0.58650512355
0.58124211583
0.57545880053
0.569180586245
0.562466394434
0.555389155249
0.548001484435
0.540365583294
0.532548753433
0.524592455787
0.516534263933
0.508408521311
0.500233315202
0.492030976089
0.483847567577
0.475718313935
0.467669769166
0.459721860982
0.451882141523
0.444149083963
0.436532190867
0.429032867763
0.421662846743
0.414423100552
0.407305349735
0.400313531856
0.393462110722
0.3867592203
0.380199291737
0.373771131618
0.367475045317
0.361313034272
0.355280076845
0.349378288563
0.343606524735
0.337960807921
0.332435966453
0.327027192327
0.321730096547
0.316540751579
0.31145563011
0.306471071586
0.3015850362
0.296796689622
0.292104869139
0.287507743433
0.283003092517
0.278588559239
0.274261767669
0.270020358468
0.265861947016
0.261783954844
0.25778379977
0.253859915004
0.250011003477
0.246235465521
0.242531581522
0.238897521448
0.235331275094
0.231831305784
0.228396702798
0.225026384765
0.221719140009
0.218473756004
0.215289058086
0.212163919333
0.209097262472
0.206088059283
0.203135329147
0.200238137293
0.197395592962
0.194606847572
0.191871092919
0.189187559446
0.186555514579
0.18397426112
0.181443135725
0.178961507437
0.176528776285
0.174144371952
0.171807752493
0.169518403111
0.167275834988
0.165079584166
0.162929210472
0.160824296491
0.15876444658
0.156749285922
0.154778459621
0.152851631828
0.15096848491
0.149128718638
0.147332049422
0.145578209566
0.143866946552
0.142198022357
0.140571212787
0.138986306845
0.13744310612
0.135941424195
0.134481086084
0.133061927685
0.131683795258
0.130346544922
0.12905004217
0.127794161403
0.126578785489
0.125403805329
0.124269119452
0.123174633617
0.122120260443
0.121105919043
0.120131534686
0.119197038467
0.118302366996
0.117447462103
0.116632270553
0.115856743787
0.115120837664
0.114424512228
0.113767731483
0.113150463189
0.112572678663
0.112034352602
0.111535462918
0.111075990581
0.110655919482
0.110275236308
0.109933930431
0.109631993804
0.109369420881
0.109146208539
0.108962356021
0.108817864891
0.108712738996
0.108646984448
0.108620609614
0.108633625123
0.108686043882
0.108777881105
0.108909154361
0.109079883622
0.109290091339
0.10953980252
0.109829044824
0.110157848669
0.11052624735
0.110934277176
0.111381977609
0.111869391429
0.112396564902
0.112963547964
0.113570394424
0.114217162168
0.11490391339
0.115630714826
0.116397638007
0.117204759522
0.118052161301
0.118939930907
0.119868161837
0.120836953853
0.121846413309
0.122896653509
0.123987795064
0.125119966281
0.126293303551
0.127507951764
0.128764064737
0.130061805654
0.131401347527
0.132782873672
0.134206578206
0.13567266655
0.137181355968
0.138732876107
0.140327469565
0.14196539248
0.143646915132
0.145372322567
0.147141915249
0.148956009722
0.150814939306
0.152719054799
0.154668725224
0.156664338576
0.158706302607
0.160795045633
0.162931017357
0.165114689721
0.167346557781
0.169627140599
0.17195698216
0.174336652299
0.176766747649
0.179247892598
0.181780740249
0.184365973381
0.187004305406
0.189696481315
0.192443278609
0.195245508231
0.1981040155
0.2010196811
0.203993422165
0.207026193565
0.210118989453
0.213272845152
0.216488839335
0.219768096323
0.223111788238
0.226521136677
0.229997413767
0.233541942646
0.237156097552
0.240841303654
0.244599036524
0.248430820883
0.252338228192
0.256322872893
0.260386407566
0.264530517877
0.26875691872
0.273067353288
0.277463596738
0.281947465145
0.286520828638
0.291185625179
0.295943869939
0.300797655921
0.30574914429
0.310800546139
0.315954099091
0.321212041908
0.326576589264
0.332049908006
0.337634094615
0.343331150299
0.349142946289
0.355071171809
0.361117263865
0.367282328837
0.373567073091
0.37997175766
0.386496180813
0.393139680147
0.399901143557
0.40677902621
0.413771367648
0.420875771432
0.428089283473
0.435408142108
0.442827442128
0.4503407783
0.457939911563
0.465614481293
0.473351788585
0.481136660491
0.488951341326
0.496775315211
0.504585008734
0.512353385265
0.520049545347
0.527638625953
0.535082283005
0.542339789879
0.549369604987
0.556131099217
0.562585792859
0.568697356751
0.57443050468
0.579750103092
0.58462174238
0.589014349432
0.592902764656
0.596266346669
0.599086456506
0.601349227902
0.603047780575
0.604177422321
0.604729016496
0.604666810272
0.603894116108
0.602317075803
0.599839769328
0.596548011903
0.592819170299
0.588960291667
0.585191419368
0.581663427863
0.578467793816
0.575647899829
0.573217806966
0.571176302234
0.569514738977
0.568220894696
0.567280722648
0.56667903787
0.566399653377
0.566425219562
0.566736896967
0.567313937268
0.568133224224
0.569168818592
0.57039154945
0.571768693581
0.573263780464
0.57483655085
0.576443082152
0.578036078661
0.579565318324
0.580978260366
0.582220841915
0.583238467039
0.58397692466
0.584382314391
0.584404087458
0.583997099961
0.583118505668
0.581734114253
0.57984041399
0.577416144618
0.574397261172
0.570810807818
0.566714511281
0.56213595601
0.557107583176
0.551649333038
0.545810924553
0.539624612755
0.533133061529
0.526405278387
0.519464012015
0.512357680681
0.505141179375
0.49785578958
0.490515365813
0.483131382066
0.475709603574
0.468289524056
0.460914621183
0.453610146992
0.446385314421
0.439242741821
0.432199116271
0.425264042541
0.418441492501
0.411726637678
0.405114547344
0.398609614285
0.39221810758
0.385944678749
0.37977969547
0.373716457011
0.367777161891
0.36196818285
0.35628287814
0.350717107415
0.345265376151
0.339924924007
0.334695747446
0.329575048488
0.32456116635
0.31965687309
0.314859418677
0.310165241589
0.305571236039
0.301071989675
0.296660253884
0.29233926391
0.288105642988
0.283953739082
0.279882191689
0.275892488996
0.271984140214
0.268155669798
0.264405271853
0.260731084401
0.257131273626
0.253604061184
0.25014773267
0.246760636262
0.243441147555
0.240186718925
0.236995259025
0.233867129634
0.230801115202
0.227795950169
0.224850404918
0.221963224231
0.2191324456
0.216356994646
0.213636795972
0.210970976065
0.208358614501
0.205798820741
0.20329074104
0.200833558643
0.198426492787
0.196068797416
0.193759759859
0.191498699523
0.189284966623
0.18711794096
0.184997030755
0.182921671516
0.180891324966
0.178905478007
0.176963641725
0.175065350441
0.173210160794
0.171397650858
0.169627419301
0.167899084568
0.166212284099
0.16456667357
0.162961926172
0.161397731905
0.159873796903
0.158389842783
0.156945606012
0.155540837306
0.154175301038
0.152848774677
0.151561048235
0.150311923751
0.149101214773
0.147928745871
0.14679435217
0.145697878884
0.144639180888
0.143618122291
0.14263457603
0.141688423483
0.140779554093
0.139907865014
0.139073260763
0.138275652896
0.137514959694
0.136791105872
0.136104022286
0.135453645678
0.134839918417
0.13426278826
0.133722208138
0.13321813594
0.132750534323
0.132319370535
0.131924616252
0.131566247423
0.131244244145
0.130958590536
0.130709274634
0.130496288303
0.130319627162
0.13017929052
0.13007528133
0.13000760616
0.129976275168
0.129981302108
0.130022704333
0.130100502828
0.130214722242
0.130365390951
0.130552541119
0.130776208785
0.13103643396
0.131333260737
0.131666737416
0.132036916646
0.132443855574
0.132887616018
0.133368264642
0.133885873156
0.134440518523
0.135032283179
0.135661255276
0.136327528925
0.137031204463
0.137772388728
0.138551195354
0.139367745068
0.140222166015
0.141114594084
0.142045173256
0.143014055958
0.14402140344
0.145067386153
0.146152184157
0.147275987523
0.148438996765
0.149641423281
0.1508834898
0.152165430853
0.153487493255
0.154849936594
0.156253033745
0.15769707139
0.159182350552
0.160709187143
0.162277912531
0.163888874108
0.165542435879
0.167238979061
0.168978902687
0.170762624223
0.17259058019
0.174463226792
0.17638104054
0.178344518885
0.180354180839
0.18241056759
0.184514243121
0.186665794809
0.188865834048
0.191114996871
0.19341394464
0.195763364797
0.198163971752
0.200616507925
0.203121744943
0.205680484969
0.208293562047
0.21096184333
0.213686230059
0.216467658235
0.219307098996
0.222205558769
0.22516407924
0.22818373709
0.231265643365
0.23441094228
0.237620809369
0.240896449002
0.244239091579
0.247649990914
0.25113042258
0.254681684122
0.258305097968
0.262002017442
0.265773835281
0.269621992859
0.273547987332
0.277553374068
0.281639763075
0.28580881005
0.29006220395
0.294401653079
0.298828870829
0.303345561469
0.307953406097
0.312654048861
0.317449082705
0.32234003203
0.327328327811
0.332415271424
0.337601987813
0.342889374768
0.348278059473
0.353768373709
0.359360355246
0.365053775647
0.370848183562
0.376742939245
0.382737213245
0.388829939512
0.395019730821
0.401304761807
0.407682616918
0.41415010788
0.420703079098
0.427336220388
0.43404289747
0.440815011543
0.447642905621
0.454515315573
0.461419321431
0.468340239657
0.475261414385
0.482163893227
0.489026052917
0.495823355117
0.502528438178
0.50911166031
0.515542100884
0.521788883851
0.527822451032
0.533615266469
0.539141682952
0.54437712683
0.549296860824
0.553875283562
0.558087303866
0.561910938433
0.565327630778
0.568319895934
0.570869938252
0.572964025307
0.574599668054
0.575774074422
0.576490734751
0.576738351503
0.57645474325
0.575571195102
0.574050019712
0.571806127622
0.568924695036
0.565682297805
0.562315836856
0.558998111466
0.555850460116
0.552954770413
0.550357662854
0.548080799492
0.546130952497
0.544506744569
0.543202489792
0.542210204047
0.541520581909
0.5411234034
0.541007618847
0.541161243323
0.541571132805
0.542222685483
0.543099499101
0.544183011286
0.545452150113
0.54688302383
0.548448679028
0.550118952977
0.551860435311
0.553636532745
0.555407593497
0.557130997808
0.558761123143
0.560249396987
0.561545454514
0.562600979649
0.563372129083
0.563816234432
0.563882097874
0.563518801569
0.562723535274
0.561477746729
0.5597635259
0.557551452906
0.55482870172
0.551631907983
0.547985530547
0.543926119601
0.539482711011
0.53467210914
0.529514623117
0.524051065412
0.518314330722
0.512338986466
0.506176548479
0.499860502061
0.493416404947
0.486870747366
0.480243758136
0.473587094882
0.46692293136
0.46025486377
0.453580207937
0.446911567736
0.440273319527
0.433709031794
0.427231153804
0.420824727553
0.414507833424
0.408290550561
0.402174262037
0.396168811333
0.390268240787
0.384457218209
0.378734071043
0.373105287483
0.367575079365
0.362149823046
0.356828843572
0.351611696629
0.346500231216
0.341495744159
0.336595903495
0.331799797707
0.327106419095
0.322509810637
0.3180090586
0.313602894198
0.309290675795
0.305071422267
0.300942938458
0.296903468756
0.292950572339
0.289082280948
0.285296643248
0.281590524197
0.277962110795
0.27441015351
0.270931666098
0.267519853172
0.264173834905
0.260897027917
0.257689725294
0.254550618414
0.251478234789
0.248471101285
0.245527780226
0.242646880122
0.239827058024
0.237067017184
0.234365497147
0.231721234171
0.229132785778
0.226598550943
0.224117893235
0.221690240725
0.21931473116
0.216990455162
0.214716505448
0.212491882037
0.210315073447
0.208185670367
0.206103392793
0.204067567824
0.202077504327
0.200132531927
0.198232005796
0.19637530705
0.194561842226
0.192791042538
0.191062363054
0.189375281885
0.187729299378
0.186123937345
0.18455873831
0.183033264787
0.181547098584
0.180099840131
0.178691107839
0.177320537476
0.175987781567
0.174692508818
0.17343440356
0.172213165211
0.171028507758
0.169880159257
0.168767861353
0.16769136881
0.166650449067
0.165644881801
0.164674458512
0.163738982119
0.162838266571
0.161972136475
0.161140426739
0.160342982223
0.15957965741
0.15885031609
0.158154831053
0.157493083804
0.156864964282
0.1562703706
0.155709208796
0.155181392597
0.154686843198
0.154225489052
0.153797265677
0.153402115475
0.153039987566
0.152710837631
0.15241462778
0.152151326419
0.151920908141
0.151723353632
0.151558649583
0.151426788622
0.15132776926
0.151261595849
0.151228278551
0.151227833332
0.151260281957
0.151325652004
0.151423976898
0.15155529595
0.151719654412
0.151917103549
0.152147700722
0.152411509486
0.1527085997
0.153039047649
0.153402936185
0.153800354873
0.154231400156
0.154696175533
0.155194791744
0.155727366972
0.156294027058
0.156894905723
0.15753014481
0.158199894531
0.158904313728
0.159643570145
0.160417840715
0.161227311849
0.16207217975
0.162952650723
0.163868941505
0.164821279602
0.165809903637
0.166835063703
0.167897021736
0.168996051882
0.170132440885
0.171306488474
0.172518507762
0.173768825646
0.175057783215
0.176385736161
0.17775305519
0.179160126433
0.180607351861
0.182095149692
0.183623954797
0.185194219115
0.18680641205
0.188461020899
0.190158551287
0.191899527632
0.193684493672
0.19551401305
0.197388669979
0.199309069977
0.201275840659
0.203289632513
0.205351119637
0.207461000347
0.209619997647
0.211828859549
0.214088359246
0.21639929516
0.218762490837
0.221178794648
0.223649079229
0.226174240629
0.228755197157
0.231392888039
0.23408827205
0.236842326437
0.239656046508
0.242530446318
0.245466560846
0.248465449758
0.251528202448
0.254655943409
0.257849836575
0.261111087254
0.264440940899
0.26784067882
0.27131161173
0.274855072205
0.278472406806
0.282164968025
0.285934105815
0.289781158499
0.293707443152
0.297714245668
0.301802810178
0.305974326421
0.310229913076
0.314570596197
0.318997284933
0.323510749816
0.328111609308
0.332800326823
0.337577215096
0.342442441496
0.347396028846
0.352437850111
0.357567618358
0.362784873091
0.368088959951
0.373478994891
0.378953800945
0.384511811557
0.390150947944
0.395868487869
0.401660940668
0.407523935571
0.413452131666
0.419439167477
0.425477662998
0.431559250372
0.437674567174
0.443813149029
0.449963203633
0.45611128372
0.462241918175
0.468337333765
0.474377422003
0.480340046925
0.486201728199
0.491938653842
0.497527810391
0.502947892245
0.508179696493
0.513205700683
0.518008721892
0.522570398263
0.526870623511
0.530888578461
0.534604824841
0.538002332518
0.541065194707
0.543777436139
0.546124716219
0.548095837822
0.549682803816
0.550891809983
0.551731178375
0.552192273951
0.552239471188
0.551807536755
0.550900937253
0.549492363557
0.547494666719
0.544989908237
0.542144966949
0.539166662323
0.5362027971
0.533356994951
0.530702887526
0.528287320092
0.526136174243
0.524261509306
0.522667075872
0.521351856159
0.520312131148
0.519542614058
0.5190370287
0.518788360247
0.518788907208
0.519030206657
0.519502874116
0.520196383663
0.521098806612
0.522196524643
0.523473933649
0.524913156288
0.526493783287
0.528192664979
0.529983774522
0.531838160714
0.533723986088
0.535606462245
0.537446280842
0.539198180909
0.540816593115
0.542255961409
0.543481920841
0.544454506036
0.545131820791
0.545467473239
0.54541996505
0.544984435038
0.544159126297
0.542925816002
0.541261581708
0.53916874557
0.536658081589
0.533745739079
0.530455255744
0.526803881713
0.52281854135
0.518525415952
0.513911893183
0.50903388523
0.503929244279
0.49861714888
0.49311278064
0.487471265705
0.481716978768
0.475840034774
0.469881519849
0.46386458398
0.457825238797
0.451788332897
0.445765454839
0.439743117549
0.433733315317
0.427747820887
0.421797023488
0.415919972508
0.410124768715
0.404408725534
0.398766331643
0.393202995734
0.387730601911
0.38235811564
0.377086261346
0.371911816576
0.366824818141
0.361818483685
0.356891242898
0.352049266667
0.34729853716
0.342642247419
0.338080603669
0.333612114294
0.32923625278
0.324953384317
0.320762762912
0.316662801367
0.312651249323
0.30872549473
0.304883536076
0.301124408813
0.297447497352
0.29385198818
0.290336575899
0.286899536039
0.283538707018
0.280250905561
0.277034938456
0.273890311779
0.270815428242
0.267808693999
0.264868687388
0.261993831545
0.259181945755
0.256428490505
0.253730354229
0.251091085312
0.248511022913
0.245989273484
0.243524751876
0.241116334872
0.238762905636
0.236463369576
0.234216659934
0.232021738564
0.22987759335
0.22778323203
0.225737672948
0.22373994286
0.221789112486
0.219884363741
0.218024982661
0.216210282044
0.214439561297
0.212712100638
0.211027152459
0.209383954389
0.207781849876
0.206220335828
0.204698923727
0.20321709305
0.201774314051
0.200370064405
0.199003836067
0.197675137802
0.196383496005
0.195128454807
0.193909575895
0.192726438181
0.191578637423
0.190465785817
0.189387511581
0.18834345855
0.187333285773
0.186356667122
0.185413290918
0.184502859561
0.183625089186
0.182779709318
0.181966462554
0.181185104245
0.1804354022
0.179717136398
0.179030098712
0.178374092648
0.177748933093
0.177154446075
0.176590468534
0.176056848104
0.175553442912
0.175080121375
0.174636762024
0.174223253326
0.173839493521
0.173485390477
0.173160861541
0.172865833417
0.172600242041
0.17236403248
0.172157158827
0.171979584121
0.171831280269
0.171712227982
0.171622416722
0.171561844657
0.171530518634
0.171528454153
0.171555675359
0.171612215042
0.171698114652
0.171813424315
0.17195820287
0.172132517911
0.172336445841
0.172570071935
0.172833490418
0.173126804545
0.173450126698
0.173803578493
0.174187290889
0.174601404316
0.175046068808
0.175521444145
0.176027700003
0.176565016118
0.177133582452
0.177733599372
0.178365277834
0.179028839577
0.17972451732
0.180452554972
0.181213207842
0.182006742858
0.182833438792
0.183693586482
0.184587489069
0.185515462226
0.186477834393
0.187474947019
0.188507154792
0.189574825886
0.190678342199
0.191818099601
0.19299450819
0.194207992558
0.195458992086
0.196747961256
0.198075370004
0.199441704103
0.200847465592
0.202293173212
0.203779362862
0.205306588029
0.206875420169
0.208486449029
0.210140282889
0.211837548719
0.213578892251
0.215364977955
0.217196488915
0.219074126582
0.220998610399
0.222970677304
0.224991081129
0.227060591984
0.229179995701
0.231350093516
0.233571702145
0.235845654447
0.238172800815
0.24055401129
0.242990178217
0.24548221902
0.248031078471
0.250637729869
0.253303174695
0.256028440714
0.258814578815
0.261662659078
0.264573766515
0.267548996735
0.270589451489
0.273696233921
0.276870443426
0.280113170242
0.283425490141
0.286808459506
0.290263110454
0.293790444823
0.297391425303
0.301066962493
0.3048178984
0.308644988864
0.312548888563
0.316530141742
0.320589179652
0.324726322853
0.328941784732
0.33323567312
0.337607989212
0.342058624462
0.346587354997
0.351193829122
0.355877539568
0.36063777256
0.365473533034
0.370383455269
0.375365712974
0.380417939876
0.385537167089
0.390719784646
0.395961538955
0.401257569016
0.406602452095
0.411990200648
0.417414169609
0.422866881582
0.42833979425
0.433823023853
0.439305061349
0.444772562557
0.450210301553
0.455601359168
0.460927617421
0.466170593171
0.471312481178
0.476337052991
0.481229976704
0.485978354766
0.4905697115
0.494990879654
0.499227193588
0.503262322058
0.507078990207
0.51066042136
0.513991371767
0.517057571558
0.519844368167
0.522334817455
0.524513926287
0.526379573167
