1.0
0.999630813896
0.998524021998
0.99668192107
0.994108330786
0.990808581372
0.986789496373
0.982059370622
0.976627943514
0.970506367672
0.963707173171
0.956244227435
0.948132691014
0.939388969383
0.930030661007
0.920076501853
0.909546306601
0.89846090679
0.886842086146
0.874712513368
0.862095672639
0.849015792144
0.83549777088
0.821567104054
0.807249807358
0.792572340431
0.777561529786
0.762244491521
0.746648554087
0.730801181424
0.71472989674
0.698462207212
0.682025529889
0.665447119057
0.648753995315
0.631972876618
0.615130111501
0.598251614722
0.581362805513
0.564488548633
0.547653098404
0.530880045886
0.514192269331
0.497611888045
0.481160219768
0.464857741664
0.448724054996
0.432777853538
0.417036895773
0.401517980891
0.386236928599
0.371208562728
0.356446698611
0.341964134185
0.327772644763
0.313882981404
0.300304872784
0.287047030473
0.274117157511
0.261521960144
0.249267162594
0.237357524715
0.225796862376
0.214588070416
0.203733147995
0.193233226168
0.183088597499
0.173298747532
0.163862387941
0.154777491147
0.146041326237
0.137650495981
0.129600974764
0.121888147236
0.114506847515
0.107451398747
0.100715652848
0.0942930302703
0.0881765596107
0.0823589169214
0.0768324645561
0.0715892894191
0.0666212404782
0.061919965416
0.0574769463027
0.0532835341809
0.0493309824659
0.0456104790703
0.0421131771752
0.0388302245777
0.0357527915554
0.0328720971973
0.0301794341613
0.0276661918272
0.0253238778231
0.0231441379125
0.021118774238
0.0192397619255
0.0174992640617
0.0158896450629
0.0144034824634
0.0130335771557
0.0117729621226
0.0106149097055
0.00955293745955
0.00858081265035
0.00769255545138
0.00688244090383
0.00614499970491
0.00547501789246
0.00486753549575
0.004317844224
0.00382148426504
0.00337424026716
0.00297213657719
0.00261143180756
0.00228861280436
0.00200038808711
0.00174368082968
0.00151562144981
0.0013135398726
0.00113495753085
0.000977579162724
0.000839284463928
0.000718119649045
0.000612288973021
0.000520146260781
0.00044018648938
0.000371037463671
0.000311451622917
0.000260298012279
0.000216554449536
0.000179299913964
0.000147707180811
0.000121035721512
9.86248864928e-05
7.98873842903e-05
6.43030677016e-05
5.14130348182e-05
4.08140500768e-05
3.21532879226e-05
2.51233993035e-05
1.94578990214e-05
1.49268699571e-05
1.13329783608e-05
8.50779276479e-06
6.30839762891e-06
4.61429156212e-06
3.32455888709e-06
2.35530240917e-06
1.63732452089e-06
1.1140432072e-06
7.39629108067e-07
4.77349535525e-07
2.98105222423e-07
1.79145589699e-07
1.02948448454e-07
5.62502909692e-08
2.92136606474e-08
1.47185134645e-08
7.76498183295e-09
4.97551484187e-09
4.18498585059e-09
4.10801883824e-09
4.0734785791e-09
3.81678687175e-09
3.32145844591e-09
2.70198710218e-09
2.12094701114e-09
1.73389845633e-09
1.65639488051e-09
1.9480728168e-09
2.60946281004e-09
3.58778314156e-09
4.78856517418e-09
6.09050627059e-09
7.36145105155e-09
8.47386248488e-09
9.31855982802e-09
9.81587031182e-09
9.92366577021e-09
9.64203485971e-09
9.01457725014e-09
8.12649983845e-09
7.09984868093e-09
6.08632635282e-09
5.25822552339e-09
4.79805862442e-09
4.88748372599e-09
5.69612139333e-09
7.37082974554e-09
1.00259585749e-08
1.37350416036e-08
1.85243120948e-08
2.4368344327e-08
3.11880350046e-08
3.88510474244e-08
4.71747499024e-08
5.59315910738e-08
6.48567704767e-08
7.36579852943e-08
8.20269649757e-08
8.96524460862e-08
9.62341912786e-08
1.01497619556e-07
1.05208590533e-07
1.07187873472e-07
1.07324832388e-07
1.05589871318e-07
1.0204520823e-07
9.68535814672e-08
9.02845379536e-08
8.27180066536e-08
7.46449225996e-08
6.66647348853e-08
5.94797048175e-08
5.38859764183e-08
5.07614790733e-08
5.10507997458e-08
5.57472382467e-08
6.58723320342e-08
8.24532054617e-08
1.0649816093e-07
1.38970984773e-07
1.80764487802e-07
2.32673838273e-07
2.95370272824e-07
3.69375788019e-07
4.55039421061e-07
5.52515722788e-07
6.61746009102e-07
7.82442948681e-07
9.14079005448e-07
1.05587920438e-06
1.20681862936e-06
1.36562499306e-06
1.53078654151e-06
1.70056547268e-06
1.87301695807e-06
2.04601376278e-06
2.21727636231e-06
2.38440835584e-06
2.54493687737e-06
2.69635760922e-06
2.83618390849e-06
2.96199946832e-06
3.07151385215e-06
3.16262016433e-06
3.23345405292e-06
3.28245318428e-06
3.3084162829e-06
3.31056079624e-06
3.28857822327e-06
3.24268613769e-06
3.17367594274e-06
3.08295541473e-06
2.97258512643e-06
2.84530788969e-06
2.70457041809e-06
2.55453648559e-06
2.400090944e-06
2.24683406099e-06
2.10106574958e-06
1.96975937836e-06
1.86052497826e-06
1.78156179459e-06
1.74160027058e-06
1.74983369005e-06
1.81583984892e-06
1.94949326778e-06
2.16086859756e-06
2.4601360066e-06
2.85744946779e-06
3.36282898726e-06
3.98603792994e-06
4.73645670003e-06
5.62295412499e-06
6.65375796855e-06
7.83632605995e-06
9.17721957261e-06
1.0681980014e-05
1.23550114997e-05
1.41994698778e-05
1.62171602433e-05
1.84084443395e-05
2.07721592777e-05
2.33055489292e-05
2.60042092409e-05
2.88620486134e-05
3.18712643461e-05
3.50223360098e-05
3.83040364449e-05
4.17034609142e-05
4.52060747544e-05
4.87957796824e-05
5.24549987142e-05
5.6164779453e-05
5.99049153005e-05
6.36540839407e-05
6.7390002245e-05
7.108959655e-05
7.47291870695e-05
7.82846850204e-05
8.17318008714e-05
8.50462619677e-05
8.820403764e-05
9.11815697826e-05
9.39560067757e-05
9.65054385424e-05
9.88091304606e-05
0.00010084775381
0.000102603610411
0.00010406084911
0.000105205671804
0.000106026526738
0.000106514286876
0.000106662411273
0.000106467087456
0.000105927353002
0.000105045194639
0.000103825623397
0.000102276724521
0.000100409681092
9.82387705162e-05
9.57813333109e-05
9.30577138379e-05
9.00911729223e-05
8.69077725478e-05
8.35362330898e-05
8.0007763816e-05
7.63558676484e-05
7.26161214379e-05
6.88259332556e-05
6.5024278442e-05
6.12514163815e-05
5.75485901811e-05
5.39577116218e-05
5.05210339254e-05
4.72808150265e-05
4.42789741673e-05
4.15567447338e-05
3.91543263224e-05
3.71105390793e-05
3.54624833656e-05
3.42452077987e-05
3.34913886754e-05
3.32310237187e-05
3.34911429934e-05
3.429553971e-05
3.56645234922e-05
3.76146985002e-05
4.01587686115e-05
4.33053716315e-05
4.70589442717e-05
5.14196193698e-05
5.63831565517e-05
6.19409072497e-05
6.8079814689e-05
7.47824491517e-05
8.20270785156e-05
8.97877737515e-05
9.8034548752e-05
0.000106733533559
0.00011584717975
0.000125334496469
0.000135151315284
0.000145250581816
0.00015558267183
0.00016609572925
0.000176736023361
0.000187448322297
0.000198176279737
0.000208862831635
0.000219450599695
0.000229882298256
0.000240101141195
0.000250051245485
0.000259678028035
0.000268928592529
0.000277752103067
0.000286100141492
0.000293927045499
0.000301190224726
0.000307850452284
0.000313872129356
0.00031922352078
0.000323876959762
0.000327809020155
0.000331000655039
0.000333437300618
0.000335108944787
0.000336010160019
0.000336140100536
0.000335502464071
0.000334105418804
0.000331961496382
0.000329087452237
0.000325504094655
0.000321236084385
0.000316311706746
0.00031076261849
0.000304623571833
0.000297932118286
0.000290728295043
0.000283054296828
0.000274954136215
0.000266473295479
0.000257658373087
0.00024855672798
0.000239216124722
0.000229684382603
0.00022000903166
0.000210236978507
0.000200414184732
0.000190585360428
0.000180793675306
0.000171080489585
0.000161485106657
0.000152044549294
0.000142793360901
0.000133763433059
0.000124983860342
0.000116480823092
0.000108277498584
0.000100394000705
9.2847348013e-05
8.5651459751e-05
7.88171791427e-05
7.23523230287e-05
6.6261756668e-05
6.05474923e-05
5.52088098564e-05
5.02423980233e-05
4.56425136865e-05
4.14011576499e-05
3.75082643969e-05
3.3951903571e-05
3.07184907838e-05
2.77930053147e-05
2.51592122552e-05
2.27998866589e-05
2.06970372971e-05
1.88321276817e-05
1.71862921062e-05
1.5740544563e-05
1.4475978529e-05
1.33739557642e-05
1.2416282435e-05
1.15853710623e-05
1.08643869936e-05
1.02373783089e-05
9.68938828913e-06
9.20654980381e-06
8.77616120137e-06
8.38674351829e-06
8.02807905004e-06
7.69123155166e-06
7.36854855252e-06
7.05364647781e-06
6.74137946454e-06
6.42779294213e-06
6.11006321306e-06
5.78642441698e-06
5.45608439017e-06
5.11913103927e-06
4.77643093424e-06
4.42952188748e-06
4.08050132534e-06
3.7319122736e-06
3.38662876972e-06
3.04774248239e-06
2.71845226412e-06
2.40195828459e-06
2.10136229414e-06
1.81957544849e-06
1.55923498859e-06
1.3226309168e-06
1.11164364288e-06
9.2769339324e-07
7.71701987384e-07
6.440673881e-07
5.44651229871e-07
4.72779325636e-07
4.27254948084e-07
4.06384480867e-07
4.08014840042e-07
4.29581879452e-07
4.6816881794e-07
5.20573563905e-07
5.83383665741e-07
6.53057487529e-07
7.26010099528e-07
7.98702284484e-07
8.67730994753e-07
9.29919552902e-07
9.82405870728e-07
1.02272696895e-06
1.04889811255e-06
1.05948493473e-06
1.05366700526e-06
1.0312914062e-06
9.92915008008e-07
9.39834291351e-07
8.74101732115e-07
7.98527957749e-07
7.16669089941e-07
6.32798909177e-07
5.518657084e-07
4.79433943084e-07
4.21611030422e-07
3.84959898018e-07
3.76398129225e-07
4.03084794889e-07
4.72296296413e-07
5.9129276953e-07
7.67176808799e-07
1.00674646643e-06
1.31634465274e-06
1.70170721639e-06
2.16781210823e-06
2.71873213015e-06
3.35749383874e-06
4.0859452095e-06
4.90463467119e-06
5.81270408862e-06
6.80779820671e-06
7.8859929677e-06
9.04174497679e-06
1.0267864221e-05
1.15555119408e-05
1.28942253167e-05
1.42719703655e-05
1.56752241414e-05
1.70890870182e-05
1.84974254773e-05
1.98830454624e-05
2.12278959776e-05
2.25133022098e-05
2.37202270496e-05
2.48295594774e-05
2.58224278721e-05
2.66805358946e-05
2.73865182025e-05
2.79243128755e-05
2.82795470633e-05
2.84399320356e-05
2.83956635012e-05
2.81398227849e-05
2.76687742146e-05
2.69825538684e-05
2.60852446785e-05
2.49853327809e-05
2.36960399452e-05
2.22356269138e-05
2.06276625338e-05
1.89012536718e-05
1.7091231071e-05
1.52382865292e-05
1.33890570647e-05
1.15961520691e-05
9.91811984587e-06
8.41935037689e-06
7.1699116607e-06
6.24531751042e-06
5.7262252903e-06
5.69806269912e-06
6.25058337279e-06
7.4773517725e-06
9.47515854183e-06
1.23433682507e-05
1.61832021898e-05
2.10969596289e-05
2.71871816981e-05
3.45557627875e-05
4.33030150806e-05
5.35266925264e-05
6.53209812202e-05
7.87754637804e-05
9.39740658838e-05
0.000110993993641
0.000129904670955
0.00015076668639
0.000173630759414
0.000198536736098
0.000225512624533
0.00025457368029
0.000285721552226
0.000318943498839
0.000354211685165
0.0003914825699
0.000430696392049
0.000471776765899
0.000514630392531
0.000559146895407
0.0006051987868
0.000652641570987
0.000701313989183
0.000751038410219
0.000801621369854
0.000852854260508
0.000904514172032
0.000956364882856
0.00100815799966
0.0010596342424
0.00111052487016
0.0011605532422
0.001209436507
0.00125688741106
0.00130261621788
0.00134633272635
0.00138774837656
0.0014265784302
0.00146254421138
0.00149537539297
0.00152481231284
0.00155060830327
0.00157253201663
0.00159036972961
0.00160392760811
0.00161303391451
0.00161754113908
0.00161732803719
0.00161230155436
0.0016023986213
0.00158758780172
0.00156787077636
0.00154328364722
0.00151389804722
0.00147982204125
0.00144120080601
0.00139821707723
0.00135109135424
0.00130008185348
0.00124548420421
0.00118763088126
0.00112689037161
0.00106366607335
0.000998394927508
0.000931545785246
0.000863617514828
0.000795136854726
0.000726656021284
0.000658750081241
0.000592014101342
0.000527060089131
0.000464513740783
0.000405011013556
0.000349194542023
0.000297709918763
0.000251201861515
0.000210310290059
0.000175666337145
0.000147888318706
0.000127577689358
0.000115315009716
0.000111655952491
0.00011712737449
0.000132223481653
0.000157402114063
0.000193081177475
0.000239635247319
0.000297392370324
0.000366631087972
0.000447577704772
0.000540403823044
0.000645224164358
0.000762094696089
0.000891011079725
0.00103190745559
0.0011846555765
0.00134906430075
0.00152487945238
0.0017117840544
0.00190939893809
0.00211728372907
0.00233493820827
0.0025618040433
0.00279726688335
0.00304065880806
0.0032912611185
0.00354830745587
0.00381098723121
0.00407844934743
0.00434980619249
0.00462413788082
0.00490049671843
0.00517791186496
0.00545539416511
0.00573194112003
0.00600654196862
0.00627818284735
0.00654585199703
0.00680854498407
0.00706526990388
0.00731505253385
0.00755694140372
0.00779001275151
0.00801337533397
0.00822617506131
0.00842759942716
0.00861688170604
0.00879330489207
0.00895620535453
0.00910497618744
0.00923907023279
0.00935800275898
0.00946135377823
0.00954876998961
0.00961996633629
0.00967472716871
0.00971290700764
0.00973443090413
0.00973929439574
0.00972756306136
0.0096993716796
0.00965492299824
0.00959448612492
0.00951839455173
0.0094270438287
0.00932088890356
0.00920044114712
0.00906626508586
0.00891897486492
0.00875923046642
0.00858773370957
0.00840522406013
0.00821247427807
0.00801028593289
0.00779948481678
0.00758091628632
0.00735544056336
0.00712392802588
0.00688725451918
0.00664629671753
0.00640192756535
0.00615501182632
0.00590640176772
0.00565693300588
0.00540742053715
0.00515865497727
0.00491139903019
0.00466638420536
0.00442430780059
0.00418583016536
0.0039515722573
0.00372211350213
0.00349798996519
0.00327969284004
0.00306766725759
0.00286231141643
0.00266397603304
0.00247296410799
0.00228953100215
0.00211388481466
0.00194618705244
0.00178655357904
0.00163505582861
0.00149172226946
0.00135654009977
0.00122945715682
0.00111038401983
0.000999196285622
0.000895736995082
0.000799819188321
0.000711228565414
0.000629726229659
0.000555051490102
0.000486924700192
0.000425050109733
0.00036911870778
0.000318811034767
0.000273799942992
0.000233753285543
0.000198336514886
0.000167215173597
0.000140057261075
0.000116535461618
9.63292207564e-05
7.91266584799e-05
6.46263096486e-05
5.25386837111e-05
4.25876376229e-05
3.45115576965e-05
2.80643479245e-05
2.30162241267e-05
1.91543150327e-05
1.62830731375e-05
1.42244998196e-05
1.28181907932e-05
1.19212094534e-05
1.14077970599e-05
1.11689299788e-05
1.11117353495e-05
1.11587775646e-05
1.1247228825e-05
1.13279377681e-05
1.13644107477e-05
1.13317207751e-05
1.12153594037e-05
1.10100469597e-05
1.07185164856e-05
1.0350286577e-05
9.92043795923e-06
9.44840817312e-06
8.95681812742e-06
8.47034353525e-06
8.01464339289e-06
7.61535669066e-06
7.29717747986e-06
7.08301726678e-06
6.99326247818e-06
7.04513345533e-06
7.25215009871e-06
7.62370791713e-06
8.16476684736e-06
8.87565381716e-06
9.75197864047e-06
1.07846614718e-05
1.1960068722e-05
1.32602530609e-05
1.46632919196e-05
1.61437177641e-05
1.7673032358e-05
1.92202962704e-05
2.07527840321e-05
2.22366945969e-05
2.36379061451e-05
2.49227637637e-05
2.60588881726e-05
2.70159934291e-05
2.77667014423e-05
2.8287341164e-05
2.85587204936e-05
2.85668592337e-05
2.83036718684e-05
2.77675894893e-05
2.69641108715e-05
2.59062734855e-05
2.46150361249e-05
2.31195658098e-05
2.14574226976e-05
1.96746378753e-05
1.78256801071e-05
1.59733088712e-05
1.41883123039e-05
1.25491299854e-05
1.11413618293e-05
1.00571656515e-05
9.39454730793e-06
9.25654855746e-06
9.75033904473e-06
1.09862199692e-05
1.30765481184e-05
1.61345899723e-05
2.02733165232e-05
2.5604150299e-05
3.22356768026e-05
4.02723332e-05
4.98130875736e-05
6.09501224208e-05
7.37675363026e-05
8.8340077635e-05
0.000104731924567
0.000122995524696
0.000143170508045
0.000165282686256
0.000189343150352
0.000215347478703
0.000243275065956
0.000273088582742
0.000304733574891
0.000338138209694
0.000373213175518
0.000409851739714
0.00044792996836
0.000487307109934
0.000527826143497
0.000569314490455
0.000611584887427
0.000654436416222
0.000697655685405
0.000741018156442
0.000784289605987
0.000827227714487
0.000869583769951
0.000911104474538
0.000951533840458
0.000990615160657
0.00102809303888
0.00106371546288
0.00109723590394
0.00112841542533
0.00115702478203
0.0011828464937
0.00120567687302
0.00122532799156
0.00124162956539
0.00125443074354
0.00126360178238
0.00126903559031
0.00127064912757
0.00126838464717
0.00126221076416
0.00125212334151
0.00123814618239
0.00122033152004
0.00119876029808
0.00117354223558
0.00114481567304
0.0011127471971
0.00107753104368
0.00103938828093
0.000998565775188
0.000955334945067
0.000909990310335
0.000862847844216
0.000814243139195
0.000764529398141
0.000714075263999
0.000663262502762
0.000612483555687
0.000562138977948
0.000512634781924
0.000464379704251
0.00041778241652
0.000373248700098
0.00033117860599
0.000291963620934
0.000255983861009
0.000223605314007
0.000195177151525
0.000171029131373
0.000151469110297
0.000136780686282
0.000127220988815
0.000123018634432
0.000124371863705
0.000131446874492
0.00014437636486
0.000163258297508
0.000188154895907
0.000219091880632
0.000256057952547
0.000299004527672
0.000347845726649
0.000402458619817
0.000462683726951
0.000528325768821
0.000599154665806
0.000674906776937
0.000755286370923
0.000839967318965
0.000928594997509
0.00102078838748
0.0011161423551
0.00121423009807
0.00131460573951
0.0014168070513
0.00152035828713
0.00162477310504
0.0017295575586
0.00183421313525
0.00193823982028
0.00204113916442
0.00214241733367
0.00224158811948
0.00233817588832
0.00243171845008
0.00252176982524
0.00260790289195
0.00268971189476
0.00276681479831
0.00283885547011
0.00290550567821
0.00296646689096
0.00302147186753
0.00307028602956
0.00311270860615
0.00314857354578
0.00317775019107
0.00320014371355
0.00321569530783
0.00322438214614
0.00322621709613
0.00322124820642
0.00320955796618
0.00319126234665
0.00316650963403
0.0031354790646
0.00309837927434
0.00305544657657
0.00300694308223
0.00295315467843
0.00289438888182
0.00283097258394
0.00276324970651
0.0026915787847
0.00261633049723
0.00253788516168
0.00245663021389
0.00237295768992
0.00228726172873
0.00219993611339
0.00211137186797
0.00202195492664
0.00193206389056
0.00184206788726
0.00175232454621
0.00166317810306
0.00157495764373
0.00148797549855
0.0014025257948
0.00131888317513
0.00123730168745
0.00115801385065
0.00108122989902
0.00100713720677
0.000935899892388
0.000867658601532
0.000802530465381
0.000740609230252
0.000681965552932
0.000626647454959
0.000574680927975
0.000526070681205
0.000480801021196
0.000438836853057
0.000400124791756
0.000364594371347
0.000332159339521
0.00030271902448
0.000276159760833
0.000252356361077
0.000231173619197
0.000212467832963
0.000196088331759
0.000181878997
0.000169679762704
0.000159328084206
0.000150660363671
0.000143513321723
0.000137725305296
0.000133137522638
0.000129595197329
0.00012694863409
0.000125054190209
0.0001237751474
0.000122982479973
0.000122555516291
0.000122382491503
0.00012236099066
0.00012239828232
0.000122411543793
0.000122327980152
0.000122084840064
0.00012162933239
0.000120918448337
0.000119918694681
0.000118605744303
0.000116964010847
0.000114986154893
0.00011267252944
0.00011003057286
0.000107074157783
0.00010382290451
0.000100301467663
9.65388047892e-05
9.25674355163e-05
8.84226997261e-05
8.41420229225e-05
7.97641966635e-05
7.53286815126e-05
7.08749394976e-05
6.64418025332e-05
6.20668826781e-05
5.77860294634e-05
5.36328388557e-05
4.96382177122e-05
4.58300068539e-05
4.2232665135e-05
3.886701613e-05
3.57500583028e-05
3.2894838772e-05
3.03103900491e-05
2.80017284164e-05
2.59699119233e-05
2.42121553356e-05
2.27219987638e-05
2.14895261399e-05
2.05016292096e-05
1.9742312256e-05
1.91930323914e-05
1.88330699301e-05
1.86399231043e-05
1.85897212023e-05
1.86576500949e-05
1.88183840742e-05
1.90465179575e-05
1.93169935037e-05
1.96055143586e-05
1.98889439686e-05
2.01456811967e-05
2.03560087216e-05
2.05024096993e-05
2.05698486192e-05
2.05460127759e-05
2.04215113084e-05
2.01900293179e-05
1.98484351595e-05
1.93968396068e-05
1.88386061992e-05
1.8180312703e-05
1.74316642288e-05
1.66053591557e-05
1.57169096022e-05
1.47844187507e-05
1.382831787e-05
1.28710663869e-05
1.19368188204e-05
1.10510628116e-05
1.02402328531e-05
9.53130463831e-06
8.95137521104e-06
8.52723429528e-06
8.28493232576e-06
8.24935077405e-06
8.44378037742e-06
8.88951282546e-06
9.60545134329e-06
1.06077454324e-05
1.19094547915e-05
1.35202471427e-05
1.54461343381e-05
1.76892507175e-05
2.02476772397e-05
2.31153144178e-05
2.62818065593e-05
2.97325192508e-05
3.3448571443e-05
3.74069228825e-05
4.15805170205e-05
4.59384789017e-05
5.04463669097e-05
5.5066476628e-05
5.97581944668e-05
6.44783981209e-05
6.91819003609e-05
7.38219321324e-05
7.83506604427e-05
8.2719736069e-05
8.68808657171e-05
9.078640291e-05
9.43899515956e-05
9.76469762236e-05
0.000100515411872
0.0001029562679
0.000104934218547
0.000106418173948
0.000107381825105
0.000107804156515
0.000107669920396
0.000106970066723
0.000105702123637
0.00010387052321
0.000101486867993
9.85701342954e-05
9.51468087068e-05
9.12509549635e-05
8.6924208895e-05
8.22156998558e-05
7.71818977276e-05
7.18863852826e-05
6.63995564094e-05
6.0798241418e-05
5.51652613523e-05
4.9588913938e-05
4.41623944774e-05
3.89831556608e-05
3.41522108916e-05
2.97733863155e-05
2.59525272902e-05
2.27966655337e-05
2.04131536375e-05
1.89087740194e-05
1.8388829718e-05
1.89562246962e-05
2.07105415142e-05
2.37471243561e-05
2.81561754499e-05
3.40218728983e-05
4.14215178453e-05
5.04247187402e-05
6.10926202216e-05
7.34771838383e-05
8.76205274531e-05
0.000103554329734
0.000121299305644
0.000140864758286
0.000162248211843
0.000185435129738
0.000210398721385
0.000237099840248
0.000265486975114
0.000295496335741
0.000327052033249
0.000360066354812
0.000394440131434
0.000430063196775
0.000466814934253
0.000504564908851
0.000543173579365
0.000582493086124
0.000622368108551
0.000662636786344
0.000703131697494
0.00074368088585
0.000784108930523
0.000824238049036
0.000863889225825
0.000902883357464
0.000941042405838
0.00097819055038
0.00101415533051
0.00104876876946
0.00108186847078
0.00111329867912
0.00114291129712
0.00117056685048
0.00119613539396
0.00121949735135
0.00124054428293
0.00125917957479
0.00127531904484
0.00128889146089
0.00129983896731
0.00130811741711
0.00131369660725
0.00131656041576
0.00131670684005
0.00131414793654
0.00130890966254
0.00130103162222
0.001290566719
0.00127758071778
0.0012621517208
0.00124436956188
0.00122433512411
0.00120215958707
0.0011779636096
0.00115187645528
0.00112403506755
0.00109458310225
0.00106366992532
0.00103144958375
0.000998079758016
0.000963720704148
0.000928534193869
0.000892682460853
0.000856327161215
0.000819628356078
0.000782743523771
0.000745826608895
0.000709027115114
0.000672489248037
0.000636351114123
0.000600743980925
0.000565791603471
0.00053160962093
0.000498305027059
0.000465975717283
0.000434710114571
0.000404586875543
0.000375674677611
0.000348032087182
0.000321707508335
0.000296739210673
0.000273155434395
0.000250974570042
0.000230205409748
0.00021084746627
0.000192891355582
0.000176319238311
0.000161105314907
0.000147216369035
0.000134612353397
0.000123247011907
0.000113068531957
0.000104020220372
9.60411965672e-05
8.90670964149e-05
8.30307803501e-05
7.78630393612e-05
7.34932926579e-05
6.98502710202e-05
6.68626800953e-05
6.44598382167e-05
6.25722836775e-05
6.11323467814e-05
6.00746824303e-05
5.93367594688e-05
5.88593034978e-05
5.8586690381e-05
5.84672881993e-05
5.84537459464e-05
5.85032278083e-05
5.85775924157e-05
5.86435170017e-05
5.86725669318e-05
5.86412115899e-05
5.85307881063e-05
5.83274148872e-05
5.80218573529e-05
5.76093487065e-05
5.70893689362e-05
5.64653855913e-05
5.57445601747e-05
5.49374242461e-05
5.40575295415e-05
5.31210765763e-05
5.21465263125e-05
5.1154199537e-05
5.01658686166e-05
4.92043462619e-05
4.82930758604e-05
4.74557278136e-05
4.67158061489e-05
4.60962694742e-05
4.56191700949e-05
4.53053148379e-05
4.51739508176e-05
4.52424790362e-05
4.55261983552e-05
4.60380819877e-05
4.67885882666e-05
4.77855070348e-05
4.9033842587e-05
5.05357336759e-05
5.22904106788e-05
5.42941896131e-05
5.65405022865e-05
5.90199614882e-05
6.17204597569e-05
6.46272999217e-05
6.77233552898e-05
7.09892570673e-05
7.44036063409e-05
7.794320772e-05
8.15833215513e-05
8.52979314644e-05
8.90600238897e-05
9.28418761172e-05
9.66153494241e-05
0.000100352183804
0.000104024290866
0.000107604041559
0.000111064545479
0.000114379918674
0.000117525537037
0.000120478272598
0.000123216710245
0.00012572134269
0.000127974741765
0.000129961704436
0.000131669372245
0.000133087323208
0.000134207635546
0.000135024922933
0.000135536341321
0.000135741567695
0.000135642751452
0.000135244439414
0.000134553475766
0.000133578878497
0.000132331694172
0.000130824833106
0.000129072887199
0.000127091932882
0.000124899321765
0.000122513461685
0.000119953590961
0.000117239548658
0.000114391543744
0.000111429925935
0.000108374961036
0.000105246613435
0.000102064338348
9.88468862259e-05
9.56121215747e-05
9.23768582434e-05
8.91567130007e-05
8.59659789823e-05
8.28175203282e-05
7.97226890507e-05
7.66912648887e-05
7.37314186072e-05
7.08496988996e-05
6.80510427535e-05
6.533880884e-05
6.27148331961e-05
6.01795061901e-05
5.77318694878e-05
5.53697314899e-05
5.30897994736e-05
5.08878264631e-05
4.87587706672e-05
4.66969651612e-05
4.46962953597e-05
4.27503817277e-05
4.08527651036e-05
3.89970919775e-05
3.7177297056e-05
3.53877804807e-05
3.36235771241e-05
3.18805154833e-05
3.01553638157e-05
2.84459613144e-05
2.67513323076e-05
2.50717816697e-05
2.34089698696e-05
2.17659663307e-05
2.01472800544e-05
1.85588667383e-05
1.70081119281e-05
1.55037900402e-05
1.40559994112e-05
1.26760738377e-05
1.13764713848e-05
1.01706415412e-05
9.07287209639e-06
8.09811739377e-06
7.26180987763e-06
6.57965709581e-06
6.06742653878e-06
5.74072089075e-06
5.614746433e-06
5.7040774742e-06
6.02241978381e-06
6.58237607164e-06
7.3952165879e-06
8.4706579132e-06
9.81665296575e-06
1.14391951747e-05
1.33421396525e-05
1.55270440506e-05
1.79930315942e-05
2.07366785788e-05
2.3751928359e-05
2.70300335865e-05
3.05595281509e-05
3.43262299547e-05
3.83132753077e-05
4.25011853729e-05
4.68679647207e-05
5.13892316758e-05
5.60383797575e-05
6.07867691381e-05
6.56039466665e-05
7.04578926434e-05
7.53152921824e-05
8.01418286584e-05
8.49024964384e-05
8.9561929801e-05
9.40847447012e-05
9.84358898137e-05
0.000102581003104
0.000106486770032
0.000110121279381
0.000113454372661
0.000116457982994
0.000119106459435
0.000121376872765
0.000123249298881
0.000124707076111
0.000125737032987
0.000126329683234
0.000126479385084
0.000126184462311
0.000125447284784
0.000124274306744
0.000122676061422
0.000120667111093
0.000118265952163
0.000115494875326
0.000112379781402
0.000108949953935
0.00010523779017
0.000101278492528
9.71097231901e-05
9.27712249065e-05
8.83044115897e-05
8.37519326859e-05
7.91572157314e-05
7.45639918583e-05
7.00158093386e-05
6.55555405334e-05
6.12248878405e-05
5.70638944071e-05
5.31104654912e-05
4.93999064104e-05
4.59644830167e-05
4.2833010565e-05
4.00304767155e-05
3.7577704215e-05
3.54910585452e-05
3.37822055078e-05
3.2457923334e-05
3.15199734706e-05
3.09650337012e-05
3.07846967158e-05
3.09655366518e-05
3.14892454938e-05
3.23328405492e-05
3.34689435132e-05
3.4866130907e-05
3.64893549276e-05
3.83004329865e-05
4.02586034508e-05
4.23211443375e-05
4.44440509604e-05
4.65827677929e-05
4.86929691004e-05
5.0731382218e-05
5.265664671e-05
5.4430202056e-05
5.60171959689e-05
5.73874049722e-05
5.85161584475e-05
5.9385257024e-05
5.99838759111e-05
6.03094435915e-05
6.03684861877e-05
6.01774277998e-05
5.9763337185e-05
5.91646113131e-05
5.84315865866e-05
5.76270688595e-05
5.68267738252e-05
5.6119669865e-05
5.56082160614e-05
5.54084887658e-05
5.56501908836e-05
5.64765388757e-05
5.80440233857e-05
6.05220403676e-05
6.40923906088e-05
6.89486466083e-05
7.52953868731e-05
8.33472988224e-05
9.33281526394e-05
0.000105469649568
0.000120010149308
0.000137193282303
0.000157266453852
0.000180479248059
0.000207081740688
0.000237322731006
0.00027144790363
0.000309697932252
0.00035230653796
0.000399498515522
0.00045148774166
0.000508475179839
0.000570646896507
0.000638172104018
0.00071120124566
0.000789864138251
0.000874268187717
0.000964496692896
0.00106060725245
0.00116263028938
0.00127056770711
0.00138439169025
0.00150404366266
0.00162943341422
0.00176043840687
0.00189690326935
0.00203863948882
0.0021854253063
0.00233700582143
0.00249309331068
0.00265336776174
0.00281747762497
0.00298504078169
0.0031556457271
0.00332885296432
0.00350419660414
0.003681186164
0.00385930855753
0.0040380302651
0.00421679967399
0.00439504957554
0.00457219980538
0.00474766001164
0.00492083253473
0.00509111538156
0.00525790527609
0.00542060076713
0.00557860537402
0.00573133075015
0.00587819984386
0.00601865003623
0.00615213623524
0.0062781339055
0.00639614201373
0.00650568586972
0.00660631984374
0.0066976299418
0.00677923622088
0.00685079502745
0.00691200104369
0.0069625891268
0.00700233592847
0.00703106128278
0.00704862935247
0.00705494952499
0.00704997705161
0.00703371342449
0.00700620648841
0.00696755028567
0.00691788463457
0.00685739444359
0.00678630876534
0.00670489959599
0.00661348042787
0.00651240456434
0.00640206320796
0.00628288333424
0.00615532536512
0.00601988065714
0.00587706882118
0.0057274348911
0.00557154636014
0.00540999010459
0.0052433692148
0.00507229975456
0.0048974074699
0.00471932446889
0.00453868589391
0.00435612660803
0.00417227791674
0.00398776434592
0.00380320049655
0.00361918799581
0.00343631256352
0.00325514121194
0.00307621959571
0.00290006952774
0.00272718667542
0.00255803845009
0.00239306210133
0.0022326630261
0.00207721330081
0.00192705044326
0.00178247640922
0.00164375682689
0.00151112047078
0.00138475897465
0.00126482678167
0.00115144132802
0.00104468345473
0.000944598040862
0.000851194849631
0.000764449577737
0.000684305096674
0.0006106728737
0.000543434558948
0.000482443724167
0.000427527737708
0.000378489759602
0.00033511083998
0.000297152103601
0.000264357002897
0.000236453621805
0.000213157012522
0.000194171547505
0.000179193269183
0.000167912220258
0.000160014737967
0.00015518569626
0.00015311068064
0.00015347808121
0.000155981090453
0.0001603195933
0.000166201938186
0.000173346578959
0.000181483578814
0.000190355968683
0.000199720953919
0.000209350964426
0.000219034544838
0.000228577082689
0.000237801373935
0.000246548026547
0.000254675704194
0.000262061213364
0.000268599438476
0.000274203130701
0.000278802557329
0.000282345019513
0.000284794247153
0.000286129680512
0.000286345648886
0.000285450457273
0.000283465392494
0.000280423660622
0.000276369267861
0.000271355857176
0.000265445513052
0.000258707546677
0.000251217273693
0.000243054796367
0.000234303801668
0.000225050386251
0.000215381918765
0.000205385949284
0.000195149174874
0.000184756469549
0.000174289985989
0.000163828335474
0.000153445851526
0.000143211941779
0.000133190531566
0.000123439601677
0.000114010821757
0.000104949279724
9.62933066499e-05
8.8074395518e-05
8.03172113595e-05
7.30396893566e-05
6.62532166595e-05
5.99628928788e-05
5.41678634907e-05
4.88617197492e-05
4.40329581291e-05
3.96654918343e-05
3.5739206509e-05
3.22305519761e-05
2.91131616055e-05
2.63584907864e-05
2.39364659433e-05
2.18161355834e-05
1.9966315013e-05
1.83562165845e-05
1.69560576534e-05
1.57376388122e-05
1.46748854397e-05
1.37443461325e-05
1.29256421893e-05
1.22018629636e-05
1.15599026067e-05
1.09907344589e-05
1.04896201225e-05
1.00562510431e-05
9.69482124172e-06
9.41403065526e-06
9.22701936092e-06
9.15123376696e-06
9.20822663926e-06
9.42339359432e-06
9.82564941622e-06
1.04470482394e-05
1.13223522752e-05
1.2488554342e-05
1.39843599774e-05
1.5849635367e-05
1.81248277071e-05
2.08503649312e-05
2.406604196e-05
2.7810400795e-05
3.21201118439e-05
3.70293638668e-05
4.25692698423e-05
4.87672958889e-05
5.5646720137e-05
6.32261281295e-05
7.15189509444e-05
8.05330517781e-05
9.02703662192e-05
0.000100726600866
0.000111890994329
0.000123746143991
0.000136267901201
0.000149425336852
0.000163180778546
0.00017748991977
0.000192302000769
0.000207560060007
0.000223201254377
0.000239157245552
0.000255354649205
0.000271715543097
0.000288158029431
0.000304596846268
0.00032094402226
0.000337109568468
0.000353002200656
0.000368530085039
0.000383601600254
0.000398126108075
0.000412014725279
0.000425181089044
0.000437542108244
0.000449018693171
0.000459536456346
0.000469026377389
0.000477425425208
0.000484677131215
0.000490732107703
0.00049554850608
0.000499092410226
0.000501338160868
0.000502268607576
0.000501875285643
0.000500158515924
0.000497127426406
0.000492799895122
0.000487202414753
0.00048036988009
0.000472345300271
0.000463179438486
0.000452930382548
0.000441663050463
0.000429448635745
0.000416363997881
0.000402491003858
0.000387915827215
0.000372728211471
0.000357020705186
0.000340887876175
0.000324425512636
0.000307729819076
0.000290896614987
0.000274020544216
0.00025719430284
0.000240507893213
0.000224047911564
0.000207896876212
0.000192132603033
0.000176827634369
0.000162048726985
0.000147856404135
0.000134304576083
0.000121440232778
0.000109303211621
9.79260424653e-05
8.73338712581e-05
7.75444628394e-05
6.85682826563e-05
6.04086562907e-05
5.30620048969e-05
4.65181538456e-05
4.07607110945e-05
3.57675110659e-05
3.15111191087e-05
2.79593909674e-05
2.50760810823e-05
2.28214930039e-05
2.11531647311e-05
2.00265813829e-05
1.93959072861e-05
1.92147293156e-05
1.94368031624e-05
2.00167941235e-05
2.09110040181e-05
2.20780759284e-05
2.3479668642e-05
2.50810929425e-05
2.68519022398e-05
2.87664304631e-05
3.08042706417e-05
3.29506881778e-05
3.51969634559e-05
3.75406591392e-05
3.99858082567e-05
4.25430199932e-05
4.52295009324e-05
4.80689903793e-05
5.10916092832e-05
5.43336231913e-05
5.78371205768e-05
6.16496087957e-05
6.5823530819e-05
7.04157067648e-05
7.54867050911e-05
8.11001491135e-05
8.73219652671e-05
9.42195802215e-05
0.000101861074599
0.000110314301598
0.000119645979319
0.000129920765984
0.000141200327558
0.000153542407509
0.000166999908572
0.000181619996406
0.000197443234988
0.000214502763402
0.000232823523449
0.000252421547115
0.000273303312522
0.000295465176409
0.000318892890603
0.000343561209203
0.000369433592433
0.000396462012279
0.000424586864097
0.000453736987443
0.000483829798336
0.000514771534168
0.000546457611373
0.000578773094915
0.000611593277538
0.000644784365695
0.000678204267938
0.000711703480584
0.000745126064413
0.000778310705235
0.000811091850248
0.000843300911264
0.000874767525133
0.000905320861004
0.000934790963467
0.000963010120109
0.000989814241648
0.00101504424247
0.00103854740927
0.00106017874529
0.00107980227796
0.00109729231749
0.00111253465466
0.00112542768611
0.00113588345613
0.00114382860438
0.00114920520983
0.0011519715219
0.00115210257068
0.0011495906492
0.00114444566143
0.00113669533143
0.0011263852694
0.00111357889246
0.00109835719856
0.00108081839359
0.00106107737292
0.00103926505991
0.00101552760526
0.000990025452173
0.000962932273845
0.000934433790634
0.000904726475646
0.000874016158429
0.000842516537482
0.000810447613201
0.000778034053672
0.000745503506453
0.000713084870067
0.00068100653942
0.00064949463971
0.000618771263643
0.000589052726847
0.000560547856395
0.000533456327145
0.000507967060354
0.000484256698576
0.000462488170345
0.000442809357429
0.000425351876714
0.000410229987819
0.000397539636595
0.000387357643523
0.000379741044864
0.000374726593142
0.000372330422204
0.000372547880735
0.000375353536647
0.000380701353335
0.000388525037272
0.00039873855498
0.000411236815882
0.000425896516133
0.000442577137064
0.000461122090527
0.000481360002098
0.000503106121832
0.00052616385115
0.000550326373298
0.000575378373914
0.000601097837341
0.000627257903621
0.000653628770464
0.000679979624054
0.000706080582184
0.000731704633058
0.000756629553013
0.000780639786555
0.000803528272321
0.000825098198999
0.000845164675745
0.000863556302343
0.000880116625127
