0.0400767804154
0.0437230487876
0.0545599522096
0.0722565616718
0.0961755833985
0.125245031274
0.15780597275
0.191534669787
0.22363791938
0.251493353559
0.27352660962
0.289657352657
0.300904164964
0.308526363639
0.313359551436
0.31569230506
0.315501592541
0.313269944962
0.30984892176
0.306159884667
0.302824387534
0.300188857864
0.298423182971
0.297540054331
0.297414323369
0.29789147577
0.29878524326
0.299894641314
0.301090939997
0.302207676403
0.303034652808
0.303451367911
0.303268204881
0.302292253315
0.300515193616
0.297473199923
0.292579448583
0.28561268079
0.27687654418
0.267047624255
0.256666814936
0.246399396822
0.236943554406
0.228764692423
0.222082657003
0.217019512482
0.213602383627
0.211764878143
0.211411777575
0.212396396002
0.214468794615
0.217330520871
0.220690037353
0.224418284069
0.228514807923
0.233054676932
0.238045685314
0.243353114141
0.248648209736
0.253809416558
0.258880497766
0.26348450069
0.267186619898
0.26982599171
0.2715136446
0.272433094168
0.272673759682
0.27259140304
0.272344962084
0.271827294603
0.270904819913
0.269204699995
0.266840011501
0.263996832264
0.260968465892
0.25805066984
0.255469134873
0.25347491509
0.252238687027
0.25195403008
0.252605336393
0.253931978184
0.255629884113
0.257466614041
0.259271645409
0.260936587794
0.262356681612
0.263361283511
0.263808563417
0.263860886144
0.263956993121
0.264333149006
0.265182977766
0.266234200958
0.266810976936
0.266440199682
0.265262788663
0.263727553198
0.262494074824
0.26216261083
0.262931137908
0.264597761692
0.266790564244
0.268973724225
0.270744790262
0.271426642676
0.271354149016
0.270788760527
0.269335165415
0.26702177175
0.264250749311
0.261479260783
0.258914743322
0.256966763137
0.255706246731
0.255004581098
0.254866247145
0.255264396572
0.256197346308
0.257784334856
0.259510108455
0.261435362825
0.263593845977
0.265786996027
0.26757438893
0.269103328091
0.270177850418
0.270482004892
0.269978848391
0.268533852664
0.266056543075
0.262587533021
0.258426687163
0.253982182143
0.249850295151
0.246625607237
0.244858745871
0.244890810877
0.246808254365
0.250500538886
0.255467199299
0.260995460997
0.266169557615
0.270016497689
0.272437304092
0.273808465663
0.274415535362
0.27447118246
0.273960565536
0.272929441998
0.271447851436
0.269546927002
0.267130581981
0.264284207932
0.261312503518
0.258268315319
0.255461741357
0.253332834134
0.252040646094
0.251791190777
0.252397093009
0.253783923226
0.255867246623
0.258329788109
0.260733676447
0.262662114573
0.264053734032
0.264822064453
0.264796035597
0.264326114682
0.26352990374
0.26238628129
0.261330300056
0.260483002299
0.259791717131
0.259151661408
0.258523705564
0.257869322056
0.257276018428
0.257197055299
0.257755567994
0.258819538845
0.260112914794
0.26156178303
0.263066476556
0.264471235752
0.265581480946
0.266314757052
0.266690178052
0.266462294492
0.265661165221
0.264469228503
0.263151542364
0.261827850406
0.260733734887
0.25979765864
0.259029139991
0.258548321732
0.258323741275
0.258293565392
0.258276766345
