-0.0
4.4993457466e-07
1.79973789426e-06
4.04940874547e-06
7.19894510605e-06
1.12483441449e-05
1.61976022218e-05
2.20467148876e-05
2.87956768839e-05
3.64444821427e-05
4.49931237869e-05
5.44415941294e-05
6.47898846736e-05
7.60379861126e-05
8.81858883294e-05
0.000101233580396
0.000115181050575
0.000130028286316
0.000145775274259
0.000162422000232
0.000179968449249
0.000198414605514
0.000217760452418
0.000238005972538
0.000259151147637
0.000281195958666
0.000304140385758
0.000327984408236
0.000352728004603
0.000378371152548
0.000404913828944
0.000432356009846
0.000460697670492
0.000489938785301
0.000520079327873
0.00055111927099
0.000583058586613
0.000615897245882
0.000649635219115
0.00068427247581
0.000719808984638
0.000756244713452
0.000793579629274
0.000831813698307
0.000870946885923
0.000910979156671
0.000951910474268
0.000993740801607
0.00103647010075
0.00108009833292
0.00112462545853
0.00117005143713
0.00121637622747
0.00126359978745
0.00131172207412
0.00136074304371
0.00141066265163
0.00146148085241
0.00151319759977
0.00156581284659
0.00161932654489
0.00167373864586
0.00172904909985
0.00178525785636
0.00184236486403
0.00190037007067
0.00195927342324
0.00201907486784
0.00207977434973
0.0021413718133
0.0022038672021
0.00226726045884
0.00233155152533
0.00239674034256
0.00246282685064
0.00252981098883
0.00259769269553
0.00266647190826
0.00273614856369
0.00280672259761
0.00287819394496
0.00295056253979
0.0030238283153
0.00309799120379
0.00317305113671
0.00324900804461
0.00332586185719
0.00340361250326
0.00348225991073
0.00356180400664
0.00364224471716
0.00372358196756
0.00380581568221
0.00388894578461
0.00397297219735
0.00405789484215
0.00414371363982
0.00423042851027
0.00431803937251
0.00440654614466
0.00449594874393
0.00458624708661
0.00467744108812
0.00476953066293
0.00486251572464
0.00495639618589
0.00505117195845
0.00514684295313
0.00524340907987
0.00534087024765
0.00543922636453
0.00553847733766
0.00563862307326
0.00573966347661
0.00584159845207
0.00594442790304
0.00604815173202
0.00615276984055
0.00625828212922
0.0063646884977
0.0064719888447
0.00658018306798
0.00668927106435
0.00679925272968
0.00691012795886
0.00702189664585
0.00713455868363
0.00724811396423
0.0073625623787
0.00747790381714
0.00759413816865
0.0077112653214
0.00782928516255
0.00794819757829
0.00806800245383
0.00818869967341
0.00831028912027
0.00843277067666
0.00855614422385
0.00868040964209
0.00880556681067
0.00893161560786
0.00905855591091
0.00918638759611
0.00931511053869
0.00944472461292
0.00957522969201
0.00970662564817
0.00983891235262
0.0099720896755
0.010106157486
0.0102411156522
0.0103769640411
0.010513702519
0.0106513309506
0.0107898492001
0.0109292571304
0.0110695546033
0.0112107414796
0.0113528176192
0.0114957828808
0.011639637122
0.0117843801994
0.0119300119686
0.0120765322839
0.0122239409989
0.0123722379659
0.0125214230359
0.0126714960593
0.0128224568851
0.0129743053612
0.0131270413346
0.013280664651
0.0134351751551
0.0135905726905
0.0137468570997
0.0139040282241
0.0140620859038
0.0142210299781
0.014380860285
0.0145415766613
0.0147031789428
0.0148656669641
0.0150290405588
0.0151932995592
0.0153584437965
0.0155244731007
0.0156913873009
0.0158591862247
0.0160278696988
0.0161974375487
0.0163678895984
0.0165392256713
0.0167114455893
0.016884549173
0.017058536242
0.0172334066149
0.0174091601087
0.0175857965394
0.017763315722
0.0179417174699
0.0181210015956
0.0183011679103
0.018482216224
0.0186641463454
0.0188469580821
0.0190306512404
0.0192152256254
0.0194006810409
0.0195870172896
0.0197742341728
0.0199623314906
0.0201513090419
0.0203411666244
0.0205319040343
0.0207235210668
0.0209160175157
0.0211093931736
0.0213036478316
0.0214987812799
0.021694793307
0.0218916837005
0.0220894522464
0.0222880987295
0.0224876229333
0.0226880246401
0.0228893036307
0.0230914596847
0.0232944925803
0.0234984020945
0.0237031880028
0.0239088500794
0.0241153880973
0.024322801828
0.0245310910416
0.0247402555072
0.024950294992
0.0251612092623
0.0253729980828
0.0255856612168
0.0257991984263
0.026013609472
0.026228894113
0.026445052107
0.0266620832107
0.0268799871788
0.0270987637651
0.0273184127217
0.0275389337993
0.0277603267473
0.0279825913135
0.0282057272444
0.028429734285
0.0286546121789
0.0288803606681
0.0291069794934
0.0293344683938
0.0295628271072
0.0297920553697
0.0300221529162
0.0302531194798
0.0304849547923
0.0307176585842
0.030951230584
0.0311856705192
0.0314209781155
0.031657153097
0.0318941951866
0.0321321041054
0.0323708795732
0.0326105213079
0.0328510290262
0.033092402443
0.0333346412719
0.0335777452248
0.0338217140118
0.0340665473419
0.0343122449222
0.0345588064582
0.034806231654
0.0350545202119
0.0353036718327
0.0355536862155
0.0358045630581
0.0360563020562
0.0363089029041
0.0365623652947
0.0368166889188
0.0370718734659
0.0373279186236
0.0375848240782
0.0378425895139
0.0381012146135
0.0383606990581
0.0386210425271
0.0388822446981
0.0391443052471
0.0394072238484
0.0396710001746
0.0399356338965
0.0402011246833
0.0404674722024
0.0407346761196
0.0410027360986
0.0412716518017
0.0415414228894
0.0418120490204
0.0420835298515
0.0423558650378
0.0426290542329
0.0429030970881
0.0431779932534
0.0434537423766
0.043730344104
0.0440077980799
0.0442861039469
0.0445652613457
0.0448452699151
0.0451261292923
0.0454078391124
0.0456903990088
0.0459738086129
0.0462580675544
0.046543175461
0.0468291319586
0.0471159366711
0.0474035892207
0.0476920892276
0.0479814363099
0.0482716300841
0.0485626701646
0.0488545561638
0.0491472876925
0.0494408643591
0.0497352857704
0.0500305515311
0.0503266612439
0.0506236145096
0.050921410927
0.051220050093
0.0515195316023
0.0518198550477
0.0521210200201
0.0524230261082
0.0527258728989
0.0530295599768
0.0533340869246
0.0536394533231
0.0539456587507
0.0542527027841
0.0545605849977
0.0548693049639
0.055178862253
0.0554892564332
0.0558004870707
0.0561125537295
0.0564254559714
0.0567391933563
0.0570537654417
0.0573691717833
0.0576854119344
0.0580024854462
0.0583203918678
0.058639130746
0.0589587016256
0.0592791040491
0.0596003375568
0.059922401687
0.0602452959754
0.060569019956
0.06089357316
0.0612189551169
0.0615451653536
0.061872203395
0.0622000687635
0.0625287609794
0.0628582795608
0.0631886240233
0.0635197938803
0.0638517886431
0.0641846078203
0.0645182509186
0.0648527174422
0.0651880068929
0.0655241187703
0.0658610525715
0.0661988077914
0.0665373839225
0.0668767804548
0.0672169968762
0.067558032672
0.0678998873251
0.0682425603161
0.068586051123
0.0689303592218
0.0692754840855
0.0696214251852
0.0699681819892
0.0703157539635
0.0706641405715
0.0710133412743
0.0713633555305
0.0717141827962
0.0720658225248
0.0724182741675
0.0727715371728
0.0731256109867
0.0734804950528
0.073836188812
0.0741926917027
0.0745500031608
0.0749081226196
0.0752670495098
0.0756267832594
0.0759873232942
0.076348669037
0.0767108199081
0.0770737753253
0.0774375347037
0.0778020974557
0.0781674629912
0.0785336307173
0.0789006000384
0.0792683703565
0.0796369410706
0.0800063115773
0.0803764812703
0.0807474495406
0.0811192157766
0.0814917793639
0.0818651396853
0.0822392961211
0.0826142480486
0.0829899948423
0.0833665358743
0.0837438705135
0.0841219981262
0.0845009180759
0.0848806297233
0.0852611324262
0.0856424255398
0.0860245084162
0.0864073804047
0.0867910408519
0.0871754891014
0.087560724494
0.0879467463676
0.0883335540572
0.0887211468949
0.0891095242099
0.0894986853285
0.089888629574
0.0902793562669
0.0906708647246
0.0910631542617
0.0914562241897
0.0918500738172
0.0922447024497
0.09264010939
0.0930362939375
0.093433255389
0.0938309930379
0.0942295061748
0.0946287940872
0.0950288560595
0.0954296913733
0.0958312993067
0.096233679135
0.0966368301305
0.0970407515621
0.0974454426959
0.0978509027947
0.0982571311181
0.0986641269229
0.0990718894624
0.099480417987
0.0998897117437
0.100299769977
0.100710591926
0.101122176831
0.101534523924
0.101947632437
0.102361501598
0.102776130632
0.10319151876
0.103607665201
0.104024569169
0.104442229876
0.104860646531
0.105279818339
0.105699744501
0.106120424216
0.10654185668
0.106964041084
0.107386976617
0.107810662464
0.108235097806
0.108660281824
0.109086213691
0.109512892579
0.109940317657
0.11036848809
0.110797403038
0.111227061662
0.111657463114
0.112088606547
0.112520491107
0.11295311594
0.113386480187
0.113820582984
0.114255423466
0.114691000763
0.115127314002
0.115564362307
0.116002144797
0.116440660588
0.116879908794
0.117319888523
0.117760598882
0.118202038972
0.118644207892
0.119087104737
0.119530728598
0.119975078563
0.120420153715
0.120865953137
0.121312475903
0.121759721088
0.122207687761
0.122656374987
0.12310578183
0.123555907346
0.124006750592
0.124458310619
0.124910586473
0.125363577198
0.125817281834
0.126271699418
0.126726828982
0.127182669554
0.127639220159
0.128096479819
0.12855444755
0.129013122367
0.129472503278
0.129932589291
0.130393379406
0.130854872623
0.131317067935
0.131779964333
0.132243560804
0.132707856331
0.133172849892
0.133638540463
0.134104927014
0.134572008513
0.135039783924
0.135508252205
0.135977412313
0.136447263198
0.136917803808
0.137389033087
0.137860949975
0.138333553406
0.138806842314
0.139280815625
0.139755472264
0.140230811149
0.140706831197
0.141183531319
0.141660910423
0.142138967412
0.142617701186
0.14309711064
0.143577194666
0.144057952151
0.144539381978
0.145021483026
0.14550425417
0.145987694281
0.146471802227
0.146956576868
0.147442017065
0.147928121671
0.148414889537
0.148902319508
0.149390410426
0.14987916113
0.150368570452
0.150858637223
0.151349360266
0.151840738404
0.152332770452
0.152825455223
0.153318791526
0.153812778165
0.154307413939
0.154802697643
0.15529862807
0.155795204005
0.156292424232
0.15679028753
0.157288792671
0.157787938427
0.158287723563
0.15878814684
0.159289207014
0.159790902839
0.160293233062
0.160796196429
0.161299791677
0.161804017543
0.162308872758
0.162814356047
0.163320466133
0.163827201734
0.164334561564
0.16484254433
0.165351148738
0.165860373488
0.166370217276
0.166880678793
0.167391756726
0.167903449758
0.168415756567
0.168928675825
0.169442206204
0.169956346367
0.170471094974
0.170986450682
0.171502412142
0.172018978
0.1725361469
0.17305391748
0.173572288372
0.174091258205
0.174610825605
0.175130989191
0.175651747579
0.176173099379
0.176695043198
0.177217577638
0.177740701297
0.178264412767
0.178788710637
0.17931359349
0.179839059906
0.180365108459
0.18089173772
0.181418946254
0.181946732622
0.182475095381
0.183004033083
0.183533544275
0.1840636275
0.184594281296
0.185125504197
0.185657294731
0.186189651424
0.186722572795
0.18725605736
0.187790103628
0.188324710107
0.188859875298
0.189395597697
0.189931875797
0.190468708086
0.191006093047
0.191544029158
0.192082514893
0.192621548722
0.193161129109
0.193701254513
0.194241923391
0.194783134194
0.195324885366
0.195867175351
0.196410002584
0.196953365499
0.197497262522
0.198041692077
0.198586652583
0.199132142452
0.199678160095
0.200224703915
0.200771772313
0.201319363683
0.201867476417
0.202416108901
0.202965259515
0.203514926637
0.204065108639
0.204615803888
0.205167010747
0.205718727575
0.206270952724
0.206823684545
0.20737692138
0.207930661571
0.208484903452
0.209039645354
0.209594885603
0.210150622519
0.21070685442
0.211263579618
0.21182079642
0.212378503129
0.212936698043
0.213495379456
0.214054545657
0.214614194931
0.215174325557
0.215734935811
0.216296023962
0.216857588279
0.217419627021
0.217982138447
0.218545120808
0.219108572352
0.219672491323
0.220236875959
0.220801724495
0.221367035159
0.221932806178
0.222499035772
0.223065722156
0.223632863543
0.224200458139
0.224768504147
0.225336999765
0.225905943186
0.226475332599
0.227045166188
0.227615442134
0.228186158613
0.228757313794
0.229328905845
0.229900932928
0.230473393201
0.231046284816
0.231619605923
0.232193354665
0.232767529184
0.233342127614
0.233917148086
0.234492588728
0.235068447661
0.235644723003
0.236221412869
0.236798515367
0.237376028602
0.237953950675
0.238532279682
0.239111013715
0.239690150861
0.240269689204
0.240849626823
0.241429961792
0.242010692182
0.242591816058
0.243173331484
0.243755236516
0.244337529207
0.244920207608
0.245503269764
0.246086713714
0.246670537495
0.247254739141
0.247839316679
0.248424268133
0.249009591524
0.249595284867
0.250181346174
0.250767773453
0.251354564707
0.251941717936
0.252529231135
0.253117102296
0.253705329407
0.254293910449
0.254882843404
0.255472126246
0.256061756946
0.256651733473
0.257242053789
0.257832715854
0.258423717625
0.259015057051
0.259606732082
0.260198740662
0.26079108073
0.261383750223
0.261976747073
0.262570069209
0.263163714557
0.263757681036
0.264351966565
0.264946569056
0.265541486421
0.266136716565
0.266732257391
0.267328106797
0.267924262679
0.268520722928
0.269117485432
0.269714548076
0.270311908741
0.270909565303
0.271507515636
0.27210575761
0.272704289093
0.273303107946
0.273902212031
0.274501599202
0.275101267313
0.275701214214
0.27630143775
0.276901935764
0.277502706095
0.278103746579
0.27870505505
0.279306629335
0.279908467262
0.280510566653
0.281112925328
0.281715541103
0.282318411792
0.282921535204
0.283524909147
0.284128531425
0.284732399838
0.285336512183
0.285940866256
0.286545459849
0.287150290749
0.287755356742
0.288360655612
0.288966185137
0.289571943094
0.290177927258
0.290784135399
0.291390565286
0.291997214684
0.292604081355
0.293211163059
0.293818457554
0.294425962594
0.295033675929
0.29564159531
0.296249718482
0.296858043189
0.297466567173
0.29807528817
0.298684203918
0.29929331215
0.299902610596
0.300512096985
0.301121769043
0.301731624493
0.302341661056
0.302951876452
0.303562268395
0.304172834601
0.30478357278
0.305394480642
0.306005555895
0.306616796243
0.307228199388
0.307839763032
0.308451484873
0.309063362606
0.309675393926
0.310287576525
0.310899908093
0.311512386317
0.312125008885
0.312737773478
0.313350677781
0.313963719472
0.31457689623
0.315190205731
0.315803645649
0.316417213658
0.317030907428
0.317644724628
0.318258662926
0.318872719986
0.319486893474
0.320101181051
0.320715580378
0.321330089113
0.321944704915
0.32255942544
0.32317424834
0.32378917127
0.324404191881
0.325019307823
0.325634516743
0.32624981629
0.326865204108
0.327480677843
0.328096235137
0.328711873631
0.329327590967
0.329943384783
0.330559252718
0.331175192407
0.331791201487
0.332407277593
0.333023418356
0.33363962141
0.334255884386
0.334872204913
0.335488580621
0.336105009138
0.336721488091
0.337338015105
0.337954587806
0.338571203819
0.339187860766
0.33980455627
0.340421287953
0.341038053435
0.341654850337
0.342271676278
0.342888528876
0.343505405748
0.344122304513
0.344739222787
0.345356158184
0.345973108321
0.346590070811
0.347207043269
0.347824023308
0.34844100854
0.349057996577
0.349674985031
0.350291971513
0.350908953634
0.351525929004
0.352142895232
0.352759849927
0.353376790699
0.353993715155
0.354610620904
0.355227505553
0.355844366709
0.356461201979
0.35707800897
0.357694785287
0.358311528537
0.358928236325
0.359544906257
0.360161535936
0.360778122968
0.361394664958
0.362011159509
0.362627604225
0.363243996709
0.363860334566
0.364476615399
0.365092836809
0.365708996401
0.366325091776
0.366941120536
0.367557080284
0.368172968621
0.368788783149
0.369404521469
0.370020181182
0.370635759889
0.371251255191
0.371866664688
0.37248198598
0.373097216667
0.373712354348
0.374327396622
0.374942341089
0.375557185347
0.376171926995
0.37678656363
0.37740109285
0.378015512252
0.378629819432
0.379244011988
0.379858087515
0.380472043608
0.381085877863
0.381699587873
0.382313171232
0.382926625534
0.38353994837
0.384153137334
0.384766190015
0.385379104003
0.38599187689
0.386604506262
0.387216989708
0.387829324814
0.388441509167
0.38905354035
0.389665415947
0.39027713354
0.390888690711
0.391500085039
0.392111314103
0.392722375478
0.39333326674
0.393943985463
0.394554529219
0.395164895577
0.395775082106
0.396385086371
0.396994905937
0.397604538365
0.398213981215
0.398823232043
0.399432288405
0.400041147851
0.400649807932
0.401258266192
0.401866520174
0.40247456742
0.403082405463
0.403690031839
0.404297444075
0.404904639698
0.405511616228
0.406118371183
0.406724902076
0.407331206414
0.407937281702
0.408543125438
0.409148735115
0.409754108222
0.410359242241
0.410964134648
0.411568782915
0.412173184505
0.412777336876
0.413381237478
0.413984883757
0.414588273147
0.415191403078
0.41579427097
0.416396874235
0.416999210276
0.417601276489
0.418203070259
0.41880458896
0.419405829959
0.42000679061
0.420607468258
0.421207860234
0.421807963861
0.422407776446
0.423007295286
0.423606517664
0.42420544085
0.424804062098
0.42540237865
0.42600038773
0.426598086549
0.427195472299
0.427792542157
0.428389293282
0.428985722814
0.429581827875
0.430177605567
0.430773052971
0.431368167148
0.431962945137
0.432557383954
0.433151480592
0.433745232018
0.434338635177
0.434931686985
0.435524384333
0.436116724081
0.436708703064
0.437300318084
0.437891565913
0.43848244329
0.439072946922
0.439663073479
0.440252819597
0.440842181875
0.441431156871
0.442019741107
0.44260793106
0.443195723167
0.443783113819
0.444370099361
0.444956676092
0.445542840261
0.446128588066
0.446713915652
0.447298819111
0.447883294475
0.448467337722
0.449050944767
0.449634111463
0.450216833597
0.450799106892
0.451380926999
0.451962289498
0.452543189897
0.453123623625
0.453703586034
0.454283072394
0.454862077889
0.455440597619
0.456018626594
0.45659615973
0.457173191849
0.457749717675
0.458325731833
0.45890122884
0.45947620311
0.460050648947
0.46062456054
0.461197931965
0.461770757177
0.46234303001
0.462914744173
0.463485893245
0.464056470673
0.46462646977
0.465195883706
0.465764705508
0.466332928055
0.466900544073
0.467467546125
0.468033926614
0.468599677767
0.469164791634
0.469729260073
0.470293074746
0.470856227103
0.471418708369
0.471980509528
0.472541621299
0.473102034114
0.473661738079
0.474220722936
0.474778977996
0.475336492066
0.475893253334
0.476449249223
0.477004466214
0.477558889661
0.478112503719
0.478665291595
0.479217236364
0.479768322243
0.480318535537
0.480867864439
0.481416297864
0.481963824245
0.48251043084
0.483056103522
0.483600826796
0.484144583887
0.4846873568
0.485229126349
0.485769872139
0.486309572506
0.486848204428
0.487385743404
0.48792216331
0.488457436273
0.488991532598
0.489524420837
0.490056068054
0.490586440264
0.491115502848
0.491643220645
0.492169557563
0.492694475815
0.493217934933
0.493739890595
0.494260293121
0.494779085718
0.495296204216
0.495811582687
0.496325164093
0.496836901966
0.497346750948
0.497854659603
0.498360568139
0.498864407112
0.499366094962
0.499865532193
0.500362588462
0.500857110016
0.501348982364
0.501838096522
0.502324351303
0.502807691402
0.503288041341
0.50376526461
0.504239239082
0.504709972075
0.505177360162
0.505641221763
0.506101419076
0.506557904778
0.507010601668
0.50745941061
0.507904255829
0.508345061089
0.508781727349
0.509214130342
0.509642122231
0.510065535169
0.510484189292
0.510897906683
0.511306517989
0.511709796007
0.51210728352
0.512498971974
0.51288466353
0.513264195381
0.51363744827
0.514004274855
0.514364508406
0.514717986996
0.515064566059
0.515403898677
0.515735806115
0.51606042483
0.51637739306
0.516686123885
0.516986850056
0.517278732013
0.517562081285
0.517836831103
0.518102722171
0.518359174873
0.518606087965
0.518843542329
0.519071346628
0.519289123242
0.519496123705
0.519691863449
0.519876453287
0.520049634137
0.520211191002
0.520360807916
0.52049890714
0.520625574841
0.520740838556
0.520844652444
0.520936897608
0.521017343078
0.521085349327
0.521140693069
0.521183128547
0.521211684458
0.52122702273
0.521229479976
0.521219085208
0.521195892189
0.521159828205
0.521110877654
0.521049066899
0.52097439496
0.520886783925
0.520785912717
0.520671556535
0.52054380349
0.520402923058
0.520248494428
0.52008138715
0.519901764657
0.519708940559
0.519503033926
0.519284890627
0.519054887725
0.518813140518
0.518559355377
0.518293819312
0.518017202423
0.517729608178
0.517431156326
0.517121931222
0.516801670206
0.516470606961
0.516128523171
0.51577592722
0.515413148387
0.515040251361
0.514657472405
0.514265257475
0.51386383891
0.513453397537
0.513034035906
0.512605633759
0.512168342496
0.511721967973
0.511267154763
0.51080419024
0.510333045988
0.509854091211
0.509367672818
0.50887395733
0.508373089212
0.50786522893
0.507350364878
0.506828673636
0.506300469098
0.505766084991
0.505225668293
0.504679349357
0.504127320856
0.503569837362
0.503007101208
0.502439316894
0.501866655755
0.50128924
0.500707288095
0.500120919081
0.499530135804
0.498935027001
0.498335710352
0.497731790453
0.497123816579
0.496512091524
0.495896734351
0.495277838754
0.494655701741
0.49403047823
0.493402309926
0.492771325917
0.492137630506
0.49150127611
0.490862332277
0.490220954714
0.489577271242
0.48893139546
0.488283426335
0.487633460808
0.486981602405
0.486327935262
0.48567250013
0.485015343876
0.484356551864
0.483696214828
0.483034414391
0.482371231896
0.481706742536
0.481041010333
0.48037408844
0.479706016051
0.479036786044
0.478366456634
0.477695070469
0.477022686133
0.476349361238
0.475675148944
0.475000100251
0.474324263672
0.473647679939
0.472970292971
0.472292224049
0.471613525783
0.470934247158
0.470254428735
0.469574106321
0.468893313076
0.468212079851
0.467530435282
0.466848405621
0.46616601391
0.465483277856
0.46480020764
0.464116813009
0.463433112223
0.462749126012
0.462064885464
0.461380432919
0.460695808273
0.460011044778
0.45932617091
0.458641212151
0.45795619196
0.457271132325
0.456586054151
0.45590097766
0.455215922847
0.454530909877
0.453845959212
0.453161091356
0.45247632643
0.451791683976
0.451107183264
0.450422843672
0.449738684523
0.449054724513
0.448370981311
0.447687471421
0.447004210154
0.446321211633
0.445638488794
0.444956053457
0.444273916553
0.443592088648
0.442910580774
0.442229405261
0.441548575925
0.440868107528
0.440188015039
0.439508313129
0.438829015943
0.438150137059
0.437471689507
0.4367936858
0.436116137952
0.435439057488
0.434762455439
0.434086342336
0.433410728191
0.432735622429
0.432061033607
0.431386965921
0.430713379814
0.430040306567
0.429367779045
0.428695804674
0.428024389439
0.427353539192
0.426683259869
0.426013557181
0.425344436157
0.42467590221
0.424007962862
0.423340626099
0.422673899101
0.422007788243
0.421342299297
0.420677437758
0.420013209086
0.419349618758
0.41868667224
0.418024374994
0.417362732516
0.416701750317
0.416041433858
0.415381788483
0.414722819412
0.414064531845
0.413406931134
0.412750022916
0.412093813088
0.41143830763
0.410783512358
0.410129432728
0.409476073764
0.408823440159
0.408171536499
0.407520367348
0.406869937104
0.406220249863
0.405571309412
0.404923119318
0.404275683018
0.403629003905
0.402983085378
0.402337930878
0.401693543905
0.401049928034
0.400407086939
0.399765024416
0.399123744397
0.398483250911
0.39784354797
0.397204639256
0.396566527385
0.395929214206
0.39529270454
0.394657004079
0.394022116992
0.393388046614
0.392754795879
0.392122367473
0.391490763927
0.390859987715
0.390230041375
0.389600927606
0.388972649291
0.388345209374
0.387718610595
0.387092855026
0.386467942975
0.385843869585
0.385220621358
0.38459819935
0.38397662426
0.383355909096
0.3827360604
0.382117082465
0.381498978677
0.380881751929
0.380265404712
0.3796499389
0.37903535461
0.378421648715
0.377808823562
0.377196886253
0.376585840571
0.375975688627
0.375366431928
0.374758071676
0.374150608983
0.373544045111
0.372938381701
0.372333620888
0.371729765199
0.371126817269
0.370524779497
0.369923653406
0.369323434792
0.368724103541
0.368125677723
0.367528171155
0.366931586992
0.366335927103
0.365741193071
0.365147386358
0.364554508352
0.363962560387
0.363371543751
0.362781459693
0.362192309425
0.36160409413
0.36101681496
0.360430473044
0.359845069492
0.359260605392
0.35867708182
0.35809449984
0.357512860505
0.356932164859
0.356352413941
0.355773608783
0.355195750412
0.354618839854
0.354042878128
0.353467866253
0.352893805247
0.352320696123
0.351748539898
0.351177337584
0.35060709019
0.350037798721
0.349469464171
0.348902087523
0.348335669744
0.347770211775
0.347205714531
0.346642178891
0.346079605687
0.3455179957
0.344957349641
0.344397668142
0.343838951726
0.343281200775
0.342724415245
0.342168588047
0.341613719258
0.341059816157
0.340506878687
0.339954906373
0.339403898688
0.338853855217
0.338304775821
0.337756660779
0.337209510842
0.33666332719
0.336118111311
0.335573864836
0.335030589409
0.334488286594
0.33394695783
0.333406604426
0.332867227568
0.332328828324
0.331791407633
0.331254966241
0.330719504529
0.330185022111
0.329651517438
0.32911898945
0.328587440436
0.328056873844
0.327527291996
0.326998696334
0.326471087893
0.325944467525
0.325418835982
0.324894193956
0.324370542084
0.32384788096
0.323326211132
0.322805533103
0.322285847335
0.321767154246
0.321249454219
0.3207327476
0.320217034703
0.31970231581
0.319188591179
0.318675861042
0.318164125607
0.317653385064
0.317143639581
0.31663488931
0.316127134384
0.315620374916
0.315114611003
0.314609842722
0.314106070131
0.313603293267
0.313101512144
0.312600726759
0.312100937086
0.311602143079
0.311104344676
0.310607541798
0.310111734353
0.30961692224
0.309123105347
0.308630283557
0.308138456747
0.307647624791
0.307157787561
0.306668944927
0.306181096759
0.305694242931
0.305208383321
0.304723517813
0.304239646298
0.303756768676
0.30327488485
0.302793994726
0.302314098208
0.30183519519
0.30135728555
0.300880369143
0.300404445796
0.299929515298
0.299455577396
0.29898263179
0.298510678131
0.29803971602
0.297569745017
0.297100764648
0.296632774434
0.296165773923
0.295699762727
0.29523474056
0.294770707265
0.294307662813
0.293845607281
0.293384540817
0.292924463593
0.292465375761
0.292007277406
0.291550168507
0.291094048889
0.290638918227
0.290184776175
0.289731622649
0.289279457964
0.288828282627
0.288378097082
0.287928901619
0.287480696399
0.287033481489
0.286587256893
0.286142022572
0.285697778455
0.28525452445
0.284812260442
0.284370986303
0.28393070189
0.283491407051
0.283053101621
0.282615785428
0.28217945829
0.281744120021
0.281309770426
0.280876409303
0.280444036446
0.280012651644
0.279582254678
0.279152845326
0.278724423362
0.278296988553
0.277870540662
0.277445079446
0.27702060466
0.276597116051
0.276174613362
0.27575309633
0.275332564688
0.274913018162
0.274494456474
0.274076879339
0.273660286466
0.273244677559
0.272830052315
0.272416410425
0.272003751573
0.271592075438
0.27118138169
0.270771669993
0.270362940005
0.269955191374
0.269548423742
0.26914263674
0.268737829994
0.268334003114
0.267931155701
0.267529287341
0.2671283976
0.26672848602
0.2663295521
0.265931595263
0.265534614745
0.265138609167
0.26474357464
0.264349504246
0.263956400815
0.263564268898
0.263173109178
0.262782921191
0.262393704171
0.262005457305
0.261618179914
0.261231871587
0.260846532196
0.260462161801
0.260078760501
0.259696328344
0.259314865285
0.258934371191
0.25855484585
0.258176288989
0.257798700288
0.257422079392
0.257046425922
0.256671739482
0.256298019662
0.255925266048
0.25555347822
0.25518265576
0.254812798245
0.254443905255
0.254075976366
0.253709011153
0.253343009186
0.252977970031
0.252613893245
0.252250778381
0.251888624979
0.251527432575
0.251167200694
0.250807928853
0.25044961656
0.250092263312
0.249735868601
0.249380431908
0.249025952705
0.248672430457
0.248319864619
0.247968254638
0.247617599952
0.24726789999
0.246919154173
0.246571361915
0.24622452262
0.245878635687
0.245533700511
0.245189716485
0.244846683001
0.244504599457
0.244163465259
0.243823279826
0.243484042592
0.243145753008
0.242808410545
0.242472014689
0.242136564942
0.241802060816
0.241468501831
0.24113588751
0.240804217376
0.240473490952
0.240143707755
0.239814867296
0.239486969084
0.239160012617
0.23883399739
0.238508922892
0.238184788605
0.237861594007
0.23753933857
0.237218021762
0.236897643047
0.236578201884
0.236259697728
0.235942130032
0.235625498243
0.235309801807
0.234995040165
0.234681212756
0.234368319016
0.234056358376
0.233745330268
0.233435234116
0.233126069345
0.232817835375
0.232510531625
0.232204157509
0.231898712441
0.231594195828
0.231290607079
0.230987945597
0.230686210784
0.230385402037
0.230085518753
0.229786560324
0.229488526142
0.229191415593
0.228895228061
0.228599962929
0.228305619575
0.228012197375
0.227719695699
0.227428113917
0.227137451392
0.226847707484
0.226558881547
0.226270972929
0.225983980971
0.225697905006
0.225412744353
0.225128498322
0.224845166203
0.224562747263
0.224281240743
0.224000645845
0.223720961722
0.223442187469
0.223164322111
0.222887364601
0.222611313835
0.222336168707
0.222061928189
0.221788591433
0.221516157836
0.22124462702
0.220973998754
0.22070427285
0.22043544909
0.220167527192
0.219900506797
0.21963438748
0.219369168757
0.219104850103
0.218841430954
0.218578910723
0.218317288799
0.218056564557
0.217796737359
0.217537806557
0.217279771492
0.217022631501
0.216766385915
0.216511034058
0.216256575251
0.216003008811
0.215750334049
0.215498550275
0.215247656796
0.214997652915
0.214748537931
0.214500311142
0.214252971843
0.214006519325
0.213760952879
0.21351627179
0.213272475342
0.213029562818
0.212787533495
0.212546386649
0.212306121555
0.212066737483
0.2118282337
0.211590609472
0.21135386406
0.211117996724
0.210883006719
0.210648893299
0.210415655712
0.210183293205
0.209951805019
0.209721190394
0.209491448564
0.20926257876
0.20903458021
0.208807452136
0.208581193759
0.208355804297
0.208131282962
0.20790762897
0.207684841534
0.20746291987
0.207241863195
0.207021670735
0.206802341718
0.206583875385
0.206366270982
0.206149527765
0.205933644996
0.205718621947
0.205504457892
0.205291152108
0.205078703876
0.204867112473
0.204656377178
0.204446497264
0.204237472003
0.204029300663
0.203821982508
0.203615516797
0.203409902788
0.203205139735
0.203001226887
0.202798163493
0.202595948798
0.202394582048
0.202194062486
0.201994389352
0.201795561888
0.201597579334
0.20140044093
0.201204145914
0.201008693524
0.200814082997
0.200620313569
0.200427384474
0.200235294945
0.200044044214
0.199853631509
0.199664056057
0.199475317083
0.199287413807
0.199100345443
0.198914111185
0.198728710133
0.198544139771
0.198360383526
0.198177453258
0.197995352998
0.197814082176
0.19763364005
0.197454025856
0.197275238818
0.19709727816
0.196920143106
0.196743832875
0.19656834669
0.196393683769
0.196219843329
0.196046824588
0.195874626758
0.195703249053
0.19553269068
0.195362950846
0.195194028755
0.195025923607
0.194858634599
0.194692160925
0.194526501773
0.194361656331
0.194197623781
0.194034403298
0.193871994056
0.19371039522
0.193549605947
0.193389625386
0.193230452671
0.193072086914
0.192914527202
0.192757772581
0.192601822057
0.192446674621
0.192292329318
0.192138785313
0.191986041876
0.191834098304
0.19168295386
0.191532607764
0.191383059194
0.191234307299
0.191086351204
0.190939190016
0.190792822823
0.1906472487
0.190502466703
0.190358475871
0.190215275221
0.190072863752
0.189931240434
0.18979040421
0.189650353994
0.189511088665
0.189372607069
0.189234908021
0.189097990307
0.188961852699
0.188826493967
0.188691912902
0.188558108348
0.188425079222
0.18829282454
0.188161343428
0.188030635119
0.187900698938
0.18777153428
0.187643140579
0.187515517284
0.187388663839
0.187262579666
0.18713726416
0.18701271668
0.186888936555
0.186765923078
0.186643675516
0.186522193107
0.186401475067
0.186281520591
0.186162328857
0.186043899027
0.18592623025
0.185809321664
0.185693172397
0.185577781568
0.185463148288
0.185349271663
0.185236150791
0.185123784766
0.185012172676
0.184901313605
0.184791206634
0.184681850838
0.184573245289
0.184465389058
0.184358281208
0.184251920801
0.184146306895
0.18404143854
0.183937314777
0.183833934616
0.183731296968
0.183629399899
0.183528225583
0.183427769335
0.183328050415
0.183229069231
0.183130824997
0.183033316795
0.182936543679
0.182840504691
0.182745198868
0.182650625242
0.182556782845
0.182463670703
0.182371287845
0.182279633293
0.18218870607
0.182098505198
0.182009029693
0.181920278574
0.181832250854
0.181744945545
0.181658361657
0.181572498196
0.181487354167
0.181402928571
0.181319220407
0.181236228668
0.181153952347
0.18107239043
0.180991541901
0.180911405739
0.180831980915
0.180753266397
0.180675261142
0.180597964099
0.180521374203
0.180445490371
0.180370311491
0.180295836404
0.18022206388
0.180148992576
0.180076621031
0.18000494781
0.179933971772
0.179863692074
0.179794107912
0.179725218367
0.179657022413
0.17958951897
0.179522706941
0.179456585248
0.179391152847
0.179326408732
0.179262351933
0.179198981499
0.179136296486
0.179074295944
0.179012978909
0.178952344399
0.17889239141
0.17883311892
0.178774525892
0.178716611279
0.178659374029
0.178602813099
0.178546927452
0.178491716066
0.17843717793
0.178383312045
0.178330117412
0.178277593032
0.178225737901
0.178174551007
0.17812403133
0.178074177841
0.178024989505
0.177976465276
0.177928604105
0.177881404935
0.177834866702
0.177788988338
0.177743768769
0.177699206915
0.177655301691
0.177612052005
0.177569456762
0.177527514858
0.177486225185
0.177445586629
0.177405598071
0.17736625839
0.177327566461
0.177289521162
0.177252121373
0.177215365982
0.177179253888
0.177143784003
0.177108955254
0.177074766587
0.17704121696
0.177008305347
0.17697603073
0.1769443921
0.17691338845
0.176883018772
0.176853282055
0.176824177286
0.176795703444
0.176767859501
0.176740644424
0.176714057172
0.176688096698
0.17666276195
0.176638051866
0.176613965385
0.176590501436
0.176567658947
0.176545436839
0.176523834032
0.176502849441
0.176482481978
0.176462730554
0.176443594076
0.176425071448
0.176407161575
0.176389863357
0.176373175694
0.176357097485
0.176341627626
0.176326765015
0.176312508545
0.176298857112
0.176285809609
0.17627336493
0.176261521965
0.176250279609
0.176239636751
0.176229592283
0.176220145094
0.176211294076
0.176203038115
0.176195376101
0.176188306921
0.176181829461
0.176175942605
0.176170645238
0.176165936241
0.176161814496
0.176158278882
0.176155328274
0.17615296155
0.176151177581
0.176149975238
0.176149353389
0.1761493109
0.176149846633
0.176150959449
0.176152648202
0.176154911747
0.176157748931
0.176161158602
0.176165139599
0.176169690758
0.176174810912
0.176180498886
0.176186753499
0.176193573566
0.176200957893
0.17620890528
0.176217414517
0.176226484389
0.176236113667
0.176246301118
0.176257045495
0.176268345544
0.176280200002
0.176292607596
0.17630556705
0.176319077079
0.1763331364
0.176347743731
0.176362897794
0.176378597321
0.176394841058
0.176411627764
0.176428956216
0.176446825211
0.176465233561
0.176484180096
0.17650366366
0.176523683112
0.176544237319
0.17656532516
0.176586945519
0.176609097288
0.176631779363
0.176654990642
0.176678730024
0.176702996409
0.176727788692
0.176753105766
0.176778946518
0.176805309829
0.176832194572
0.176859599614
0.176887523813
0.176915966021
0.176944925081
0.176974399831
0.177004389102
0.177034891721
0.177065906509
0.177097432281
0.177129467848
0.177162012019
0.177195063594
0.177228621368
0.177262684133
0.177297250669
0.177332319753
0.177367890152
0.177403960621
0.177440529911
0.177477596758
0.17751515989
0.177553218023
0.177591769863
0.177630814102
0.177670349421
0.177710374488
0.177750887957
0.177791888467
0.177833374646
0.177875345107
0.177917798455
0.177960733287
0.178004148197
0.178048041787
0.178092412671
0.178137259483
0.178182580886
0.178228375578
0.178274642293
0.1783213798
0.178368586905
0.17841626244
0.178464405256
0.178513014211
0.178562088153
0.178611625886
0.178661626124
0.178712087394
0.178763007856
0.178814384981
0.178866215248
0.178918494913
0.178971222487
0.17902439928
0.179078026926
0.179132106097
0.17918663667
0.179241618077
0.179297049519
0.179352930076
0.179409258751
0.179466034509
0.179523256283
0.179580922985
0.179639033513
0.179697586749
0.179756581564
0.179816016821
0.179875891371
0.179936204056
0.179996953709
0.180058139152
0.180119759199
0.180181812652
0.180244298299
0.180307214919
0.180370561274
0.180434336111
0.180498538159
0.180563166131
0.180628218724
0.180693694617
0.180759592484
0.180825910997
0.180892648842
0.180959804731
0.18102737742
0.181095365714
0.181163768474
0.181232584607
0.18130181306
0.181371452798
0.181441502798
0.181511962036
0.181582829477
0.181654104078
0.181725784782
0.181797870519
0.18187036021
0.181943252765
0.182016547088
0.182090242075
0.18216433662
0.182238829609
0.182313719929
0.182389006463
0.182464688094
0.1825407637
0.182617232163
0.182694092359
0.182771343167
0.182848983463
0.182927012121
0.183005428015
0.183084230016
0.183163416995
0.18324298782
0.183322941355
0.183403276464
0.183483992005
0.183565086835
0.183646559805
0.183728409763
0.18381063555
0.183893236004
0.183976209954
0.184059556221
0.184143273621
0.184227360957
0.184311817024
0.184396640604
0.184481830467
0.184567385371
0.18465330406
0.184739585268
0.184826227717
0.184913230125
0.18500059121
0.185088309698
0.18517638433
0.185264813874
0.185353597135
0.185442732954
0.185532220221
0.185622057862
0.185712244844
0.185802780157
0.185893662812
0.185984891828
0.186076466223
0.186168385015
0.186260647208
0.186353251797
0.186446197765
0.186539484082
0.186633109706
0.186727073585
0.186821374653
0.186916011842
0.187010984069
0.187106290249
0.18720192929
0.187297900093
0.187394201556
0.187490832575
0.187587792039
0.187685078837
0.187782691853
0.187880629971
0.187978892071
0.188077477032
0.188176383729
0.188275611039
0.188375157832
0.188475022977
0.188575205344
0.188675703795
0.188776517192
0.188877644394
0.188979084256
0.189080835634
0.189182897381
0.189285268353
0.189387947408
0.189490933411
0.189594225239
0.189697821775
0.189801721916
0.189905924564
0.190010428633
0.190115233037
0.190220336692
0.190325738516
0.190431437421
0.190537432319
0.190643722116
0.190750305712
0.190857181994
0.190964349828
0.191071808004
0.191179554996
0.191287587381
0.191395898964
0.19150449262
0.191613370503
0.191722532142
0.191831976616
0.191941702914
0.192051710003
0.192161996843
0.192272562394
0.192383405618
0.192494525483
0.192605920958
0.192717591013
0.192829534624
0.192941750766
0.193054238417
0.193166996555
0.193280024159
0.193393320209
0.193506883685
0.193620713567
0.193734808837
0.193849168476
0.193963791467
0.194078676791
0.194193823434
0.194309230379
0.194424896612
0.19454082112
0.19465700289
0.194773440912
0.194890134177
0.195007081677
0.195124282404
0.195241735355
0.195359439525
0.195477393914
0.19559559752
0.195714049346
0.195832748393
0.195951693667
0.196070884174
0.196190318921
0.196309996918
0.196429917176
0.196550078708
0.196670480527
0.196791121649
0.196912001092
0.197033117875
0.197154471018
0.197276059545
0.197397882478
0.197519938844
0.19764222767
0.197764747986
0.197887498823
0.198010479212
0.19813368819
0.198257124791
0.198380788055
0.198504677021
0.198628790731
0.198753128229
0.198877688559
0.199002470771
0.199127473911
0.199252697033
0.199378139188
0.199503799431
0.199629676819
0.199755770409
0.199882079263
0.200008602443
0.200135339011
0.200262288034
0.200389448578
0.200516819714
0.200644400512
0.200772190044
0.200900187385
0.201028391611
0.201156801799
0.20128541703
0.201414236383
0.201543258942
0.201672483791
0.201801910016
0.201931536704
0.202061362944
0.202191387827
0.202321610446
0.202452029894
0.202582645266
0.202713455658
0.20284446017
0.2029756579
0.20310704795
0.203238629423
0.203370401421
0.20350236305
0.203634513416
0.203766851626
0.203899376788
0.20403208801
0.204164984397
0.204298065055
0.204431329077
0.204564775535
0.204698403439
0.204832211573
0.204966197911
0.20510035955
0.205234696519
0.205369209789
0.205503899122
0.205638763842
0.205773803152
0.205909016222
0.206044402205
0.206179960251
0.206315689509
0.206451589127
0.206587658256
0.206723896046
0.206860301651
0.206996874226
0.20713361293
0.207270516921
0.207407585362
0.207544817416
0.207682212251
0.207819769035
0.207957486938
0.208095365134
0.208233402797
0.208371599107
0.208509953241
0.208648464383
0.208787131715
0.208925954423
0.209064931696
0.209204062721
0.209343346691
0.209482782796
0.20962237023
0.209762108186
0.209901995856
0.210042032434
0.210182217109
0.210322549071
0.210463027503
0.210603651587
0.210744420495
0.210885333391
0.211026389431
0.211167587756
0.211308927492
0.211450407748
0.211592027614
0.211733786163
0.21187568245
0.212017715521
0.212159884417
0.212302188196
0.212444625943
0.212587196787
0.212729899916
0.21287273458
0.213015700086
0.213158795783
0.213302021045
0.21344537525
0.213588857766
0.213732467937
0.21387620508
0.214020068482
0.214164057407
0.214308171105
0.214452408828
0.21459676984
0.214741253441
0.21488585897
0.215030585818
0.215175433426
0.215320401281
0.215465488901
0.215610695826
0.215756021601
0.215901465772
0.216047027871
0.216192707416
0.216338503908
0.216484416828
0.216630445643
0.216776589803
0.216922848746
0.217069221899
0.217215708683
0.217362308511
0.217509020795
0.217655844944
0.217802780367
0.217949826476
0.218096982686
0.218244248414
0.218391623084
0.218539106121
0.218686696956
0.218834395025
0.218982199765
0.219130110618
0.219278127027
0.219426248436
0.21957447429
0.219722804036
0.219871237119
0.220019772983
0.220168411074
0.220317150833
0.220465991705
0.220614933131
0.220763974552
0.220913115408
0.221062355142
0.221211693192
0.221361129002
0.221510662011
0.221660291664
0.221810017403
0.221959838676
0.222109754929
0.222259765613
0.222409870182
0.222560068092
0.222710358803
0.222860741779
0.22301121649
0.223161782408
0.223312439011
0.223463185782
0.223614022206
0.223764947773
0.223915961976
0.224067064311
0.224218254274
0.224369531365
0.224520895084
0.22467234493
0.224823880404
0.224975501006
0.225127206236
0.225278995595
0.22543086858
0.225582824692
0.225734863428
0.225886984287
0.226039186766
0.226191470364
0.226343834577
0.226496278904
0.22664880284
0.226801405883
0.226954087532
0.227106847282
0.227259684632
0.227412599081
0.227565590125
0.227718657264
0.227871799996
0.228025017823
0.228178310243
0.228331676758
0.22848511687
0.228638630081
0.228792215894
0.228945873816
0.22909960335
0.229253404006
0.22940727529
0.229561216714
0.22971522779
0.229869308031
0.230023456954
0.230177674076
0.230331958918
0.230486311003
0.230640729857
0.230795215008
0.230949765989
0.231104382333
0.23125906358
0.23141380927
0.231568618949
0.231723492165
0.23187842847
0.232033427421
0.232188488575
0.232343611496
0.232498795751
0.232654040908
0.232809346542
0.232964712228
0.233120137545
0.233275622075
0.233431165402
0.233586767114
0.233742426799
0.233898144048
0.234053918454
0.234209749612
0.234365637115
0.23452158056
0.234677579543
0.234833633662
0.234989742512
0.235145905688
0.235302122786
0.235458393399
0.235614717117
0.235771093528
0.235927522217
0.236084002764
0.236240534746
0.236397117731
0.236553751283
0.23671043496
0.236867168308
0.237023950869
0.237180782178
0.237337661759
0.237494589137
0.237651563831
0.237808585365
0.23796565327
0.238122767091
0.238279926393
0.238437130762
0.238594379815
0.238751673192
0.238909010563
0.239066391618
0.239223816061
0.239381283611
0.239538793989
0.23969634692
0.239853942124
0.240011579316
0.240169258206
0.240326978496
0.240484739881
0.240642542047
0.240800384675
0.240958267438
0.241116190005
0.241274152038
0.241432153194
0.241590193126
0.241748271485
0.241906387914
0.242064542057
0.242222733553
0.242380962038
0.242539227147
0.242697528512
0.242855865763
0.243014238528
0.243172646435
0.243331089109
0.243489566178
0.243648077263
0.243806621991
0.243965199984
0.244123810866
0.244282454257
0.244441129782
0.244599837058
0.244758575704
0.244917345337
0.245076145566
0.245234975998
0.245393836231
0.245552725853
0.245711644438
0.245870591543
0.246029566703
0.246188569429
0.246347599206
0.246506655497
0.24666573776
0.246824845469
0.246983978147
0.247143135403
0.247302316941
0.247461522554
0.247620752098
0.247780005452
0.247939282495
0.248098583082
0.24825790704
0.248417254166
0.248576624228
0.248736016967
0.248895432102
0.249054869334
0.249214328347
0.249373808814
0.249533310403
0.249692832788
0.249852375651
0.250011938703
0.250171521684
0.250331124375
0.250490746597
0.250650388204
0.250810049075
0.250969729108
0.2511294282
0.251289146251
0.251448883148
0.25160863877
0.25176841298
0.251928205631
0.252088016561
0.2522478456
0.252407692565
0.252567557267
0.252727439506
0.252887339079
0.253047255776
0.25320718938
0.253367139674
0.253527106432
0.25368708943
0.253847088437
0.254007103222
0.254167133551
0.254327179186
0.254487239889
0.254647315418
0.254807405529
0.254967509974
0.255127628505
0.255287760866
0.2554479068
0.255608066042
0.255768238325
0.255928423376
0.256088620915
0.25624883066
0.256409052328
0.256569285637
0.256729530312
0.256889786085
0.257050052701
0.257210329915
0.257370617489
0.257530915195
0.257691222803
0.257851540083
0.258011866804
0.258172202732
0.258332547627
0.258492901249
0.258653263354
0.258813633696
0.258974012028
0.259134398101
0.259294791664
0.259455192465
0.259615600249
0.259776014753
0.259936435709
0.260096862835
0.260257295829
0.260417734359
0.260578178043
0.260738626419
0.260899078883
0.261059534581
0.261219992201
0.261380449655
0.261540903869
0.261701351648
0.261861792046
0.262022227074
0.262182659459
0.26234309109
0.262503522956
0.262663955484
0.262824388789
0.262984822814
0.263145257412
0.263305692386
0.26346612752
0.263626562594
0.263786997398
0.263947431741
0.264107865453
0.264268298392
0.26442873044
0.264589161503
0.264749591506
0.264910020389
0.2650704481
0.265230874594
0.265391299825
0.265551723746
0.265712146305
0.265872567442
0.266032987092
0.266193405181
0.266353821624
0.26651423633
0.266674649198
0.266835060119
0.266995468976
0.267155875641
0.26731627998
0.267476681853
0.267637081111
0.2677974776
0.267957871162
0.268118261636
0.268278648861
0.268439032673
0.268599412909
0.268759789402
0.268920161983
0.269080530481
0.269240894714
0.269401254494
0.269561609625
0.269721959899
0.269882305098
0.270042644995
0.270202979349
0.270363307912
0.270523630422
0.270683946608
0.270844256189
0.271004558874
0.271164854364
0.271325142351
0.27148542252
0.271645694547
0.271805958105
0.271966212859
0.27212645847
0.272286694592
0.272446920874
0.27260713696
0.272767342483
0.27292753707
0.273087720334
0.273247891876
0.273408051278
0.273568198107
0.273728331902
0.273888452179
0.27404855842
0.274208650071
0.274368726537
0.27452878717
0.274688831266
0.27484885805
0.275008866671
0.275168856184
0.275328825551
0.275488773637
0.275648699239
0.27580860113
0.27596847815
0.276128329315
0.276288153922
0.276447951595
0.276607722262
0.276767466073
0.276927183288
0.277086874198
0.277246539056
0.277406178045
0.277565791256
0.277725378668
0.27788494012
0.278044475254
0.27820398344
0.278363463683
0.278522914686
0.278682335365
0.278841725665
0.279001086603
0.279160419503
0.279319725456
0.279479005243
0.279638259413
0.279797488358
0.279956692362
0.280115871629
0.2802750263
0.280434156472
0.280593262198
0.280752343504
0.280911400388
0.281070432827
0.28122944078
0.281388424187
0.281547382975
0.281706317057
0.281865226328
0.282024110669
0.282182969942
0.28234180399
0.282500612631
0.282659395654
0.282818152817
0.282976883846
0.283135588433
0.283294266259
0.283452917017
0.283611540451
0.28377013639
0.283928704759
0.284087245557
0.284245758813
0.284404244552
0.284562702763
0.284721133391
0.284879536328
0.285037911419
0.285196258466
0.285354577236
0.285512867468
0.285671128888
0.285829361223
0.285987564222
0.286145737669
0.286303881414
0.286461995378
0.286620079569
0.28677813408
0.286936159081
0.2870941548
0.287252121511
0.287410059503
0.287567969073
0.287725850504
0.287883704056
0.288041529963
0.288199328425
0.288357099608
0.288514843643
0.288672560624
0.288830250592
0.288987913514
0.28914554939
0.289303158345
0.289460740435
0.289618295644
0.289775823927
0.289933325228
0.290090799489
0.290248246657
0.290405666692
0.290563059563
0.290720425251
0.290877763744
0.29103507503
0.291192359099
0.291349615933
0.291506845509
0.291664047793
0.29182122274
0.291978370296
0.292135490395
0.29229258296
0.292449647903
0.292606685125
0.292763694518
0.292920675961
0.293077629326
0.29323455447
0.293391451245
0.293548319489
0.293705159029
0.293861969682
0.294018751253
0.294175503535
0.294332226308
0.294488919338
0.294645582373
0.294802215146
0.29495881737
0.295115388732
0.295271928891
0.29542843747
0.295584914046
0.295741358139
0.295897769197
0.296054146573
0.296210489518
0.296366797175
0.296523068608
0.296679302857
0.296835499006
0.296991656214
0.297147773715
0.297303850827
0.297459887
0.297615881872
0.297771835293
0.297927747285
0.298083617983
0.298239447572
0.298395236245
0.298550984195
0.298706691608
0.298862358668
0.299017985552
0.299173572429
0.299329119449
0.299484626742
0.299640094418
0.299795522563
0.299950911241
0.300106260492
0.300261570326
0.300416840715
0.300572071578
0.300727262768
0.300882414055
0.301037525105
0.301192595457
0.301347624489
0.301502611354
0.301657554837
0.301812453104
0.301967303414
0.302122102532
0.302276848879
0.302431544291
0.302586192323
0.30274079602
0.30289535744
0.303049877937
0.303204358458
0.303358799713
0.303513202259
0.303667566542
0.303821892917
0.303976181656
0.30413043296
0.304284646965
0.304438823752
0.304592963352
0.304747065747
0.304901130875
0.305055158608
0.305209148703
0.305363100509
0.305517012306
0.305670883738
0.305824715992
0.305978509102
0.306132262501
0.306285975179
0.306439645485
0.306593270724
0.306746846809
0.306900369131
0.307053835638
0.307207248506
0.307360611384
0.307513926489
0.307667193657
0.307820412032
0.307973583507
0.308126710235
0.308279778127
0.308432779454
0.308585736981
0.308738651455
0.308891522567
0.309044349731
0.309197132065
0.309349868251
0.309502556335
0.30965519351
0.309807776256
0.309960301378
0.310112767779
0.310265177098
0.310417532315
0.31056983615
0.310722090459
0.310874296328
0.311026454311
0.311178564646
0.311330627384
0.31148264246
0.311634609724
0.311786528936
0.311938399743
0.312090221633
0.312241993821
0.312393714991
0.312545382772
0.312696992765
0.312848538087
0.313000013207
0.313151419296
0.313302760153
0.313454036954
0.313605248218
0.313756392428
0.313907470901
0.314058486967
0.314209443502
0.31436034225
0.314511184133
0.314661969651
0.314812699186
0.31496337317
0.315113992111
0.315264556514
0.315415066806
0.315565523289
0.315715926127
0.315866275349
0.316016570854
0.316166812406
0.316316999636
0.316467132044
0.316617209017
0.316767229859
0.316917193815
0.317067100061
0.317216947618
0.3173667353
0.317516461979
0.317666127209
0.317815731413
0.317965275142
0.31811475803
0.318264178335
0.318413535332
0.318562830971
0.318712066861
0.318861243508
0.319010360885
0.319159418752
0.319308416775
0.31945735458
0.319606231777
0.319755047973
0.319903802783
0.320052495831
0.320201126753
0.320349695195
0.3204982008
0.320646643195
0.320795021946
0.320943336469
0.321091585864
0.321239769003
0.321387885389
0.321535935036
0.321683917539
0.321831831996
0.321979677126
0.322127451329
0.322275152744
0.322422779351
0.32257032912
0.322717800179
0.322865190957
0.323012500302
0.323159727633
0.323306872955
0.323453915264
0.323600833362
0.323747672232
0.323894433704
0.324041118632
0.324187727454
0.32433426028
0.324480716957
0.324627097128
0.324773400268
0.324919625718
0.325065772695
0.32521184031
0.325357827575
0.325503733399
0.325649556578
0.325795295752
0.325940949233
0.326086514019
0.326231975368
0.326377286502
0.326522482704
0.326667583997
0.326812591511
0.326957504751
0.327102323057
0.327247045805
0.327391672408
0.327536202252
0.327680634629
0.327824968679
0.327969203384
0.328113337618
0.328257370313
0.328401300675
0.328545128364
0.32868885348
0.328832476229
0.328975995981
0.329119407109
0.329262694523
0.329405865869
0.32954893333
0.329691900195
0.329834767197
0.329977534364
0.330120201427
0.330262767922
0.330405233203
0.330547596376
0.330689856112
0.330832010172
0.330974054958
0.331115987589
0.331257808704
0.331399519496
0.331541119746
0.331682608178
0.331823982642
0.331965239713
0.33210637398
0.332247379813
0.332388256062
0.3325290037
0.332669622039
0.332810109077
0.332950462541
0.333090680611
0.333230762331
0.333370707613
0.333510516848
0.333650190269
0.333789727336
0.33392912668
0.334068387313
0.334207509862
0.33434649567
0.334485345166
0.334624057478
0.334762631228
0.334901065919
0.335039362614
0.335177523262
0.335315549745
0.335453443501
0.335591205506
0.335728836349
0.335866336298
0.336003705357
0.336140943299
0.336278049704
0.336415023981
0.336551865368
0.336688572906
0.336825145343
0.336961580829
0.337097875738
0.337234019547
0.33736999333
0.337505790086
0.337641416298
0.337776876583
0.337912164696
0.338047274198
0.33818219882
0.338316915265
0.338451355965
0.338585534716
0.338719473843
0.338853190681
0.338986703552
0.339120024541
0.339253158268
0.339386104735
0.33951886135
0.339651423727
0.339783785801
0.339915939405
0.340047873219
0.340179570714
0.340311008059
0.340442158322
0.340573009961
0.340703573505
0.340833591192
0.340963305259
0.341092794141
0.341222061675
0.341351107743
0.341479929489
0.341608519774
0.341736853395
0.341864866741
0.341992605475
0.342120095549
0.342247334131
0.342374306154
0.342501004725
0.342627436642
0.342753601551
0.342879494586
0.343005109707
0.343130445407
0.343255506043
0.343380297493
0.343504823925
0.343629087493
0.343753088977
0.343876828281
0.344000304644
0.344123516668
0.344246462247
0.344369138425
0.344491541063
0.344613663637
0.344735489334
0.344856986711
0.344978139411
0.345098953309
0.34521945188
0.345339645896
0.345459537034
0.345579122505
0.34569839665
0.345817351625
0.345935977932
0.346054264844
0.346172200363
0.346289770239
0.346406956315
0.346523736808
0.346640094254
0.34675602766
0.346871549785
0.34698667407
0.347101408629
0.347215756096
0.347329714683
0.34744327995
0.347556447477
0.347669214631
0.347781580538
0.347893545359
0.348005109245
0.348116271212
0.348227028434
0.34833737631
0.348447309416
0.348556822752
0.348665912176
0.348774573637
0.34888280154
0.348990584517
0.349097902057
0.349204753274
0.349311151217
0.34941709889
0.349522593832
0.349627630427
0.349732199989
0.349836292284
0.349939899608
0.350043017857
0.350145645061
0.35024778039
0.350349421624
0.35045056375
0.35055119819
0.35065131163
0.350750887408
0.350849912287
0.350948375928
0.351046259302
0.35114353003
0.351240170421
0.351336170544
0.351431503773
0.351526132565
0.351620015478
0.351713161223
0.35180562945
0.351897470312
0.351988709307
0.352079359828
0.352169430619
0.352258927879
0.352347856019
0.352436218027
0.35252401556
0.352610952522
0.352697227785
0.352782930472
0.352868058108
0.352952607217
0.353036573092
0.35311994801
0.353202716153
0.353284841665
0.353366247221
0.353446838531
0.353526645536
0.353605733294
0.353684096156
0.35376170479
0.353838526794
0.353914426383
0.353989457857
0.354063627836
0.354136994003
0.354209603045
0.354281437485
0.354352540925
0.354422930074
0.354492597083
0.354561523387
0.354629679925
0.354697038353
0.354763591601
0.354829346267
0.354894307206
0.354958474739
0.355021840024
0.355084382613
0.355146110308
0.355207032552
0.355267143841
0.355326436551
0.355384902038
0.355442523624
0.35549927727
0.355555141626
0.355610107549
0.355664176673
0.355717352559
0.355769633496
0.355821013055
0.355871489328
0.355921069204
0.355969762529
0.356017574962
0.356064505098
0.356110545046
0.356155682064
0.356199899257
0.356243174813
0.356285482629
0.356326795322
0.35636708465
0.356406318835
0.35644445842
0.356481459721
0.356517296051
0.356551971443
0.35658550022
0.356617875164
0.356649101533
0.356679207807
0.356708199751
0.356736076902
0.356762839621
0.356788489906
0.356812992395
0.356836210567
0.356858266853
0.356879252418
0.356899192837
0.356918109142
0.356936020276
0.356952940556
0.35696887806
0.356983839289
0.35699783503
0.357010867819
0.357022837172
0.357033719438
0.357043625898
0.357052568887
0.357060541203
0.357067495167
0.357073453027
0.357078428012
0.357082389145
0.357085284552
0.357087090071
0.357087821944
0.357087490344
0.357086095057
0.357083605063
0.357079951497
0.357075222604
0.357069421829
0.357062550174
0.357054607892
0.357045593978
0.357035510838
0.357024371689
0.357012196958
0.35699895565
0.35698467643
0.356969396975
0.35695311573
0.356935825795
0.356917516629
0.356898174332
0.356877779491
0.356856305681
0.356833725315
0.356810023909
0.35678521325
0.356759322255
0.356732369438
0.356704354589
0.356675269534
0.35664507737
0.356613730716
0.356581253864
0.356547577109
0.356512705981
0.356476689388
0.356439550539
0.35640130679
0.356361968886
0.356321551918
0.356280055731
0.356237414627
0.35619360303
0.356148719898
0.356102814836
0.356055908354
0.356008019455
0.355959164466
0.35590935366
0.355858590941
0.355806873432
0.355754191715
0.355700535514
0.355645903724
0.355590308822
0.355533769577
0.355476301127
0.355417911067
0.35535859891
0.355298356152
0.355237166758
0.35517500792
0.355111847828
0.355047631486
0.354982324032
0.354915931715
0.354848488026
0.354780046951
0.354710637042
0.354640274699
0.354568980104
0.354496766635
0.354423646834
0.354349630366
0.35427471918
0.354198905056
0.354122168076
0.354044476606
0.353965796092
0.353886101474
0.353805369161
0.353723565221
0.353640651773
0.353556632335
0.353471559891
0.353385445409
0.353298196454
0.353209860848
0.353120462029
0.353030004456
0.352938370622
0.352845661385
0.352751950234
0.352657245544
0.352561511044
0.352464693071
0.352366804694
0.35226784442
0.352167842967
0.352066836724
0.351964848465
0.35186189013
0.351757980977
0.351653151053
0.351547428785
0.351440836993
0.351333392146
0.351225105007
0.351115977701
0.351005510604
0.350894223625
0.350782156977
0.350669325898
0.350555742144
0.350441413868
0.35032634572
0.350210539002
0.350093991745
0.349976698874
0.34985865306
0.349739814503
0.349620210514
0.349499838026
0.349378688398
0.349256744207
0.349133948236
0.349010280583
0.348885819821
0.348760594398
0.348634614841
0.348507888771
0.348380423272
0.348252223922
0.348123293748
0.347993639245
0.347863274337
0.347732213308
0.347600470491
0.347468063278
0.347335009782
0.347201324001
0.347067013219
0.346932075612
0.34679649721
0.346660252685
0.346523318139
0.346385688365
0.346247373006
0.346108381005
0.345968718815
0.34582839598
0.345687424149
0.345545811658
0.345403562145
0.345260674612
0.345117135361
0.344972920621
0.344828069045
0.344682656989
0.344536728032
0.344390302045
0.344243386103
0.344095965829
0.343947839265
0.343799196934
0.343650058109
0.343500433018
0.343350334551
0.343199773462
0.343048754849
0.34289727134
0.342745280843
0.342592704112
0.342439565523
0.342285945824
0.342131874613
0.341977354279
0.341822377462
0.341666931815
0.341511001591
0.341354569056
0.341197614486
0.341040114771
0.340882050458
0.340723427696
0.340564283666
0.340404661682
0.340244593634
0.340084099392
0.339923190735
0.3397618742
0.339600152286
0.339438024556
0.339275490616
0.339112550164
0.338949211685
0.338785492019
0.338621397784
0.338456927268
0.338292072888
0.33812677611
0.337961067168
0.337794974329
0.337628488282
0.337461584329
0.337294031379
0.337125840091
0.336957143787
0.336787997876
0.336618453541
0.336448553855
0.336278329683
0.336107802351
0.335936987219
0.335765896132
0.335594538738
0.335422922715
0.335251051903
0.335078913937
0.334906423729
0.334733554408
0.334560416915
0.334386990951
0.334213279046
0.334039337453
0.333865166021
0.333690765454
0.333516139055
0.333341292066
0.333166230525
0.332990961122
0.332815490994
0.332639827269
0.332463976887
0.332287946605
0.332111742748
0.331935370696
0.331758834357
0.331582135717
0.331405274333
0.331228245768
0.33105102324
0.330873525422
0.33069581734
0.330517938247
0.330339891048
0.330161673063
0.329983255988
0.329804635421
0.329625856905
0.329446933159
0.329267873507
0.329088685788
0.328909376349
0.328729950433
0.328550412889
0.328370768724
0.328191023219
0.328011181654
0.327831248899
0.327651229111
0.327471125587
0.327290940767
0.327110676241
0.326930332595
0.326749908796
0.326569400729
0.326388799292
0.326208091008
0.326027268669
0.32584634292
0.325665330373
0.325484241615
0.325303081155
0.325121849567
0.324940544516
0.3247591565
0.324577581946
0.324395867723
0.324214059422
0.324032173426
0.323850217167
0.32366819538
0.323486111381
0.323303966899
0.32312176183
0.322939494652
0.322757164012
0.322574770614
0.322392317055
0.322209805175
0.322027233311
0.321844596381
0.321661891203
0.321479122841
0.321296302341
0.321113439811
0.320930541475
0.320747609892
0.320564588087
0.320381415033
0.320198199063
0.320014928166
0.31983158803
0.319648172705
0.319464689846
0.319281151273
0.31909756562
0.318913938246
0.318730272918
0.318546573011
0.318362842181
0.318179084697
0.317995305534
0.317811510295
0.317627705045
0.317443896084
0.317260089716
0.317076292028
0.316892508708
0.31670874492
0.31652500522
0.316341293428
0.316157612221
0.315973961726
0.315790336982
0.313956533539
0.312128885443
0.310307256349
0.308493141062
0.306687989903
0.30489321046
0.303109288647
0.301337412057
0.299579610353
0.297834425128
0.296103564614
0.294387352934
0.292686911784
0.291002070065
0.289331184387
0.287677070661
0.286040383916
0.284421193275
0.28282002993
0.281237221477
0.279673005079
0.278127196355
0.276599416759
0.275089136066
0.273596763883
0.27212238764
0.270665734225
0.26922681684
0.267805458793
0.266401616713
0.265015587214
0.263647141057
0.262296422895
0.260963466245
0.259648272891
0.25835090096
0.257071455745
0.255810040043
0.254566746822
0.253341667037
0.252134890009
0.250946496648
0.249776565999
0.248625190745
0.247492473395
0.246378514159
0.245283407926
0.244207246086
0.243150118668
0.24211211495
0.241093318303
0.240093765564
0.239113493963
0.238152678484
0.23721143297
0.236289861346
0.23538807765
0.234506191907
0.233644306807
0.232802520555
0.23198092863
0.231179624238
0.230398698156
0.229638238361
0.228898329619
0.228179053129
0.227480486232
0.226802702172
0.226145769892
0.225509753852
0.224894713859
0.224300704899
0.223727776992
0.223175975038
0.222645338672
0.222135902112
0.221647693985
0.221180737141
0.220735048462
0.220310638684
0.21990751226
0.21952566726
0.219165095312
0.218825781586
0.218507704803
0.218210837281
0.217935144995
0.217680587656
0.217447118815
0.217234685964
0.21704323065
0.216872688594
0.216722989798
0.216594058652
0.216485814027
0.216398169354
0.216331032683
0.216284306726
0.216257888873
0.216251671191
0.216265540402
0.216299377835
0.216353059371
0.216426455363
0.216519430561
0.216631844026
0.216763549048
0.216914393085
0.217084217697
0.217272858494
0.217480145056
0.217705900818
0.217949942886
0.21821208178
0.218492121114
0.218789857238
0.219105078875
0.219437566821
0.219787093846
0.220153425075
0.220536319147
0.220935529817
0.221350806522
0.221781892477
0.222228520978
0.222690413735
0.223167287742
0.223658866719
0.224164877092
0.224685027969
0.225218977833
0.225766396522
0.226327050847
0.226900673011
0.227486968365
0.228085623161
0.228696271946
0.229318583649
0.229952189273
0.23059677527
0.231252030337
0.231917578566
0.232593031393
0.233278076988
0.233972460491
0.234675911037
0.235387995051
0.236108480969
0.236837033196
0.237573201039
0.238316580995
0.239066746355
0.239823211391
0.240585433191
0.24135280773
0.242124911593
0.242901342875
0.243681581659
0.244464976903
0.245250773637
0.24603849025
0.246827584972
0.247617298549
0.24840713245
0.2491965389
0.249984530942
0.250770893779
0.251555122593
0.252336728202
0.253115174672
0.253890052701
0.254660978498
0.255427388288
0.256188440942
0.256943717527
0.257692975142
0.258436057153
0.259172484841
0.259902045796
0.260625397029
0.261342042559
0.262052979481
0.262758615643
0.263459276348
0.264154937566
0.264845578491
0.265531504656
0.266213274436
0.266891196694
0.267566115551
0.268237889799
0.268904097723
0.269566276009
0.270224487807
0.270877215434
0.271525213373
0.272166919509
0.27279926014
0.273423626114
0.274041148054
0.274653279918
0.275260521529
0.275860698207
0.27645420427
0.277043381874
0.277629480888
0.278210817141
0.278783240269
0.279338109829
0.279875663203
0.280395701683
0.280900013859
0.281387535058
0.28186057326
0.282320929246
0.282767394877
0.283198496679
0.283608086888
0.28399554985
0.284362946938
0.284714598856
0.285047032807
0.285357663029
0.285645878792
0.285907084068
0.286141447325
0.286353269455
0.286540515422
0.286695354599
0.286823331052
0.286927562336
0.287008002295
0.28705992473
0.28708626862
0.287087987901
0.287064577299
0.287021402339
0.286958392505
0.286879799253
0.286788510582
0.286688213054
0.286579097675
0.286458918025
0.286328627649
0.286188657033
0.286039892885
0.285884922898
0.285724245032
0.285557606289
0.285383735149
0.285202619021
0.285012273325
0.284811145902
0.284599127424
0.284376593362
0.284147388491
0.283911525514
0.283671045999
0.283426586656
0.283178208607
0.282922212216
0.282657617874
0.282390542416
0.282119625238
0.281845340215
0.281567397817
0.281288539339
0.281009580378
0.280730607767
0.280452321847
0.280174223511
0.279896082211
0.279619672758
0.279344807876
0.279070805876
0.278797452552
0.278525821475
0.278256277021
0.277987521584
0.277720164434
0.277454610928
0.277191265514
0.276929997783
0.276669733613
0.276411074467
0.276154383429
0.275899497557
0.275645750488
0.275393576783
0.275143105856
0.274894295038
0.274648429148
0.274405625982
0.274165606943
0.273928617336
0.273694596988
0.273463128221
0.27323402176
0.273007219167
0.272782607387
0.272560034553
0.272339687712
0.272121566824
0.271905629285
0.271691821067
0.271480136603
0.271270551114
0.271063020454
0.270857395822
0.27065357517
0.270451402348
0.270250989637
0.270052387404
0.26985564812
0.269660768024
0.269467808417
0.269276725416
0.269087427254
0.268899485508
0.268713108518
0.268528503006
0.268345574565
0.268164040626
0.267983516631
0.267804007067
0.267625304661
0.267447729165
0.26727122818
0.267095736963
0.266921115627
0.266747243499
0.266574007649
0.266401223642
0.266228804971
0.266057232971
0.265886670316
0.265717028396
0.26554821342
0.265380216706
0.265213014921
0.265046447399
0.264880107482
0.264714154692
0.264548595629
0.264383337002
0.264218292617
0.264052907663
0.263887539063
0.263722650893
0.263558425451
0.263394962938
0.26323230216
0.263070304106
0.262909163577
0.262748878971
0.262589706363
0.262431805923
0.262275054423
0.262119829568
0.261966290891
0.261814443753
0.261664313883
0.261516124744
0.2613702168
0.261226926431
0.26108657885
0.260949483315
0.260815840993
0.260686009351
0.260560218993
0.260438630633
0.260321425398
0.260208876061
0.260101339539
0.259999210401
0.259902804062
0.259812444446
0.259728492117
0.259651180708
0.259580568778
0.259516198012
0.25945893661
0.259409310256
0.25936742972
0.25933321588
0.259306724398
0.259288389693
0.259278429776
0.25927697462
0.259284308506
0.259300723054
0.259326381993
0.259361377187
0.259405763101
0.259459385227
0.259521811263
0.25959347681
0.259671834402
0.259759375941
0.259856826503
0.259964347817
0.260082123101
0.260210432598
0.260349650922
0.260499968569
0.260661404697
0.260833537437
0.261015911419
0.261209416278
0.261414573635
0.261631381541
0.261859690917
0.262099274736
0.262349798739
0.262611834543
0.262885337097
0.263170413607
0.2634670396
0.263772807844
0.264087846937
0.264410779792
0.264739561057
0.265075853928
0.265419798378
0.265769396085
0.266123850488
0.266484196087
0.266849629718
0.267219473157
0.267594567054
0.267975169955
0.268360988416
0.268751354143
0.269146053786
0.269543312861
0.269941919638
0.27034001545
0.27073437835
0.271125611366
0.271512357353
0.271895210365
0.272273333509
0.27264392222
0.273003452322
0.27334939676
0.273681155453
0.273999247908
0.27430797933
0.274607581093
0.274897057641
0.275177537348
0.275446937343
0.275709610747
0.275967004345
0.276219599126
0.276467053611
0.276707530407
0.276934923723
0.277144159813
0.27733513322
0.27750843863
0.277670062937
0.27782245082
0.277963883275
0.278092170755
0.278208445009
0.278315073161
0.278409054782
0.278486637225
0.278543905325
0.27858934117
0.278628554836
0.278664389286
0.278693905664
0.278716775962
0.278734741215
0.278745807862
0.278748951858
0.278741312845
0.278723856334
0.278693102133
0.278650454815
0.278595862988
0.278530147191
0.278458563617
0.278383122137
0.278303656761
0.278219553772
0.278129959044
0.278036824895
0.277940417467
0.277836663975
0.277728006509
0.277616242607
0.277500953437
0.277385596903
0.277271783367
0.277158992333
0.277047349154
0.276936292879
0.276819567603
0.276702482926
0.276585317437
0.276467996807
0.276350470304
0.276232802742
0.276112699315
0.275989736814
0.275866713203
0.275742538763
0.275616399586
0.275487696162
0.275353980776
0.275218342422
0.27508208333
0.274944489832
0.27480621299
0.274666292586
0.274524608162
0.274381428415
0.274236458217
0.274088636084
0.273937641906
0.273783818242
0.273627423341
0.273469316038
0.273308854187
0.273146112907
0.272982246765
0.272817545299
0.272651974859
0.272485963559
0.27231994176
0.27215377364
0.271986790355
0.271818970323
0.271649686162
0.271479763487
0.271309586574
0.27113972995
0.270970316356
0.270801659188
0.270633816631
0.270466583403
0.270300145769
0.270134818916
0.269970514615
0.269807380779
0.269644826818
0.269483051271
0.26932215364
0.269161630319
0.269001447099
0.268842362306
0.268684666914
0.268528477562
0.268373417409
0.268218789586
0.268065165813
0.267911427341
0.267758877712
0.267607851347
0.267458925013
0.267312027771
0.267166537971
0.267023654425
0.266883703559
0.266746909987
0.266613533763
0.266484039348
0.266358562164
0.266236055279
0.266116906782
0.266002148232
0.265892170169
0.265787439034
0.265688545766
0.265595593166
0.265508935357
0.265429291396
0.265356931713
0.265291236914
0.265232745594
0.265182249725
0.265139726615
0.26510534103
0.265079642508
0.26506298131
0.265055938699
0.265058738005
0.265071271756
0.265093141148
0.265124773479
0.265166155031
0.265216268833
0.265275417711
0.265344154914
0.265422275215
0.265510387721
0.265608702763
