-3.99680288865e-16
0.000338435799649
0.00135382358639
0.00304639662637
0.00541651698431
0.00846463408296
0.0121912238899
0.0165967058171
0.0216813334235
0.027445053906
0.0338873301504
0.0410069178097
0.0488015885404
0.0572677892832
0.0664002265355
0.0761913642844
0.0866308252132
0.097704687778
0.109394677929
0.12167726512
0.134522689541
0.147893972962
0.161745999923
0.176024798186
0.190667191618
0.20560103261
0.220746222624
0.236016666411
0.251323140082
0.266576754715
0.281692260529
0.296589904409
0.311194024464
0.325426187159
0.339190634512
0.352350391188
0.364694127712
0.375897834106
0.385492933288
0.392863655532
0.397305189479
0.398163628925
0.395032201928
0.387914509659
0.37725361057
0.363806342165
0.348443804264
0.331981207154
0.315086370007
0.298258515018
0.281846909384
0.266083407603
0.251114552865
0.237027771915
0.223870850962
0.211665686646
0.200417704418
0.190122190232
0.180768495297
0.1723428029
0.164829933909
0.158214514253
0.152481721317
0.147617754225
0.143610124654
0.140447832616
0.138121470136
0.13662328125
0.135947196935
0.136088856631
0.137045622868
0.138816591272
0.141402594129
0.144806191098
0.149031634746
0.154084790234
0.159972976337
0.166704676679
0.174289042457
0.182735065932
0.192050240362
0.202238426318
0.213296502513
0.225209175258
0.237941043514
0.251424681584
0.265543206026
0.280105837299
0.294816072544
0.309235654317
0.322755456766
0.33459715134
0.343880475703
0.349780643055
0.351747983
0.349688289473
0.343989672879
0.335377084381
0.324691016897
0.312705937565
0.300038210482
0.28712945147
0.274270135696
0.261635661145
0.249320470781
0.237365272941
0.225777022503
0.214542952685
0.203640188011
0.193042221221
0.182723196962
0.172660653345
0.16283715987
0.153241149036
0.14386715103
0.134715588599
0.1257922582
0.117107603526
0.108675871981
0.100514229939
0.0926418974807
0.0850793477637
0.0778476011207
0.0709676304119
0.0644598827726
0.0583439141851
0.0526381272607
0.0473595990077
0.0425239837587
0.0381454763381
0.0342368214938
0.0308093571807
0.0278730811519
0.0254367322426
0.0235078795916
0.0220930147263
0.0211976429296
0.0208263715932
0.0209829943654
0.0216705708656
0.0228915025916
0.0246476064382
0.0269401880221
0.0297701178081
0.0331379138951
0.0370438362952
0.0414879986538
0.0464705046597
0.0519916179193
0.0580519758591
0.064652860333
0.0717965401121
0.0794867034289
0.0877290024018
0.0965317357409
0.105906702071
0.115870264218
0.126444676045
0.137659739769
0.149554886144
0.16218180732
0.175607830563
0.189920313513
0.20523249112
0.221691450807
0.239489329925
0.258879560187
0.280201314418
0.303917852619
0.330679602225
0.361433915594
0.39762945495
0.441629981626
0.497641800026
0.574011567944
0.687663389692
0.792807353542
0.671431686043
0.562607854497
0.488783621881
0.434108598769
0.39094272762
0.355398513673
0.325276333973
0.299223700129
0.276355312805
0.256063339894
0.237914656842
0.221591423252
0.206854839281
0.193522045617
0.181450848429
0.170529299081
0.160668394485
0.151796846263
0.143857259395
0.136803295013
0.130597536023
0.125209865345
0.120616225747
0.116797669546
0.113739633111
0.111431389631
0.109865646658
0.109038264376
0.108948077451
0.1095968085
0.110989065008
0.113132414382
0.116037533605
0.119718430767
0.124192735016
0.129482048665
0.135612348687
0.142614412392
0.150524219045
0.159383237934
0.169238439777
0.1801417374
0.192148328473
0.20531299803
0.219682703624
0.23528248601
0.252089609186
0.269987593878
0.288688088392
0.307608438256
0.325710274975
0.341369114597
0.352472773431
0.357004977858
0.354012421192
0.3441848316
0.329424883718
0.31187871582
0.293262808117
0.274699707082
0.256827727227
0.23996464915
0.224237832373
0.209668902005
0.196224059022
0.183842548095
0.172452254234
0.16197798997
0.15234572099
0.143484578286
0.135327696901
0.127812463613
0.120880497519
0.114477540942
0.108553353874
0.103061655788
0.0979601289289
0.0932104787134
0.0887785354386
0.0846343746439
0.0807524303442
0.0771115753096
0.0736951453123
0.0704908893695
0.0674908348652
0.0646910642452
0.0620914078578
0.0596950645439
0.0575081670708
0.0555393129577
0.053799082526
0.0522995652728
0.0510539132998
0.0500759370599
0.0493797546732
0.048979502018
0.0488891071191
0.049122129295
0.0496916612235
0.0506102905571
0.0518901169124
0.0535428198721
0.0555797739491
0.0580122071672
0.0608514009081
0.0641089299081
0.0677969427223
0.0719284846325
0.0765178669025
0.0815810885919
0.0871363199871
0.0932044603407
0.0998097873711
0.106980722372
0.114750743536
0.123159492302
0.132254134816
0.142091065455
0.15273807578
0.16427716655
0.17680826307
0.190454222761
0.205367729029
0.221741002001
0.239819825036
0.25992437759
0.282481155534
0.308073605693
0.337525531503
0.37204371839
0.413467738721
0.464686440584
0.52999287542
0.611291074374
0.66834346606
0.617271068924
0.536313112028
0.470921736812
0.419904232154
0.378902034909
0.344945908834
0.316145879359
0.291264573652
0.269458847603
0.250132333995
0.232849432587
0.217283264721
0.203182990548
0.1903525793
0.178636600457
0.167910460722
0.158073537985
0.149044250451
0.14075644624
0.133156710449
0.126202319683
0.119859659949
0.114102980747
0.108913396927
0.104278076695
0.100189573208
0.0966452707848
0.093646926605
0.0912002959653
0.0893148343607
0.0880034735335
0.087282471523
0.0871713390375
0.0876928464103
0.0888731172325
0.0907418166281
0.0933324441782
0.0966827437148
0.100835244452
0.105837949765
0.111745190385
0.118618655672
0.126528605765
0.135555239814
0.145790133511
0.157337526149
0.170314958005
0.184852175607
0.201086005238
0.219146355238
0.239123259493
0.260994424015
0.284474138614
0.308722062492
0.331872121546
0.350584594337
0.360487076369
0.35849844383
0.345386430475
0.32506486301
0.301685882155
0.278020390907
0.255489851206
0.234679781602
0.215747764603
0.198655515252
0.183285106566
0.169493550056
0.157137046458
0.146080818854
0.136202255275
0.127391054058
0.119548124489
0.112584066786
0.106417611468
0.100974186936
0.0961846851104
0.0919844502897
0.0883124975506
0.0851109597499
0.0823247592548
0.0799014979899
0.0777915552308
0.0759483758396
0.0743289222799
0.0728942524892
0.0716101740244
0.0704479148852
0.0693847454033
0.0684044856479
0.0674978402103
0.066662516997
0.0659031072723
0.0652307278667
0.0646624496986
0.0642205561311
0.0639316876416
0.0638259346242
0.0639359381602
0.064296050739
0.0649415973786
0.065908264671
0.0672316329476
0.0689468564381
0.0710884887509
0.0736904464604
0.076786101876
0.0804084968332
0.0845906721552
0.0893661119604
0.0947693080409
0.10083645714
0.107606313426
0.115121230415
0.123428442154
0.132581654313
0.142643044711
0.153685813772
0.165797485001
0.179084243981
0.193676737703
0.209737959659
0.227474159018
0.247150189076
0.269111407623
0.293815124297
0.321875092011
0.354119626895
0.39164334759
0.435727202045
0.48699387668
0.54103650937
0.575551335225
0.559622621776
0.510736619832
0.459331080557
0.414525734487
0.376660286191
0.344501529283
0.316852017725
0.292780751722
0.271593366816
0.252771662363
0.235923820254
0.220748658814
0.207010757762
0.194523160556
0.183135228047
0.172723998188
0.163187958588
0.154442503947
0.146416587978
0.139050234046
0.132292670334
0.126100922982
0.120438746454
0.11527580199
0.110587017344
0.106352077269
0.102555006367
0.0991838153295
0.0962301890685
0.0936892012955
0.0915590449902
0.0898407721603
0.088538039341
0.087656857509
0.0872053465159
0.0871934948163
0.08763292522
0.0885366666623
0.0899189305826
0.0917948884049
0.094180443741
0.0970919891267
0.100546132066
0.104559368457
0.109147672484
0.114325959855
0.120107364767
0.126502248604
0.133516828641
0.141151276448
0.149397088148
0.158233475418
0.167622478264
0.177502485386
0.187779922335
0.198319136929
0.208931142695
0.219363081481
0.229292150976
0.238329993981
0.246044874945
0.252006865072
0.255853246381
0.257358549743
0.256483842329
0.253383496796
0.248366246576
0.24182828336
0.234184456632
0.225816693542
0.217045741732
0.208122609997
0.199232499105
0.190504676237
0.182023923856
0.173841243895
0.165982887945
0.158457553008
0.151261931627
0.144384918776
0.137810777493
0.131521519757
0.125498702655
0.119724787491
0.11418416637
0.108863927863
0.103754409739
0.0988495710034
0.0941472059577
0.0896490183466
0.0853605722705
0.0812911372752
0.0774534466579
0.0738633896835
0.0705396594109
0.0675033778311
0.0647777189017
0.0623875479533
0.0603590931015
0.0587196610844
0.0574974066915
0.05672116199
0.0564203291018
0.0566248385174
0.0573651739108
0.0586724641983
0.0605786441402
0.0631166861345
0.0663209080029
0.0702273645869
0.0748743349876
0.0803029225128
0.0865577911676
0.0936880713362
0.101748478788
0.110800706165
0.120915165653
0.132173186575
0.144669802389
0.158517295859
0.173849699542
0.190828442359
0.209649211012
0.230549637797
0.253816036385
0.279783436317
0.308811995178
0.341191569131
0.376841155361
0.414471306907
0.449686814368
0.472932281811
0.473908446332
0.453708885507
0.423240010809
0.391213862697
0.361325117198
0.33453649082
0.310792069369
0.289738953247
0.270981558145
0.25416081268
0.238972489155
0.22516569747
0.212535880722
0.200917142109
0.190175364227
0.180202416636
0.170911377437
0.162232606744
0.154110515528
0.146500902916
0.139368764818
0.132686499695
0.126432453014
0.120589751802
0.115145386725
0.110089502868
0.105414863017
0.101116449614
0.0971911740288
0.093637664571
0.090456107818
0.0876481212161
0.0852166384574
0.0831657926494
0.0815007856373
0.080227734862
0.0793534917005
0.0788854272688
0.0788311831011
0.0791983849589
0.0799943183146
0.0812255638994
0.0828975912514
0.0850143076734
0.0875775596794
0.090586584238
0.0940374083652
0.0979221984281
0.102228565583
0.106938841812
0.11202935281
0.117469729993
0.123222324179
0.129241806824
0.135475068207
0.141861540134
0.148334075163
0.154820494293
0.161245859591
0.167535430821
0.173618129764
0.179430182441
0.18491847491
0.190043089002
0.194778519786
0.199113229683
0.203047439987
0.206589341535
0.209750154903
0.212538637182
0.214955702914
0.216989820226
0.218613793076
0.219783469311
0.220438815766
0.220507637223
0.219911933147
0.218576455976
0.216438500908
0.21345746371
0.20962246652
0.204956558924
0.199516680038
0.19338952176
0.186684322373
0.179524135269
0.17203714115
0.164349201717
0.156578306775
0.148831053701
0.141200939119
0.133768062317
0.126599802381
0.119752080226
0.113270903018
0.107193979058
0.101552268962
0.0963713983289
0.0916728984949
0.0874752687885
0.0837948696425
0.0806466644828
0.0780448320979
0.0760032721208
0.0745360256198
0.0736576314316
0.0733834373038
0.0737298834874
0.0747147753184
0.076357560723
0.0786796285752
0.0817046445716
0.0854589429123
0.0899719948136
0.0952769790059
0.101411485296
0.108418390538
0.116346957684
0.125254223924
0.135206764352
0.14628294423
0.158575806107
0.172196775559
0.187280401147
0.203990338954
0.222526660712
0.243134061987
0.26610899779
0.291799290106
0.320576974412
0.352728910157
0.388110415895
0.425178943926
0.458862336014
0.478687878698
0.474888250022
0.450703210739
0.417751609195
0.384135639986
0.353003371703
0.325064531667
0.300171517188
0.27794727823
0.257998286402
0.239977162362
0.223594371092
0.208613969491
0.194845409169
0.182135322848
0.170360403516
0.159421531342
0.149239013301
0.139748741653
0.130899092516
0.122648418593
0.114963021743
0.107815516615
0.10118351569
0.0950485801191
0.0893953909451
0.0842111029532
0.0794848492273
0.0752073691312
0.0713707362379
0.0679681659212
0.0649938850456
0.0624430485345
0.0603116896219
0.0585966923471
0.0572957763716
0.0564074855117
0.0559311725148
0.0558669735737
0.0562157668728
0.0569791101054
0.058159152354
0.0597585159999
0.0617801443731
0.064227110681
0.0671023833268
0.0704085420735
0.0741474386431
0.0783197943409
0.0829247262916
0.0879591930819
0.0934173503753
0.09928980791
0.105562781972
0.112217142975
0.119227367564
0.126560420237
0.134174612661
0.14201852075
0.150030080275
0.158136028383
0.166251903505
0.174282845922
0.182125434991
0.18967073219
0.196808551558
0.203432749508
0.209447047005
0.214770642326
0.219342741528
0.223125212209
0.226102876083
0.228281427098
0.22968345064
0.230343371949
0.230302282778
0.229603481675
0.228289287587
0.226399351321
0.223970383105
0.221036990491
0.217633197895
0.213794192515
0.209557893992
0.204966053131
0.200064721373
0.194904069775
0.189537650043
0.184021264628
0.178411642554
0.172765107624
0.167136387917
0.16157766453
0.156137906126
0.150862492761
0.145793101783
0.14096781071
0.136421365
0.132185559507
0.128289688312
0.124761025954
0.121625312172
0.118907220994
0.116630802711
0.114819893792
0.11349849512
0.112691123148
0.112423142013
0.112721087396
0.113612995434
0.115128752372
0.117300483456
0.120163002945
0.123754351853
0.128116456541
0.133295950697
0.139345216867
0.146323723703
0.15429976471
0.163352748873
0.173576261822
0.185082222958
0.198006635231
0.212517706839
0.228827606678
0.24720997155
0.26802687342
0.291772070972
0.319143879979
0.351175706895
0.38948894171
0.436836489098
0.498451715486
0.586182545537
0.735464038481
0.87407498714
0.662541609829
0.550972101894
0.480024128464
0.428494795055
0.388243578035
0.355324538642
0.327525967755
0.303481612749
0.282287516458
0.263315119263
0.246111363526
0.230341331616
0.215753280968
0.202156174803
0.189404519184
0.177387652019
0.166021857548
0.155244355883
0.145008600862
0.135280540694
0.126035623329
0.1172564013
0.108930631757
0.101049790523
0.0936079326178
0.0866008406313
0.0800254092894
0.0738792207626
0.0681602712203
0.0628668148933
0.0579972973806
0.0535503549867
0.049524861409
0.045920007052
0.042735399633
0.039971177584
0.037628130122
0.0357078198036
0.0342127049824
0.033146260908
0.0325130993
0.0323190871469
0.0325714662628
0.0332789758084
0.0344519805795
0.0361026084072
0.0382449005063
0.040894979073
0.0440712368515
0.0477945537496
0.0520885458197
0.0569798519198
0.0624984629
0.068678096812
0.0755566206831
0.083176513506
0.0915853539495
0.100836295711
0.110988455929
0.122107074122
0.134263176093
0.14753225432
0.161991071941
0.177710965788
0.194744715341
0.213101776606
0.232703039596
0.253301502934
0.274352925175
0.294834718163
0.313076943108
0.326818733337
0.333811249415
0.332921615914
0.324857164091
0.311704974545
0.29581390351
0.279030954107
0.262535826346
0.246980607968
0.232678082828
0.219745024266
0.208192448043
0.197977708284
0.189033142218
0.181281238819
0.174642302551
0.169038006396
0.164392723124
0.160633679947
0.157690517703
0.155494583975
0.153978155589
0.153073717391
0.152713391734
0.152828599617
0.153350028827
0.154207978641
0.155333137939
0.156657828589
0.158117705283
0.159653847102
0.161215110491
0.162760549466
0.164261662779
0.165704215618
0.167089416211
0.168434305427
0.169771327089
0.171147165044
0.172621034234
0.174262677056
0.176150335142
0.178368945262
0.181008760613
0.184164543055
0.187935424028
0.192425503751
0.197745257078
0.204013845238
0.211362501493
0.219939276947
0.229915623018
0.241495593359
0.254928953906
0.270530354822
0.288708253637
0.310010104598
0.335195684779
0.365360649375
0.402150415956
0.448119920271
0.507136261268
0.582502070487
0.651161098776
0.623214055163
0.541699172211
0.471939585015
0.417507490364
0.374095167599
0.338465118796
0.308532151162
0.28293114806
0.260731904524
0.241274220125
0.22407183284
0.208754589275
0.195032365669
0.182671814552
0.171480962269
0.161298786891
0.151988061048
0.14343039804
0.135522819961
0.128175393299
0.121309615432
0.114857321627
0.108759938019
0.102967944951
0.0974404449305
0.0921447549574
0.087055966647
0.0821564397825
0.0774352154663
0.0728873526826
0.0685132058212
0.0643176697448
0.0603094231535
0.0565002007283
0.0529041207752
0.0495370890346
0.0464162922267
0.0435597878449
0.0409861904827
0.0387144500731
0.0367637140061
0.0351532631407
0.0339025110536
0.0330310562099
0.0325587778399
0.0325059679
0.0328934934059
0.0337429854857
0.0350770536368
0.0369195258249
0.039295717247
0.0422327328167
0.0457598107961
0.0499087175736
0.0547142064996
0.0602145570506
0.0664522145497
0.0734745552877
0.0813348071626
0.0900931615363
0.099818116912
0.110588096763
0.122493376664
0.135638327025
0.150143898954
0.166150089656
0.183817680689
0.203327531568
0.224873411726
0.248639123415
0.27473889697
0.303074790185
0.333018900688
0.362790393969
0.388593702975
0.404611118658
0.406065129119
0.393697958799
0.372980230372
0.349389875714
0.326186400754
0.304805520158
0.285705920834
0.26891150784
0.254276899784
0.241604157606
0.230690552285
0.221346080242
0.213398126871
0.206690918173
0.201083089274
0.196444811913
0.192655102644
0.189599583554
0.187168824665
0.185257342362
0.183763304137
0.182588967159
0.18164184073
0.180836503665
0.180096929014
0.179359081995
0.178573482963
0.17770739054
0.176746281333
0.175694389153
0.174574205955
0.173425008593
0.172300621503
0.171266723028
0.170398036134
0.169775716757
0.169485183996
0.169614551022
0.170253736407
0.171494277633
0.173429838661
0.176157402446
0.179779165517
0.184405204531
0.190157067037
0.197172561144
0.205612203322
0.215668072885
0.22757629542
0.241635187545
0.258232539979
0.277888200744
0.301323312102
0.329577913586
0.364219213572
0.407717243939
0.464043191942
0.538419962054
0.620695201603
0.614842396993
0.527938689181
0.451277237233
0.392395999115
0.346035418148
0.308331683801
0.276883203362
0.250161513427
0.227148756777
0.20713687125
0.1896139953
0.174197473536
0.160592621082
0.148566328082
0.137929564453
0.128525423875
0.120220734519
0.112900041084
0.106461213696
0.100812209857
0.0958686829086
0.0915522363851
0.0877891915256
0.0845097785966
0.0816476891523
0.0791399406477
0.0769270098736
0.0749531898363
0.0731671181887
0.0715224166118
0.0699783724323
0.068500589097
0.0670615333758
0.0656409158414
0.0642258573501
0.0628108163556
0.0613972769691
0.0599932220156
0.0586124353278
0.0572736905353
0.0559998884673
0.0548172024191
0.0537542815931
0.0528415503788
0.0521106272339
0.0515938738319
0.0513240742688
0.0513342361957
0.0516575008708
0.0523271470269
0.0533766735813
0.0548399479918
0.056751409926
0.0591463234132
0.0620610744687
0.0655335151431
0.0696033589748
0.0743126369578
0.0797062274869
0.0858324784784
0.0927439451832
0.100498273283
0.109159263716
0.118798163008
0.129495229434
0.141341628044
0.154441698709
0.168915603586
0.184902254042
0.202562151806
0.222079147151
0.243658633866
0.267516227662
0.293842851249
0.322713480938
0.353866925219
0.386218736634
0.416972848307
0.440771466146
0.451079576576
0.445373723626
0.427889794616
0.405191380741
0.381848149906
0.360017894502
0.340436990281
0.323191966812
0.308111371161
0.294937649783
0.283397211041
0.273227035454
0.264183692281
0.256045835561
0.248614813902
0.241715199716
0.235195749753
0.228930687612
0.222820909918
0.21679463545
0.210807088771
0.204838993898
0.198893891359
0.192994516117
0.187178626727
0.181494728413
0.175998089825
0.170747345877
0.165801847583
0.161219798496
0.157057126836
0.153366988769
0.150199777709
0.147603518057
0.145624540168
0.144308358729
0.143700704109
0.143848682961
0.144802069645
0.146614754633
0.149346401739
0.153064395467
0.157846196866
0.163782276695
0.170979866398
0.179567873024
0.189703462377
0.201581053821
0.215444829001
0.231606375851
0.250469752468
0.272566731935
0.298603551933
0.329509419358
0.366422149832
0.410293743641
0.459709536009
0.502657835952
0.508763310005
0.470398642751
0.418017543259
0.369336320605
0.327618903545
0.292218670608
0.26196793632
0.235859439871
0.213116989574
0.193153743801
0.175522853811
0.15987878717
0.145949587153
0.13351737902
0.12240464953
0.112464497602
0.103573623268
0.095627224357
0.0885352396699
0.0822195549982
0.0766119055552
0.0716522863416
0.0672877344628
0.0634713833385
0.0601617138577
0.0573219455948
0.0549195246596
0.0529256752291
0.051314990306
0.050065044426
0.049156017242
0.048570322351
0.0482922404587
0.0483075600318
0.0486032319388
0.0491670472263
0.0499873490892
0.0510527912724
0.0523521555465
0.0538742405046
0.055607832657
0.0575417685843
0.0596650936765
0.0619673187125
0.0644387703067
0.0670710252829
0.0698574127616
0.0727935617713
0.0758779673022
0.0791125447498
0.082503142399
0.0860599845035
0.0897980237135
0.093737190755
0.0979025405419
0.102324306178
0.107037884376
0.112083786626
0.11750759939
0.123360003596
0.129696909364
0.136579767431
0.14407612587
0.152260511888
0.161215736677
0.171034750696
0.181823223135
0.193703091393
0.206817437593
0.221337220687
0.237470657354
0.255476451011
0.275682675178
0.298513946116
0.324530307233
0.354480352691
0.389360646316
0.430416635402
0.478742246137
0.532864417876
0.579202831033
0.584177973822
0.543741993627
0.491734231861
0.444673628515
0.404893959725
0.371417903898
0.342969623392
0.318506637033
0.297242632595
0.278590104193
0.262105596796
0.24744908678
0.234355525234
0.222615072867
0.212059262859
0.202551178513
0.193978371205
0.186247675011
0.179281356288
0.173014220046
0.167391415113
0.162366759499
0.157901460282
0.153963137947
0.150525089195
0.147565738566
0.14506824044
0.143020200662
0.141413492481
0.140244145534
0.139512289761
0.139222138857
0.139382000395
0.140004302073
0.14110562564
0.142706741715
0.144832639423
0.147512544029
0.150779912419
0.154672389049
0.159231691347
0.164503369903
0.170536348898
0.177382086021
0.185093081924
0.193720289987
0.203308685098
0.213889782208
0.225469172306
0.238006108628
0.251380945732
0.265345536063
0.279453890257
0.292981148224
0.304866926128
0.313764688642
0.318299279416
0.317529651307
0.311371162037
0.300637000457
0.286661191038
0.270818244742
0.254223935964
0.237656324312
0.221601150873
0.206332322957
0.191984368658
0.178605427141
0.166192437467
0.154713354211
0.144120784369
0.134360220764
0.125374959814
0.117109015072
0.109508830133
0.102524275636
0.0961092185221
0.0902218317264
0.084824739758
0.0798850521076
0.0753743111641
0.0712683675484
0.0675471892879
0.0641946093018
0.061198016379
0.0585479968666
0.0562379367155
0.0542635956793
0.0526226669627
0.0513143362756
0.0503388540901
0.0496971340455
0.0493903891201
0.0494198156161
0.0497863333989
0.0504903893451
0.0515318296779
0.0529098458062
0.0546229973835
0.056669315453
0.0590464876176
0.0617521260271
0.0647841175199
0.0681410534513
0.0718227346587
0.0758307448443
0.0801690837208
0.0848448500236
0.089868964499
0.095256924848
0.10102958895
0.107213990088
0.113844198906
0.120962261958
0.128619266842
0.136876610234
0.145807580152
0.155499411729
0.166056044343
0.177601910551
0.190287247599
0.204295682815
0.219855283707
0.237255033744
0.256870101329
0.279201961934
0.30494487595
0.33510194386
0.371201074184
0.415728811122
0.473075927323
0.551627390679
0.663869260409
0.725254310707
0.611232623536
0.51519180204
0.447832841495
0.397392083521
0.357592472965
0.32505764479
0.297810189979
0.274603718133
0.25460564502
0.237233629728
0.222064949147
0.208783175404
0.197145182611
0.186959839264
0.178073725079
0.170361232458
0.163717493417
0.158053177234
0.153290556163
0.149360449453
0.14619978951
0.143749641367
0.141953566393
0.140756264543
0.140102462769
0.139936044443
0.14019943717
0.140833294527
0.141776519433
0.142966680388
0.144340863337
0.145836977899
0.147395495623
0.148961541526
0.150487195253
0.151933797361
0.153274015253
0.154493417931
0.15559134771
0.156580958217
0.157488396232
0.15835121639
0.159216207227
0.160136856344
0.161170685328
0.162376647467
0.163812717029
0.165533723867
0.167589414587
0.170022659492
0.172867675782
0.176148101916
0.17987473467
0.184042731463
0.188628094468
0.193583309659
0.198832148579
0.204263906668
0.209727813196
0.215029045115
0.21992864975
0.224150435416
0.227397880905
0.2293824521
0.229860862032
0.228673648973
0.225773807992
0.221235439096
0.215239165222
0.208039836192
0.199927494643
0.191192242644
0.182099233551
0.172875005256
0.163703106954
0.1547258428
0.146049236184
0.137749148744
0.129877324542
0.122466755912
0.115536161379
0.10909358039
0.103139187714
0.0976674621328
0.0926688421046
0.0881309847973
0.0840397242949
0.0803798048967
0.0771354481298
0.0742907979043
0.0718302769851
0.0697388792057
0.0680024151637
0.0666077240881
0.0655428608176
0.064797264101
0.0643619105152
0.0642294570265
0.064394374474
0.0648530739134
0.0656040277516
0.0666478878469
0.0679876031865
0.0696285403408
0.0715786106001
0.0738484085141
0.0764513674913
0.0794039392174
0.0827258049759
0.0864401286251
0.0905738631183
0.0951581252686
0.100228657175
0.105826397691
0.111998193946
0.118797691767
0.12628645559
0.134535384008
0.143626507239
0.153655278366
0.164733500425
0.176993062131
0.190590671423
0.205713735925
0.222587327876
0.24148147954
0.262716047814
0.286654763812
0.313664438483
0.343972121841
0.377240433734
0.411455384482
0.440761616503
0.454577889067
0.445358394685
0.418417254443
0.384733964744
0.351233840354
0.320524850613
0.293176105398
0.269038439544
0.247767778511
0.229005194397
0.212430692804
0.197773366937
0.184807623182
0.173345903983
0.163231402445
0.15433178268
0.146534056043
0.139740489874
0.133865364239
0.128832402868
0.12457273512
0.121023277953
0.118125454782
0.115824190702
0.114067141185
0.112804124739
0.111986739746
0.111568152289
0.111503045322
0.111747720314
0.112260340585
0.113001301104
0.113933703157
0.115023904658
0.116242109096
0.11756294961
0.118966020739
0.120436310404
0.12196448915
0.12354702278
0.125186087162
0.126889278612
0.128669127741
0.130542436728
0.132529468015
0.134653015266
0.136937384926
0.139407309442
0.142086802285
0.144997951794
0.148159637137
0.151586137024
0.155285592114
0.159258277824
0.163494649199
0.167973139074
0.172657732793
0.177495417444
0.182413721504
0.187318728278
0.192094155157
0.196602301388
0.200687792293
0.204184946947
0.206929110061
0.208771337384
0.209594550974
0.20932814074
0.207957623624
0.205526829917
0.202132012845
0.197909474945
0.193019800734
0.187632050718
0.181910468336
0.176004975266
0.170045569833
0.164140007175
0.158373850398
0.152812006015
0.147501035974
0.142471755136
0.137741814141
0.133318110497
0.12919896556
0.125376061124
0.121836157608
0.118562625686
0.115536821824
0.112739330599
0.110151086328
0.107754376028
0.105533716845
0.103476595213
0.101574052856
0.0998211067222
0.0982169955291
0.0967652540223
0.0954736258422
0.0943538356296
0.093421249177
0.092694456033
0.0921948114273
0.0919459737206
0.0919734703104
0.0923043198349
0.0929667325576
0.0939899048749
0.0954039186833
0.0972397523847
0.099529407895
0.102306157283
0.105604913652
0.109462733574
0.113919462939
0.119018544539
0.124808014628
0.131341727498
0.138680862843
0.146895791582
0.156068403406
0.166295035425
0.177690186647
0.190391255044
0.204564578862
0.220413055703
0.238185415327
0.258186442542
0.280784953815
0.306408811278
0.335493855767
0.368287540945
0.404225562576
0.440240419918
0.467748901175
0.473669619353
0.45420099216
0.420475645917
0.383905062763
0.349625316681
0.319012264648
0.292063714975
0.268393354944
0.247562921817
0.229178055923
0.21290695287
0.198475773149
0.185658544095
0.174267106164
0.164142585003
0.155148554769
0.147165682354
0.140087580802
0.133817635144
0.128266619684
0.12335097748
0.118991673076
0.115113556731
0.111645192478
0.10851910397
0.10567238236
0.103047581933
0.100593805807
0.098267861394
0.0960353501808
0.0938715549952
0.0917620043477
0.0897026279748
0.087699466028
0.0857679484165
0.0839318108527
0.0822217514354
0.0806739507731
0.0793285787496
0.0782283951758
0.0774175253762
0.0769404615236
0.0768413116147
0.077163293947
0.0779484573959
0.0792375966385
0.0810703255588
0.0834852696214
0.0865203370326
0.0902130269144
0.094600728294
0.0997209538037
0.105611433076
0.112309957729
0.11985381464
0.128278554553
0.1376157003
0.147888775773
0.159106698198
0.171253088714
0.184269426607
0.198029360265
0.212301480984
0.226700023751
0.24063046614
0.253253999822
0.263520203215
0.270328835863
0.272830020407
0.270740798858
0.2644665452
0.254931102098
0.243247946641
0.230440071332
0.217304574211
0.204396717179
0.192071573626
0.180538521929
0.169908465554
0.160228741675
0.151506919576
0.143726280378
0.136855578322
0.130855044616
0.125679987682
0.121282886615
0.117614561963
0.114624803987
0.112262708858
0.110476891642
0.109215693119
0.108427463127
0.108060977872
0.108066026876
0.108394183434
0.108999748951
0.109840836309
0.110880532444
0.112088058742
0.11343983403
0.114920342616
0.116522721497
0.118249006295
0.120110011438
0.122124860803
0.124320223536
0.126729339801
0.129390938649
0.132348154065
0.135647537398
0.139338248696
0.143471490687
0.148100231654
0.153279250748
0.159065533743
0.165519050438
0.172703958184
0.180690301214
0.189556316011
0.199391515281
0.210300818857
0.222410150247
0.235874161315
0.250887157341
0.26769901243
0.286639180924
0.308154453219
0.332871334971
0.361705537632
0.396069404157
0.438306343198
0.492737081623
0.568774826918
0.69447802446
1.10583862293
0.745989760129
0.592847881983
0.5069473678
0.447039908962
0.401080864822
0.363871675352
0.332690815021
0.305934329814
0.282577066472
0.26192359255
0.243479884031
0.226881674824
0.21185186956
0.198173947119
0.185674679078
0.174212539401
0.163669735945
0.153946629698
0.144957777122
0.136629105065
0.128895892619
0.121701336276
0.114995539161
0.108734806751
0.10288115926
0.0974019901653
0.0922698147195
0.0874620639062
0.0829608894893
0.0787529552296
0.0748291982376
0.0711845526909
0.0678176354754
0.0647303993981
0.0619277641802
0.0594172383314
0.0572085462638
0.0553132747921
0.0537445518059
0.0525167677436
0.0516453479359
0.0511465812484
0.0510375080107
0.0513358681552
0.0520601088957
0.0532294501869
0.0548640055804
0.0569849558555
0.05961477285
0.0627774910952
0.0664990249889
0.0708075290554
0.0757337979385
0.0813117005278
0.0875786379506
0.0945760062918
0.10234962871
0.110950092714
0.120432877316
0.130858064879
0.142289274513
0.154791176062
0.168424457224
0.183236273253
0.199242787657
0.216398164904
0.234541337631
0.25330952209
0.272011974296
0.289485605441
0.304031517389
0.313640933091
0.316673551974
0.31269939905
0.302760584956
0.288773092584
0.272677980414
0.255957927254
0.239565316522
0.224039724384
0.209650577503
0.196506352694
0.184625303795
0.173977758036
0.164510313649
0.156159255512
0.148857754601
0.142539550386
0.137140674854
0.132600110626
0.128859893922
0.125864956101
0.123562874155
0.121903630205
0.120839439325
0.120324680626
0.120315950607
0.120772246041
0.1216552734
0.122929872124
0.124564529427
0.12653195551
0.128809680892
0.131380633381
0.134233652224
0.137363901926
0.140773158346
0.144469954143
0.148469588152
0.152794021738
0.157471702794
0.16253737323
0.168031927831
0.174002401761
0.18050217202
0.187591467626
0.19533829753
0.203819929338
0.213125092393
0.223357145925
0.234638562869
0.247117260486
0.260975609536
0.276443466762
0.293817479318
0.313490564766
0.335998637556
0.362098019476
0.392900442304
