-2.22044604925e-16
8.41839930893e-05
0.000336539820083
0.000756478763873
0.00134301877635
0.0020947832505
0.00300999940443
0.00408649638136
0.00532170319949
0.00671264671691
0.00825594980742
0.009947829974
0.0117840986572
0.0137601615247
0.0158710200552
0.0181112747555
0.020475130365
0.0229564034226
0.0255485325693
0.0282445919628
0.0310373081619
0.0339190808137
0.0368820074303
0.0399179124879
0.043018381
0.0461747966269
0.0493783842728
0.0526202569978
0.0558914669348
0.0591830597593
0.0624861321117
0.0657918912325
0.0690917159361
0.0723772179399
0.0756403024755
0.0788732270572
0.0820686572639
0.0852197184161
0.088320042094
0.0913638065521
0.0943457702264
0.0972612977066
0.100106377738
0.102877633034
0.105572321874
0.108188331695
0.110724165035
0.113178918382
0.115552254603
0.117844369737
0.120055954999
0.122188154911
0.124242522452
0.126220972151
0.128125731995
0.129959294991
0.131724371167
0.13342384075
0.135060709176
0.136638064544
0.138159038046
0.139626767838
0.141044366743
0.142414894123
0.14374133214
0.145026566587
0.146273372346
0.147484403472
0.148662187764
0.149809125628
0.150927492905
0.152019447253
0.153087037554
0.154132215762
0.155156850489
0.156162741576
0.157151634849
0.158125236208
0.159085224202
0.160033260249
0.160970995684
0.16190007489
0.162822133847
0.163738793518
0.16465164762
0.165562244474
0.166472062725
0.167382480932
0.16829474111
0.169209906506
0.17012881401
0.171052021749
0.171979752542
0.17291183405
0.173847636553
0.174786009462
0.175725217786
0.176662879952
0.177595908518
0.178520455528
0.179431864401
0.180324630493
0.181192372619
0.182027817991
0.182822803176
0.183568293697
0.18425442487
0.184870566242
0.18540541167
0.185847096428
0.186183341968
0.186401627821
0.186489388903
0.186434234919
0.186224187056
0.18584792552
0.185295040077
0.184556274655
0.183623756401
0.182491199531
0.181154074983
0.179609738118
0.177857508737
0.175898700032
0.173736595828
0.171376378191
0.168825009978
0.16609107904
0.163184612247
0.160116868368
0.156900118984
0.153547426159
0.150072424628
0.146489115007
0.142811672987
0.139054278026
0.135230963535
0.131355489354
0.127441236184
0.123501120889
0.119547530976
0.115592276199
0.111646555082
0.107720934127
0.10382533754
0.0999690454993
0.0961606991854
0.092408311021
0.0887192788167
0.0851004027326
0.0815579041836
0.0780974459961
0.0747241532897
0.0714426346904
0.0682570035965
0.0651708993078
0.0621875079027
0.0593095828003
0.0565394649893
0.0538791029331
0.0513300721832
0.048893594743
0.0465705582354
0.0443615349242
0.0422668006437
0.0402863536783
0.0384199336348
0.0366670403318
0.0350269527273
0.0334987478861
0.0320813199796
0.0307733992934
0.029573571204
0.0284802950695
0.0274919229659
0.0266067181827
0.0258228733808
0.0251385282999
0.0245517868936
0.0240607337607
0.0236634497332
0.0233580264802
0.0231425799838
0.0230152627474
0.0229742746006
0.0230178719771
0.0231443755518
0.0233521761406
0.0236397387841
0.0240056049578
0.0244483928731
0.0249667958565
0.0255595788203
0.0262255728595
0.0269636680363
0.0277728044309
0.0286519615619
0.0296001462949
0.0306163793741
0.0316996807246
0.0328490536832
0.0340634683229
0.0353418440429
0.0366830315968
0.0380857947365
0.0395487916488
0.0410705563616
0.0426494802982
0.0442837941595
0.0459715503173
0.0477106059037
0.0494986067931
0.0513329726787
0.0532108834605
0.0551292671767
0.0570847897277
0.0590738466648
0.0610925573355
0.0631367617036
0.0652020201822
0.0672836168406
0.069376566361
0.0714756251318
0.073575306862
0.0756699030905
0.0777535089338
0.0798200543675
0.081863341265
0.0838770863234
0.0858549698809
0.0877906904817
0.0896780248702
0.0915108928974
0.0932834266086
0.0949900425597
0.0966255161895
0.0981850568676
0.0996643820642
0.101059788948
0.102368221648
0.103587332386
0.10471553479
0.105752047782
0.106696928725
0.10755109475
0.108316331567
0.108995289435
0.109591466389
0.110109179216
0.110553523048
0.110930320784
0.111246063798
0.111507845604
0.111723290244
0.111900477198
0.112047864565
0.112174212162
0.112288505997
0.112399885371
0.112517573649
0.11265081345
0.112808806791
0.113000660469
0.113235336747
0.113521609215
0.113868023508
0.114282862452
0.114774115051
0.115349448655
0.116016183567
0.116781269279
0.117651261486
0.118632298989
0.11973007955
0.120949833758
0.122296295904
0.123773670842
0.125385595801
0.127135096039
0.129024533235
0.131055545478
0.133228977701
0.135544801428
0.138002022775
0.140598577742
0.143331214059
0.146195359177
0.149184974483
0.152292396538
0.1555081671
0.158820855022
0.16221687481
0.165680308758
0.169192742166
0.172733124146
0.176277669758
0.179799822551
0.183270299448
0.186657241853
0.189926496973
0.193042050833
0.19596662833
0.198662465323
0.201092242981
0.203220156176
0.205013067358
0.206441677972
0.207481634827
0.208114482581
0.208328378535
0.208118503164
0.207487127582
0.206443333355
0.205002415139
0.203185026481
0.201016149314
0.19852397581
0.195738787643
0.192691904807
0.189414757485
0.185938113976
0.182291478396
0.178502655977
0.17459747221
0.170599624838
0.166530644373
0.162409938329
0.158254895997
0.154081033375
0.149902161268
0.145730563004
0.141577171481
0.137451738133
0.133362988836
0.129318763753
0.125326139659
0.121391534497
0.117520794739
0.11371926674
0.109991853657
0.106343059704
0.102777023606
0.0992975430928
0.0959080922018
0.0926118329946
0.0894116231655
0.0863100208084
0.0833092874397
0.0804113901854
0.0776180038696
0.0749305135807
0.0723500181477
0.0698773348316
0.0675130054269
0.0652573038729
0.0631102453974
0.0610715971503
0.0591408902307
0.0573174329724
0.055600325317
0.0539884740829
0.0524806089173
0.0510752987115
0.0497709682472
0.048565914846
0.0474583247902
0.0464462892941
0.0455278198106
0.0447008624726
0.0439633114837
0.0433130212928
0.0427478174064
0.0422655057201
0.0418638802725
0.0415407293559
0.0412938399457
0.0411210004377
0.0410200017149
0.0409886365896
0.0410246976964
0.0411259739348
0.041290245582
0.041515278217
0.0417988156134
0.0421385717706
0.0425322222631
0.0429773950976
0.0434716612673
0.0440125252006
0.0445974152977
0.045223674751
0.0458885528445
0.0465891969241
0.0473226452353
0.048085820822
0.0488755266853
0.049688442404
0.0505211224269
0.0513699962492
0.0522313706974
0.0531014345501
0.0539762657268
0.0548518412799
0.0557240504163
0.0565887107654
0.0574415880851
0.0582784195645
0.0590949408315
0.0598869167081
0.0606501756773
0.0613806479249
0.0620744067066
0.0627277126666
0.0633370605941
0.0638992279679
0.0644113244997
0.0648708417616
0.065275701873
0.0656243041412
0.0659155685056
0.0661489746261
0.0663245955024
0.0664431245979
0.0665058955804
0.0665148939727
0.0664727602234
0.0663827839527
0.0662488893843
0.0660756122356
0.0658680685832
0.0656319164447
0.0653733110041
0.065098854552
0.0648155423074
0.0645307053357
0.0642519517716
0.063987107513
0.063744157465
0.0635311882988
0.0633563335538
0.0632277217623
0.0631534281207
0.0631414300786
0.0631995670719
0.063335504495
0.0635567018893
0.0638703852251
0.0642835230733
0.064802806398
0.0654346316532
0.0661850868341
0.0670599401095
0.0680646306562
0.0692042613066
0.0704835926307
0.0719070380741
0.073478659785
0.0752021647687
0.0770809010136
0.0791178532342
0.0813156378712
0.0836764969789
0.086202290609
0.0888944872708
0.0917541520078
0.0947819315753
0.0979780361376
0.10134221682
0.104873738352
0.108571345919
0.112433225218
0.116456954554
0.120639447663
0.124976885788
0.129464637382
0.134097163658
0.138867908151
0.143769168424
0.148791948172
0.153925788297
0.159158576076
0.164476332533
0.169862979541
0.175300090286
0.180766629641
0.186238694777
0.191689271214
0.19708802533
0.202401160924
0.207591374261
0.21261794811
0.217437029284
0.222002134036
0.226264919278
0.23017624271
0.233687510218
0.23675227481
0.239328010615
0.241377944328
0.242872793151
0.243792242395
0.244126004646
0.243874338534
0.243047964364
0.241667385693
0.239761695975
0.237367003944
0.234524641141
0.231279317446
0.227677369575
0.223765211369
0.219588052787
0.215188914764
0.210607934814
0.205881935767
0.201044217111
0.196124523534
0.191149146197
0.186141116759
0.181120460513
0.176104481781
0.171108061121
0.166143949554
0.161223049649
0.156354676943
0.151546797994
0.146806243356
0.142138895232
0.137549850506
0.13304356051
0.128623949242
0.12429451195
0.120058396074
0.115918466535
0.111877357273
0.107937510865
0.104101207913
0.100370587768
0.0967476620202
0.0932343220289
0.0898323416667
0.0865433762752
0.0833689587334
0.080310493408
0.0773692486425
0.0745463483387
0.0718427630909
0.0692593012413
0.0667966001537
0.0644551179298
0.0622351257348
0.0601367008467
0.0581597205008
0.0563038565618
0.0545685710303
0.0529531123601
0.0514565125489
0.0500775849457
0.048814922711
0.0476668978556
0.0466316607806
0.04570714024
0.0448910436461
0.044180857645
0.0435738488909
0.0430670649603
0.0426573353561
0.0423412725681
0.0421152731728
0.0419755189781
0.0419179782449
0.0419384070476
0.0420323508692
0.0421951465682
0.0424219248956
0.0427076137888
0.0430469427162
0.0434344483981
0.0438644822774
0.0443312201562
0.0448286744575
0.0453507095908
0.0458910609189
0.0464433578128
0.0470011512495
0.0475579463497
0.04810724016
0.0486425648585
0.049157536401
0.0496459084299
0.0501016310431
0.0505189137721
0.0508922918558
0.0512166946378
0.0514875146681
0.0517006758785
0.0518526990414
0.0519407626252
0.0519627571498
0.0519173312234
0.0518039276116
0.0516228079589
0.0513750651183
0.0510626224593
0.050688219966
0.0502553874018
0.049768405264
0.0492322546613
0.0486525575935
0.0480355093774
0.0473878051406
0.0467165623843
0.0460292416044
0.0453335668692
0.0446374480861
0.0439489064759
0.043276004521
0.0426267813859
0.042009194536
0.0414310680203
0.0409000476443
0.0404235630493
0.0400087965359
0.0396626583258
0.0393917678488
0.0392024405617
0.039100679762
0.0390921728304
0.0391822913393
0.0393760944735
0.0396783352382
0.0400934689642
0.0406256636602
0.0412788118066
0.0420565432305
0.0429622387431
0.0439990442667
0.0451698852097
0.0464774808902
0.0479243588289
0.0495128687639
0.0512451962513
0.053123375731
0.0551493029401
0.0573247465554
0.0596513589356
0.0621306858156
0.0647641747773
0.0675531822826
0.070498979005
0.0736027531285
0.0768656112049
0.0802885760605
0.0838725811219
0.087618460384
0.0915269330706
0.095598581823
0.0998338230088
0.104232867442
0.108795669463
0.113521861925
0.118410674161
0.123460829491
0.12867041824
0.134036741598
0.139556121029
0.145223667311
0.151033002813
0.156975930373
0.163042042415
0.16921826492
0.175488333149
0.181832199982
0.188225384337
0.194638277065
0.201035435955
0.207374920734
0.213607743123
0.219677535024
0.22552056616
0.231066264572
0.236238399082
0.240957059293
0.245141502956
0.248713825433
0.251603247752
0.253750644411
0.255112785638
0.255665706316
0.255406677391
0.254354451179
0.252547737679
0.250042166923
0.246906219347
0.243216708131
0.239054367174
0.234499969901
0.229631231528
0.224520580796
0.219233758593
0.213829121629
0.208357495111
0.202862417274
0.197380637221
0.191942754899
0.186573920495
0.181294536011
0.176120922426
0.1710659314
0.166139491573
0.16134908689
0.156700169054
0.152196508876
0.147840492621
0.14363336985
0.139575459232
0.135666318296
0.131904882626
0.128289579307
0.124818418871
0.121489069399
0.118298915912
0.115245107728
0.11232459607
0.109534163854
0.106870449289
0.104329964674
0.101909111558
0.0996041932219
0.097411425328
0.0953269453736
0.0933468215224
0.091467061241
0.0896836200818
0.0879924108634
0.0863893134174
0.084870184999
0.0834308713919
0.0820672186779
0.0807750855898
0.079550356322
0.0783889536338
0.0772868520533
0.0762400909691
0.0752447873854
0.0742971481174
0.0733934812105
0.0725302063851
0.0717038643382
0.0709111247629
0.0701487929944
0.0694138152315
0.0687032823352
0.0680144322548
0.0673446511808
0.0666914735672
0.0660525812076
0.0654258015775
0.0648091056817
0.0642006056522
0.0635985523473
0.0630013331893
0.0624074704563
0.0618156202128
0.0612245720207
0.0606332495257
0.060040711958
0.0594461565309
0.0588489216622
0.0582484908879
0.0576444972855
0.0570367281799
0.0564251298686
0.0558098120748
0.0551910518247
0.0545692964409
0.053945165354
0.0533194504558
0.0526931147506
0.0520672891039
0.0514432669376
0.050822496778
0.0502065726236
0.0495972221599
0.0489962929126
0.0484057364842
0.0478275910773
0.0472639625506
0.0467170042971
0.0461888962627
0.0456818234482
0.0451979542535
0.0447394190271
0.0443082891878
0.0439065572738
0.0435361182674
0.0431987525208
0.0428961105918
0.042629700269
0.0424008760435
0.0422108312484
0.0420605930595
0.041951020512
0.0418828056515
0.0418564778987
0.0418724116573
0.0419308371561
0.0420318544552
0.0421754505014
0.0423615190513
0.042589883229
0.0428603204173
0.0431725891244
0.0435264574068
0.0439217323769
0.0443582902709
0.0448361065198
0.0453552852319
0.0459160874884
0.0465189578491
0.0471645484901
0.0478537404283
0.0485876613435
0.0493676995779
0.0501955139775
0.0510730393367
0.0520024873067
0.0529863427374
0.0540273555266
0.0551285281484
0.0562930991233
0.0575245227684
0.0588264456246
0.0602026799991
0.0616571750819
0.0631939860922
0.0648172418947
0.0665311114788
0.0683397696414
0.0702473621329
0.0722579704426
0.0743755762912
0.0766040257897
0.0789469930977
0.0814079432845
0.0839900939541
0.0866963750508
0.0895293861045
0.0924913500138
0.0955840622954
0.0988088345568
0.102166430767
0.105656994734
0.109279967023
0.113033989425
0.116916794965
0.120925081438
0.125054366516
0.12929882273
0.133651091087
0.138102072905
0.142640700638
0.147253690288
0.151925280488
0.156636966669
0.161367243058
0.166091370492
0.170781194209
0.175405042348
0.179927742333
0.184310797258
0.188512766366
0.192489890562
0.196196993443
0.199588668854
0.202620736916
0.205251913361
0.207445596242
0.209171636847
0.210407936802
0.211141709378
0.211370265035
0.211101228518
0.210352160074
0.209149624147
0.207527811018
0.205526858918
0.203191040093
0.200566965037
0.197701930629
0.194642499139
0.191433354523
0.188116446864
0.184730408766
0.181310210182
0.177887009461
0.17448815659
0.171137307378
0.167854612725
0.164656953686
0.161558199557
0.158569472201
0.155699404927
0.152954388313
0.150338798572
0.147855206397
0.145504565947
0.143286384784
0.141198876344
0.139239096979
0.137403069843
0.135685897999
0.134081869045
0.13258455349
0.131186898904
0.129881321636
0.128659797652
0.127513953711
0.126435159781
0.125414623226
0.124443484913
0.123512916996
0.122614221722
0.121738930247
0.120878900076
0.12002640946
0.119174246851
0.118315793395
0.117445096377
0.116556931677
0.115646853421
0.1147112294
0.113747261149
0.112752988131
0.111727275928
0.110669788892
0.109580948229
0.108461876892
0.107314333093
0.10614063447
0.104943575144
0.103726337944
0.102492404064
0.101245462257
0.0999893194967
0.0987278147866
0.0974647375088
0.0962037514332
0.0949483252232
0.0937016700219
0.0924666844795
0.0912459074019
0.0900414780547
0.0888551040604
0.0876880367593
0.0865410538815
0.0854144493677
0.0843080302018
0.0832211201419
0.0821525702739
0.0811007763394
0.0800637028128
0.0790389136994
0.0780236100085
0.0770146738044
0.0760087186576
0.0750021462044
0.0739912083823
0.0729720747324
0.0719409039707
0.0708939188224
0.0698274829086
0.0687381782794
0.0676228820219
0.0664788402496
0.065303737709
0.0640957612464
0.062853655449
0.0615767689391
0.0602650900302
0.0589192707579
0.0575406386595
0.0561311960655
0.0546936070792
0.0532311728174
0.0517477958523
0.0502479351169
0.0487365527799
0.0472190547746
0.0457012267571
0.0441891672794
0.0426892199042
0.041207905861
0.0397518586686
0.0383277619408
0.0369422913574
0.0356020615485
0.0343135784039
0.0330831971044
0.0319170859716
0.0308211960667
0.0298012363248
0.0288626539008
0.0280106193183
0.0272500159567
0.0265854333736
0.0260211639462
0.025561202316
0.0252092471313
0.0249687046057
0.0248426934406
0.0248340506888
0.0249453381753
0.0251788491234
0.0255366146712
0.0260204099948
0.0266317597871
0.0273719428677
0.0282419957248
0.0292427148155
0.0303746574648
0.0316381412272
0.0330332415869
0.0345597878841
0.0362173573736
0.0380052673264
0.0399225651031
0.0419680161378
0.0441400897893
0.0464369430338
0.0488564020001
0.0513959413753
0.0540526617535
0.0568232650459
0.0597040281357
0.0626907750375
0.0657788479193
0.0689630774564
0.0722377531264
0.0755965942122
0.0790327224607
0.0825386375489
0.0861061967257
0.0897266002256
0.0933903842779
0.0970874237411
0.100806946564
0.10453756238
0.108267307558
0.111983708913
0.115673867996
0.11932456743
0.122922400037
0.126453920604
0.129905818958
0.133265111742
0.136519348761
0.139656828367
0.142666814931
0.145539750341
0.148267450758
0.150843279609
0.153262288234
0.155521316654
0.157619048558
0.159556016813
0.161334558265
0.162958719216
0.164434115464
0.165767752936
0.166967816628
0.1680434366
0.169004440208
0.169861099557
0.17062388247
0.171303214192
0.171909255738
0.172451703411
0.172939612629
0.173381248
0.173783960503
0.17415409184
0.174496905402
0.174816542906
0.175116005529
0.17539715827
0.175660756236
0.175906491587
0.176133059869
0.176338244422
0.176519017467
0.176671656283
0.176791872579
0.176874952842
0.176915906997
0.176909622231
0.176851018444
0.176735201327
0.176557608851
0.176314146783
0.176001308969
0.175616278405
0.175157005679
0.174622262129
0.174011666013
0.173325681046
0.17256558781
0.171733429611
0.170831935388
0.169864423093
0.168834687612
0.16774687765
0.166605366196
0.165414619062
0.164179065751
0.162902976466
0.161590348572
0.160244805224
0.158869508298
0.157467087184
0.15603958448
0.154588419141
0.153114367248
0.151617560179
0.150097499676
0.148553089033
0.146982679359
0.14538412965
0.143754879179
0.142092030457
0.140392440799
0.13865282032
0.136869833957
0.135040204985
0.133160817334
0.131228814042
0.129241689159
0.127197370629
0.125094291901
0.122931450377
0.120708451291
0.118425536094
0.116083595012
0.113684164029
0.111229407094
0.108722084867
0.106165511742
0.103563503214
0.100920315869
0.0982405823586
0.0955292436989
0.0927914811146
0.0900326494249
0.0872582137007
0.0844736905978
0.0816845954383
0.0788963957687
0.0761144718048
0.0733440838771
0.0705903467371
0.0678582103721
0.0651524468067
0.0624776422508
0.059838193869
0.0572383104067
0.0546820158972
0.0521731556923
0.0497154041026
0.0473122729876
0.0449671207132
0.0426831609684
0.0404634710221
0.038310999085
0.0362285705267
0.0342188927811
0.0322845588472
0.0304280493637
0.0286517332972
0.0269578673362
0.0253485941294
0.0238259395423
0.0223918091329
0.0210479840688
0.0197961167175
0.0186377261477
0.0175741937787
0.016606759405
0.015736517816
0.0149644162078
0.0142912525716
0.0137176752127
0.0132441835348
0.0128711301907
0.0125987246755
0.0124270384012
0.0123560112636
0.0123854596746
0.012515085998
0.0127444892931
0.0130731772319
0.013500579022
0.0140260591297
0.0146489315692
0.015368474488
0.016183944754
0.017094592226
0.018099673369
0.0191984638659
0.020390269866
0.021674437517
0.0230503604303
0.0245174847475
0.0260753114988
0.0277233959713
0.0294613438463
0.0312888039015
0.0332054571234
0.0352110021253
0.0373051368152
0.0394875363162
0.0417578271905
0.0441155580755
0.0465601668901
0.0490909448237
0.0517069973699
0.0544072027206
0.057190167892
0.0600541830092
0.0629971742443
0.0660166559731
0.0691096827985
0.0722728021852
0.0755020085589
0.0787926998443
0.0821396375577
0.0855369117154
0.0889779119757
0.0924553065889
0.0959610308749
0.0994862870667
0.10302155744
0.106556632666
0.110080657249
0.113582193743
0.117049307108
0.120469670116
0.123830690079
0.127119656341
0.130323907072
0.133431012778
0.136428972856
0.139306420366
0.142052829214
0.144658717147
0.147115837439
0.149417352117
0.151557979867
0.153534112652
0.15534389627
0.15698727173
0.158465976128
0.159783503617
0.160945028919
0.161957297386
0.162828486911
0.163568047779
0.164186526963
0.164695383274
0.165106799354
0.165433495769
0.165688551506
0.165885234167
0.16603684209
0.166156559657
0.16625732614
0.166351717746
0.166451841886
0.166569242302
0.166714813377
0.16689872176
0.167130333408
0.167418144125
0.167769711748
0.16819158829
0.168689250482
0.169267027386
0.169928024023
0.170674040252
0.171505484553
0.172421282816
0.173418782866
0.174493656156
0.175639798949
0.176849236406
0.178112034196
0.179416223691
0.180747748323
0.182090440242
0.183426037888
0.184734256206
0.185992921826
0.187178185139
0.188264819627
0.189226615528
0.190036869911
0.190668968267
0.191097044256
0.191296694766
0.191245718161
0.190924835746
0.190318351673
0.189414705961
0.188206879886
0.18669262264
0.184874481967
0.182759637711
0.180359553533
0.177689476337
0.174767823104
0.171615500142
0.168255199744
0.164710714956
0.161006305563
0.15716613921
0.153213822042
0.149172024589
0.145062201418
0.140904397829
0.136717133362
0.13251735012
0.128320413402
0.12414015262
0.119988931572
0.11587773859
0.111816288641
0.107813131032
0.103875757782
0.100010709012
0.0962236727694
0.09251957758
0.0889026767583
0.0853766240258
0.0819445404316
0.0786090728585
0.0753724446208
0.0722364987966
0.0692027350222
0.0662723405175
0.0634462161146
0.0607249980482
0.0581090762264
0.0555986096587
0.0531935396575
0.0508936013748
0.0486983341727
0.0466070912643
0.0446190490027
0.0427332161369
0.0409484432978
0.0392634329235
0.0376767497849
0.0361868322237
0.0347920041718
0.03349048798
0.0322804180445
0.0311598551863
0.0301268017039
0.0291792169926
0.0283150335975
0.0275321735433
0.0268285647685
0.0262021574754
0.0256509401989
0.025172955392
0.0247663143262
0.0244292111099
0.0241599356401
0.0239568853148
0.0238185753566
0.0237436476182
0.0237308777719
0.0237791808094
0.0238876148135
0.0240553829929
0.0242818340018
0.0245664605966
0.0249088967075
0.025308913027
0.025766411234
0.0262814169896
0.0268540718445
0.0274846242041
0.028173419493
0.0289208896504
0.0297275420768
0.0305939481308
0.0315207312527
0.0325085547643
0.033558109366
0.0346701003186
0.0358452342671
0.0370842056286
0.0383876824366
0.0397562915025
0.0411906027273
0.0426911123718
0.0442582250752
0.0458922343969
0.0475933016465
0.0493614327706
0.0511964530716
0.053097979554
0.0550653907277
0.0570977937435
0.0591939888015
0.0613524308585
0.0635711887658
0.0658479021038
0.0681797361434
0.0705633355558
0.0729947777246
0.0754695267757
0.0779823897381
0.0805274765779
0.0830981661923
0.08568708081
0.0882860715823
0.0908862184535
0.0934778476169
0.096050569962
0.0985933438392
0.101094565156
0.103542187224
0.105923871844
0.108227171857
0.110439743728
0.112549586869
0.114545304226
0.116416376572
0.118153440901
0.119748561734
0.121195483155
0.122489849218
0.123629381154
0.124614001538
0.125445898248
0.126129524334
0.126671533622
0.127080655596
0.127367516425
0.127544415737
0.127625070544
0.127624338579
0.127557933198
0.127442141062
0.12729355224
0.127128810396
0.126964388557
0.126816393833
0.126700402504
0.126631325227
0.126623300773
0.126689615741
0.126842647029
0.127093823466
0.12745360288
0.127931460895
0.128535887902
0.129274390882
0.130153497005
0.131178756222
0.132354740306
0.133685036055
0.13517223057
0.136817886725
0.138622507104
0.140585484869
0.142705040192
0.144978141144
0.147400408206
0.149966002037
0.152667494682
0.155495725257
0.158439642245
0.161486136008
0.164619867007
0.167823097604
0.171075538137
0.174354221234
0.177633421852
0.180884643985
0.184076697946
0.187175893818
0.190146376279
0.192950622478
0.195550117049
0.197906206087
0.199981114958
0.201739094296
0.203147636652
0.2041786865
0.204809752788
0.205024829852
0.204815041877
0.204178948392
0.203122480848
0.201658518017
0.199806144302
0.197589663985
0.195037461673
0.192180803225
0.189052663596
0.185686651421
0.182116079048
0.178373205021
0.174488656653
0.170491025207
0.166406615822
0.162259328452
0.158070643954
0.153859690031
0.14964336406
0.145436493116
0.141252015062
0.137101168117
0.132993679456
0.128937946101
0.124941203654
0.121009680122
0.117148733512
0.11336297285
0.109656363038
0.106032314428
0.102493758352
0.0990432100197
0.0956828202732
0.0924144177228
0.0892395427254
0.0861594746017
0.0831752533799
0.080287697237
0.077497416681
0.0748048263893
0.0722101554893
0.0697134569435
0.0673146165833
0.0650133622225
0.0628092731822
0.060701790458
0.0586902276817
0.0567737829434
0.0549515514793
0.0532225391617
0.0515856766819
0.0500398342661
0.048583836732
0.0472164786608
0.0459365394427
0.0447427979347
0.0436340464671
0.0426091039362
0.0416668277255
0.0408061242155
0.0400259576624
0.0393253572504
0.0387034221551
0.0381593244878
0.0376923100285
0.0373016966925
0.0369868707144
0.0367472805685
0.0365824286828
0.0364918610317
0.0364751547248
0.0365319037289
0.0366617028819
0.0368641303711
0.0371387288557
0.0374849854211
0.0379023105524
0.0383900163128
0.0389472939107
0.0395731908345
0.0402665877296
0.0410261751946
0.0418504306699
0.0427375956042
0.0436856530918
0.0446923061964
0.0457549572026
0.0468706880711
0.0480362424227
0.0492480094226
0.0505020100066
0.0517938859517
0.0531188923728
0.0544718942965
0.0558473680395
0.0572394081775
0.0586417409396
0.0600477448874
0.061450479728
0.0628427240597
0.0642170227445
0.0655657444408
0.0668811495958
0.0681554688964
0.0693809918073
0.0705501643879
0.0716556951006
0.072690666811
0.0736486526755
0.074523833141
0.075311110889
0.0760062202813
0.0766058277376
0.0771076195367
0.0775103737826
0.0778140137317
0.078019640306
0.0781295423954
0.0781471844263
0.0780771715865
0.0779251939837
0.0776979518186
0.0774030643198
0.0770489656793
0.0766447915236
0.0762002595518
0.0757255478805
0.0752311743845
0.0747278799426
0.0742265180321
0.0737379526051
0.0732729656528
0.072842175366
0.0724559653369
0.0721244248514
0.071857299994
0.0716639550239
0.0715533433011
0.0715339869099
0.071613964062
0.0718009033373
0.0721019838297
0.072523940309
0.0730730725613
0.073755258141
0.0745759678377
0.0755402832294
0.0766529157612
0.0779182268434
0.0793402485049
0.0809227041736
0.0826690291676
0.0845823904789
0.0866657054141
0.0889216586098
0.0913527168803
0.0939611412591
0.0967489954807
0.0997181499882
0.102870280367
0.106206858858
0.109729137328
0.113438119715
0.117334521543
0.12141871364
0.125690646561
0.130149751585
0.134794813369
0.139623808478
0.144633703098
0.149820202297
0.155177442345
0.160697616955
0.166370528203
0.172183053569
0.178118522731
0.184156002142
0.190269493102
0.196427061364
0.202589934704
0.208711630605
0.214737209808
0.220602791591
0.226235508611
0.231554113512
0.23647046059
0.240892053177
0.244725750119
0.247882551689
0.250283148342
0.25186366066
0.252580803416
0.252415657971
0.251375390735
0.249492597975
0.246822397317
0.24343778929
0.239424060163
0.234873038966
0.229877884239
0.224528837606
0.218910128009
0.213098004356
0.207159742197
0.201153409659
0.195128171391
0.189124935051
0.183177184826
0.177311888191
0.171550399037
0.165909309576
0.160401225078
0.155035450378
0.14981858668
0.144755042954
0.13984746926
0.135097120602
0.130504160155
0.126067910205
0.121787058451
0.117659826363
0.113684105443
0.10985756636
0.106177745188
0.102642110326
0.0992481130991
0.095993224602
0.0928749609416
0.0898908987266
0.0870386823972
0.0843160247709
0.0817207020154
0.0792505441135
0.0769034217706
0.0746772306137
0.072569873448
0.0705792412641
0.0687031936212
0.0669395389765
0.0652860154746
0.0637402726642
0.062299854559
0.0609621844195
0.0597245515859
0.0585841006508
0.0575378232189
0.056582552455
0.0557149605774
0.0549315594074
0.0542287040331
0.0536025995935
0.0530493111315
0.0525647764058
0.0521448214885
0.0517851789121
0.0514815080676
0.0512294174925
0.0510244886352
0.0508623006276
0.0507384555661
0.0506486037691
0.0505884684726
0.0505538694329
0.0505407449316
0.0505451717262
0.050563382556
0.0505917808992
0.050626952778
0.050665675521
0.0507049235128
0.050741871085
0.0507738928155
0.0507985616181
0.0508136450904
0.0508171006626
0.0508070701332
0.0507818741971
0.0507400075575
0.0506801351682
0.0506010900853
0.050501873305
0.0503816558473
0.0502397832074
0.0500757821546
0.0498893697038
0.0496804639496
0.0494491963124
0.0491959246417
0.0489212465276
0.0486260121192
0.0483113357222
0.0479786054596
0.0476294903264
0.0472659440479
0.0468902052572
0.0465047936405
0.046112501843
0.045716383085
0.0453197345915
0.0449260770886
0.0445391307533
0.0441627881173
0.0438010845157
0.0434581667343
0.0431382605453
0.0428456378263
0.0425845839452
0.0423593660478
0.042174202832
0.0420332363198
0.0419405060543
0.0418999260678
0.0419152648739
0.0419901286567
0.0421279477457
0.0423319663938
0.0426052358116
0.0429506103529
0.0433707467052
0.0438681058988
0.0444449579245
0.0451033887299
0.0458453093564
0.046672466975
0.0475864575812
0.0485887401206
0.0496806518272
0.050863424574
0.052138202055
0.0535060576372
0.0549680127459
0.0565250556656
0.058178160665
0.0599283073713
0.0617765003406
0.0637237887858
0.0657712864342
0.0679201914977
0.0701718067348
0.0725275595839
0.0749890223305
0.0775579322513
0.0802362116468
0.0830259876308
0.0859296114885
0.0889496773478
0.0920890398161
0.0953508301307
0.0987384702365
0.102255684041
0.105906504895
0.10969527811
0.113626656986
0.117705590486
0.121937300155
0.126327243306
0.130881058718
0.135604490085
0.140503281238
0.145583035586
0.150849030232
0.156305972802
0.161957685993
0.167806701267
0.173853738903
0.180097047049
0.186531567688
0.193147893638
0.19993097908
0.206858569548
0.213899329904
0.221010676991
0.228136376308
0.235204049579
0.242122872251
0.248781918731
0.255049821013
0.260776589356
0.265798497196
0.269946707739
0.273059678698
0.27499831252
0.275661569597
0.274999362111
0.27301959567
0.269787479605
0.265417292409
0.260058771166
0.253881351516
0.247059339687
0.239760093814
0.23213604173
0.224320357203
0.216425552518
0.208544079116
0.200750113236
0.193101896616
0.185644207847
0.17841071133
0.1714260549
0.164707668034
0.158267260346
0.152112045016
0.146245722471
0.140669261943
0.135381516377
0.130379702109
0.125659769969
0.121216689941
0.117044667341
0.113137305017
0.109487723125
0.106088645701
0.102932461331
0.100011263771
0.0973168771555
0.0948408695922
0.0925745582076
0.0905090082168
0.0886350281993
0.086943163483
0.0854236893373
0.0840666055354
0.0828616337447
0.0817982191269
0.0808655374618
0.080052509038
0.0793478204591
0.0787399553906
0.0782172351049
0.0777678694549
0.0773800186242
0.0770418656481
0.0767416992857
0.0764680063571
0.076209572147
0.0759555869587
0.0756957563905
0.0754204124542
0.0751206222863
0.0747882909672
0.0744162548895
0.0739983622243
0.0735295373453
0.0730058265691
0.0724244232385
0.0717836709768
0.0710830448172
0.0703231108137
0.0695054655899
0.0686326580431
0.0677080960278
0.0667359412726
0.0657209960225
0.0646685849373
0.0635844356484
0.0624745610867
0.061345146308
0.0602024420672
0.0590526668968
0.0579019189403
0.0567560983146
0.0556208403563
0.054501459737
0.0534029051435
0.0523297239936
0.0512860365002
0.0502755182989
0.0493013908089
0.048366418487
0.0474729121659
0.0466227377105
0.045817329295
0.0450577066675
0.0443444958472
0.0436779527649
0.0430579894227
0.0424842022057
0.0419559020217
0.0414721459834
0.0410317703701
0.0406334246239
0.0402756061392
0.0399566956055
0.0396749926533
0.0394287515446
0.039216216632
0.0390356572988
0.0388854020766
0.0387638716303
0.0386696102923
0.0386013158322
0.038557867156
0.0385383496451
0.0385420778736
0.0385686154727
0.0386177919547
0.0386897163546
