4.13810400088e-16
4.02829999986e-05
0.000161128099453
0.000362523589243
0.000644449929156
0.00100687971036
0.00144977760286
0.00197310028781
0.00257679637489
0.00326080630434
0.00402506223402
0.00486948791105
0.00579399852833
0.0067985005656
0.00788289161513
0.00904706019193
0.0102908855284
0.0116142373534
0.0130169756558
0.0144989504315
0.0160600014161
0.0176999578003
0.01941863793
0.0212158489908
0.0230913866755
0.0250450348368
0.0270765651231
0.029185736599
0.0313722953491
0.033635974067
0.0359764916273
0.038393552643
0.0408868470067
0.0434560494169
0.0461008188895
0.0488207982532
0.0516156136325
0.0544848739149
0.0574281702054
0.0604450752675
0.0635351429523
0.0666979076148
0.0699328835205
0.0732395642399
0.0766174220357
0.0800659072403
0.0835844476263
0.0871724477721
0.0908292884216
0.0945543258418
0.0983468911788
0.102206289814
0.106131800721
0.110122675832
0.114178139405
0.1182973874
0.122479586871
0.126723875373
0.131029360376
0.135395118709
0.139820196028
0.144303606301
0.148844331331
0.153441320314
0.158093489429
0.162799721473
0.167558865543
0.172369736771
0.177231116101
0.182141750146
0.187100351092
0.192105596678
0.197156130249
0.202250560889
0.207387463633
0.21256537977
0.21778281724
0.223038251125
0.228330124243
0.233656847846
0.239016802435
0.244408338676
0.249829778443
0.255279415976
0.260755519165
0.266256330949
0.271780070852
0.277324936634
0.282889106079
0.2884707389
0.294067978772
0.299678955486
0.305301787227
0.310934582959
0.316575444929
0.322222471272
0.327873758716
0.33352740538
0.339181513651
0.344834193144
0.350483563715
0.35612775854
0.361764927226
0.367393238961
0.373010885674
0.378616085209
0.384207084477
0.3897821626
0.395339634009
0.400877851492
0.406395209177
0.411890145441
0.417361145715
0.422806745197
0.42822553143
0.433616146765
0.438977290665
0.444307721866
0.449606260373
0.454871789279
0.460103256408
0.465299675771
0.470460128828
0.475583765559
0.480669805325
0.485717537544
0.490726322153
0.495695589871
0.500624842274
0.505513651662
0.510361660743
0.515168582124
0.519934197632
0.524658357456
0.529340979122
0.533982046318
0.538581607568
0.543139774769
0.5476567216
0.552132681816
0.556567947432
0.560962866814
0.565317842682
0.569633330041
0.573909834044
0.578147907807
0.582348150175
0.586511203454
0.590637751124
0.594728515528
0.598784255558
0.602805764346
0.606793866952
0.610749418076
0.614673299786
0.618566419277
0.622429706656
0.62626411277
0.630070607066
0.633850175503
0.637603818507
0.641332548973
0.64503739032
0.648719374603
0.652379540673
0.656018932395
0.659638596926
0.663239583045
0.666822939552
0.670389713717
0.673940949799
0.677477687627
0.681000961254
0.684511797672
0.688011215615
0.69150022443
0.694979823047
0.698450999028
0.701914727726
0.705371971551
0.708823679344
0.712270785887
0.715714211542
0.71915486203
0.722593628369
0.726031386962
0.729468999852
0.732907315135
0.736347167545
0.73978937919
0.743234760437
0.746684110928
0.750138220695
0.75359787136
0.757063837354
0.760536887119
0.764017784223
0.767507288315
0.771006155825
0.774515140314
0.778034992348
0.781566458779
0.785110281283
0.788667194
0.792237920117
0.79582316722
0.799423621231
0.803039938767
0.806672737722
0.810322585919
0.813989987674
0.817675368132
0.821379055288
0.825101259611
0.828842051286
0.83260133512
0.836378823263
0.840174005986
0.843986120891
0.847814121055
0.851656642802
0.855511973955
0.85937802368
0.863252295212
0.867131863072
0.87101335658
0.874892951766
0.878766374003
0.882628913858
0.886475458812
0.890300543456
0.894098420697
0.897863156165
0.901588747504
0.905269269492
0.908899044951
0.912472840193
0.915986082405
0.919435094887
0.922817344661
0.926131695686
0.929378660001
0.932560638684
0.935682144657
0.938750000279
0.941773504222
0.944764564357
0.947737796147
0.950710589121
0.953703147215
0.956738511903
0.959842579915
0.963044129933
0.966374874888
0.96986955859
0.973566117547
0.977505931392
0.981734188779
0.986300400505
0.991259098851
0.996670772536
1.00260310182
1.00913257984
1.0163466368
1.02434642626
1.03325049151
1.04319960734
1.05436318535
1.06694771551
1.08120769725
1.09745908038
1.11609339965
1.13758438242
1.16245751624
1.19112303637
1.22325204488
1.25583530563
1.27922750472
1.27834989042
1.25103622365
1.21158561685
1.17132518131
1.13424512733
1.10099395538
1.0712370224
1.04445330255
1.02015677044
0.997942466243
0.977483823034
0.958519065883
0.940837414434
0.92426765027
0.908669229502
0.893925522029
0.879938693172
0.866625818001
0.853915913073
0.841747651525
0.830067589925
0.818828781335
0.807989682402
0.797513286347
0.787366431033
0.77751924395
0.767944695034
0.758618235066
0.749517502304
0.740622083775
0.731913320405
0.723374147334
0.714988962338
0.706743516614
0.698624823125
0.69062107857
0.682721595666
0.674916743025
0.667197890377
0.659557357323
0.651988364189
0.644484983864
0.637042093856
0.62965532802
0.622321027689
0.615036192115
0.607798428318
0.600605900549
0.593457279701
0.586351693037
0.579288674684
0.572268117293
0.565290225319
0.558355470277
0.551464548342
0.544618340559
0.537817875891
0.53106429726
0.52435883068
0.517702757493
0.511097389719
0.504544048405
0.498044044902
0.49159866489
0.485209154993
0.478876711802
0.472602473077
0.466387510957
0.460232826932
0.454139348402
0.448107926608
0.442139335754
0.436234273147
0.430393360184
0.424617144039
0.418906099925
0.413260633793
0.407681085373
0.402167731455
0.396720789338
0.391340420356
0.386026733448
0.380779788695
0.375599600801
0.370486142473
0.365439347678
0.360459114753
0.355545309357
0.350697767249
0.345916296883
0.34120068183
0.336550683006
0.331966040728
0.327446476588
0.322991695152
0.318601385507
0.314275222632
0.310012868639
0.305813973863
0.301678177824
0.297605110075
0.293594390934
0.289645632116
0.285758437276
0.281932402471
0.278167116545
0.274462161455
0.270817112539
0.267231538736
0.263705002764
0.260237061267
0.256827264934
0.253475158594
0.250180281301
0.246942166398
0.243760341587
0.240634328987
0.237563645197
0.234547801364
0.231586303259
0.22867865136
0.225824340949
0.223022862223
0.220273700422
0.21757633597
0.214930244633
0.212334897702
0.209789762185
0.207294301023
0.204847973328
0.202450234631
0.200100537152
0.197798330094
0.19554305994
0.193334170781
0.19117110465
0.189053301873
0.186980201432
0.184951241345
0.182965859049
0.181023491802
0.179123577086
0.177265553017
0.175448858771
0.173672935
0.171937224264
0.170241171453
0.168584224222
0.166965833412
0.165385453482
0.163842542924
0.162336564684
0.160866986574
0.159433281669
0.158034928709
0.156671412482
0.155342224196
0.154046861848
0.152784830571
0.15155564297
0.150358819449
0.149193888516
0.148060387078
0.146957860712
0.14588586393
0.144843960415
0.143831723248
0.14284873511
0.141894588474
0.140968885765
0.140071239516
0.139201272495
0.138358617811
0.137542919014
0.13675383016
0.135991015867
0.13525415135
0.134542922435
0.133857025557
0.133196167742
0.132560066566
0.131948450099
0.131361056839
0.130797635616
0.130257945494
0.129741755647
0.129248845232
0.128779003233
0.128332028305
0.127907728599
0.127505921576
0.127126433806
0.126769100766
0.126433766615
0.12612028397
0.125828513669
0.125558324525
0.125309593073
0.125082203316
0.124876046455
0.124691020625
0.124527030616
0.124383987598
0.12426180884
0.124160417424
0.124079741962
0.124019716312
0.123980279283
0.123961374355
0.123962949391
0.123984956349
0.124027350997
0.124090092636
0.124173143816
0.124276470058
0.124400039585
0.124543823043
0.124707793241
0.124891924884
0.125096194314
0.125320579251
0.125565058543
0.125829611918
0.126114219735
0.126418862745
0.126743521852
0.127088177875
0.127452811312
0.127837402117
0.128241929458
0.128666371498
0.129110705159
0.129574905898
0.130058947477
0.130562801735
0.131086438354
0.131629824633
0.132192925247
0.132775702018
0.133378113675
0.134000115613
0.134641659655
0.135302693809
0.135983162024
0.136683003949
0.137402154688
0.138140544567
0.138898098894
0.139674737732
0.140470375677
0.141284921647
0.142118278685
0.142970343773
0.143841007675
0.144730154788
0.145637663032
0.146563403761
0.147507241711
0.148469034987
0.149448635086
0.150445886971
0.151460629191
0.152492694056
0.153541907865
0.154608091199
0.155691059269
0.156790622336
0.157906586189
0.159038752694
0.160186920409
0.161350885259
0.162530441277
0.163725381405
0.164935498344
0.166160585457
0.167400437709
0.16865485264
0.169923631356
0.171206579532
0.17250350841
0.173814235774
0.175138586894
0.176476395415
0.177827504169
0.179191765907
0.180569043909
0.181959212469
0.18336215722
0.184777775294
0.18620597528
0.18764667697
0.189099810877
0.190565317492
0.192043146288
0.19353325444
0.195035605249
0.196550166282
0.198076907203
0.199615797306
0.201166802748
0.2027298835
0.204304990016
0.20589205965
0.20749101284
0.20910174909
0.210724142786
0.212358038887
0.21400324854
0.215659544675
0.217326657641
0.21900427095
0.220692017199
0.222389474256
0.2240961618
0.225811538283
0.227534998443
0.22926587143
0.231003419686
0.232746838636
0.234495257334
0.236247740137
0.238003289508
0.239760850042
0.241519313784
0.243277526912
0.245034297825
0.246788406681
0.248538616373
0.250283684947
0.252022379392
0.253753490746
0.255475850397
0.257188347427
0.258889946835
0.26057970842
0.262256806065
0.263920547175
0.265570391949
0.26720597218
0.268827109261
0.270433831057
0.272026387331
0.27360526341
0.275171191806
0.276725161546
0.278268424989
0.279802501974
0.281329181182
0.282850518645
0.284368833416
0.285886700418
0.287406940603
0.288932608544
0.290466977648
0.292013523199
0.293575903463
0.295157939089
0.296763591052
0.298396937353
0.300062148695
0.301763463298
0.303505160994
0.30529153669
0.307126873241
0.309015413707
0.31096133292
0.312968708206
0.315041489056
0.317183465458
0.319398234534
0.321689165057
0.32405935935
0.326511611993
0.329048364698
0.331671656663
0.33438306963
0.337183666865
0.340073925236
0.343053659587
0.346121938643
0.349276991823
0.3525161065
0.355835515578
0.359230275689
0.362694136943
0.366219406014
0.369796805452
0.373415333517
0.377062130585
0.380722360195
0.384379115118
0.388013361307
0.39160393487
0.395127609218
0.398559250509
0.401872079112
0.405038052216
0.408028377428
0.410814158753
0.413367164824
0.415660695213
0.417670505551
0.419375738194
0.420759794811
0.42181108332
0.422523575802
0.422897127041
0.422937523977
0.422656261619
0.422070067034
0.421200215586
0.42007169939
0.418712315129
0.417151737031
0.415420632281
0.413549863091
0.41156980465
0.409509793556
0.407397708898
0.405259678589
0.403119897292
0.401000538793
0.398921744621
0.396901671315
0.394956580427
0.393100957568
0.3913476493
0.389708008978
0.388192044832
0.386808565372
0.385565318739
0.384469123801
0.383525991734
0.382741237486
0.382119581039
0.381665238696
0.381382004853
0.381273324812
0.381342359266
0.381592041066
0.382025124853
0.382644230066
0.383451877732
0.384450521365
0.385642572127
0.387030418295
0.38861643888
0.390403011059
0.392392510844
0.394587306131
0.39698974095
0.399602109331
0.402426616717
0.405465326261
0.408720086609
0.412192436919
0.415883483742
0.41979374315
0.423922939945
0.42826975401
0.43283150189
0.43760373955
0.442579770225
0.447750039616
0.453101400103
0.458616227131
0.464271376012
0.470036978502
0.475875098647
0.481738300546
0.487568230751
0.493294387552
0.498833336562
0.504088725782
0.508952528088
0.513307950825
0.517034342881
0.520014146837
0.522141479173
0.523331355173
0.523528092416
0.522711266593
0.520897923789
0.518140540175
0.514521198894
0.510143255323
0.505122113589
0.499576595147
0.493621906065
0.487364642473
0.480899802438
0.474309481928
0.467662816888
0.461016741384
0.454417204933
0.447900585732
0.441495124241
0.435222271935
0.429097900882
0.42313335357
0.417336333036
0.411711644751
0.406261807013
0.400987548213
0.395888208798
0.390962064174
0.386206582726
0.381618631035
0.377194636394
0.372930714931
0.368822772146
0.364866581381
0.361057844665
0.357392239535
0.353865454685
0.35047321677
0.347211310188
0.344075591323
0.341061998423
0.338166558055
0.335385388884
0.33271470338
0.33015080793
0.327690101734
0.325329074803
0.323064305278
0.320892456295
0.318810272532
0.316814576555
0.314902265091
0.313070305273
0.311315730941
0.30963563904
0.308027186161
0.306487585244
0.305014102482
0.303604054439
0.30225480539
0.300963764913
0.299728385721
0.298546161756
0.297414626543
0.296331351804
0.295293946346
0.2943000552
0.293347359037
0.292433573835
0.291556450801
0.290713776551
0.289903373519
0.289123100611
0.288370854076
0.287644568582
0.286942218502
0.286261819367
0.285601429492
0.284959151744
0.284333135434
0.283721578313
0.28312272865
0.282534887359
0.281956410166
0.281385709771
0.280821257991
0.280261587856
0.27970529562
0.279151042681
0.278597557363
0.278043636545
0.277488147121
0.276930027255
0.27636828742
0.275802011202
0.275230355859
0.274652552618
0.274067906696
0.27347579706
0.2728756759
0.272267067831
0.271649568823
0.271022844868
0.270386630394
0.269740726436
0.269084998585
0.268419374726
0.267743842592
0.267058447148
0.266363287827
0.265658515651
0.264944330247
0.264220976786
0.26348874287
0.262747955391
0.261998977375
0.261242204834
0.260478063658
0.259707006536
0.25892950995
0.258146071234
0.25735720573
0.25656344402
0.255765329279
0.254963414717
0.254158261151
0.253350434671
0.25254050443
0.25172904054
0.250916612085
0.250103785225
0.249291121417
0.248479175714
0.24766849517
0.246859617309
0.246053068689
0.245249363514
0.244449002328
0.243652470747
0.242860238249
0.24207275701
0.241290460767
0.240513763729
0.23974305951
0.238978720089
0.238221094804
0.237470509367
0.236727264903
0.235991637026
0.235263874932
0.234544200543
0.233832807672
0.233129861249
0.232435496586
0.231749818709
0.231072901756
0.230404788447
0.229745489648
0.229094984027
0.228453217826
0.227820104746
0.227195525967
0.226579330315
0.225971334581
0.225371324012
0.224779052978
0.224194245829
0.223616597958
0.223045777065
0.22248142464
0.221923157675
0.221370570594
0.220823237424
0.22028071419
0.219742541542
0.219208247606
0.218677351059
0.218149364406
0.217623797456
0.217100160981
0.216577970531
0.21605675039
0.21553603765
0.215015386361
0.21449437175
0.213972594446
0.213449684697
0.21292530654
0.212399161871
0.211870994385
0.211340593348
0.21080779715
0.210272496614
0.209734638006
0.209194225718
0.208651324598
0.208106061877
0.207558628683
0.207009281108
0.206458340813
0.20590619516
0.205353296857
0.204800163106
0.204247374276
0.203695572075
0.203145457268
0.202597786919
0.202053371207
0.201513069824
0.200977787978
0.20044847204
0.199926104859
0.199411700783
0.19890630041
0.198410965115
0.197926771371
0.19745480492
0.196996154794
0.196551907251
0.196123139624
0.195710914133
0.195316271664
0.194940225556
0.194583755401
0.194247800879
0.193933255651
0.193640961303
0.193371701381
0.193126195501
0.192905093561
0.192708970053
0.192538318496
0.192393545987
0.192274967885
0.192182802653
0.192117166847
0.192078070298
0.192065411489
0.192078973158
0.192118418161
0.192183285631
0.192272987461
0.192386805183
0.192523887273
0.192683246958
0.192863760593
0.193064166672
0.193283065564
0.193518920066
0.193770056845
0.194034668887
0.194310819036
0.19459644473
0.194889364016
0.195187282952
0.195487804458
0.195788438697
0.19608661503
0.19637969558
0.196664990411
0.196939774299
0.197201305027
0.197446843136
0.197673672966
0.197879124843
0.198060598175
0.198215585205
0.198341695136
0.19843667827
0.198498449837
0.198525113105
0.198514981392
0.198466598587
0.198378757801
0.19825051778
0.198081216767
0.197870483525
0.197618245309
0.197324732609
0.196990480604
0.196616327282
0.196203408304
0.195753148731
0.19526725181
0.194747685093
0.194196664158
0.19361663432
0.193010250666
0.192380356839
0.191729962925
0.191062222864
0.190380411727
0.189687903214
0.188988147682
0.188284650968
0.187580954251
0.186880615128
0.186187190063
0.185504218314
0.184835207397
0.184183620124
0.183552863229
0.182946277522
0.182367129561
0.181818604738
0.181303801717
0.180825728114
0.180387297332
0.179991326414
0.179640534841
0.179337544128
0.179084878137
0.178884963975
0.178740133402
0.178652624626
0.178624584408
0.178658070383
0.178755053508
0.178917420577
0.1791469767
0.179445447706
0.17981448237
0.180255654431
0.180770464301
0.181360340428
0.182026640231
0.182770650548
0.183593587517
0.184496595824
0.18548074723
0.186547038298
0.187696387221
0.188929629637
0.190247513339
0.191650691725
0.193139715877
0.194715025078
0.19637693563
0.198125627758
0.199961130405
0.201883303685
0.203891818758
0.205986134846
0.208165473144
0.210428787302
0.212774730218
0.21520161683
0.217707382651
0.220289537809
0.222945116404
0.225670621105
0.228461963013
0.231314397013
0.234222453035
0.23717986401
0.240179491619
0.243213251474
0.246272039915
0.249345665293
0.252422787402
0.255490869516
0.258536148423
0.261543628623
0.26449710758
0.267379239345
0.270171643894
0.2728550689
0.275409609361
0.277814988161
0.280050897413
0.282097396142
0.283935354882
0.285546932361
0.286916064241
0.288028939608
0.288874438238
0.289444501377
0.289734411123
0.289742958656
0.289472489025
0.288928819189
0.288121035384
0.287061184562
0.285763881457
0.284245857185
0.282525476834
0.280622252447
0.27855637455
0.27634828079
0.274018274871
0.271586203686
0.269071195693
0.266491459647
0.263864139791
0.261205221613
0.2585294812
0.25585047079
0.253180533311
0.250530839213
0.247911439632
0.245331330816
0.242798525557
0.24032012825
0.237902410915
0.235550888162
0.233270389669
0.231065129148
0.228938769152
0.226894481373
0.224935002281
0.223062684094
0.221279541246
0.21958729251
0.217987399073
0.216481098814
0.215069437104
0.213753294418
0.212533411049
0.21141040921
0.210384812789
0.209457064998
0.208627544154
0.207896577794
0.207264455325
0.206731439377
0.206297776024
0.205963704016
0.205729463152
0.205595301911
0.205561484461
0.205628297121
0.205796054393
0.206065104624
0.206435835385
0.206908678635
0.207484115739
0.208162682389
0.208944973508
0.209831648177
0.210823434646
0.211921135487
0.213125632945
0.214437894529
0.215858978926
0.217390042268
0.219032344842
0.220787258283
0.222656273346
0.22464100831
0.226743218119
0.228964804326
0.231307825965
0.23377451144
0.236367271564
0.239088713881
0.24194165842
0.244929155056
0.248054502659
0.251321270259
0.254733320455
0.258294835344
0.262010345288
0.265884760845
0.26992340828
0.274132069071
0.27851702393
0.283085101877
0.287843734983
0.292801019473
0.297965783918
0.303347665299
0.308957193765
0.31480588687
0.320906354009
0.327272411537
0.333919208675
0.34086336358
0.348123107736
0.355718434807
0.363671246823
0.372005485263
0.380747226122
0.389924704419
0.399568211771
0.409709775637
0.420382472576
0.431619137607
0.443450087536
0.455899248114
0.468977722465
0.482673318026
0.496933852271
0.511641327389
0.52657390326
0.541354707324
0.555394541036
0.567854455057
0.577682872341
0.583793964981
0.585390549288
0.582283604518
0.574977777381
0.564451497387
0.551807621324
0.538010368254
0.523780073624
0.509599638432
0.495766242622
0.482447544388
0.469726877707
0.457635212324
0.446172289178
0.435320069375
0.425051081406
0.415333500171
0.406134173135
0.397420372211
0.389160761652
0.381325887965
0.373888382066
0.36682299159
0.360106516234
0.353717690963
0.347637044427
0.341846749012
0.336330472164
0.331073234375
0.326061276623
0.321281938458
0.316723546969
0.312375316329
0.30822725729
0.304270095893
0.300495200565
0.296894516835
0.293460508875
0.290186107206
0.287064661887
0.284089900645
0.281255891414
0.278557008831
0.275987904286
0.273543479176
0.271218861038
0.269009382294
0.266910561375
0.264918085984
0.263027798345
0.261235682245
0.25953785173
0.257930541329
0.256410097684
0.254972972468
0.253615716514
0.252334975038
0.251127483895
0.249990066768
0.248919633216
0.247913177509
0.246967778173
0.246080598156
0.245248885562
0.244469974855
0.24374128847
0.243060338747
0.242424730102
0.241832161378
0.24128042827
0.240767425767
0.240291150518
0.239849703066
0.239441289858
0.23906422498
0.238716931548
0.238397942696
0.238105902117
0.23783956411
0.237597793103
0.237379562622
0.237183953688
0.237010152648
0.236857448418
0.23672522917
0.236612978476
0.236520270928
0.236446767279
0.236392209148
0.236356413325
0.236339265741
0.236340715148
0.236360766578
0.236399474635
0.236456936684
0.23653328599
0.236628684886
0.236743317999
0.236877385614
0.237031097214
0.237204665249
0.237398299171
0.237612199779
0.237846553909
0.238101529494
0.238377271018
0.238673895395
0.238991488266
0.239330100753
0.239689746651
0.240070400079
0.240471993573
0.240894416636
0.241337514715
0.241801088606
0.242284894272
0.242788643054
0.243312002252
0.243854596055
0.2444160068
0.244995776518
0.245593408755
0.246208370613
0.246840095
0.247487983028
0.248151406536
0.248829710693
0.249522216636
0.250228224096
0.250947013977
0.251677850832
0.252419985197
0.25317265573
0.253935091116
0.254706511692
0.255486130745
0.256273155451
0.257066787406
0.257866222729
0.258670651695
0.259479257879
0.260291216791
0.261105693992
0.261921842678
0.262738800735
0.263555687287
0.264371598728
0.265185604297
0.265996741202
0.266804009366
0.267606365832
0.268402718902
0.269191922087
0.269972767963
0.270743982016
0.27150421661
0.272252045174
0.272985956761
0.27370435111
0.274405534355
0.275087715555
0.275749004192
0.276387408802
0.277000836932
0.277587096546
0.278143899087
0.278668864299
0.279159526985
0.279613345784
0.280027714076
0.280399973059
0.280727427023
0.281007360801
0.281237059301
0.281413829018
0.281535021315
0.281598057232
0.281600453525
0.281539849557
0.281414034628
0.281220975284
0.280958842101
0.280626035424
0.280221209533
0.279743294715
0.279191516746
0.278565413328
0.277864847093
0.277090014852
0.276241452859
0.275320037963
0.274326984591
0.273263837663
0.272132461584
0.270935025576
0.269673985703
0.268352063991
0.266972225105
0.265537651081
0.264051714635
0.26251795155
0.260940032662
0.259321735901
0.257666918834
0.25597949209
0.254263394003
0.252522566746
0.250760934169
0.248982381514
0.247190737096
0.24538975602
0.243583105933
0.241774354795
0.239966960595
0.238164262943
0.236369476412
0.234585685523
0.232815841227
0.231062758762
0.22932911673
0.227617457263
0.225930187152
0.224269579787
0.222637777813
0.221036796373
0.219468526844
0.217934740955
0.216437095226
0.214977135631
0.213556302432
0.212175935107
0.210837277347
0.209541482053
0.208289616309
0.207082666295
0.205921542117
0.204807082527
0.203740059519
0.202721182791
0.201751104053
0.200830421176
0.19995968219
0.199139389101
0.198370001546
0.197651940281
0.196985590491
0.196371304937
0.195809406933
0.195300193155
0.194843936291
0.194440887521
0.194091278845
0.193795325246
0.193553226705
0.193365170055
0.193231330686
0.193151874095
0.193126957293
0.19315673005
0.193241336001
0.193380913591
0.193575596877
0.193825516167
0.194130798509
0.194491568016
0.194907946035
0.19538005114
0.19590799896
0.196491901824
0.197131868218
0.197828002061
0.198580401762
0.199389159077
0.200254357733
0.201176071825
0.202154363949
0.203189283081
0.204280862158
0.205429115364
0.206634035082
0.2078955885
0.209213713836
0.210588316156
0.212019262758
0.213506378074
0.215049438069
0.216648164084
0.21830221608
0.220011185246
0.221774585904
0.223591846672
0.22546230083
0.227385175814
0.229359581804
0.23138449933
0.233458765846
0.235581061217
0.237749892072
0.239963574982
0.242220218438
0.244517703619
0.246853663958
0.249225463562
0.251630174546
0.254064553422
0.25652501672
0.259007616093
0.261508013236
0.264021455056
0.266542749614
0.269066243519
0.271585801555
0.274094789495
0.276586061177
0.279051951107
0.281484273947
0.283874332399
0.286212935046
0.288490425768
0.290696726256
0.292821393037
0.29485369016
0.296782678263
0.298597320266
0.300286603215
0.301839675028
0.303245993999
0.304495487953
0.305578719041
0.306487049318
0.307212801581
0.307749409585
0.308091551656
0.308235262075
0.308178015315
0.30791877929
0.307458035171
0.306797762886
0.305941393096
0.304893728002
0.303660834733
0.302249916187
0.300669164888
0.298927605808
0.29703493402
0.295001352697
0.292837416317
0.290553883113
0.288161579871
0.285671281262
0.28309360497
0.280438923106
0.277717289705
0.274938383581
0.27211146541
0.269245347664
0.266348375854
0.263428419504
0.26049287129
0.257548652863
0.254602225986
0.251659607759
0.248726388862
0.245807753869
0.242908502881
0.240033073808
0.237185564792
0.234369756359
0.231589132982
0.228846903821
0.226146022469
0.223489205603
0.220878950468
0.218317551163
0.215807113743
0.213349570139
0.21094669095
0.208600097152
0.206311270775
0.204081564614
0.201912211046
0.199804329999
0.197758936157
0.195776945451
0.193859180894
0.192006377831
0.190219188639
0.188498186938
0.186843871363
0.185256668924
0.183736938016
0.182284971098
0.180900997088
0.179585183493
0.17833763832
0.177158411781
0.176047497826
0.175004835526
0.174030310331
0.173123755214
0.172284951744
0.171513631084
0.170809474952
0.170172116547
0.169601141485
0.169096088731
0.168656451573
0.168281678644
0.167971175017
0.167724303378
0.167540385324
0.167418702777
0.167358499546
0.167358983064
0.167419326301
0.16753866989
0.167716124476
0.167950773304
0.16824167507
0.16858786705
0.168988368512
0.169442184444
0.169948309587
0.170505732797
0.171113441739
0.171770427911
0.172475692004
0.173228249595
0.174027137156
0.17487141838
0.175760190799
0.176692592678
0.177667810161
0.178685084635
0.179743720287
0.180843091808
0.18198265222
0.18316194076
0.184380590799
0.18563833774
0.186935026844
0.188270620956
0.189645208061
0.191059008662
0.19251238291
0.194005837482
0.195540032164
0.197115786137
0.19873408394
0.200396081125
0.202103109617
0.203856682789
0.205658500296
0.207510452722
0.209414626088
0.211373306304
0.213388983653
0.215464357404
0.217602340679
0.219806065704
0.222078889581
0.224424400763
0.2268464264
0.229349040757
0.231936574933
0.234613628116
0.237385080646
0.240256109199
0.243232204415
0.246319191357
0.24952325324
0.252850958917
0.256309294691
0.259905701116
0.263648115558
0.267545021411
0.271605505045
0.275839321751
0.280256972209
0.28486979129
0.289690051428
0.294731083223
0.300007416593
0.305534946488
0.311331128199
0.317415208452
0.32380850008
0.330534710049
0.337620333185
0.345095127331
0.352992689996
0.361351162252
0.370214092999
0.379631506299
0.389661226604
0.400370531766
0.411838221149
0.424157203467
0.437437718249
0.451811284879
0.467435369415
0.48449843355
0.50322412972
0.523871020067
0.546717935017
0.572008693348
0.599787894565
0.629462402632
0.658782506971
0.682239140356
0.691369029171
0.681545224533
0.657762181138
0.628444739359
0.598931507418
0.571366953639
0.5463005099
0.523672986661
0.503237337516
0.484715522913
0.467850999179
0.452422348176
0.438243220405
0.425158052362
0.41303701895
0.40177139558
0.391269642838
0.381454215694
0.372259001244
0.363627271075
0.355510044324
0.347864774874
0.340654293536
0.333845950947
0.327410918967
0.321323617786
0.315561243281
0.310103374723
0.304931647307
0.300029477224
0.295381829614
0.290975021663
0.286796554693
0.282834970273
0.27907972633
0.275521090011
0.272150044612
0.268958208396
0.265937763482
0.263081393321
0.260382227496
0.257833792825
0.255429969881
0.253164954201
0.251033221576
0.249029496878
0.24714872601
0.245386050589
0.243736785043
0.242196395873
0.240760482832
0.239424761849
0.238185049526
0.237037249089
0.235977337667
0.235001354834
0.234105392326
0.233285584889
0.232538102214
0.231859141944
0.231244923715
0.230691684252
0.230195673498
0.229753151794
0.229360388124
0.229013659428
0.228709251011
0.228443458052
0.228212588232
0.228012965483
0.227840934858
0.227692868513
0.227565172785
0.227454296318
0.227356739208
0.227269063086
0.22718790206
0.227109974419
0.227032094967
0.226951187862
0.22686429979
0.226768613297
0.22666146011
0.226540334218
0.226402904532
0.226247026896
0.226070755241
0.225872351687
0.225650295389
0.225403289956
0.225130269293
0.224830401726
0.224503092318
0.224147983311
0.223764952651
0.223354110618
0.222915794571
0.222450561914
0.221959181354
0.221442622611
0.220902044714
0.220338783078
0.219754335535
0.21915034754
0.218528596731
0.217890977079
0.217239482789
0.21657619218
0.215903251692
0.215222860191
0.21453725372
0.213848690813
0.21315943848
0.212471758943
0.211787897197
0.21111006943
0.210440452343
0.209781173374
0.209134301832
0.208501840918
0.207885720623
0.207287791456
0.206709818978
0.206153479083
0.205620353986
0.205111928873
0.204629589151
0.204174618253
0.203748195954
0.203351397133
0.202985190961
0.202650440447
0.20234790232
0.2020782272
0.201841960035
0.201639540772
0.201471305225
0.201337486146
0.20123821445
0.201173520604
0.201143336154
0.201147495391
0.201185737142
0.201257706698
0.201362957863
0.201500955135
0.201671076023
0.201872613514
0.202104778671
0.202366703413
0.202657443446
0.202975981385
0.203321230068
0.203692036068
0.204087183427
0.204505397618
0.204945349741
0.205405660973
0.205884907267
0.206381624321
0.206894312812
0.207421443896
0.20796146498
0.208512805762
0.209073884519
0.209643114648
0.210218911439
0.210799699054
0.211383917699
0.211970030956
0.212556533243
0.213141957361
0.213724882104
0.214303939858
0.214877824178
0.215445297252
0.216005197238
0.216556445386
0.217098052903
0.217629127514
0.218148879635
0.218656628136
0.219151805616
0.219633963153
0.220102774485
0.220558039575
0.220999687537
0.221427778881
0.221842507076
0.222244199394
0.222633317058
0.223010454672
0.223376338958
0.223731826814
0.224077902721
0.224415675528
0.224746374652
0.22507134575
0.225392045891
0.225710038297
0.226026986697
0.226344649365
0.226664872878
0.226989585667
0.22732079142
0.227660562376
0.228011032569
0.228374391081
0.228752875328
0.229148764437
0.229564372732
0.230002043382
0.230464142208
0.23095305169
0.231471165175
0.232020881301
0.232604598626
0.233224710482
0.233883600012
0.23458363541
0.235327165306
0.236116514307
0.236953978629
0.237841821804
0.238782270406
0.239777509751
0.240829679509
0.241940869171
0.243113113294
0.244348386441
0.245648597733
0.247015584917
0.248451107822
0.249956841105
0.251534366129
0.253185161834
0.254910594436
0.256711905747
