5.99520433298e-17
4.50090881387e-07
1.80036302357e-06
4.05081492105e-06
7.20144406458e-06
1.12522469411e-05
1.62032190339e-05
2.2054354822e-05
2.88056477806e-05
3.64570903808e-05
4.50086740892e-05
5.4460389368e-05
6.48122256748e-05
7.60641714623e-05
8.8216214178e-05
0.000101268340264
0.000115220535157
0.000130072783288
0.000145825068081
0.000162477371954
0.000180029676318
0.000198481961577
0.000217834207128
0.000238086391357
0.000259238491646
0.000281290484364
0.000304242344873
0.000328094047526
0.000352845565662
0.000378496871612
0.000405047936695
0.000432498731218
0.000460849224476
0.000490099384748
0.000520249179304
0.000551298574395
0.00058324753526
0.00061609602612
0.000649844010181
0.000684491449631
0.000720038305641
0.000756484538363
0.000793830106928
0.000832074969448
0.000871219083014
0.000911262403696
0.000952204886538
0.000994046485564
0.00103678715377
0.00108042684313
0.00112496550459
0.00117040308807
0.00121673954245
0.0012639748156
0.00131210885435
0.00136114160449
0.0014110730108
0.00146190301701
0.0015136315658
0.00156625859886
0.00161978405679
0.00167420787919
0.00172953000461
0.00178575037055
0.00184286891348
0.00190088556882
0.00195980027095
0.0020196129532
0.00208032354786
0.00214193198617
0.00220443819831
0.00226784211343
0.00233214365961
0.00239734276388
0.00246343935222
0.00253043334956
0.00259832467974
0.00266711326559
0.00273679902883
0.00280738189016
0.00287886176918
0.00295123858445
0.00302451225346
0.00309868269261
0.00317374981726
0.00324971354168
0.00332657377907
0.00340433044155
0.00348298344016
0.0035625326849
0.00364297808462
0.00372431954716
0.00380655697922
0.00388969028645
0.0039737193734
0.00405864414352
0.00414446449919
0.00423118034168
0.00431879157118
0.00440729808676
0.00449669978642
0.00458699656703
0.00467818832438
0.00477027495316
0.00486325634691
0.00495713239812
0.00505190299813
0.00514756803718
0.00524412740439
0.00534158098776
0.00543992867419
0.00553917034944
0.00563930589814
0.00574033520382
0.00584225814887
0.00594507461453
0.00604878448094
0.00615338762708
0.00625888393081
0.00636527326884
0.00647255551674
0.00658073054893
0.00668979823871
0.0067997584582
0.00691061107838
0.00702235596908
0.00713499299896
0.00724852203555
0.00736294294519
0.00747825559307
0.0075944598432
0.00771155555844
0.00782954260048
0.00794842082981
0.00806819010576
0.00818885028649
0.00831040122897
0.00843284278897
0.00855617482109
0.00868039717874
0.00880550971414
0.00893151227829
0.00905840472103
0.00918618689096
0.0093148586355
0.00944441980086
0.00957487023204
0.00970620977281
0.00983843826576
0.00997155555223
0.0101055614723
0.010240455865
0.0103762385679
0.0105129094175
0.010650468249
0.0107889148963
0.0109282491923
0.0110684709683
0.0112095800548
0.0113515762805
0.0114944594734
0.0116382294599
0.0117828860652
0.0119284291133
0.0120748584269
0.0122221738275
0.0123703751352
0.012519462169
0.0126694347463
0.0128202926837
0.012972035796
0.0131246638972
0.0132781767996
0.0134325743144
0.0135878562516
0.0137440224196
0.0139010726258
0.0140590066762
0.0142178243753
0.0143775255265
0.0145381099318
0.014699577392
0.0148619277063
0.0150251606729
0.0151892760884
0.0153542737482
0.0155201534462
0.0156869149753
0.0158545581267
0.0160230826904
0.016192488455
0.0163627752078
0.0165339427347
0.0167059908201
0.0168789192474
0.0170527277982
0.017227416253
0.0174029843907
0.0175794319891
0.0177567588243
0.0179349646712
0.0181140493033
0.0182940124927
0.0184748540098
0.0186565736241
0.0188391711033
0.0190226462137
0.0192069987204
0.019392228387
0.0195783349755
0.0197653182465
0.0199531779595
0.0201419138721
0.0203315257406
0.0205220133201
0.0207133763639
0.020905614624
0.0210987278509
0.0212927157936
0.0214875781998
0.0216833148155
0.0218799253853
0.0220774096523
0.0222757673582
0.0224749982431
0.0226751020456
0.0228760785028
0.0230779273504
0.0232806483225
0.0234842411517
0.0236887055689
0.0238940413038
0.0241002480843
0.0243073256369
0.0245152736865
0.0247240919566
0.0249337801688
0.0251443380435
0.0253557652994
0.0255680616536
0.0257812268217
0.0259952605177
0.026210162454
0.0264259323415
0.0266425698893
0.0268600748051
0.0270784467951
0.0272976855635
0.0275177908132
0.0277387622456
0.02796059956
0.0281833024547
0.0284068706258
0.0286313037681
0.0288566015747
0.029082763737
0.0293097899447
0.0295376798861
0.0297664332476
0.0299960497139
0.0302265289682
0.030457870692
0.0306900745651
0.0309231402654
0.0311570674695
0.0313918558521
0.031627505086
0.0318640148427
0.0321013847917
0.0323396146008
0.0325787039363
0.0328186524625
0.0330594598421
0.0333011257361
0.0335436498036
0.0337870317021
0.0340312710872
0.034276367613
0.0345223209316
0.0347691306934
0.0350167965469
0.0352653181391
0.0355146951149
0.0357649271176
0.0360160137887
0.0362679547677
0.0365207496926
0.0367743981994
0.0370288999221
0.0372842544933
0.0375404615434
0.0377975207011
0.0380554315932
0.0383141938448
0.038573807079
0.038834270917
0.0390955849783
0.0393577488803
0.0396207622388
0.0398846246674
0.040149335778
0.0404148951807
0.0406813024834
0.0409485572924
0.0412166592118
0.0414856078439
0.0417554027892
0.0420260436461
0.0422975300111
0.0425698614787
0.0428430376416
0.0431170580905
0.0433919224138
0.0436676301985
0.0439441810293
0.0442215744888
0.0444998101578
0.0447788876151
0.0450588064375
0.0453395661997
0.0456211664744
0.0459036068324
0.0461868868423
0.0464710060707
0.0467559640824
0.0470417604398
0.0473283947035
0.0476158664319
0.0479041751813
0.0481933205062
0.0484833019587
0.048774119089
0.0490657714451
0.049358258573
0.0496515800165
0.0499457353174
0.0502407240153
0.0505365456476
0.0508331997498
0.0511306858551
0.0514290034945
0.051728152197
0.0520281314893
0.0523289408961
0.0526305799398
0.0529330481406
0.0532363450167
0.0535404700838
0.0538454228557
0.0541512028439
0.0544578095575
0.0547652425038
0.0550735011874
0.055382585111
0.055692493775
0.0560032266774
0.0563147833141
0.0566271631786
0.0569403657624
0.0572543905544
0.0575692370415
0.057884904708
0.0582013930363
0.0585187015062
0.0588368295953
0.0591557767788
0.0594755425297
0.0597961263186
0.0601175276138
0.0604397458813
0.0607627805845
0.0610866311848
0.0614112971411
0.0617367779097
0.0620630729449
0.0623901816983
0.0627181036193
0.0630468381548
0.0633763847494
0.0637067428451
0.0640379118818
0.0643698912966
0.0647026805243
0.0650362789974
0.0653706861458
0.065705901397
0.066041924176
0.0663787539053
0.066716390005
0.0670548318927
0.0673940789835
0.06773413069
0.0680749864222
0.0684166455876
0.0687591075914
0.0691023718361
0.0694464377216
0.0697913046453
0.0701369720021
0.0704834391843
0.0708307055818
0.0711787705815
0.0715276335682
0.0718772939239
0.0722277510279
0.0725790042571
0.0729310529856
0.073283896585
0.0736375344243
0.0739919658697
0.074347190285
0.0747032070312
0.0750600154666
0.0754176149469
0.0757760048253
0.0761351844519
0.0764951531745
0.0768559103381
0.077217455285
0.0775797873546
0.077942905884
0.078306810207
0.0786714996553
0.0790369735574
0.0794032312393
0.079770272024
0.0801380952321
0.0805067001811
0.0808760861858
0.0812462525584
0.0816171986081
0.0819889236415
0.0823614269621
0.0827347078708
0.0831087656656
0.0834835996419
0.0838592090919
0.0842355933051
0.0846127515683
0.0849906831652
0.0853693873768
0.0857488634812
0.0861291107535
0.0865101284661
0.0868919158883
0.0872744722868
0.0876577969249
0.0880418890635
0.0884267479602
0.0888123728698
0.0891987630443
0.0895859177325
0.0899738361804
0.0903625176309
0.0907519613241
0.0911421664969
0.0915331323836
0.091924858215
0.0923173432192
0.0927105866214
0.0931045876434
0.0934993455042
0.09389485942
0.0942911286034
0.0946881522645
0.09508592961
0.0954844598436
0.0958837421661
0.096283775775
0.0966845598649
0.0970860936271
0.09748837625
0.0978914069187
0.0982951848155
0.0986997091191
0.0991049790055
0.0995109936474
0.0999177522143
0.100325253873
0.100733497786
0.101142483113
0.101552209012
0.101962674637
0.102373879137
0.102785821661
0.103198501351
0.10361191735
0.104026068795
0.10444095482
0.104856574556
0.105272927132
0.105690011672
0.106107827297
0.106526373127
0.106945648275
0.107365651854
0.107786382971
0.108207840733
0.10863002424
0.109052932591
0.109476564881
0.109900920203
0.110325997644
0.110751796289
0.111178315222
0.111605553519
0.112033510256
0.112462184506
0.112891575335
0.11332168181
0.113752502992
0.114184037938
0.114616285705
0.115049245343
0.1154829159
0.115917296421
0.116352385947
0.116788183516
0.117224688161
0.117661898915
0.118099814804
0.118538434851
0.118977758078
0.119417783502
0.119858510136
0.120299936989
0.120742063069
0.121184887379
0.121628408917
0.12207262668
0.122517539661
0.122963146848
0.123409447226
0.123856439778
0.124304123481
0.124752497311
0.125201560239
0.125651311232
0.126101749254
0.126552873266
0.127004682224
0.127457175083
0.127910350791
0.128364208294
0.128818746536
0.129273964455
0.129729860986
0.13018643506
0.130643685606
0.131101611548
0.131560211807
0.1320194853
0.132479430939
0.132940047636
0.133401334295
0.133863289819
0.134325913107
0.134789203053
0.135253158549
0.135717778483
0.136183061739
0.136649007195
0.13711561373
0.137582880216
0.138050805521
0.138519388511
0.138988628047
0.139458522988
0.139929072187
0.140400274494
0.140872128757
0.141344633817
0.141817788514
0.142291591683
0.142766042155
0.143241138758
0.143716880316
0.144193265649
0.144670293573
0.1451479629
0.14562627244
0.146105220996
0.146584807371
0.14706503036
0.147545888759
0.148027381355
0.148509506935
0.14899226428
0.149475652169
0.149959669376
0.150444314671
0.15092958682
0.151415484586
0.151902006728
0.152389152
0.152876919153
0.153365306935
0.153854314089
0.154343939354
0.154834181465
0.155325039154
0.155816511149
0.156308596172
0.156801292945
0.157294600183
0.157788516598
0.158283040898
0.158778171787
0.159273907965
0.159770248129
0.160267190972
0.160764735181
0.161262879441
0.161761622432
0.162260962832
0.162760899313
0.163261430543
0.163762555188
0.164264271909
0.164766579362
0.1652694762
0.165772961072
0.166277032623
0.166781689494
0.167286930323
0.167792753743
0.168299158382
0.168806142865
0.169313705815
0.169821845848
0.170330561577
0.170839851612
0.171349714558
0.171860149017
0.172371153585
0.172882726856
0.173394867419
0.17390757386
0.17442084476
0.174934678696
0.175449074242
0.175964029968
0.176479544438
0.176995616214
0.177512243853
0.17802942591
0.178547160932
0.179065447466
0.179584284053
0.180103669231
0.180623601533
0.181144079487
0.181665101621
0.182186666455
0.182708772506
0.183231418289
0.183754602312
0.184278323081
0.184802579097
0.185327368858
0.185852690857
0.186378543584
0.186904925524
0.187431835158
0.187959270965
0.188487231416
0.189015714983
0.18954472013
0.190074245319
0.190604289008
0.191134849649
0.191665925693
0.192197515584
0.192729617765
0.193262230674
0.193795352743
0.194328982402
0.194863118077
0.19539775819
0.195932901158
0.196468545395
0.197004689311
0.197541331312
0.198078469799
0.198616103171
0.199154229821
0.199692848139
0.200231956511
0.20077155332
0.201311636944
0.201852205756
0.202393258127
0.202934792423
0.203476807008
0.204019300238
0.204562270469
0.205105716052
0.205649635332
0.206194026654
0.206738888355
0.207284218771
0.207830016233
0.208376279068
0.208923005599
0.209470194146
0.210017843025
0.210565950546
0.211114515019
0.211663534746
0.212213008028
0.212762933162
0.213313308439
0.213864132147
0.214415402573
0.214967117996
0.215519276694
0.21607187694
0.216624917003
0.217178395149
0.217732309639
0.218286658732
0.218841440682
0.219396653739
0.219952296151
0.220508366159
0.221064862002
0.221621781918
0.222179124136
0.222736886884
0.223295068388
0.223853666867
0.224412680538
0.224972107614
0.225531946304
0.226092194814
0.226652851345
0.227213914096
0.227775381262
0.228337251033
0.228899521596
0.229462191136
0.230025257831
0.230588719859
0.231152575391
0.231716822598
0.232281459644
0.232846484691
0.233411895897
0.233977691418
0.234543869404
0.235110428003
0.235677365359
0.236244679612
0.2368123689
0.237380431355
0.237948865109
0.238517668286
0.23908683901
0.239656375401
0.240226275574
0.240796537643
0.241367159715
0.241938139897
0.242509476291
0.243081166997
0.243653210108
0.244225603717
0.244798345914
0.245371434782
0.245944868405
0.24651864486
0.247092762223
0.247667218566
0.248242011958
0.248817140463
0.249392602144
0.249968395059
0.250544517264
0.251120966811
0.25169774175
0.252274840126
0.252852259981
0.253429999355
0.254008056284
0.254586428801
0.255165114936
0.255744112716
0.256323420164
0.2569030353
0.257482956143
0.258063180706
0.258643707
0.259224533035
0.259805656813
0.260387076339
0.26096878961
0.261550794623
0.26213308937
0.262715671842
0.263298540027
0.263881691907
0.264465125464
0.265048838676
0.265632829519
0.266217095966
0.266801635985
0.267386447544
0.267971528606
0.268556877132
0.269142491081
0.269728368408
0.270314507066
0.270900905005
0.271487560171
0.27207447051
0.272661633962
0.273249048467
0.273836711962
0.274424622379
0.275012777649
0.275601175702
0.276189814462
0.276778691853
0.277367805795
0.277957154206
0.278546735002
0.279136546095
0.279726585396
0.280316850812
0.280907340248
0.281498051608
0.282088982792
0.282680131697
0.28327149622
0.283863074253
0.284454863687
0.28504686241
0.285639068308
0.286231479265
0.286824093163
0.28741690788
0.288009921292
0.288603131275
0.289196535701
0.289790132439
0.290383919357
0.290977894321
0.291572055194
0.292166399838
0.292760926112
0.293355631871
0.293950514973
0.294545573268
0.295140804608
0.295736206841
0.296331777814
0.296927515372
0.297523417357
0.298119481609
0.298715705968
0.29931208827
0.299908626349
0.300505318039
0.30110216117
0.301699153572
0.302296293072
0.302893577495
0.303491004664
0.304088572402
0.304686278528
0.305284120861
0.305882097218
0.306480205411
0.307078443256
0.307676808563
0.308275299142
0.3088739128
0.309472647345
0.31007150058
0.310670470309
0.311269554334
0.311868750455
0.312468056469
0.313067470174
0.313666989365
0.314266611837
0.31486633538
0.315466157788
0.316066076848
0.316666090349
0.317266196077
0.317866391818
0.318466675356
0.319067044474
0.319667496951
0.320268030569
0.320868643106
0.321469332339
0.322070096044
0.322670931996
0.323271837968
0.323872811732
0.32447385106
0.325074953722
0.325676117485
0.326277340118
0.326878619388
0.327479953058
0.328081338894
0.328682774658
0.329284258113
0.329885787019
0.330487359136
0.331088972222
0.331690624037
0.332292312336
0.332894034875
0.333495789409
0.334097573691
0.334699385476
0.335301222513
0.335903082556
0.336504963353
0.337106862654
0.337708778207
0.338310707759
0.338912649058
0.339514599848
0.340116557875
0.340718520883
0.341320486615
0.341922452813
0.342524417219
0.343126377574
0.343728331618
0.34433027709
0.344932211728
0.345534133272
0.346136039457
0.34673792802
0.347339796697
0.347941643222
0.34854346533
0.349145260755
0.349747027228
0.350348762483
0.350950464251
0.351552130262
0.352153758247
0.352755345935
0.353356891055
0.353958391336
0.354559844504
0.355161248287
0.35576260041
0.3563638986
0.356965140582
0.35756632408
0.358167446817
0.358768506517
0.359369500902
0.359970427693
0.360571284613
0.361172069382
0.361772779718
0.362373413343
0.362973967974
0.363574441329
0.364174831126
0.364775135082
0.365375350911
0.36597547633
0.366575509054
0.367175446795
0.367775287268
0.368375028185
0.368974667257
0.369574202197
0.370173630713
0.370772950516
0.371372159315
0.371971254817
0.37257023473
0.373169096761
0.373767838614
0.374366457995
0.374964952607
0.375563320153
0.376161558336
0.376759664857
0.377357637416
0.377955473711
0.378553171441
0.379150728304
0.379748141995
0.38034541021
0.380942530641
0.381539500983
0.382136318926
0.38273298216
0.383329488376
0.38392583526
0.384522020498
0.385118041777
0.385713896779
0.386309583187
0.386905098681
0.38750044094
0.388095607642
0.388690596463
0.389285405077
0.389880031155
0.39047447237
0.391068726389
0.391662790879
0.392256663504
0.392850341929
0.393443823812
0.394037106814
0.394630188588
0.395223066791
0.395815739072
0.396408203081
0.397000456464
0.397592496865
0.398184321924
0.39877592928
0.399367316568
0.39995848142
0.400549421466
0.40114013433
0.401730617636
0.402320869003
0.402910886046
0.403500666377
0.404090207604
0.404679507332
0.405268563161
0.405857372687
0.406445933501
0.407034243191
0.40762229934
0.408210099527
0.408797641323
0.409384922297
0.409971940013
0.410558692027
0.411145175893
0.411731389155
0.412317329355
0.412902994027
0.413488380698
0.414073486891
0.41465831012
0.415242847892
0.415827097709
0.416411057062
0.416994723438
0.417578094314
0.418161167159
0.418743939434
0.419326408591
0.419908572072
0.420490427311
0.421071971733
0.421653202749
0.422234117764
0.42281471417
0.423394989349
0.42397494067
0.424554565492
0.425133861159
0.425712825005
0.42629145435
0.426869746499
0.427447698743
0.42802530836
0.428602572612
0.429179488745
0.429756053988
0.430332265554
0.430908120637
0.431483616416
0.432058750047
0.43263351867
0.433207919403
0.433781949341
0.434355605562
0.434928885116
0.435501785034
0.436074302319
0.436646433952
0.437218176884
0.437789528041
0.438360484321
0.438931042591
0.439501199688
0.440070952419
0.440640297554
0.441209231834
0.441777751959
0.442345854597
0.442913536374
0.443480793878
0.444047623654
0.444614022207
0.445179985994
0.445745511428
0.446310594872
0.44687523264
0.447439420994
0.448003156143
0.448566434237
0.449129251371
0.449691603579
0.450253486829
0.450814897029
0.451375830016
0.451936281558
0.45249624735
0.453055723013
0.453614704086
0.454173186031
0.454731164225
0.455288633955
0.455845590421
0.456402028727
0.456957943881
0.457513330791
0.458068184258
0.45862249898
0.459176269538
0.4597294904
0.460282155916
0.460834260309
0.461385797675
0.461936761979
0.462487147046
0.463036946562
0.463586154066
0.464134762943
0.464682766423
0.465230157575
0.465776929298
0.46632307432
0.466868585187
0.467413454262
0.467957673715
0.468501235518
0.469044131436
0.469586353023
0.470127891612
0.470668738306
0.471208883974
0.471748319236
0.472287034457
0.47282501974
0.473362264908
0.473898759498
0.47443449275
0.47496945359
0.475503630618
0.476037012096
0.47656958593
0.477101339653
0.477632260408
0.478162334926
0.478691549512
0.479219890011
0.479747341793
0.480273889718
0.48079951811
0.48132421072
0.481847950689
0.482370720509
0.48289250197
0.483413276113
0.483933023169
0.484451722494
0.4849693525
0.485485890576
0.486001312999
0.486515594845
0.487028709883
0.487540630471
0.48805132743
0.488560769921
0.489068925297
0.48957575895
0.490081234131
0.490585311744
0.491087950099
0.491589104617
0.49208872744
0.492586766879
0.493083166441
0.493577862054
0.49407076688
0.49456172099
0.495050660121
0.495537571914
0.49602235319
0.4965048128
0.496984923721
0.497462556316
0.497937540291
0.498409673336
0.49887871302
0.499344365046
0.499806268905
0.500263986918
0.500716989715
0.50116460237
0.501606012596
0.502040471115
0.502467173702
0.502885213284
0.503293642628
0.503691571531
0.504078305672
0.504453296496
0.504815893761
0.505165298502
0.505500910172
0.505822198644
0.506128476158
0.506418821377
0.506692051838
0.506947152948
0.507183202711
0.507399199969
0.507594211379
0.507767465092
0.507918362081
0.508046280563
0.508150814838
0.50823083693
0.508283952865
0.508312193234
0.508315500684
0.508293327453
0.508244836606
0.508169917094
0.508068742969
0.507941291231
0.507787021355
0.507605955807
0.507398520822
0.507165038696
0.506905612756
0.506620256763
0.506309101584
0.505972545866
0.505611049637
0.505225055019
0.504815487342
0.504382795777
0.503927111188
0.503448709063
0.502947915805
0.502426135084
0.501884465903
0.501323547336
0.500744399785
0.500148326914
0.499536358426
0.498909076894
0.498266797677
0.497609673239
0.496937762598
0.496250951732
0.495549372249
0.49483321864
0.494102786734
0.493358471467
0.492600716049
0.491830000814
0.491046848254
0.490251827783
0.489445562565
0.488628729544
0.48780203877
0.486966208993
0.486122020797
0.485270265917
0.484411702487
0.483547054748
0.482676977629
0.481802036046
0.480922801842
0.480039684415
0.479153311457
0.478264233274
0.477372902565
0.476479711425
0.475585010078
0.474689113967
0.4737922828
0.472894734817
0.471996660448
0.471098232652
0.470199601834
0.469300898218
0.4684022357
0.467503713893
0.466605419495
0.465707427971
0.464809807278
0.463912620058
0.46301592232
0.462119763258
0.461224185996
0.460329228552
0.459434924608
0.458541304117
0.45764839383
0.456756217776
0.455864797695
0.454974153401
0.454084303044
0.45319526329
0.452307049474
0.451419675819
0.450533155738
0.449647502058
0.448762727012
0.447878842107
0.446995858066
0.446113784877
0.445232631865
0.444352407751
0.44347312068
0.442594778262
0.441717387615
0.440840955425
0.439965487998
0.439090991323
0.438217471132
0.437344932961
0.436473382176
0.435602823457
0.434733261239
0.433864702409
0.432997153018
0.432130618695
0.431265104886
0.430400616838
0.429537159588
0.42867473797
0.427813356621
0.426953020008
0.42609373243
0.425235498031
0.424378320756
0.423522204238
0.422667151634
0.421813166126
0.420960251977
0.420108413843
0.419257655982
0.418407982323
0.417559396592
0.416711902325
0.415865502861
0.415020201548
0.414176001912
0.413332907418
0.412490921411
0.411650047195
0.410810288075
0.409971647365
0.409134128383
0.408297734416
0.407462468669
0.406628334211
0.405795333956
0.40496347074
0.404132747476
0.403303167269
0.402474733347
0.401647448885
0.400821316893
0.399996340169
0.399172521312
0.398349862742
0.397528366722
0.396708035377
0.395888870709
0.395070874603
0.394254048837
0.393438395093
0.392623914952
0.39181060991
0.39099848137
0.390187530654
0.389377758999
0.388569167561
0.387761757417
0.38695552957
0.386150484947
0.38534662441
0.384543948755
0.383742458716
0.38294215497
0.382143038131
0.38134510875
0.380548367311
0.379752814231
0.378958449859
0.378165274471
0.377373288269
0.376582491372
0.375792883806
0.375004465497
0.374217236252
0.373431195746
0.3726463435
0.37186267886
0.371080200975
0.370298908768
0.369518800925
0.368739875888
0.367962131887
0.367185567013
0.366410179353
0.365635967177
0.364862929167
0.364091064608
0.363320373505
0.362550856595
0.361782515258
0.361015351338
0.360249366903
0.359484563998
0.35872094449
0.35795850999
0.357197261845
0.356437201156
0.355678328808
0.354920645506
0.354164151802
0.353408848123
0.352654734796
0.351901812065
0.351150080105
0.35039953904
0.349650188953
0.348902029893
0.34815506189
0.347409284957
0.3466646991
0.345921304323
0.345179100634
0.344438088051
0.343698266603
0.342959636331
0.342222197295
0.341485949567
0.340750893231
0.340017028384
0.339284355129
0.338552873572
0.337822583821
0.33709348598
0.33636558015
0.335638866421
0.334913344876
0.334189015588
0.333465878619
0.332743934021
0.332023181833
0.331303622087
0.330585254803
0.329868079993
0.329152097662
0.328437307807
0.327723710418
0.327011305483
0.326300092982
0.325590072895
0.324881245199
0.32417360987
0.323467166883
0.322761916214
0.322057857841
0.321354991743
0.320653317901
0.319952836301
0.319253546931
0.318555449783
0.317858544855
0.317162832146
0.316468311661
0.315774983412
0.315082847411
0.314391903677
0.313702152232
0.313013593101
0.312326226314
0.311640051904
0.310955069905
0.310271280356
0.309588683295
0.308907278767
0.308227066814
0.307548047484
0.306870220826
0.306193586892
0.305518145738
0.304843897422
0.30417084201
0.303498979569
0.302828310176
0.302158833912
0.301490550867
0.300823461139
0.300157564832
0.299492862062
0.298829352951
0.298167037629
0.297505916234
0.296845988911
0.29618725581
0.295529717085
0.294873372893
0.294218223392
0.29356426874
0.292911509091
0.292259944595
0.291609575398
0.290960401637
0.29031242344
0.289665640928
0.289020054212
0.28837566339
0.287732468551
0.287090469772
0.28644966712
0.285810060649
0.285171650399
0.284534436402
0.283898418674
0.283263597218
0.282629972026
0.281997543075
0.281366310327
0.280736273731
0.280107433219
0.27947978871
0.278853340108
0.278228087297
0.277604030151
0.276981168523
0.276359502254
0.275739031165
0.275119755066
0.274501673746
0.273884786983
0.273269094537
0.272654596155
0.272041291567
0.271429180491
0.270818262629
0.270208537671
0.269600005293
0.268992665157
0.268386516914
0.267781560202
0.267177794648
0.266575219866
0.26597383546
0.265373641022
0.264774636134
0.264176820369
0.263580193288
0.262984754443
0.262390503378
0.261797439626
0.261205562712
0.260614872152
0.260025367453
0.259437048117
0.258849913633
0.258263963487
0.257679197154
0.257095614104
0.256513213798
0.255931995692
0.255351959233
0.254773103863
0.254195429017
0.253618934124
0.253043618605
0.252469481877
0.251896523351
0.251324742431
0.250754138517
0.250184711
0.249616459271
0.249049382711
0.248483480697
0.247918752603
0.247355197796
0.246792815637
0.246231605486
0.245671566696
0.245112698613
0.244555000584
0.243998471947
0.243443112038
0.242888920187
0.242335895722
0.241784037965
0.241233346236
0.240683819849
0.240135458115
0.239588260341
0.239042225832
0.238497353887
0.237953643803
0.237411094873
0.236869706387
0.236329477631
0.235790407888
0.235252496439
0.234715742561
0.234180145527
0.23364570461
0.233112419078
0.232580288197
0.23204931123
0.231519487438
0.23099081608
0.230463296412
0.229936927688
0.22941170916
0.228887640077
0.228364719689
0.227842947241
0.227322321977
0.226802843141
0.226284509973
0.225767321714
0.225251277601
0.224736376872
0.224222618762
0.223710002505
0.223198527335
0.222688192483
0.222178997179
0.221670940653
0.221164022134
0.220658240848
0.220153596021
0.219650086879
0.219147712645
0.218646472541
0.218146365789
0.217647391609
0.217149549221
0.216652837843
0.216157256692
0.215662804983
0.215169481931
0.21467728675
0.214186218652
0.213696276848
0.213207460549
0.212719768963
0.212233201299
0.211747756763
0.211263434561
0.210780233897
0.210298153974
0.209817193995
0.209337353161
0.208858630671
0.208381025726
0.207904537522
0.207429165256
0.206954908124
0.20648176532
0.206009736039
0.205538819472
0.205069014811
0.204600321247
0.204132737968
0.203666264163
0.20320089902
0.202736641725
0.202273491464
0.201811447421
0.201350508779
0.200890674721
0.200431944429
0.199974317083
0.199517791865
0.199062367951
0.198608044522
0.198154820753
0.197702695822
0.197251668903
0.196801739173
0.196352905805
0.195905167971
0.195458524846
0.195012975599
0.194568519403
0.194125155427
0.193682882842
0.193241700815
0.192801608515
0.192362605109
0.191924689765
0.191487861648
0.191052119924
0.190617463758
0.190183892314
0.189751404755
0.189320000246
0.188889677948
0.188460437023
0.188032276634
0.18760519594
0.187179194103
0.186754270282
0.186330423637
0.185907653326
0.185485958509
0.185065338343
0.184645791985
0.184227318594
0.183809917326
0.183393587336
0.182978327782
0.182564137818
0.182151016601
0.181738963284
0.181327977022
0.180918056969
0.180509202279
0.180101412106
0.179694685602
0.17928902192
0.178884420214
0.178480879634
0.178078399332
0.177676978462
0.177276616172
0.176877311616
0.176479063942
0.176081872303
0.175685735847
0.175290653724
0.174896625085
0.174503649079
0.174111724854
0.17372085156
0.173331028344
0.172942254356
0.172554528743
0.172167850653
0.171782219233
0.171397633631
0.171014092993
0.170631596467
0.170250143197
0.169869732332
0.169490363015
0.169112034394
0.168734745613
0.168358495817
0.167983284151
0.167609109759
0.167235971785
0.166863869374
0.166492801668
0.166122767811
0.165753766946
0.165385798216
0.165018860763
0.164652953728
0.164288076254
0.163924227481
0.163561406552
0.163199612607
0.162838844785
0.162479102228
0.162120384074
0.161762689465
0.161406017537
0.161050367431
0.160695738285
0.160342129237
0.159989539424
0.159637967984
0.159287414055
0.158937876772
0.158589355273
0.158241848692
0.157895356167
0.157549876832
0.157205409822
0.156861954272
0.156519509316
0.156178074088
0.155837647721
0.155498229349
0.155159818105
0.15482241312
0.154486013527
0.154150618458
0.153816227043
0.153482838414
0.153150451701
0.152819066034
0.152488680544
0.152159294359
0.151830906608
0.15150351642
0.151177122924
0.150851725245
0.150527322513
0.150203913854
0.149881498395
0.149560075261
0.149239643578
0.148920202471
0.148601751066
0.148284288486
0.147967813855
0.147652326297
0.147337824934
0.14702430889
0.146711777285
0.146400229242
0.146089663881
0.145780080323
0.145471477688
0.145163855095
0.144857211664
0.144551546511
0.144246858756
0.143943147516
0.143640411907
0.143338651044
0.143037864045
0.142738050022
0.142439208092
0.142141337366
0.141844436958
0.14154850598
0.141253543544
0.14095954876
0.140666520738
0.140374458587
0.140083361416
0.139793228333
0.139504058444
0.139215850856
0.138928604673
0.138642318999
0.138356992939
0.138072625594
0.137789216066
0.137506763456
0.137225266862
0.136944725384
0.13666513812
0.136386504165
0.136108822615
0.135832092565
0.135556313108
0.135281483336
0.135007602341
0.134734669214
0.134462683043
0.134191642917
0.133921547924
0.13365239715
0.133384189681
0.133116924604
0.132850601001
0.132585217958
0.132320774558
0.132057269885
0.131794703023
0.131533073055
0.131272379064
0.131012620136
0.130753795355
0.130495903807
0.13023894458
0.129982916761
0.12972781944
0.12947365171
0.129220412662
0.128968101394
0.128716717001
0.128466258585
0.128216725247
0.127968116092
0.127720430227
0.127473666762
0.127227824808
0.126982903479
0.126738901891
0.126495819163
0.126253654413
0.126012406764
0.125772075337
0.125532659257
0.125294157649
0.125056569638
0.124819894349
0.12458413091
0.124349278446
0.124115336083
0.123882302948
0.123650178165
0.123418960861
0.123188650158
0.12295924518
0.122730745049
0.122503148887
0.122276455814
0.122050664949
0.12182577541
0.121601786314
0.121378696775
0.121156505909
0.120935212828
0.120714816644
0.120495316466
0.120276711404
0.120059000564
0.119842183055
0.119626257979
0.119411224441
0.119197081544
0.118983828388
0.118771464074
0.118559987699
0.118349398361
0.118139695157
0.117930877181
0.117722943528
0.117515893289
0.117309725557
0.117104439421
0.116900033972
0.116696508297
0.116493861484
0.116292092617
0.116091200784
0.115891185066
0.115692044548
0.115493778312
0.115296385437
0.115099865004
0.114904216093
0.11470943778
0.114515529144
0.114322489259
0.114130317202
0.113939012046
0.113748572864
0.11355899873
0.113370288714
0.113182441888
0.11299545732
0.11280933408
0.112624071236
0.112439667855
0.112256123002
0.112073435744
0.111891605145
0.111710630269
0.111530510179
0.111351243936
0.111172830603
0.110995269239
0.110818558904
0.110642698657
0.110467687556
0.110293524659
0.110120209021
0.109947739699
0.109776115748
0.109605336221
0.109435400172
0.109266306653
0.109098054717
0.108930643414
0.108764071795
0.10859833891
0.108433443806
0.108269385533
0.108106163137
0.107943775664
0.107782222162
0.0956712190364
0.0908901944244
0.0923713317733
0.0989945242797
0.109639016011
0.123255374416
0.138943400935
0.156005854601
0.173963974266
0.192552303225
0.211693953247
0.23137689923
0.251488895978
0.272018506669
0.293010616143
0.314391485418
0.331463735712
0.325466569377
0.302797732659
0.281839575037
0.265694800548
0.251564874494
0.237712606711
0.224611446838
0.213013428721
0.203263579539
0.195497422764
0.189760360811
0.186009022903
0.184164513196
0.18422991748
0.186320712575
0.190516655346
0.196560282396
0.203622063317
0.211179457155
0.219949470228
0.229643465732
0.239748438073
0.249387847249
0.259190206527
0.26444176597
0.262234404387
0.255970895301
0.25332501822
0.247725053576
0.242751973457
0.238970966581
0.23582460731
0.232892852492
0.230247238428
0.228146275678
0.226652383614
0.225590837565
0.224775813824
0.223828383338
0.222117009771
0.219953005076
0.219614697893
0.22227725092
0.227046388074
0.23378442748
0.239676694914
0.243752548554
0.247504516384
0.253275494235
0.252947260999
0.253471315813
0.246350575589
0.244723049834
0.241705956686
0.23950245262
0.237138363201
0.234788453329
0.232390513035
0.229168382653
0.22606537615
0.224040018492
0.223500373383
0.224337298963
