1.4155343564e-17
2.49687517409e-07
9.98750277917e-07
2.24718890682e-06
3.99500444615e-06
6.24219835479e-06
8.98877250848e-06
1.22347291998e-05
1.5980071138e-05
2.02248014494e-05
2.49689236772e-05
3.02124417811e-05
3.5955360138e-05
4.21976835415e-05
4.89394172022e-05
5.61805667476e-05
6.39211382219e-05
7.21611380864e-05
8.09005732192e-05
9.01394509156e-05
9.98777788875e-05
0.000110115565264
0.000120852818591
0.000132089547832
0.000143825762366
0.000156061471991
0.00016879668692
0.000182031417786
0.000195765675635
0.000209999471935
0.000224732818566
0.000239965727829
0.000255698212441
0.000271930285535
0.000288661960664
0.000305893251795
0.000323624173314
0.000341854740025
0.000360584967148
0.000379814870321
0.000399544465598
0.000419773769454
0.000440502798777
0.000461731570876
0.000483460103475
0.000505688414718
0.000528416523165
0.000551644447793
0.000575372207998
0.000599599823593
0.00062432731481
0.000649554702297
0.000675282007121
0.000701509250767
0.000728236455136
0.000755463642549
0.000783190835745
0.000811418057879
0.000840145332526
0.000869372683679
0.000899100135748
0.000929327713561
0.000960055442367
0.000991283347831
0.00102301145604
0.00105523979348
0.0010879683871
0.00112119726421
0.00115492645259
0.0011891559804
0.00122388587625
0.00125911616914
0.00129484688851
0.0013310780642
0.0013678097265
0.00140504190609
0.00144277463407
0.00148100794197
0.00151974186175
0.00155897642576
0.00159871166678
0.00163894761803
0.00167968431313
0.00172092178612
0.00176266007146
0.00180489920403
0.00184763921913
0.00189088015249
0.00193462204025
0.00197886491896
0.00202360882561
0.00206885379759
0.00211459987273
0.00216084708927
0.00220759548587
0.0022548451016
0.00230259597598
0.00235084814892
0.00239960166076
0.00244885655227
0.00249861286463
0.00254887063944
0.00259962991873
0.00265089074494
0.00270265316094
0.00275491721001
0.00280768293588
0.00286095038265
0.0029147195949
0.00296899061758
0.00302376349609
0.00307903827624
0.00313481500428
0.00319109372687
0.00324787449107
0.00330515734439
0.00336294233476
0.00342122951053
0.00348001892045
0.00353931061373
0.00359910463996
0.0036594010492
0.00372019989189
0.00378150121891
0.00384330508157
0.00390561153159
0.00396842062112
0.00403173240273
0.00409554692942
0.0041598642546
0.00422468443211
0.00429000751622
0.00435583356161
0.00442216262339
0.0044889947571
0.00455633001869
0.00462416846455
0.00469251015149
0.00476135513673
0.00483070347792
0.00490055523315
0.00497091046091
0.00504176922014
0.00511313157019
0.00518499757082
0.00525736728225
0.00533024076509
0.0054036180804
0.00547749928966
0.00555188445477
0.00562677363804
0.00570216690224
0.00577806431054
0.00585446592654
0.00593137181428
0.00600878203821
0.0060866966632
0.00616511575457
0.00624403937804
0.00632346759979
0.00640340048638
0.00648383810485
0.00656478052262
0.00664622780756
0.00672818002796
0.00681063725255
0.00689359955047
0.0069770669913
0.00706103964503
0.0071455175821
0.00723050087337
0.00731598959012
0.00740198380406
0.00748848358733
0.00757548901251
0.00766300015259
0.00775101708099
0.00783953987158
0.00792856859863
0.00801810333686
0.00810814416141
0.00819869114784
0.00828974437216
0.0083813039108
0.00847336984062
0.0085659422389
0.00865902118335
0.00875260675214
0.00884669902383
0.00894129807743
0.00903640399239
0.00913201684856
0.00922813672626
0.0093247637062
0.00942189786955
0.0095195392979
0.00961768807328
0.00971634427813
0.00981550799535
0.00991517930825
0.0100153583006
0.0101160450565
0.0102172396607
0.0103189421981
0.0104211527542
0.0105238714151
0.0106270982669
0.0107308333965
0.010835076891
0.0109398288382
0.011045089326
0.0111508584431
0.0112571362783
0.011363922921
0.011471218461
0.0115790229886
0.0116873365944
0.0117961593696
0.0119054914056
0.0120153327946
0.0121256836288
0.0122365440011
0.0123479140048
0.0124597937337
0.0125721832818
0.0126850827439
0.0127984922148
0.01291241179
0.0130268415656
0.0131417816377
0.0132572321031
0.0133731930591
0.0134896646033
0.0136066468338
0.0137241398491
0.0138421437481
0.0139606586302
0.0140796845953
0.0141992217436
0.0143192701758
0.014439829993
0.0145609012969
0.0146824841895
0.0148045787731
0.0149271851507
0.0150503034257
0.0151739337017
0.015298076083
0.0154227306743
0.0155478975806
0.0156735769074
0.0157997687608
0.0159264732471
0.0160536904731
0.0161814205462
0.0163096635741
0.0164384196649
0.0165676889273
0.0166974714702
0.0168277674032
0.0169585768363
0.0170898998797
0.0172217366443
0.0173540872413
0.0174869517825
0.0176203303799
0.0177542231462
0.0178886301944
0.0180235516379
0.0181589875906
0.0182949381669
0.0184314034816
0.0185683836499
0.0187058787875
0.0188438890105
0.0189824144355
0.0191214551794
0.0192610113598
0.0194010830945
0.0195416705019
0.0196827737008
0.0198243928103
0.0199665279502
0.0201091792406
0.020252346802
0.0203960307555
0.0205402312225
0.0206849483249
0.020830182185
0.0209759329258
0.0211222006703
0.0212689855423
0.0214162876659
0.0215641071657
0.0217124441667
0.0218612987945
0.0220106711748
0.0221605614341
0.0223109696992
0.0224618960974
0.0226133407563
0.0227653038042
0.0229177853696
0.0230707855816
0.0232243045697
0.0233783424639
0.0235328993945
0.0236879754924
0.023843570889
0.0239996857159
0.0241563201054
0.0243134741901
0.0244711481031
0.0246293419779
0.0247880559487
0.0249472901498
0.0251070447161
0.0252673197829
0.0254281154862
0.0255894319621
0.0257512693473
0.0259136277791
0.026076507395
0.0262399083331
0.0264038307318
0.0265682747303
0.0267332404678
0.0268987280843
0.0270647377201
0.0272312695159
0.0273983236131
0.0275659001532
0.0277339992785
0.0279026211315
0.0280717658553
0.0282414335933
0.0284116244896
0.0285823386885
0.0287535763349
0.0289253375741
0.029097622552
0.0292704314146
0.0294437643088
0.0296176213817
0.0297920027808
0.0299669086542
0.0301423391504
0.0303182944184
0.0304947746076
0.0306717798679
0.0308493103496
0.0310273662035
0.0312059475809
0.0313850546334
0.0315646875133
0.0317448463731
0.0319255313659
0.0321067426453
0.0322884803652
0.0324707446802
0.032653535745
0.0328368537152
0.0330206987465
0.0332050709952
0.0333899706181
0.0335753977723
0.0337613526155
0.0339478353059
0.034134846002
0.0343223848629
0.0345104520481
0.0346990477176
0.0348881720317
0.0350778251514
0.035268007238
0.0354587184533
0.0356499589596
0.0358417289196
0.0360340284965
0.036226857854
0.0364202171562
0.0366141065676
0.0368085262533
0.0370034763788
0.03719895711
0.0373949686134
0.0375915110559
0.0377885846048
0.0379861894279
0.0381843256936
0.0383829935704
0.0385821932278
0.0387819248352
0.0389821885629
0.0391829845814
0.0393843130618
0.0395861741757
0.0397885680949
0.039991494992
0.0401949550399
0.0403989484119
0.0406034752819
0.0408085358242
0.0410141302137
0.0412202586254
0.0414269212351
0.0416341182191
0.0418418497539
0.0420501160166
0.0422589171848
0.0424682534365
0.0426781249503
0.0428885319051
0.0430994744804
0.043310952856
0.0435229672122
0.0437355177301
0.0439486045907
0.044162227976
0.0443763880681
0.0445910850497
0.0448063191041
0.0450220904148
0.0452383991659
0.0454552455421
0.0456726297283
0.0458905519101
0.0461090122735
0.0463280110049
0.0465475482911
0.0467676243197
0.0469882392783
0.0472093933555
0.0474310867399
0.0476533196207
0.0478760921878
0.0480994046314
0.048323257142
0.0485476499108
0.0487725831294
0.04899805699
0.0492240716849
0.0494506274073
0.0496777243507
0.0499053627089
0.0501335426764
0.050362264448
0.0505915282193
0.0508213341859
0.0510516825441
0.0512825734909
0.0515140072233
0.0517459839391
0.0519785038365
0.0522115671142
0.0524451739712
0.0526793246072
0.0529140192222
0.0531492580168
0.0533850411919
0.0536213689491
0.0538582414903
0.054095659018
0.0543336217349
0.0545721298445
0.0548111835507
0.0550507830576
0.0552909285702
0.0555316202936
0.0557728584336
0.0560146431964
0.0562569747886
0.0564998534173
0.0567432792902
0.0569872526154
0.0572317736014
0.0574768424572
0.0577224593924
0.0579686246168
0.058215338341
0.0584626007758
0.0587104121326
0.0589587726233
0.0592076824602
0.0594571418561
0.0597071510243
0.0599577101785
0.0602088195329
0.0604604793022
0.0607126897016
0.0609654509467
0.0612187632536
0.0614726268389
0.0617270419197
0.0619820087133
0.0622375274379
0.0624935983119
0.0627502215542
0.0630073973843
0.0632651260219
0.0635234076875
0.0637822426019
0.0640416309864
0.0643015730627
0.0645620690531
0.0648231191803
0.0650847236674
0.0653468827381
0.0656095966166
0.0658728655274
0.0661366896955
0.0664010693466
0.0666660047067
0.0669314960021
0.0671975434599
0.0674641473075
0.0677313077727
0.067999025084
0.0682672994702
0.0685361311605
0.0688055203847
0.0690754673732
0.0693459723565
0.069617035566
0.0698886572331
0.0701608375902
0.0704335768697
0.0707068753047
0.0709807331288
0.0712551505759
0.0715301278806
0.0718056652778
0.0720817630028
0.0723584212917
0.0726356403806
0.0729134205065
0.0731917619066
0.0734706648188
0.0737501294811
0.0740301561323
0.0743107450116
0.0745918963586
0.0748736104133
0.0751558874164
0.0754387276089
0.0757221312323
0.0760060985285
0.07629062974
0.0765757251096
0.0768613848808
0.0771476092974
0.0774343986036
0.0777217530442
0.0780096728645
0.0782981583101
0.0785872096272
0.0788768270624
0.0791670108628
0.079457761276
0.07974907855
0.0800409629332
0.0803334146745
0.0806264340235
0.08092002123
0.0812141765442
0.081508900217
0.0818041924997
0.0821000536439
0.0823964839018
0.0826934835262
0.08299105277
0.0832891918868
0.0835879011308
0.0838871807562
0.0841870310181
0.084487452172
0.0847884444735
0.0850900081792
0.0853921435457
0.0856948508302
0.0859981302905
0.0863019821848
0.0866064067716
0.0869114043099
0.0872169750594
0.0875231192799
0.087829837232
0.0881371291765
0.0884449953747
0.0887534360885
0.08906245158
0.089372042112
0.0896822079477
0.0899929493506
0.0903042665848
0.0906161599149
0.0909286296057
0.0912416759227
0.0915552991318
0.0918694994992
0.0921842772918
0.0924996327767
0.0928155662216
0.0931320778946
0.0934491680643
0.0937668369996
0.09408508497
0.0944039122455
0.0947233190962
0.0950433057931
0.0953638726073
0.0956850198106
0.096006747675
0.096329056473
0.0966519464778
0.0969754179627
0.0972994712015
0.0976241064687
0.097949324039
0.0982751241875
0.09860150719
0.0989284733225
0.0992560228614
0.0995841560838
0.099912873267
0.100242174689
0.100572060628
0.100902531362
0.101233587171
0.101565228334
0.101897455132
0.102230267844
0.102563666752
0.102897652136
0.103232224279
0.103567383463
0.103903129969
0.104239464082
0.104576386084
0.10491389626
0.105251994893
0.105590682269
0.105929958672
0.106269824388
0.106610279703
0.106951324904
0.107292960276
0.107635186107
0.107978002686
0.108321410299
0.108665409236
0.109009999785
0.109355182236
0.109700956877
0.110047324
0.110394283895
0.110741836853
0.111089983165
0.111438723122
0.111788057018
0.112137985144
0.112488507794
0.112839625261
0.113191337839
0.113543645821
0.113896549503
0.114250049179
0.114604145145
0.114958837697
0.11531412713
0.115670013742
0.116026497829
0.116383579689
0.116741259619
0.117099537918
0.117458414884
0.117817890816
0.118177966013
0.118538640775
0.118899915402
0.119261790195
0.119624265454
0.119987341481
0.120351018578
0.120715297045
0.121080177186
0.121445659304
0.121811743701
0.122178430681
0.122545720548
0.122913613607
0.123282110161
0.123651210515
0.124020914976
0.124391223849
0.124762137439
0.125133656054
0.12550578
0.125878509585
0.126251845115
0.126625786899
0.127000335245
0.127375490462
0.127751252858
0.128127622744
0.128504600427
0.128882186219
0.129260380431
0.129639183371
0.130018595353
0.130398616686
0.130779247683
0.131160488656
0.131542339917
0.131924801779
0.132307874555
0.132691558559
0.133075854104
0.133460761504
0.133846281073
0.134232413127
0.134619157981
0.135006515949
0.135394487348
0.135783072493
0.136172271701
0.136562085288
0.136952513571
0.137343556869
0.137735215497
0.138127489775
0.13852038002
0.138913886551
0.139308009686
0.139702749745
0.140098107046
0.140494081911
0.140890674658
0.141287885608
0.141685715082
0.1420841634
0.142483230884
0.142882917854
0.143283224633
0.143684151543
0.144085698905
0.144487867043
0.144890656278
0.145294066935
0.145698099337
0.146102753806
0.146508030668
0.146913930245
0.147320452863
0.147727598847
0.14813536852
0.148543762208
0.148952780237
0.149362422932
0.149772690619
0.150183583624
0.150595102274
0.151007246894
0.151420017813
0.151833415357
0.152247439853
0.152662091628
0.153077371012
0.15349327833
0.153909813913
0.154326978087
0.154744771183
0.155163193527
0.155582245451
0.156001927282
0.15642223935
0.156843181985
0.157264755517
0.157686960275
0.15810979659
0.158533264793
0.158957365213
0.159382098182
0.15980746403
0.160233463089
0.16066009569
0.161087362165
0.161515262844
0.161943798061
0.162372968146
0.162802773432
0.163233214251
0.163664290936
0.164096003819
0.164528353232
0.16496133951
0.165394962984
0.165829223987
0.166264122854
0.166699659917
0.16713583551
0.167572649966
0.168010103619
0.168448196804
0.168886929853
0.169326303102
0.169766316884
0.170206971533
0.170648267384
0.171090204771
0.17153278403
0.171976005493
0.172419869497
0.172864376376
0.173309526464
0.173755320097
0.17420175761
0.174648839338
0.175096565616
0.175544936778
0.175993953161
0.176443615099
0.176893922928
0.177344876984
0.1777964776
0.178248725114
0.17870161986
0.179155162173
0.17960935239
0.180064190845
0.180519677875
0.180975813814
0.181432598999
0.181890033764
0.182348118445
0.182806853378
0.183266238897
0.183726275339
0.184186963039
0.184648302332
0.185110293553
0.185572937038
0.186036233122
0.18650018214
0.186964784428
0.187430040319
0.18789595015
0.188362514256
0.18882973297
0.189297606628
0.189766135564
0.190235320114
0.190705160612
0.191175657391
0.191646810787
0.192118621133
0.192591088764
0.193064214013
0.193537997215
0.194012438703
0.19448753881
0.194963297871
0.195439716217
0.195916794183
0.196394532102
0.196872930305
0.197351989126
0.197831708898
0.198312089951
0.19879313262
0.199274837235
0.199757204127
0.20024023363
0.200723926073
0.201208281788
0.201693301106
0.202178984357
0.202665331872
0.20315234398
0.203640021012
0.204128363298
0.204617371166
0.205107044946
0.205597384967
0.206088391557
0.206580065044
0.207072405757
0.207565414023
0.208059090169
0.208553434523
0.209048447412
0.209544129161
0.210040480097
0.210537500545
0.211035190832
0.211533551282
0.21203258222
0.212532283969
0.213032656856
0.213533701201
0.21403541733
0.214537805565
0.215040866228
0.215544599641
0.216049006127
0.216554086005
0.217059839597
0.217566267223
0.218073369203
0.218581145857
0.219089597503
0.21959872446
0.220108527046
0.220619005578
0.221130160374
0.22164199175
0.222154500023
0.222667685506
0.223181548517
0.223696089369
0.224211308376
0.224727205851
0.225243782108
0.225761037459
0.226278972215
0.226797586687
0.227316881187
0.227836856024
0.228357511507
0.228878847945
0.229400865647
0.229923564919
0.230446946069
0.230971009403
0.231495755227
0.232021183845
0.232547295561
0.233074090679
0.233601569502
0.234129732332
0.234658579471
0.235188111219
0.235718327876
0.236249229741
0.236780817113
0.23731309029
0.237846049569
0.238379695245
0.238914027614
0.239449046971
0.23998475361
0.240521147823
0.241058229903
0.24159600014
0.242134458827
0.242673606251
0.243213442703
0.243753968469
0.244295183837
0.244837089093
0.245379684522
0.245922970408
0.246466947035
0.247011614685
0.247556973639
0.248103024178
0.248649766582
0.249197201129
0.249745328097
0.250294147762
0.250843660399
0.251393866284
0.251944765689
0.252496358887
0.25304864615
0.253601627747
0.254155303948
0.254709675022
0.255264741234
0.25582050285
0.256376960137
0.256934113356
0.257491962771
0.258050508643
0.258609751232
0.259169690797
0.259730327595
0.260291661883
0.260853693917
0.261416423949
0.261979852234
0.262543979023
0.263108804565
0.26367432911
0.264240552905
0.264807476197
0.265375099231
0.26594342225
0.266512445496
0.267082169211
0.267652593634
0.268223719002
0.268795545554
0.269368073524
0.269941303145
0.270515234652
0.271089868273
0.271665204239
0.272241242778
0.272817984116
0.273395428478
0.273973576088
0.274552427167
0.275131981935
0.275712240612
0.276293203415
0.276874870559
0.277457242257
0.278040318723
0.278624100167
0.279208586797
0.279793778821
0.280379676444
0.280966279871
0.281553589304
0.282141604942
0.282730326984
0.283319755628
0.283909891068
0.284500733498
0.285092283108
0.285684540089
0.286277504628
0.286871176911
0.287465557122
0.288060645443
0.288656442054
0.289252947133
0.289850160857
0.2904480834
0.291046714934
0.291646055629
0.292246105654
0.292846865174
0.293448334355
0.294050513357
0.294653402342
0.295257001466
0.295861310886
0.296466330755
0.297072061224
0.297678502444
0.29828565456
0.298893517718
0.29950209206
0.300111377727
0.300721374857
0.301332083585
0.301943504045
0.302555636368
0.303168480682
0.303782037115
0.30439630579
0.305011286828
0.30562698035
0.306243386471
0.306860505306
0.307478336966
0.308096881561
0.308716139198
0.309336109981
0.30995679401
0.310578191386
0.311200302205
0.31182312656
0.312446664542
0.313070916241
0.31369588174
0.314321561125
0.314947954474
0.315575061866
0.316202883374
0.316831419071
0.317460669027
0.318090633306
0.318721311973
0.319352705087
0.319984812707
0.320617634887
0.321251171678
0.321885423129
0.322520389286
0.323156070191
0.323792465883
0.3244295764
0.325067401773
0.325705942034
0.326345197209
0.326985167322
0.327625852394
0.328267252441
0.328909367478
0.329552197516
0.330195742562
0.330840002619
0.33148497769
0.33213066777
0.332777072855
0.333424192934
0.334072027994
0.334720578019
0.335369842988
0.336019822878
0.336670517662
0.337321927309
0.337974051784
0.338626891049
0.339280445062
0.339934713777
0.340589697146
0.341245395114
0.341901807625
0.342558934618
0.343216776027
0.343875331785
0.344534601818
0.34519458605
0.3458552844
0.346516696783
0.347178823111
0.34784166329
0.348505217224
0.349169484811
0.349834465945
0.350500160517
0.351166568413
0.351833689514
0.352501523697
0.353170070836
0.353839330798
0.354509303448
0.355179988646
0.355851386245
0.356523496097
0.357196318046
0.357869851935
0.358544097598
0.359219054869
0.359894723573
0.360571103533
0.361248194566
0.361925996483
0.362604509092
0.363283732196
0.363963665592
0.364644309071
0.365325662421
0.366007725424
0.366690497856
0.367373979489
0.368058170088
0.368743069415
0.369428677225
0.370114993268
0.370802017289
0.371489749025
0.372178188211
0.372867334574
0.373557187836
0.374247747713
0.374939013916
0.375630986149
0.376323664111
0.377017047495
0.377711135987
0.378405929268
0.379101427013
0.379797628889
0.380494534559
0.381192143679
0.381890455898
0.382589470859
0.383289188199
0.383989607547
0.384690728528
0.385392550757
0.386095073845
0.386798297395
0.387502221004
0.38820684426
0.388912166747
0.389618188039
0.390324907705
0.391032325305
0.391740440395
0.392449252519
0.393158761218
0.393868966022
0.394579866455
0.395291462034
0.396003752267
0.396716736655
0.397430414691
0.39814478586
0.398859849638
0.399575605495
0.40029205289
0.401009191276
0.401727020098
0.402445538789
0.403164746777
0.403884643481
0.404605228309
0.405326500662
0.406048459932
0.406771105501
0.407494436743
0.408218453023
0.408943153694
0.409668538103
0.410394605586
0.41112135547
0.41184878707
0.412576899695
0.41330569264
0.414035165193
0.41476531663
0.415496146219
0.416227653215
0.416959836864
0.417692696401
0.41842623105
0.419160440026
0.41989532253
0.420630877754
0.421367104879
0.422104003073
0.422841571494
0.423579809288
0.42431871559
0.425058289522
0.425798530195
0.426539436706
0.427281008143
0.428023243579
0.428766142076
0.429509702683
0.430253924435
0.430998806357
0.431744347457
0.432490546734
0.433237403171
0.433984915738
0.434733083391
0.435481905074
0.436231379715
0.43698150623
0.437732283519
0.438483710469
0.43923578595
0.439988508822
0.440741877925
0.441495892087
0.442250550122
0.443005850824
0.443761792977
0.444518375346
0.445275596682
0.446033455718
0.446791951173
0.447551081749
0.448310846132
0.44907124299
0.449832270976
0.450593928726
0.451356214857
0.452119127971
0.452882666652
0.453646829466
0.454411614962
0.45517702167
0.455943048104
0.456709692758
0.457476954108
0.458244830611
0.459013320708
0.459782422819
0.460552135344
0.461322456667
0.46209338515
0.462864919136
0.463637056951
0.464409796898
0.465183137263
0.465957076308
0.46673161228
0.467506743402
0.468282467878
0.469058783892
0.469835689605
0.470613183161
0.471391262679
0.472169926261
0.472949171984
0.473728997907
0.474509402065
0.475290382475
0.476071937129
0.476854063999
0.477636761035
0.478420026167
0.4792038573
0.479988252319
0.480773209088
0.481558725446
0.482344799213
0.483131428186
0.48391861014
0.484706342826
0.485494623976
0.486283451299
0.487072822479
0.487862735182
0.488653187051
0.489444175704
0.490235698741
0.491027753738
0.491820338249
0.492613449808
0.493407085925
0.49420124409
0.494995921772
0.495791116416
0.49658682545
0.497383046278
0.498179776283
0.498977012829
0.499774753259
0.500572994895
0.50137173504
0.502170970977
0.502970699969
0.50377091926
0.504571626074
0.505372817619
0.506174491082
0.506976643633
0.507779272425
0.508582374592
0.509385947252
0.510189987507
0.510994492443
0.511799459128
0.512604884617
0.513410765951
0.514217100153
0.515023884236
0.515831115198
0.516638790025
0.517446905689
0.518255459152
0.519064447365
0.519873867268
0.52068371579
0.521493989854
0.522304686371
0.523115802246
0.523927334376
0.524739279652
0.525551634958
0.526364397175
0.527177563177
0.527991129837
0.528805094023
0.529619452603
0.53043420244
0.531249340401
0.532064863349
0.532880768153
0.533697051679
0.534513710798
0.535330742386
0.53614814332
0.536965910485
0.537784040772
0.538602531077
0.539421378306
0.540240579373
0.541060131201
0.541880030724
0.542700274888
0.54352086065
0.544341784982
0.545163044867
0.545984637304
0.54680655931
0.547628807916
0.548451380169
0.549274273139
0.550097483909
0.550921009587
0.551744847299
0.552568994191
0.553393447435
0.554218204223
0.55504326177
0.555868617317
0.556694268131
0.557520211501
0.558346444746
0.559172965209
0.559999770262
0.560826857306
0.561654223769
0.562481867108
0.563309784811
0.564137974395
0.564966433409
0.565795159432
0.566624150073
0.567453402975
0.568282915811
0.569112686289
0.569942712146
0.570772991155
0.571603521119
0.572434299876
0.573265325296
0.574096595283
0.574928107775
0.57575986074
0.576591852183
0.577424080139
0.578256542679
0.579089237903
0.579922163948
0.58075531898
0.581588701198
0.582422308833
0.583256140149
0.584090193439
0.584924467027
0.585758959269
0.586593668548
0.587428593279
0.588263731905
0.589099082896
0.589934644751
0.590770415995
0.59160639518
0.592442580884
0.593278971708
0.594115566279
0.594952363246
0.595789361283
0.596626559083
0.597463955361
0.598301548853
0.599139338311
0.59997732251
0.600815500238
0.601653870302
0.602492431523
0.603331182737
0.604170122794
0.605009250555
0.605848564895
0.606688064696
0.607527748852
0.608367616264
0.609207665842
0.610047896499
0.610888307156
0.611728896738
0.612569664172
0.613410608386
0.614251728311
0.615093022877
0.615934491012
0.616776131643
0.617617943692
0.618459926079
0.619302077715
0.620144397507
0.620986884354
0.621829537145
0.622672354762
0.623515336073
0.624358479936
0.625201785197
0.626045250686
0.62688887522
0.627732657599
0.628576596608
0.629420691014
0.630264939563
0.631109340985
0.631953893987
0.632798597257
0.633643449457
0.63448844923
0.635333595193
0.636178885939
0.637024320034
0.63786989602
0.63871561241
0.639561467688
0.640407460313
0.64125358871
0.642099851278
0.642946246382
0.643792772356
0.644639427503
0.645486210091
0.646333118357
0.6471801505
0.648027304687
0.648874579049
0.64972197168
0.650569480638
0.651417103943
0.652264839578
0.653112685488
0.653960639576
0.65480869971
0.655656863715
0.656505129377
0.65735349444
0.658201956608
0.659050513542
0.65989916286
0.660747902141
0.661596728916
0.662445640676
0.663294634866
0.664143708888
0.664992860099
0.66584208581
0.666691383288
0.667540749752
0.668390182376
0.669239678287
0.670089234567
0.670938848247
0.671788516313
0.672638235701
0.673488003301
0.674337815952
0.675187670444
0.676037563519
0.676887491868
0.67773745213
0.678587440897
0.679437454706
0.680287490046
0.681137543351
0.681987611003
0.682837689334
0.683687774619
0.684537863081
0.685387950889
0.686238034155
0.687088108938
0.687938171239
0.688788217004
0.68963824212
0.690488242418
0.691338213667
0.692188151579
0.693038051805
0.693887909936
0.694737721499
0.695587481958
0.696437186714
0.697286831103
0.698136410393
0.698985919787
0.699835354416
0.700684709344
0.701533979563
0.702383159989
0.703232245467
0.704081230764
0.70493011057
0.705778879492
0.70662753206
0.707476062715
0.708324465815
0.709172735629
0.710020866334
0.710868852013
0.711716686656
0.71256436415
0.713411878282
0.714259222734
0.715106391077
0.715953376775
0.716800173171
0.717646773492
0.718493170842
0.719339358197
0.7201853284
0.721031074161
0.721876588047
0.722721862482
0.723566889737
0.72441166193
0.725256171018
0.726100408791
0.726944366867
0.727788036688
0.728631409511
0.729474476405
0.730317228243
0.731159655693
0.73200174922
0.732843499069
0.733684895267
0.73452592761
0.735366585663
0.736206858745
0.737046735931
0.73788620604
0.738725257631
0.739563878994
0.74040205815
0.741239782837
0.742077040512
0.742913818342
0.7437501032
0.744585881661
0.745421139999
0.746255864183
0.747090039878
0.747923652439
0.748756686913
0.749589128041
0.750420960259
0.751252167699
0.752082734196
0.752912643295
0.753741878255
0.75457042206
0.755398257432
0.756225366844
0.75705173253
0.757877336509
0.758702160599
0.759526186437
0.760349395505
0.761171769158
0.761993288648
0.762813935154
0.763633689815
0.764452533766
0.765270448166
0.766087414243
0.766903413335
0.767718426929
0.768532436713
0.769345424612
0.770157372844
0.770968263963
0.771778080915
0.772586807089
0.773394426374
0.77420092319
0.77500628237
0.77581048889
0.776613529567
0.777415392149
0.778216064742
0.779015536188
0.77981379617
0.780610835272
0.781406645017
0.782201217911
0.782994547477
0.783786628285
0.784577455984
0.785367027328
0.786155340199
0.786942393626
0.787728187798
0.788512724086
0.789296005052
0.790078034469
0.790858817338
0.791638359898
0.792416669654
0.793193755395
0.79396962722
0.794744296568
0.795517776258
0.796290080535
0.797061225125
0.79783122731
0.798600106002
0.799367881846
0.800134577323
0.800900216891
0.801664827137
0.802428436962
0.803191077786
0.803952783792
0.804713592203
0.805473543592
0.806232682248
0.80699105658
0.807748719581
0.808505729358
0.80926214973
0.810018050901
0.810773510232
0.811528613113
0.812283453928
0.813038137168
0.81379277867
0.81454750701
0.815302465074
0.816057811794
0.816813724082
0.817570398943
0.818328055778
0.819086938812
0.819847319587
0.820609499358
0.821373811144
0.822140620993
0.822910327683
0.823683359637
0.824460166977
0.825241205228
0.826026904913
0.826817617457
0.827613521507
0.828414463615
0.829219691688
0.830027418779
0.830834136626
0.831633615889
0.832415676614
0.833165265898
0.833863226546
0.83449062762
0.83503648513
0.835503865536
0.8359084454
0.836270840479
0.836609458863
0.836937521617
0.8372632611
0.837591255803
0.837923740713
0.838261553701
0.838604744524
0.83895294253
0.839305570375
0.8396619652
0.840021445573
0.840383347081
0.840747039985
0.841111936716
0.841477493753
0.841843210499
0.842208626655
0.842573318957
0.842936897778
0.843299003863
0.843659305387
0.844017495409
0.844373289576
0.84472642392
0.845076652843
0.845423747421
0.845767493997
0.846107692998
0.846444157889
0.846776714252
0.847105198945
0.84742945932
0.847749352484
0.848064744579
0.848375510057
0.848681530933
0.848982695997
0.849278899962
0.849570042519
0.84985602727
0.850136760486
0.850412149602
0.850682101384
0.850946519662
0.851205302392
0.85145833781
0.851705499227
0.851946637806
0.8521815723
0.852410074194
0.85263184589
0.852846488633
0.853053456286
0.853251993091
0.853441064852
0.853619328276
0.853785255241
0.85393757704
0.854076007371
0.854201691339
0.854316826269
0.854423794451
0.854524547719
0.854620450735
0.85471237929
0.854800863975
0.854886197045
0.854968510022
0.855047828498
0.855124107481
0.855197253465
0.855267138276
0.855333607964
0.855396488754
0.85545559137
0.855510714572
0.855561648522
0.855608178374
0.855650088182
0.85568716499
0.855719202838
0.855746006632
0.85576739597
0.855783208989
0.855793306166
0.855797573841
0.855795927174
0.85578831229
0.855774707407
0.85575512273
0.855729599109
0.855698207562
0.855661044346
0.85561822801
0.855569895327
0.855516196972
0.855457293161
0.855393349359
0.855324532148
0.855251005253
0.85517292569
0.855090440017
0.855003680824
0.854912764047
0.854817788658
0.854718841313
0.854616008084
0.854509390829
0.85439911881
0.854285346663
0.854168241034
0.854047966053
0.853924674448
0.85379850479
0.853669582191
0.853538019943
0.853403921706
0.85326738367
0.853128496451
0.852987346421
0.852844016186
0.852698584413
0.852551125532
0.852401709696
0.852250403028
0.8520972678
0.851942363513
0.851785747955
0.851627476514
0.851467602853
0.851306179284
0.851143257004
0.85097888626
0.850813116454
0.850645996204
0.850477573358
0.850307894977
0.850137007288
0.849964955615
0.849791784297
0.849617536592
0.849442254579
0.849265979053
0.849088749433
0.848910603686
0.848731578269
0.848551708112
0.848371026598
0.848189565579
0.8480073556
0.847824425911
0.847640804194
0.847456516355
0.847271586257
0.847086035361
0.846899882351
0.846713142754
0.846525828591
0.846337948034
0.846149505097
0.84596049936
0.845770925729
0.845580774203
0.845390029656
0.845198671649
0.845006674267
0.844814005964
0.844620629426
0.844426501448
0.844231572847
0.844035788394
0.843839086793
0.843641399964
0.843442655198
0.843242773727
0.843041671113
0.842839257837
0.842635439801
0.842430118954
0.842223194067
0.842014561634
0.84180411692
0.841591755141
0.841377372759
0.841160868897
0.840942146814
0.840721115442
0.840497690923
0.840271798124
0.840043372083
0.83981235932
0.83957871894
0.839342423525
0.839103459784
0.838861828949
0.838617546871
0.838370643801
0.838121163899
0.83786916448
0.837614715024
0.837357895996
0.837098797511
0.836837517897
0.836574162205
0.836308840701
0.836041667399
0.835772758645
0.835502231802
0.835230204043
0.834956791279
0.834682107218
0.834406262572
0.834129364398
0.833851515588
0.833572814475
0.833293354561
0.833013224321
0.832732507098
0.832451281055
0.832169619194
0.831887589433
0.831605254728
0.831322673223
0.831039898419
0.830756979368
0.83047396083
0.830190883583
0.829907784752
0.829624697833
0.829341653006
0.829058677396
0.828775795348
0.828493028691
0.828210397031
0.827927918027
0.82764560766
0.827363480463
0.827081549688
0.826799827407
0.826518324539
0.82623705083
0.825956014803
0.825675223701
0.825394683455
0.825114398678
0.824834372692
0.824554607578
0.824275104251
0.82399586253
0.823716881214
0.823438158159
0.823159690332
0.822881473834
0.822603504044
0.822325775742
0.822048282992
0.821771019193
0.821493977124
0.821217148972
0.820940526344
0.820664100268
0.82038786117
0.820111798763
0.819835901702
0.819560157546
0.819284555008
0.819009083324
0.818733730376
0.818458483023
0.818183327377
0.817908248872
0.817633232262
0.817358261625
0.817083320329
0.816808391017
0.816533455588
0.816258495179
0.81598349015
0.815708420075
0.815433263726
0.815157999066
0.814882603239
0.814607052553
0.814331322475
0.814055387613
0.813779221703
0.813502797589
0.813226087201
0.812949061511
0.812671690479
0.812393943144
0.812115787793
0.811837191896
0.811558122052
0.811278543906
0.81099842218
0.810717720724
0.810436402548
0.810154429867
0.809871764142
0.809588366132
0.809304195951
0.809019213131
0.8087333767
0.808446645262
0.808158977096
0.807870330252
0.807580662665
0.807289932261
0.806998097083
0.806705115423
0.806410945958
0.8061155479
0.805818881141
0.80552090641
0.805221585425
0.804920881055
0.804618757472
0.804315180314
0.804010116828
0.803703536024
0.803395408815
0.80308570814
0.802774409083
0.802461488957
0.802146927362
0.801830706393
0.80151281086
0.801193228202
0.800871948511
0.80054896467
0.800224272472
0.799897870714
0.79956976123
0.799239948829
0.798908441166
0.798575248488
0.798240383654
0.797903862013
0.797565700983
0.797225919997
0.796884540333
0.796541584934
0.796197078197
0.79585104574
0.795503514152
0.795154510706
0.794804063069
0.794452199006
0.794098946153
0.793744331951
0.793388383862
0.793031129979
0.792672599879
0.792312825338
0.791951840381
0.791589680499
0.791226381396
0.790861977829
0.790496502921
0.790129987916
0.789762462161
0.789393953087
0.78902448614
0.78865408473
0.788282770236
0.787910562053
0.787537477652
0.787163532648
0.78678874086
0.786413114374
0.786036663605
0.785659397366
0.785281322934
0.784902446138
0.784522771437
0.784142302003
0.783761039818
0.78337898577
0.782996139755
0.78261250078
0.782228067069
0.781842836172
0.781456805069
0.781069970276
0.780682327954
0.78029387401
0.779904604196
0.779514514204
0.779123599761
0.778731856715
0.778339281119
0.777945869312
0.777551617989
0.777156524274
0.776760585784
0.776363800687
0.775966167758
0.775567686426
0.775168356821
0.774768179806
0.774367157018
0.773965290882
0.77356258462
0.773159041197
0.772754659209
0.772349451092
0.771943424224
0.771536586165
0.77112894531
0.770720510891
0.770311292972
0.769901302429
0.769490550933
0.769079050929
0.768666815606
0.768253858877
0.767840195343
0.767425840268
0.767010809546
0.766595119668
0.766178787686
0.765761831183
0.765344268237
0.764926117387
0.764507397597
0.764088128223
0.763668328982
0.763248019911
0.762827221344
0.762405953871
0.761984238309
0.761562095671
0.761139547135
0.76071661401
0.760293317707
0.75986967971
0.759445721541
0.759021464737
0.758596930818
0.758172141259
0.757747117461
0.757321880728
0.756896452242
0.756470853037
0.75604510398
0.75561922575
0.755193238817
0.754767163431
0.754341019597
0.753914827065
0.753488605313
0.753062373527
0.752636150589
0.752209955058
0.751783805154
0.751357718745
0.750931713333
0.750505806044
0.750080013616
0.749654352395
0.749228838328
0.748803486961
0.748378313437
0.74795333249
0.74752855845
0.747104005249
0.74667968642
0.7462556151
0.745831804032
0.745408265569
0.744985011686
0.744562053982
0.744139403687
0.743717071669
0.743295068447
0.742873404193
0.742452088743
0.742031131609
0.741610541987
0.741190328765
0.740770500537
0.74035106561
0.73993203202
0.739513407537
0.739095199682
0.738677415734
0.738260062745
0.737843147549
0.737426676777
0.737010656865
0.736595094067
0.736179994467
0.735765363989
0.735351208399
0.734937533331
0.734524344318
0.734111646791
0.733699446074
0.733287747398
0.73287655592
0.732465876729
0.732055714856
0.731646075285
0.731236962952
0.730828382763
0.730420339591
0.730012838292
0.729605883709
0.729199480679
0.728793634039
0.72838834864
0.727983629342
0.72757948103
0.727175908616
0.72677291704
0.726370511281
0.725968696357
0.725567477331
0.725166859309
0.724766847446
0.724367446948
0.723968663083
0.723570501174
0.723172966598
0.722776064786
0.722379801224
0.721984181459
0.721589211089
0.721194895774
0.720801241231
0.720408253236
0.72001593763
0.719624300318
0.71923334728
0.718843084566
0.71845351831
0.718064654724
0.717676500096
0.717289060789
0.716902343224
0.716516353866
0.716131099215
0.715746585783
0.715362820086
0.714979808633
0.714597557913
0.714216074397
0.713835364527
0.713455434714
0.713076291335
0.712697940731
0.712320389206
0.711943643022
0.711567708395
0.711192591493
0.71081829843
0.710444835265
0.710072207997
0.70970042256
0.709329484809
0.70895940052
0.708590175378
0.708221814972
0.707854324787
0.707487710195
0.707121976451
0.706757128674
0.706393171845
0.706030110793
0.705667950177
0.70530669448
0.704946347985
0.704586914763
0.704228398651
0.703870803229
0.703514131797
0.703158387344
0.702803572522
0.702449689605
0.702096740456
0.701744726479
0.701393648574
0.701043507085
0.700694301744
0.700346031607
0.699998694996
0.699652289429
0.699306811575
0.698962257197
0.698618621107
0.69827589712
0.697934078046
0.697593155711
0.697253121017
0.696913964051
0.696575674228
0.696238240487
0.695901651522
0.695565896034
0.695230962993
0.694896841883
0.694563522906
0.69423099712
0.693899256516
0.693568293998
0.693238103298
0.692908678831
0.692580015506
0.692252108512
0.691924953102
0.691598544392
0.691272877176
0.690947945763
0.69062374385
0.690300264415
0.689977499636
0.68965544083
0.689334078408
0.68901340184
0.688693399639
0.688374059341
0.688055367497
0.687737309669
0.687419870425
0.68710303334
0.686786780994
0.686471094974
0.686155955875
0.685841343302
0.685527235875
0.68521361123
0.684900446026
0.684587715958
0.684275395764
0.68396345924
0.683651879264
0.68334062782
0.683029676024
0.682718994165
0.682408551742
0.682098317514
0.681788259551
0.681478345284
0.681168541559
0.680858814664
0.680549130298
0.680239453498
0.679929748997
0.679619982229
0.679310119146
0.679000125605
0.678689967447
0.678379610731
0.678069021907
0.677758167955
0.677447016515
0.677135536001
0.676823695707
0.676511465904
0.67619881793
0.675885724253
0.675572158535
0.675258095663
0.674943511764
0.674628384199
0.674312691522
0.673996413422
0.67367953062
0.673362024738
0.673043878108
0.672725073528
0.672405594
0.672085422725
0.671764543451
0.671442940264
0.671120596813
0.670797495811
0.670473618823
0.670148946082
0.669823456309
0.669497126538
0.669169931978
0.668841845923
0.668512839714
0.668182882775
0.667851942733
0.667519985619
0.667186976161
0.666852878182
0.666517655086
0.666181270441
0.665843688645
0.665504875667
0.665164799839
0.664823432688
0.664480749773
0.664136731509
0.663791363935
0.663444639419
0.663096557246
0.662747124089
0.662396354327
0.662044270205
0.661690901826
0.661336286982
0.660980470818
0.660623505364
0.660265448927
0.659906365382
0.65954632339
0.659185395598
0.65882365795
0.658461188937
0.658098068642
0.657734377892
0.657370197554
0.65700560792
0.656640688153
0.656275515795
0.65591016636
0.655544712984
0.655179226156
0.654813773508
0.654448419664
0.654083226139
0.653718251289
0.653353550297
0.652989175187
0.652625174879
0.65226159525
0.651898479224
0.651535866871
0.651173795517
0.650812299859
0.650451412086
0.650091162
0.649731577138
0.649372682895
0.649014502637
0.64865705782
0.648300368099
0.647944451429
0.647589324172
0.647235001187
0.646881495921
0.646528820494
0.646176985773
0.64582600145
0.645475876109
0.645126617287
0.644778231534
0.644430724468
0.644084100827
0.643738364511
0.643393518632
0.643049565554
0.642706506932
0.642364343751
0.642023076361
0.64168270451
0.64134322738
0.641004643613
0.640666951339
0.640330148193
0.639994231334
0.639659197446
0.63932504274
0.638991762924
0.638659353135
0.638327807842
0.637997120677
0.637667284181
0.637338289402
0.637010125318
0.636682778066
0.636356230203
0.636030460718
0.635705447283
0.635381171705
0.635057625831
0.634734812282
0.634412739186
0.634091414283
0.633770842021
0.633451023186
0.633131955538
0.632813634562
0.632496054065
0.632179206595
0.631863083704
0.631547676132
0.631232973908
0.63091896642
0.630605642457
0.630292990225
0.629980997357
0.629669650904
0.629358937322
0.62904884245
0.628739351476
0.628430448885
0.628122118391
0.62781434285
0.627507104195
0.627200383537
0.626894161574
0.626588419048
0.626283136648
0.625978294471
0.625673871622
0.62536984613
0.625066194977
0.624762894152
0.624459918675
0.624157242617
0.623854839104
0.623552680316
0.623250737492
0.622948980925
0.622647379971
0.622345903058
0.622044517696
0.621743190502
0.621441887222
0.621140572764
0.620839211245
0.620537766037
0.620236199829
0.619934474698
0.619632552187
0.619330393402
0.619027959109
0.618725209855
0.618422106092
0.618118608319
0.617814677233
0.617510273887
0.617205359873
0.616899897497
0.616593849977
0.616287181645
0.615979858149
0.61567184667
0.615363116131
0.615053637414
0.614743383568
0.614432330014
0.614120454743
0.613807738498
0.613494164947
0.613179720829
0.61286439609
0.612548183988
0.612231081174
0.611913087739
0.61159420724
0.611274446681
0.610953816464
0.610632330298
0.610310005063
0.609986860623
0.60966291957
0.609338206869
0.60901274935
0.608686574935
0.60835971134
0.608032183788
0.607704010798
0.607375197379
0.607045730525
0.606715600792
0.606384859201
0.606053621638
0.605722005457
0.605390099393
0.605057969655
0.604725669849
0.604393246776
0.604060743282
0.603728199619
0.60339565411
0.603063143463
0.602730702932
0.602398366392
0.602066166371
0.601734134071
0.601402299377
0.601070690868
0.600739335826
0.600408260254
0.600077488897
0.599747045264
0.599416951657
0.599087229202
0.598757897886
0.598428976594
0.598100483146
0.597772434342
0.597444845998
0.597117732994
0.596791109311
0.596464988076
0.596139381604
0.595814301435
0.595489758381
0.595165762557
0.594842323428
0.594519449837
0.594197150045
0.593875431766
0.593554302194
0.593233768039
0.592913835556
0.592594510568
0.592275798498
0.591957704391
0.591640232938
0.5913233885
0.591007175125
0.590691596571
0.590376656325
0.590062357615
0.589748703434
0.58943569655
0.58912333952
0.588811634705
0.588500584281
0.588190190251
0.587880454453
0.587571378575
0.587262964158
0.586955212608
0.586648125203
0.586341703097
0.586035947332
0.585730858836
0.585426438436
0.585122686856
0.584819604723
0.584517192571
0.584215450842
0.583914379891
0.583613979982
0.583314251294
0.583015193921
0.58271680787
0.582419093063
0.582122049338
0.58182567645
0.581529974075
0.581234941809
0.580940579179
0.580646885647
0.580353860624
0.580061503486
0.579769813599
0.579478790348
0.579188433171
0.578898741582
0.578609715199
0.578321353742
0.578033657023
0.577746624917
0.577460257328
0.577174554147
0.576889515223
0.576605140332
0.576321429166
0.57603838132
0.57575599629
0.575474273481
0.575193212204
0.574912811688
0.574633071084
0.574353989475
0.574075565877
0.573797799247
0.573520688492
0.573244232468
0.572968429985
0.572693279813
0.572418780684
0.572144931292
0.571871730294
0.57159917631
0.571327267926
0.571056003688
0.5707853821
0.57051540163
0.570246060698
0.569977357686
0.569709290926
0.569441858709
0.569175059278
0.568908890832
0.568643351526
0.568378439469
0.568114152728
0.567850489327
0.56758744725
0.56732502444
0.5670632188
0.566802028188
0.566541450415
0.566281483293
0.566022124593
0.565763372045
0.565505223346
0.565247676161
0.56499072813
0.564734376861
0.564478619937
0.564223454917
0.563968879333
0.563714890696
0.563461486495
0.5632086642
0.562956421259
0.562704755105
0.562453663154
0.562203142806
0.561953191446
0.56170380645
0.561454985179
0.561206724985
0.560959023211
0.56071187719
0.560465284246
0.5602192417
0.559973746873
0.559728797089
0.559484389669
0.55924052193
0.558997191191
0.558754394768
0.558512129983
0.55827039416
0.558029184626
0.557788498717
0.557548333771
0.557308687137
0.557069556168
0.556830938229
0.556592830693
0.556355230943
0.556118136372
0.555881544385
0.555645452398
0.55540985784
0.555174758151
0.554940150786
0.554706033212
0.554472402908
0.554239257369
0.554006594103
0.553774410633
0.553542704494
0.553311473239
0.553080714435
0.552850425669
0.552620604542
0.552391248674
0.552162355698
0.551933923264
0.55170594904
0.551478430707
0.551251365968
0.551024752538
0.550798588153
0.550572870565
0.550347597547
0.550122766887
0.549898376394
0.549674423895
0.549450907237
0.549227824287
0.549005172933
0.548782951084
0.548561156669
0.548339787642
0.548118841976
0.54789831767
0.547678212747
0.547458525253
0.547239253261
0.54702039487
0.546801948206
0.546583911422
0.546366282701
0.546149060255
0.545932242326
0.54571582719
0.545499813153
0.545284198555
0.545068981773
0.544854161217
0.544639735334
0.54442570261
0.54421206157
0.543998810777
0.54378594884
0.543573474404
0.543361386162
0.54314968285
0.54293836325
0.54272742619
0.542516870548
0.54230669525
0.54209689927
0.541887481637
0.541678441429
0.541469777779
0.541261489873
0.541053576955
0.540846038321
0.540638873326
0.540432081382
0.540225661957
0.540019614583
0.539813938855
0.539608634423
0.539403701001
0.539199138365
0.538994946352
0.538791124861
0.538587673857
0.538384593366
0.538181883479
0.537979544352
0.537777576203
0.537575979315
0.537374754036
0.537173900779
0.536973420018
0.536773312294
0.53657357821
0.536374218433
0.536175233692
0.53597662478
0.535778392549
0.535580537916
0.535383061856
0.535185965405
0.534989249659
0.53479291577
0.534596964948
0.534401398462
0.534206217634
0.534011423839
0.533817018508
0.533623003123
0.533429379215
0.533236148366
0.533043312206
0.53285087241
0.532658830702
0.532467188847
0.532275948658
0.532085111987
0.531894680728
0.531704656812
0.531515042206
0.531325838912
0.531137048963
0.530948674426
0.530760717395
0.530573179995
0.530386064374
0.530199372707
0.530013107192
0.529827270047
0.529641863512
0.529456889842
0.529272351312
0.529088250209
0.528904588833
0.528721369497
0.528538594522
0.528356266237
0.52817438698
0.527992959089
0.52781198491
0.527631466786
0.527451407065
0.527271808088
0.527092672196
0.526914001726
0.526735799007
0.526558066361
0.5263808061
0.526204020529
0.526027711936
0.525851882601
0.525676534786
0.525501670738
0.525327292687
0.525153402847
0.524980003409
0.524807096547
0.52463468441
0.524462769128
0.524291352804
0.524120437519
0.523950025329
0.523780118262
0.523610718321
0.523441827482
0.523273447693
0.523105580874
0.522938228918
0.52277139369
0.522605077027
0.522439280739
0.522274006612
0.522109256405
0.521945031852
0.521781334668
0.521618166546
0.521455529164
0.521293424183
0.521131853256
0.520970818028
0.520810320141
0.520650361242
0.520490942983
0.520332067034
0.52017373508
0.520015948835
0.519858710045
0.519702020493
0.519545882007
0.519390296461
0.519235265784
0.519080791959
0.518926877023
0.518773523071
0.518620732249
0.518468506753
0.518316848817
0.518165760715
0.518015244738
0.517865303193
0.517715938386
0.517567152609
0.517418948126
0.517271327161
0.517124291886
0.516977844407
0.516831986754
0.516686720874
0.51654204862
0.505105831787
0.49881754994
0.494011314052
0.492892993353
0.494220051801
0.492351219304
0.490651678724
0.493721774795
0.495043624828
0.496627197169
0.499495834954
0.50459450116
0.50633370017
0.506257562414
0.508816269342
0.50941696261
0.508669549042
0.503671866494
0.50225418598
0.502980351644
0.50651160803
0.508119870119
0.498254252939
0.491892837478
0.487555302052
0.483657296488
0.481393560201
0.477077562625
0.469480213447
0.465451631288
0.463783197983
0.46572652599
0.46681131955
0.462741183857
0.46064775334
0.456595257373
0.45366000451
0.453278600469
0.454160994441
0.456034617688
0.459082511915
0.45943541451
0.454290734851
0.452688921164
0.451671150727
0.450330346613
0.44961224457
0.450008698188
0.452689978965
0.456859020753
0.461449900488
0.464169389393
0.467234518529
0.468033084701
0.468624223584
0.465585239755
0.464210991203
0.467836814584
0.472024194871
0.481530135968
0.486706484915
0.497343142381
0.503945009369
0.506741433915
0.507563152434
0.509238991418
0.506132500793
0.505671405008
0.505913454197
0.50773559081
