1.4155343564e-17
2.49687517368e-07
9.98750277242e-07
2.2471889034e-06
3.99500443534e-06
6.24219832841e-06
8.98877245379e-06
1.22347290984e-05
1.59800709651e-05
2.02248011726e-05
2.49689232551e-05
3.02124411632e-05
3.59553592628e-05
4.21976823361e-05
4.89394155809e-05
5.61805646109e-05
6.39211354559e-05
7.21611345613e-05
8.09005687885e-05
9.01394454151e-05
9.98777721342e-05
0.000110115557055
0.000120852808703
0.000132089536019
0.000143825748361
0.000156061455501
0.00016879666763
0.000182031395351
0.000195765649688
0.000209999442076
0.000224732784371
0.00023996568884
0.000255698168171
0.000271930235466
0.000288661904243
0.000305893188435
0.000323624102395
0.00034185466089
0.000360584879101
0.000379814772631
0.000399544357494
0.000419773650122
0.000440502667367
0.000461731426491
0.000483459945178
0.000505688241526
0.00052841633405
0.000551644241681
0.000575371983768
0.000599599580077
0.000624327050787
0.000649554416499
0.000675281698227
0.000701508917403
0.000728236095876
0.000755463255912
0.000783190420194
0.000811417611821
0.00084014485431
0.000869372171596
0.000899099588028
0.000929327128376
0.000960054817825
0.000991282681976
0.00102301074685
0.00105523903889
0.00108796758494
0.00112119641228
0.00115492554859
0.00118915502199
0.001223884861
0.00125911509456
0.00129484575204
0.0013310768632
0.00136780845825
0.0014050405678
0.00144277322288
0.00148100645494
0.00151974029585
0.0015589747779
0.00159870993378
0.00163894579663
0.00167968239997
0.00172091977778
0.00176265796443
0.00180489699471
0.00184763690384
0.00189087772745
0.00193461950159
0.00197886226274
0.00202360604778
0.00206885089403
0.0021145968392
0.00216084392144
0.00220759217933
0.00225484165184
0.00230259237838
0.00235084439877
0.00239959775326
0.0024488524825
0.00249860862758
0.00254886622999
0.00259962533167
0.00265088597494
0.00270264820257
0.00275491205775
0.00280767758406
0.00286094482553
0.00291471382661
0.00296898463214
0.00302375728742
0.00307903183815
0.00313480833044
0.00319108681083
0.0032478673263
0.00330514992423
0.00336293465241
0.00342122155909
0.00348001069289
0.0035393021029
0.00359909583859
0.00365939194989
0.00372019048711
0.00378149150102
0.00384329504279
0.00390560116402
0.00396840991672
0.00403172135333
0.00409553552671
0.00415985249016
0.00422467229737
0.00428999500247
0.00435582066001
0.00442214932497
0.00448898105274
0.00455631589914
0.00462415392041
0.00469249517321
0.00476133971463
0.00483068760218
0.00490053889378
0.00497089364781
0.00504175192303
0.00511311377865
0.00518497927429
0.00525734847
0.00533022142627
0.00540359820397
0.00547747886444
0.00555186346942
0.00562675208108
0.00570214476201
0.00577804157523
0.00585444258419
0.00593134785275
0.00600875744519
0.00608667142625
0.00616508986106
0.00624401281519
0.00632344035463
0.00640337254579
0.00648380945553
0.0065647511511
0.00664619770021
0.00672814917097
0.00681060563192
0.00689356715205
0.00697703380074
0.00706100564782
0.00714548276354
0.00723046521859
0.00731595308405
0.00740194643147
0.00748844533279
0.00757544986041
0.00766296008714
0.00775097608621
0.00783949793128
0.00792852569647
0.00801805945627
0.00810809928565
0.00819864525998
0.00828969745506
0.00838125594713
0.00847332081285
0.0085658921293
0.00865896997401
0.00875255442493
0.00884664556042
0.0089412434593
0.00903634820079
0.00913195986457
0.00922807853071
0.00932470427975
0.00942183719263
0.00951947735074
0.00961762483589
0.00971627973031
0.00981544211668
0.00991511207811
0.0100152896981
0.0101159750607
0.0102171682501
0.0103188693514
0.0104210784497
0.0105237956306
0.0106270209804
0.0107307545856
0.0108349965331
0.0109397469104
0.0110450058052
0.011150773306
0.0112570495014
0.0113638344804
0.0114711283328
0.0115789311485
0.011687243018
0.011796064032
0.011905394282
0.0120152338597
0.0121255828572
0.0122364413671
0.0123478094825
0.0124596872968
0.012572074904
0.0126849723984
0.0127983798748
0.0129122974283
0.0130267251546
0.0131416631499
0.0132571115105
0.0133730703335
0.0134895397163
0.0136065197566
0.0137240105527
0.0138420122033
0.0139605248075
0.014079548465
0.0141990832756
0.0143191293398
0.0144396867585
0.014560755633
0.014682336065
0.0148044281568
0.0149270320109
0.0150501477303
0.0151737754187
0.0152979151798
0.0154225671182
0.0155477313385
0.015673407946
0.0157995970465
0.0159262987459
0.016053513151
0.0161812403686
0.0163094805062
0.0164382336717
0.0165674999734
0.0166972795201
0.0168275724209
0.0169583787855
0.017089698724
0.0172215323468
0.0173538797649
0.0174867410897
0.0176201164331
0.0177540059073
0.017888409625
0.0180233276994
0.0181587602441
0.0182947073731
0.0184311692008
0.0185681458423
0.0187056374129
0.0188436440284
0.018982165805
0.0191212028594
0.0192607553088
0.0194008232707
0.0195414068631
0.0196825062046
0.019824121414
0.0199662526106
0.0201088999142
0.0202520634452
0.0203957433241
0.0205399396721
0.0206846526107
0.020829882262
0.0209756287485
0.0211218921929
0.0212686727187
0.0214159704496
0.0215637855099
0.0217121180243
0.0218609681179
0.0220103359162
0.0221602215454
0.0223106251317
0.0224615468023
0.0226129866843
0.0227649449057
0.0229174215946
0.0230704168798
0.0232239308904
0.023377963756
0.0235325156067
0.0236875865728
0.0238431767855
0.023999286376
0.0241559154761
0.0243130642182
0.024470732735
0.0246289211597
0.0247876296258
0.0249468582675
0.0251066072193
0.0252668766162
0.0254276665935
0.0255889772872
0.0257508088335
0.0259131613694
0.0260760350318
0.0262394299587
0.026403346288
0.0265677841583
0.0267327437087
0.0268982250786
0.0270642284081
0.0272307538374
0.0273978015073
0.0275653715593
0.0277334641349
0.0279020793764
0.0280712174265
0.0282408784282
0.028411062525
0.0285817698611
0.0287530005807
0.0289247548289
0.0290970327509
0.0292698344926
0.0294431602003
0.0296170100207
0.0297913841009
0.0299662825885
0.0301417056318
0.0303176533791
0.0304941259795
0.0306711235824
0.0308486463377
0.0310266943959
0.0312052679076
0.0313843670242
0.0315639918973
0.0317441426792
0.0319248195225
0.0321060225803
0.0322877520061
0.032470007954
0.0326527905784
0.0328361000341
0.0330199364767
0.0332043000619
0.0333891909459
0.0335746092857
0.0337605552383
0.0339470289614
0.0341340306131
0.0343215603521
0.0345096183373
0.0346982047283
0.0348873196849
0.0350769633677
0.0352671359375
0.0354578375556
0.0356490683838
0.0358408285843
0.03603311832
0.0362259377538
0.0364192870495
0.0366131663712
0.0368075758834
0.0370025157511
0.0371979861397
0.0373939872153
0.0375905191442
0.0377875820932
0.0379851762297
0.0381833017215
0.0383819587367
0.0385811474441
0.0387808680128
0.0389811206125
0.0391819054133
0.0393832225856
0.0395850723005
0.0397874547295
0.0399903700445
0.0401938184179
0.0403978000226
0.0406023150318
0.0408073636193
0.0410129459595
0.041219062227
0.041425712597
0.0416328972451
0.0418406163475
0.0420488700807
0.0422576586217
0.042466982148
0.0426768408376
0.0428872348689
0.0430981644208
0.0433096296726
0.0435216308043
0.0437341679959
0.0439472414284
0.0441608512829
0.0443749977411
0.0445896809851
0.0448049011975
0.0450206585615
0.0452369532605
0.0454537854786
0.0456711554002
0.0458890632103
0.0461075090943
0.046326493238
0.0465460158278
0.0467660770505
0.0469866770934
0.0472078161442
0.0474294943911
0.0476517120228
0.0478744692284
0.0480977661975
0.0483216031202
0.0485459801871
0.0487708975891
0.0489963555178
0.049222354165
0.0494488937232
0.0496759743853
0.0499035963445
0.0501317597948
0.0503604649304
0.0505897119461
0.0508195010371
0.051049832399
0.051280706228
0.0515121227208
0.0517440820745
0.0519765844865
0.052209630155
0.0524432192784
0.0526773520558
0.0529120286865
0.0531472493704
0.053383014308
0.0536193237
0.0538561777479
0.0540935766533
0.0543315206185
0.0545700098463
0.0548090445399
0.0550486249028
0.0552887511393
0.0555294234539
0.0557706420517
0.0560124071382
0.0562547189195
0.0564975776021
0.0567409833928
0.0569849364991
0.0572294371289
0.0574744854906
0.0577200817929
0.0579662262452
0.0582129190572
0.0584601604392
0.0587079506019
0.0589562897565
0.0592051781145
0.0594546158882
0.0597046032901
0.0599551405333
0.0602062278313
0.0604578653981
0.0607100534481
0.0609627921964
0.0612160818582
0.0614699226496
0.0617243147867
0.0619792584866
0.0622347539663
0.0624908014438
0.0627474011372
0.0630045532652
0.063262258047
0.0635205157022
0.063779326451
0.0640386905138
0.0642986081118
0.0645590794665
0.0648201047999
0.0650816843343
0.0653438182928
0.0656065068987
0.0658697503759
0.0661335489487
0.0663979028419
0.0666628122808
0.0669282774912
0.0671942986992
0.0674608761315
0.0677280100153
0.0679957005782
0.0682639480482
0.068532752654
0.0688021146245
0.0690720341892
0.0693425115781
0.0696135470217
0.0698851407507
0.0701572929966
0.0704300039912
0.0707032739669
0.0709771031563
0.0712514917927
0.0715264401098
0.0718019483418
0.0720780167232
0.0723546454893
0.0726318348756
0.0729095851181
0.0731878964533
0.0734667691182
0.0737462033503
0.0740261993873
0.0743067574678
0.0745878778305
0.0748695607147
0.0751518063602
0.0754346150072
0.0757179868965
0.0760019222691
0.0762864213667
0.0765714844314
0.0768571117058
0.0771433034328
0.0774300598559
0.0777173812192
0.0780052677669
0.078293719744
0.0785827373958
0.0788723209681
0.0791624707071
0.0794531868596
0.0797444696728
0.0800363193943
0.0803287362722
0.0806217205551
0.0809152724919
0.0812093923323
0.0815040803261
0.0817993367238
0.0820951617762
0.0823915557347
0.082688518851
0.0829860513774
0.0832841535666
0.0835828256717
0.0838820679465
0.0841818806449
0.0844822640214
0.0847832183312
0.0850847438297
0.0853868407726
0.0856895094165
0.0859927500181
0.0862965628348
0.0866009481241
0.0869059061444
0.0872114371542
0.0875175414127
0.0878242191793
0.0881314707141
0.0884392962776
0.0887476961306
0.0890566705344
0.089366219751
0.0896763440425
0.0899870436716
0.0902983189015
0.0906101699959
0.0909225972187
0.0912356008344
0.0915491811081
0.0918633383051
0.0921780726912
0.0924933845327
0.0928092740965
0.0931257416496
0.0934427874596
0.0937604117948
0.0940786149235
0.0943973971147
0.0947167586379
0.0950366997629
0.0953572207599
0.0956783218997
0.0960000034535
0.0963222656928
0.0966451088898
0.0969685333169
0.097292539247
0.0976171269535
0.0979422967102
0.0982680487914
0.0985943834716
0.0989213010261
0.0992488017303
0.0995768858603
0.0999055536924
0.100234805503
0.100564641571
0.100895062172
0.101226067586
0.10155765809
0.101889833963
0.102222595486
0.102555942938
0.102889876599
0.10322439675
0.103559503672
0.103895197646
0.104231478956
0.104568347882
0.104905804708
0.105243849717
0.105582483192
0.105921705419
0.106261516681
0.106601917263
0.10694290745
0.107284487529
0.107626657786
0.107969418506
0.108312769978
0.108656712488
0.109001246324
0.109346371775
0.109692089129
0.110038398676
0.110385300704
0.110732795504
0.111080883365
0.111429564579
0.111778839437
0.11212870823
0.11247917125
0.112830228789
0.11318188114
0.113534128597
0.113886971452
0.114240409999
0.114594444533
0.114949075349
0.115304302741
0.115660127005
0.116016548437
0.116373567333
0.11673118399
0.117089398704
0.117448211774
0.117807623496
0.11816763417
0.118528244093
0.118889453565
0.119251262885
0.119613672353
0.119976682268
0.120340292932
0.120704504644
0.121069317707
0.121434732422
0.12180074909
0.122167368015
0.122534589498
0.122902413843
0.123270841354
0.123639872333
0.124009507086
0.124379745916
0.12475058913
0.125122037031
0.125494089925
0.125866748119
0.126240011919
0.12661388163
0.126988357562
0.12736344002
0.127739129312
0.128115425747
0.128492329633
0.128869841278
0.129247960992
0.129626689084
0.130006025864
0.130385971642
0.130766526728
0.131147691434
0.131529466069
0.131911850947
0.132294846378
0.132678452674
0.133062670148
0.133447499113
0.133832939881
0.134218992766
0.134605658083
0.134992936143
0.135380827263
0.135769331756
0.136158449938
0.136548182124
0.136938528629
0.137329489769
0.137721065861
0.13811325722
0.138506064164
0.138899487009
0.139293526073
0.139688181674
0.140083454129
0.140479343756
0.140875850875
0.141272975803
0.14167071886
0.142069080366
0.142468060639
0.142867659999
0.143267878768
0.143668717264
0.14407017581
0.144472254725
0.144874954331
0.145278274949
0.145682216902
0.14608678051
0.146491966097
0.146897773984
0.147304204495
0.147711257952
0.148118934679
0.148527234999
0.148936159235
0.149345707712
0.149755880753
0.150166678684
0.150578101828
0.15099015051
0.151402825056
0.15181612579
0.152230053039
0.152644607127
0.153059788381
0.153475597126
0.15389203369
0.154309098398
0.154726791576
0.155145113553
0.155564064655
0.155983645209
0.156403855542
0.156824695983
0.157246166858
0.157668268497
0.158091001227
0.158514365375
0.158938361272
0.159362989245
0.159788249623
0.160214142736
0.160640668911
0.161067828479
0.161495621768
0.161924049108
0.16235311083
0.162782807262
0.163213138734
0.163644105577
0.164075708121
0.164507946695
0.164940821631
0.165374333258
0.165808481908
0.166243267911
0.166678691598
0.167114753299
0.167551453346
0.16798879207
0.168426769802
0.168865386872
0.169304643614
0.169744540357
0.170185077433
0.170626255174
0.171068073911
0.171510533976
0.1719536357
0.172397379416
0.172841765454
0.173286794148
0.173732465828
0.174178780826
0.174625739474
0.175073342104
0.175521589049
0.175970480639
0.176420017206
0.176870199084
0.177321026603
0.177772500095
0.178224619892
0.178677386326
0.179130799729
0.179584860433
0.180039568769
0.180494925069
0.180950929664
0.181407582887
0.181864885068
0.18232283654
0.182781437633
0.183240688679
0.183700590009
0.184161141955
0.184622344846
0.185084199015
0.185546704792
0.186009862508
0.186473672494
0.186938135079
0.187403250595
0.187869019372
0.188335441739
0.188802518027
0.189270248566
0.189738633684
0.190207673713
0.19067736898
0.191147719816
0.191618726548
0.192090389506
0.192562709019
0.193035685415
0.193509319021
0.193983610166
0.194458559178
0.194934166384
0.195410432111
0.195887356686
0.196364940436
0.196843183688
0.197322086767
0.19780165
0.198281873712
0.198762758229
0.199244303875
0.199726510976
0.200209379855
0.200692910838
0.201177104247
0.201661960407
0.20214747964
0.202633662269
0.203120508616
0.203608019004
0.204096193754
0.204585033187
0.205074537625
0.205564707387
0.206055542794
0.206547044165
0.20703921182
0.207532046077
0.208025547255
0.208519715671
0.209014551643
0.209510055487
0.210006227521
0.210503068059
0.211000577418
0.211498755912
0.211997603855
0.212497121562
0.212997309346
0.213498167519
0.213999696394
0.214501896282
0.215004767494
0.21550831034
0.216012525131
0.216517412175
0.217022971781
0.217529204257
0.21803610991
0.218543689047
0.219051941973
0.219560868994
0.220070470414
0.220580746537
0.221091697666
0.221603324104
0.222115626151
0.222628604109
0.223142258279
0.223656588958
0.224171596446
0.22468728104
0.225203643037
0.225720682733
0.226238400423
0.226756796402
0.227275870963
0.227795624398
0.228316056999
0.228837169057
0.229358960861
0.2298814327
0.230404584862
0.230928417634
0.231452931302
0.231978126151
0.232504002464
0.233030560524
0.233557800614
0.234085723013
0.234614328001
0.235143615857
0.235673586859
0.236204241281
0.236735579401
0.23726760149
0.237800307823
0.238333698671
0.238867774303
0.23940253499
0.239937980999
0.240474112596
0.241010930046
0.241548433615
0.242086623564
0.242625500154
0.243165063646
0.243705314298
0.244246252368
0.24478787811
0.245330191779
0.245873193629
0.246416883909
0.246961262871
0.247506330761
0.248052087828
0.248598534316
0.249145670469
0.249693496529
0.250242012735
0.250791219327
0.251341116542
0.251891704615
0.252442983779
0.252994954266
0.253547616307
0.254100970129
0.254655015959
0.255209754021
0.255765184538
0.256321307731
0.256878123818
0.257435633017
0.257993835542
0.258552731606
0.259112321421
0.259672605194
0.260233583133
0.260795255442
0.261357622323
0.261920683977
0.262484440603
0.263048892395
0.263614039547
0.264179882251
0.264746420695
0.265313655066
0.265881585549
0.266450212324
0.267019535572
0.267589555468
0.268160272189
0.268731685904
0.269303796784
0.269876604994
0.2704501107
0.271024314061
0.271599215237
0.272174814382
0.272751111651
0.273328107192
0.273905801153
0.274484193679
0.275063284911
0.275643074986
0.27622356404
0.276804752206
0.277386639611
0.277969226383
0.278552512644
0.279136498513
0.279721184106
0.280306569537
0.280892654913
0.281479440343
0.282066925927
0.282655111765
0.283243997953
0.283833584582
0.28442387174
0.285014859512
0.285606547978
0.286198937215
0.286792027297
0.287385818291
0.287980310264
0.288575503277
0.289171397386
0.289767992643
0.290365289099
0.290963286797
0.291561985777
0.292161386076
0.292761487723
0.293362290747
0.29396379517
0.294566001008
0.295168908276
0.295772516982
0.296376827128
0.296981838714
0.297587551733
0.298193966175
0.298801082022
0.299408899253
0.300017417842
0.300626637756
0.301236558959
0.301847181408
0.302458505054
0.303070529844
0.303683255718
0.304296682612
0.304910810454
0.305525639168
0.30614116867
0.306757398873
0.307374329682
0.307991960995
0.308610292704
0.309229324698
0.309849056854
0.310469489047
0.311090621144
0.311712453003
0.312334984479
0.312958215418
0.313582145659
0.314206775034
0.314832103368
0.315458130479
0.316084856177
0.316712280265
0.317340402538
0.317969222784
0.318598740783
0.319228956306
0.319859869117
0.320491478973
0.32112378562
0.321756788798
0.322390488238
0.323024883662
0.323659974783
0.324295761306
0.324932242927
0.325569419333
0.326207290202
0.326845855201
0.327485113991
0.32812506622
0.328765711529
0.329407049547
0.330049079895
0.330691802183
0.331335216011
0.331979320969
0.332624116636
0.333269602581
0.333915778363
0.334562643528
0.335210197612
0.335858440142
0.33650737063
0.337156988579
0.337807293482
0.338458284815
0.339109962048
0.339762324636
0.340415372022
0.341069103637
0.3417235189
0.342378617217
0.343034397981
0.343690860573
0.344348004359
0.345005828695
0.345664332921
0.346323516364
0.346983378338
0.347643918142
0.348305135063
0.348967028371
0.349629597324
0.350292841165
0.350956759121
0.351621350407
0.352286614219
0.352952549741
0.353619156142
0.354286432572
0.354954378169
0.355622992053
0.356292273329
0.356962221086
0.357632834396
0.358304112315
0.358976053881
0.359648658118
0.36032192403
0.360995850606
0.361670436817
0.362345681616
0.363021583939
0.363698142704
0.364375356811
0.365053225142
0.365731746562
0.366410919915
0.367090744028
0.36777121771
0.36845233975
0.369134108919
0.369816523967
0.370499583627
0.371183286612
0.371867631614
0.372552617308
0.373238242348
0.373924505367
0.374611404979
0.375298939779
0.37598710834
0.376675909216
0.377365340941
0.378055402027
0.378746090966
0.37943740623
0.38012934627
0.380821909517
0.38151509438
0.382208899248
0.382903322489
0.38359836245
0.384294017458
0.384990285816
0.385687165811
0.386384655706
0.387082753742
0.387781458143
0.388480767108
0.389180678819
0.389881191434
0.390582303094
0.391284011915
0.391986315996
0.392689213415
0.393392702229
0.394096780475
0.39480144617
0.395506697312
0.39621253188
0.39691894783
0.397625943104
0.398333515621
0.399041663282
0.39975038397
0.400459675551
0.401169535871
0.40187996276
0.402590954028
0.403302507471
0.404014620867
0.404727291978
0.405440518549
0.406154298311
0.40686862898
0.407583508255
0.408298933824
0.409014903359
0.40973141452
0.410448464954
0.411166052294
0.411884174166
0.41260282818
0.413322011938
0.414041723032
0.414761959045
0.415482717552
0.416203996117
0.416925792301
0.417648103656
0.418370927728
0.419094262061
0.419818104191
0.420542451653
0.421267301979
0.421992652698
0.422718501339
0.42344484543
0.424171682501
0.424899010084
0.42562682571
0.426355126918
0.427083911248
0.427813176246
0.428542919466
0.429273138467
0.430003830817
0.430734994092
0.431466625881
0.43219872378
0.432931285401
0.433664308367
0.434397790315
0.435131728897
0.435866121784
0.43660096666
0.43733626123
0.438072003217
0.438808190365
0.439544820439
0.440281891226
0.441019400537
0.441757346207
0.442495726095
0.443234538089
0.443973780102
0.444713450077
0.445453545984
0.446194065824
0.446935007632
0.44767636947
0.448418149437
0.449160345664
0.449902956316
0.450645979594
0.451389413736
0.452133257018
0.45287750775
0.453622164284
0.45436722501
0.455112688358
0.455858552799
0.456604816845
0.457351479049
0.458098538007
0.458845992359
0.459593840786
0.460342082014
0.461090714815
0.461839738002
0.462589150436
0.463338951022
0.464089138711
0.464839712499
0.465590671428
0.466342014588
0.467093741113
0.467845850185
0.468598341031
0.469351212925
0.470104465188
0.470858097185
0.471612108331
0.472366498083
0.473121265947
0.473876411472
0.474631934253
0.475387833932
0.476144110194
0.476900762766
0.477657791424
0.478415195983
0.479172976304
0.479931132287
0.480689663878
0.481448571061
0.482207853862
0.482967512347
0.483727546622
0.48448795683
0.485248743153
0.486009905811
0.48677144506
0.487533361191
0.488295654531
0.489058325439
0.489821374311
0.49058480157
0.491348607676
0.492112793116
0.492877358408
0.493642304099
0.494407630763
0.495173339001
0.49593942944
0.496705902732
0.497472759555
0.498240000606
0.499007626608
0.499775638302
0.500544036452
0.50131282184
0.502081995264
0.502851557543
0.50362150951
0.504391852014
0.505162585917
0.505933712097
0.506705231443
0.507477144854
0.508249453243
0.50902215753
0.509795258645
0.510568757524
0.511342655114
0.512116952364
0.51289165023
0.513666749673
0.514442251657
0.515218157149
0.515994467117
0.516771182532
0.517548304365
0.518325833585
0.519103771162
0.519882118064
0.520660875255
0.521440043699
0.522219624354
0.522999618173
0.523780026106
0.524560849097
0.525342088082
0.526123743994
0.526905817754
0.527688310279
0.528471222476
0.529254555245
0.530038309473
0.530822486041
0.531607085819
0.532392109665
0.533177558427
0.533963432944
0.534749734038
0.535536462525
0.536323619205
0.537111204865
0.537899220282
0.538687666218
0.539476543421
0.540265852626
0.541055594555
0.541845769914
0.542636379398
0.543427423683
0.544218903434
0.545010819299
0.545803171913
0.546595961895
0.547389189848
0.548182856361
0.548976962008
0.549771507347
0.55056649292
0.551361919253
0.55215778686
0.552954096235
0.553750847859
0.554548042197
0.555345679698
0.556143760797
0.556942285911
0.557741255443
0.558540669781
0.559340529297
0.560140834347
0.560941585273
0.561742782402
0.562544426044
0.563346516495
0.564149054037
0.564952038936
0.565755471445
0.566559351799
0.567363680223
0.568168456923
0.568973682095
0.569779355917
0.570585478557
0.571392050166
0.572199070882
0.573006540831
0.573814460123
0.574622828858
0.575431647121
0.576240914982
0.577050632503
0.577860799729
0.578671416696
0.579482483424
0.580293999925
0.581105966196
0.581918382223
0.58273124798
0.583544563432
0.584358328529
0.585172543213
0.585987207412
0.586802321047
0.587617884026
0.588433896246
0.589250357596
0.590067267954
0.590884627186
0.591702435151
0.592520691698
0.593339396666
0.594158549885
0.594978151175
0.595798200349
0.59661869721
0.597439641553
0.598261033163
0.59908287182
0.599905157293
0.600727889345
0.601551067729
0.602374692193
0.603198762476
0.60402327831
0.604848239419
0.605673645523
0.606499496332
0.607325791549
0.608152530874
0.608979713997
0.609807340604
0.610635410372
0.611463922976
0.612292878082
0.61312227535
0.613952114438
0.614782394993
0.615613116662
0.616444279082
0.617275881887
0.618107924708
0.618940407166
0.619773328881
0.620606689467
0.621440488533
0.622274725683
0.623109400518
0.623944512632
0.624780061617
0.625616047059
0.626452468541
0.62728932564
0.628126617931
0.628964344982
0.62980250636
0.630641101626
0.631480130337
0.632319592047
0.633159486304
0.633999812655
0.63484057064
0.635681759797
0.63652337966
0.637365429757
0.638207909614
0.639050818752
0.639894156688
0.640737922935
0.641582117002
0.642426738393
0.643271786608
0.644117261142
0.644963161487
0.645809487128
0.646656237548
0.647503412223
0.648351010625
0.649199032218
0.650047476465
0.650896342821
0.651745630734
0.652595339649
0.653445469002
0.654296018223
0.655146986736
0.655998373958
0.656850179297
0.657702402155
0.658555041923
0.659408097988
0.660261569722
0.661115456493
0.661969757656
0.662824472555
0.663679600525
0.664535140887
0.665391092952
0.666247456017
0.667104229363
0.66796141226
0.668819003961
0.669677003702
0.670535410702
0.671394224162
0.672253443265
0.673113067172
0.673973095022
0.674833525931
0.675694358992
0.67655559327
0.677417227806
0.678279261607
0.679141693653
0.68000452289
0.680867748228
0.68173136854
0.682595382662
0.683459789385
0.684324587458
0.68518977558
0.686055352403
0.686921316522
0.687787666477
0.688654400748
0.689521517748
0.690389015824
0.691256893248
0.692125148215
0.692993778837
0.693862783139
0.694732159049
0.695601904398
0.696472016908
0.697342494187
0.698213333725
0.69908453288
0.699956088872
0.700827998775
0.701700259507
0.702572867819
0.703445820281
0.704319113278
0.705192742987
0.706066705374
0.706940996171
0.707815610864
0.70869054468
0.709565792562
0.710441349156
0.711317208792
0.712193365455
0.713069812774
0.713946543985
0.714823551917
0.715700828957
0.716578367024
0.717456157538
0.718334191386
0.719212458889
0.720090949763
0.720969653083
0.721848557237
0.722727649887
0.72360691792
0.724486347402
0.725365923522
0.726245630545
0.727125451749
0.728005369372
0.728885364546
0.729765417237
0.730645506174
0.731525608785
0.732405701127
0.733285757808
0.734165751919
0.73504565496
0.735925436759
0.736805065404
0.737684507164
0.73856372642
0.739442685593
0.740321345079
0.741199663188
0.742077596089
0.742955097762
0.743832119962
0.744708612189
0.745584521679
0.746459793401
0.747334370079
0.748208192226
0.749081198205
0.74995332431
0.750824504871
0.75169467239
0.752563757696
0.75343169014
0.754298397807
0.75516380777
0.756027846359
0.756890439461
0.757751512844
0.758610992499
0.759468804999
0.760324877865
0.761179139937
0.762031521741
0.762881955839
0.763730377168
0.764576723341
0.765420934919
0.766262955645
0.767102732647
0.767940216601
0.768775361878
0.769608126629
0.77043847278
0.771266365884
0.772091774833
0.772914671463
0.773735030093
0.774552827029
0.775368040022
0.776180647677
0.776990628816
0.777797961779
0.778602623684
0.779404589624
0.780203831837
0.781000318815
0.781794014392
0.782584876775
0.783372857559
0.784157900691
0.784939941413
0.785718905171
0.786494706501
0.7872672479
0.788036418694
0.788802093916
0.789564133224
0.790322379894
0.791076659914
0.791826781251
0.792572533342
0.793313686894
0.794049994075
0.794781189197
0.795506989983
0.796227099516
0.796941208964
0.797649001122
0.798350154818
0.799044350131
0.799731274348
0.800410628485
0.801082134139
0.801745540362
0.802400630193
0.803047226476
0.803685196599
0.804314455808
0.8049349689
0.805546750148
0.806149861481
0.80674440906
0.807330538499
0.807908429053
0.808478287164
0.809040339729
0.809594827447
0.810141998539
0.810682103064
0.811215387987
0.81174209307
0.812262447616
0.812776668021
0.813284956073
0.81378749791
0.814284463541
0.814776006813
0.815262265748
0.815743363149
0.816219407402
0.816690493401
0.817156703558
0.81761810883
0.818074769749
0.818526737422
0.818974054476
0.819416755944
0.819854870067
0.820288419018
0.820717419545
0.821141883517
0.821561818391
0.821977227601
0.822388110861
0.822794464413
0.823196281212
0.823593551064
0.823986260749
0.824374394117
0.82475793221
0.825136853406
0.825511133622
0.825880746595
0.82624566426
0.826605857259
0.826961295585
0.827311949379
0.82765778989
0.827998790591
0.828334928442
0.828666185285
0.828992549321
0.829314016643
0.829630592759
0.829942294046
0.830249149066
0.830551199664
0.830848501794
0.831141125985
0.831429157402
0.831712695449
0.831991852878
0.832266754382
0.832537534666
0.832804335978
0.833067305128
0.833326589978
0.833582335424
0.833834678853
0.834083745073
0.834329640677
0.834572447826
0.834812217391
0.835048961439
0.835282645045
0.835513177481
0.83574040289
0.835964090731
0.836183926418
0.83639950289
0.836610314114
0.836815751929
0.837015107948
0.837207582505
0.837392302568
0.837568350167
0.837734801809
0.837890777782
0.838035498088
0.838168339609
0.838288887465
0.838396973214
0.838492693833
0.838576408338
0.838648712695
0.838710397232
0.838762393234
0.838805716138
0.838841411918
0.838870511378
0.838893994852
0.838912767827
0.838927646558
0.838939351957
0.83894850974
0.83895565489
0.838961238821
0.83896563793
0.838969162618
0.838972066156
0.838974552997
0.838976786329
0.838978894778
0.838980978248
0.838983112952
0.838985355686
0.838987747434
0.838990316391
0.838993080474
0.838996049401
0.838999226403
0.839002609624
0.839006193263
0.839009968498
0.839013924229
0.839018047673
0.839022324832
0.839026740862
0.839031280359
0.839035927574
0.839040666575
0.839045481366
0.83905035597
0.839055274484
0.839060221113
0.83906518019
0.839070136187
0.839075073712
0.839079977506
0.839084832442
0.839089623513
0.839094335829
0.839098954615
0.839103465207
0.839107853053
0.839112103712
0.839116202857
0.839120136271
0.839123889849
0.83912744958
0.839130801536
0.839133931839
0.839136826623
0.839139471964
0.839141853808
0.839143957852
0.83914576941
0.839147273239
0.839148453327
0.839149292634
0.83914977279
0.839149873739
0.839149573329
0.839148846842
0.839147666458
0.839146000667
0.839143813607
0.839141064341
0.83913770608
0.839133685346
0.839128941091
0.839123403781
0.839116994463
0.83910962384
0.839101191369
0.839091584439
0.839080677645
0.839068332227
0.839054395728
0.839038701927
0.839021071115
0.839001310801
0.838979216883
0.838954575369
0.838927164658
0.838896758417
0.838863128998
0.838826051346
0.838785307254
0.838740689799
0.838692007714
0.838639089413
0.838581786344
0.838519975327
0.838453559571
0.838382468089
0.838306653296
0.838226086644
0.83814075223
0.838050638436
0.837955727705
0.837855984703
0.837751343171
0.837641691902
0.837526860423
0.837406605126
0.83728059689
0.837148411487
0.837009524461
0.836863312439
0.836709063033
0.836545995296
0.836373292055
0.836190144118
0.835995804328
0.835789647083
0.835571226631
0.835340326173
0.835096990039
0.834841533499
0.834574528424
0.834296767351
0.834009211934
0.833712933728
0.833409055093
0.833098696492
0.832782934027
0.832462768677
0.832139106841
0.831812750559
0.831484395284
0.83115463302
0.830823958905
0.830492779702
0.830161423059
0.829830146783
0.829499147625
0.829168569323
0.828838509787
0.828509027417
0.828180146597
0.827851862463
0.827524145043
0.827196942885
0.826870186268
0.826543790115
0.826217656681
0.825891678087
0.82556573878
0.825239717937
0.824913491865
0.824586936398
0.824259929286
0.823932352574
0.823604094926
0.823275053858
0.822945137839
0.82261426818
0.822282380689
0.821949427007
0.8216153756
0.821280212373
0.820943940867
0.82060658207
0.820268173822
0.819928769879
0.819588438646
0.81924726167
0.818905331932
0.818562752013
0.818219632201
0.817876088606
0.817532241316
0.81718821267
0.81684412566
0.816500102495
0.816156263353
0.815812725306
0.815469601438
0.815127000145
0.81478502459
0.814443772323
0.814103335028
0.813763798397
0.813425242103
0.813087739853
0.812751359516
0.812416163307
0.812082208013
0.811749545245
0.81141822172
0.811088279555
0.810759756563
0.810432686563
0.810107099678
0.809783022636
0.809460479061
0.809139489757
0.808820072987
0.808502244738
0.808186018978
0.807871407908
0.807558422203
0.807247071247
0.806937363364
0.806629306041
0.806322906147
0.806018170155
0.805715104357
0.80541371508
0.8051140089
0.804815992867
0.804519674719
0.804225063109
0.803932167829
0.803641000038
0.803351572493
0.803063899781
0.802777998548
0.802493887723
0.802211588745
0.801931125765
0.801652525837
0.801375819082
0.801101038809
0.800828221584
0.800557407219
0.800288638666
0.800021961766
0.799757424819
0.799495077905
0.799234971876
0.798977156924
0.79872168056
0.798468584843
0.798217902592
0.797969652271
0.797723831108
0.79748040592
0.797239300904
0.797000381544
0.796763433548
0.796528135595
0.79629402466
0.79606045294
0.795826536282
0.795591095955
0.795352599239
0.795109110307
0.794858271174
0.794597341525
0.794323330716
0.79403324626
0.793724451406
0.79339507134
0.793044336403
0.792672741692
0.792281959234
0.791874536237
0.791453489353
0.791021917513
0.790582713653
0.790138398239
0.78969105682
0.789242347962
0.788793549468
0.788345619534
0.78789925877
0.787454966001
0.78701308523
0.786573843542
0.786137380892
0.785703773086
0.785273049289
0.784845205252
0.784420213228
0.783998029377
0.783578599254
0.783161861868
0.782747752657
0.782336205653
0.781927155037
0.781520536241
0.781116286704
0.780714346374
0.780314658012
0.779917167356
0.779521823163
0.779128577176
0.778737384012
0.778348201005
0.777960987997
0.777575707093
0.777192322378
0.776810799603
0.776431105823
0.776053209013
0.775677077614
0.775302680007
0.774929983864
0.774558955839
0.774189561407
0.773821763671
0.773455522423
0.773090793388
0.772727527336
0.772365669071
0.772005156308
0.771645918451
0.771287875265
0.770930935472
0.770574995253
0.770219936702
0.769865626237
0.769511913033
0.769158627525
0.768805580062
0.768452559813
0.768099334045
0.767745647913
0.767391224924
0.767035768244
0.766678963015
0.766320479841
0.765959979538
0.76559711921
0.765231559592
0.764862973502
0.764491055101
0.764115529542
0.763736162463
0.763352768716
0.762965219698
0.762573448729
0.762177454033
0.761777299069
0.761373110206
0.760965071934
0.760553420016
0.760138433129
0.759720423598
0.759299727843
0.758876697086
0.758451688762
0.758025058955
0.75759715604
0.757168315611
0.756738856662
0.756309078938
0.755879261304
0.755449660983
0.755020513495
0.754592033126
0.754164413806
0.753737830258
0.75331243931
0.752888381304
0.752465781532
0.752044751647
0.751625391023
0.751207788046
0.750792021313
0.750378160745
0.749966268606
0.749556400431
0.749148605871
0.748742929444
0.748339411227
0.747938087456
0.747538991069
0.747142152183
0.746747598503
0.746355355684
0.745965447623
0.745577896714
0.745192724034
0.744809949488
0.744429591894
0.744051669016
0.74367619754
0.743303192981
0.742932669537
0.742564639848
0.74219911469
0.741836102555
0.741475609136
0.741117636674
0.740762183157
0.740409241356
0.740058797646
0.739710830611
0.739365309365
0.73902219158
0.738681421146
0.738342925453
0.738006612222
0.737672365862
0.737340043336
0.737009469512
0.736680432051
0.736352675908
0.736025897609
0.735699739568
0.735373784843
0.735047552879
0.734720496984
0.734392004453
0.734061400379
0.733727956273
0.733390904453
0.733049458867
0.732702842327
0.732350319263
0.731991231988
0.731625037397
0.73125134024
0.730869918929
0.730480740425
0.730083962095
0.729679920275
0.729269107179
0.728852139291
0.728429721229
0.728002609027
0.727571576173
0.727137384728
0.726700762692
0.726262387863
0.725822877686
0.725382784185
0.724942592889
0.724502724681
0.724063539606
0.723625341873
0.723188385412
0.72275287959
0.722318994756
0.721886867446
0.721456605138
0.721028290513
0.720601985216
0.720177733139
0.719755563257
0.719335492057
0.718917525618
0.718501661365
0.718087889551
0.717676194514
0.717266555713
0.716858948612
0.716453345401
0.716049715606
0.715648026585
0.71524824395
0.7148503319
0.714454253506
0.714059970938
0.713667445652
0.713276638547
0.712887510081
0.712500020381
0.712114129319
0.711729796582
0.711346981729
0.710965644236
0.710585743542
0.710207239079
0.709830090313
0.709454256774
0.709079698091
0.708706374028
0.708334244519
0.707963269713
0.707593410014
0.707224626136
0.706856879147
0.706490130536
0.70612434227
0.705759476866
0.705395497458
0.705032367879
0.704670052734
0.704308517493
0.703947728569
0.70358765341
0.703228260588
0.702869519886
0.70251140239
0.70215388057
0.701796928368
0.701440521275
0.701084636404
0.700729252558
0.700374350289
0.700019911951
0.699665921742
0.699312365731
0.698959231889
0.69860651009
0.698254192115
0.697902271637
0.697550744199
0.697199607174
0.696848859721
0.696498502727
0.696148538739
0.695798971885
0.695449807793
0.695101053493
0.694752717325
0.694404808828
0.694057338634
0.693710318359
0.693363760486
0.693017678254
0.692672085541
0.692326996751
0.691982426705
0.691638390531
0.69129490356
0.690951981222
0.690609638953
0.690267892099
0.689926755835
0.689586245077
0.689246374411
0.688907158022
0.688568609628
0.688230742422
0.687893569019
0.687557101405
0.687221350899
0.686886328109
0.686552042904
0.686218504382
0.685885720845
0.685553699778
0.685222447834
0.684891970811
0.684562273648
0.684233360413
0.683905234296
0.683577897605
0.683251351765
0.682925597317
0.682600633917
0.682276460346
0.681953074507
0.681630473434
0.6813086533
0.680987609424
0.680667336281
0.680347827511
0.680029075935
0.679711073561
0.679393811606
0.679077280506
0.678761469933
0.678446368815
0.678131965354
0.67781824705
0.677505200716
0.67719281251
0.676881067959
0.676569951983
0.676259448929
0.6759495426
0.675640216293
0.67533145283
0.675023234599
0.674715543593
0.674408361456
0.674101669524
0.673795448872
0.673489680367
0.673184344713
0.672879422509
0.672574894299
0.67227074063
0.67196694211
0.671663479458
0.671360333573
0.671057485582
0.670754916902
0.670452609298
0.670150544936
0.669848706439
0.669547076939
0.669245640125
0.668944380291
0.668643282378
0.668342332015
0.668041515551
0.667740820086
0.667440233498
0.667139744458
0.66683934245
0.666539017774
0.66623876155
0.665938565717
0.665638423019
0.665338326992
0.665038271944
0.664738252926
0.664438265698
0.6641383067
0.663838372999
0.663538462253
0.663238572653
0.662938702879
0.662638852033
0.662339019592
0.662039205338
0.661739409306
0.661439631714
0.661139872907
0.660840133291
0.660540413274
0.660240713208
0.659941033327
0.659641373694
0.659341734147
0.659042114249
0.658742513238
0.658442929986
0.658143362958
0.657843810172
0.657544269173
0.657244736996
0.65694521015
0.656645684593
0.656346155717
0.656046618343
0.655747066708
0.655447494473
0.655147894722
0.654848259982
0.654548582236
0.654248852944
0.653949063072
0.65364920312
0.653349263153
0.653049232849
0.652749101543
0.652448858274
0.65214849185
0.651847990902
0.651547343945
0.651246539442
0.650945565871
0.650644411781
0.650343065864
0.650041517015
0.649739754404
0.649437767536
0.649135546328
0.648833081172
0.64853036301
0.648227383391
0.647924134487
0.647620609003
0.647316800817
0.647012705163
0.646708317976
0.646403636124
0.646098657557
0.645793381375
0.64548780788
0.645181938619
0.64487577642
0.644569325418
0.644262591075
0.643955580194
0.64364830092
0.643340762738
0.643032976458
0.642724954199
0.642416709358
0.642108256575
0.641799611693
0.641490791705
0.641181814706
0.640872699826
0.640563467169
0.640254137742
0.639944733381
0.639635276676
0.639325790893
0.639016299891
0.638706828044
0.63839740016
0.638088041396
0.637778777188
0.637469633163
0.637160635073
0.636851808715
0.636543179866
0.636234774214
0.635926617297
0.635618734442
0.635311150712
0.635003890852
0.634696979243
0.634390439861
0.634084296236
0.633778571416
0.633473287938
0.633168467802
0.632864132443
0.632560302716
0.632256998877
0.631954240569
0.631652046814
0.631350436
0.631049425886
0.630749033593
0.630449275603
0.630150167764
0.629851725288
0.629553962764
0.629256894157
0.628960532822
0.62866489151
0.628369982379
0.628075817007
0.627782406401
0.627489761012
0.627197890747
0.626906804982
0.626616512579
0.626327021895
0.6260383408
0.625750476691
0.625463436507
0.62517722674
0.624891853453
0.624607322295
0.624323638509
0.624040806955
0.623758832114
0.62347771811
0.623197468717
0.622918087376
0.622639577206
0.622361941015
0.622085181314
0.621809300329
0.62153430001
0.621260182042
0.62098694786
0.620714598653
0.62044313538
0.620172558773
0.619902869353
0.619634067433
0.61936615313
0.619099126374
0.618832986912
0.618567734317
0.618303367996
0.618039887197
0.617777291014
0.617515578393
0.617254748137
0.616994798913
0.616735729256
0.616477537574
0.616220222148
0.61596378114
0.615708212594
0.61545351444
0.615199684492
0.614946720452
0.614694619912
0.614443380349
0.614192999128
0.613943473498
0.61369480059
0.613446977412
0.613200000841
0.612953867623
0.612708574354
0.612464117478
0.612220493271
0.611977697823
0.611735727023
0.611494576537
0.61125424178
0.611014717894
0.610775999708
0.61053808171
0.610300957999
0.610064622249
0.609829067662
0.609594286923
0.609360272163
0.60912701492
0.608894506118
0.608662736068
0.608431694488
0.608201370553
0.607971752978
0.607742830138
0.607514590216
0.607287021373
0.607060111915
0.606833850456
0.606608226038
0.60638322821
0.606158847057
0.605935073176
0.605711897611
0.605489311763
0.605267307283
0.605045875965
0.604825009646
0.604604700115
0.604384939046
0.604165717939
0.603947028079
0.603728860511
0.603511206023
0.603294055131
0.603077398085
0.602861224867
0.602645525193
0.602430288525
0.602215504078
0.602001160828
0.601787247522
0.601573752687
0.601360664639
0.601147971491
0.600935661155
0.600723721356
0.600512139624
0.600300903307
0.60008999956
0.599879415348
0.599669137436
0.599459152382
0.599249446523
0.599040005958
0.598830816527
0.598621863788
0.598413132984
0.598204609011
0.597996276374
0.597788119144
0.5975801209
0.597372264672
0.597164532871
0.596956907215
0.596749368641
0.596541897218
0.59633447204
0.596127071117
0.595919671259
0.595712247944
0.595504775182
0.595297225373
0.595089569149
0.594881775221
0.594673810209
0.594465638484
0.594257221996
0.594048520116
0.593839489484
0.593630083868
0.593420254043
0.593209947694
0.592999109356
0.592787680392
0.592575599024
0.592362800426
0.592149216888
0.591934778064
0.591719411317
0.591503042159
0.591285594816
0.591066992893
0.590847160174
0.590626021523
0.590403503908
0.590179537503
0.589954056876
0.589727002209
0.589498320537
0.589267966949
0.589035905718
0.588802111302
0.588566569181
0.588329276467
0.588090242267
0.587849487819
0.587607046563
0.587362963998
0.587117296841
0.586870111878
0.586621484838
0.586371499207
0.586120244917
0.585867816973
0.58561431407
0.585359837235
0.58510448855
0.584848369967
0.584591582258
0.584334224087
0.584076391232
0.583818175946
0.583559666457
0.583300946584
0.583042095484
0.582783187489
0.582524292035
0.582265473671
0.58200679212
0.581748302404
0.58149005499
0.581232095985
0.580974467332
0.580717207037
0.58046034939
0.580203925198
0.579947962011
0.579692484347
0.57943751391
0.579183069799
0.578929168708
0.57867582512
0.578423051486
0.578170858398
0.577919254751
0.577668247896
0.577417843779
0.577168047081
0.576918861339
0.576670289061
0.576422331841
0.576174990454
0.575928264956
0.575682154766
0.57543665875
0.575191775297
0.574947502385
0.574703837647
0.57446077843
0.574218321845
0.573976464818
0.573735204134
0.573494536474
0.573254458453
0.57301496665
0.572776057634
0.572537727992
0.572299974343
0.572062793361
0.571826181787
0.571590136438
0.571354654219
0.571119732129
0.570885367264
0.570651556819
0.570418298091
0.570185588476
0.56995342547
0.569721806662
0.569490729734
0.569260192454
0.569030192672
0.568800728315
0.56857179738
0.568343397931
0.568115528091
0.567888186038
0.567661369998
0.567435078242
0.56720930908
0.566984060857
0.56675933195
0.566535120763
0.566311425722
0.566088245279
0.565865577903
0.565643422079
0.565421776312
0.565200639118
0.56498000903
0.564759884594
0.564540264372
0.564321146937
0.564102530881
0.563884414809
0.563666797346
0.563449677133
0.563233052832
0.563016923128
0.562801286728
0.562586142365
0.5623714888
0.562157324821
0.56194364925
0.56173046094
0.561517758779
0.561305541688
0.561093808626
0.560882558583
0.560671790578
0.560461503649
0.560251696835
0.560042369133
0.559833519434
0.559625146406
0.559417248425
0.559209823846
0.559002871841
0.558796392757
0.558590387397
0.558384856371
0.558179800022
0.557975218537
0.557771112042
0.557567480661
0.557364324552
0.557161643919
0.556959439026
0.556757710202
0.556556457847
0.556355682428
0.556155384485
0.555955564632
0.555756223553
0.555557362006
0.555358980819
0.555161080891
0.554963663193
0.554766728761
0.554570278701
0.554374314184
0.554178836447
0.553983846789
0.553789346569
0.553595337207
0.553401820181
0.553208796988
0.553016269102
0.552824238298
0.552632706272
0.552441674758
0.552251145536
0.552061120424
0.551871601282
0.551682590007
0.551494088526
0.5513060988
0.551118622818
0.550931662592
0.550745220158
0.550559297571
0.550373896902
0.550189020234
0.550004669659
0.54982084727
0.549637555157
0.549454795407
0.549272570098
0.549090881295
0.548909731053
0.548729121412
0.548549054391
0.548369531988
0.548190556172
0.548012128879
0.547834252012
0.547656927429
0.547480156946
0.547303942326
0.547128285272
0.546953187428
0.546778650367
0.546604675589
0.546431264513
0.546258418475
0.54608613872
0.545914426398
0.54574328256
0.545572708151
0.545402704004
0.545233270839
0.545064409253
0.544896119714
0.544728402559
0.544561257983
0.544394686035
0.54422868661
0.54406325944
0.543898404089
0.543734119944
0.543570406207
0.543407261887
0.543244685794
0.543082676528
0.542921232472
0.542760351786
0.542600032394
0.54244027198
0.542281067975
0.542122417546
0.541964317589
0.541806764715
0.541649755234
0.541493285143
0.541337350108
0.541181945441
0.541027066075
0.540872706528
0.540718860861
0.540565522619
0.540412684753
0.540260339516
0.540108478331
0.539957091623
0.539806168641
0.539655697315
0.539505664267
0.539356055101
0.539206854898
0.539058047528
0.538909590897
0.538761155507
0.538612887519
0.538464930843
0.538317284898
0.538169941447
0.538022890494
0.537876121044
0.537729621334
0.537583378966
0.537437381003
0.537291614047
0.537146064307
0.537000717654
0.536855559673
0.536710575709
0.536565750908
0.536421070255
0.536276518609
0.536132080732
0.535987741324
0.535843485039
0.535699296491
0.535555159965
0.535411052631
0.53526695805
0.535122868946
0.534978770785
0.534834648775
0.534690488243
0.534546274686
0.534401993797
0.534257631494
0.534113173941
0.533968607566
0.533823919081
0.533679095494
0.533534124118
0.533388992599
0.533243688929
0.533098201476
0.532952519009
0.532806630731
0.53266052631
0.532514195922
0.532367630297
0.532220820764
0.532073759316
0.531926438672
0.531778852345
0.531630994726
0.531482861169
0.53133444808
0.531185753018
0.531036774795
0.530887513581
0.530737971008
0.53058815027
0.517061231077
0.508542261841
0.502643982536
0.501078409153
0.500673134756
0.497711397098
0.496626527071
0.499608393259
0.503349023407
0.504019286883
0.501512706413
0.498434996052
0.497065788367
0.497368399838
0.498473614315
0.504165309653
0.512292642013
0.519190095308
0.514095738655
0.507726758628
0.504123372286
0.4997742719
0.490303187143
0.479617114474
0.471275208563
0.465740910335
0.464141926097
0.468164130359
0.471996447972
0.473179323464
0.473946781635
0.470761355721
0.469665816956
0.467309160226
0.462567194269
0.458429536097
0.452345970779
0.447018480475
0.444137429014
0.44294907249
0.442664483779
0.444669605201
0.451045302916
0.457204264139
0.457746793334
0.459747974933
0.460575133643
0.458985962511
0.458611754416
0.461377038047
0.467981072043
0.47338963969
0.473208415669
0.475058592266
0.4768778704
0.474967693338
0.475529095291
0.477510998722
0.480053286211
0.484757935455
0.493147491479
0.504130016364
0.510460102742
0.507436813004
0.511146173097
0.520142974786
0.524231582538
0.523248507672
0.517032591048
0.510812475617
