2.23894976633e-16
0.00233478880218
0.0093501511235
0.0210792773328
0.0375781676861
0.0589266836841
0.0852300753648
0.116621043768
0.153262420503
0.19535057384
0.243119684637
0.296847077362
0.356859843319
0.423543055927
0.497349950518
0.578814516793
0.668567010101
0.767352874627
0.876055358887
0.995721390005
1.12758832654
1.27309775694
1.40716336605
1.3557028921
1.31352564103
1.27463079568
1.24329295873
1.21835366596
1.19518306654
1.17779975563
1.16723619796
1.15802028325
1.15572692202
1.15670604275
1.16171386351
1.17277755326
1.18445227083
1.20836697877
1.23230570184
1.2621468032
1.29943650483
1.33402158967
1.38032773154
1.34860050834
1.1953321617
1.05686506544
0.931407675737
0.817571434384
0.714189982707
0.620285159239
0.535035646309
0.457750028189
0.387844530372
0.324824955745
0.268272140318
0.217830273404
0.173197519399
0.134118482111
0.100378146798
0.0717970137761
0.0482272008026
0.0295493414953
0.0156701463413
0.00652052369285
0.00205418237639
0.00224665665833
0.00709470936422
0.0166160806569
0.0308495586876
0.0498553539993
0.0737157616328
0.102536092096
0.136445842371
0.175600056901
0.220180789304
0.270398507295
0.326493167977
0.3887344996
0.457420714099
0.532874375349
0.615433369236
0.705433760418
0.803179728853
0.908893961585
1.02264077065
1.14421645466
1.27297596901
1.34863453219
1.30315493514
1.26118414392
1.22764744201
1.20024091394
1.17546304581
1.15566447982
1.14197436588
1.13147384628
1.12474585729
1.12485822222
1.12763666957
1.13705931792
1.14974416282
1.16693341173
1.18846652065
1.215821547
1.24690056578
1.28349302145
1.32662783013
1.33463492015
1.20030259122
1.07423307359
0.956366741093
0.846864290545
0.745631507148
0.652418330723
0.566893328969
0.488693438441
0.417454742414
0.352830201022
0.294498984232
0.242170658385
0.195586357222
0.154518279608
0.118768335489
0.0881664304977
0.0625686738888
0.0418556686967
0.025930967083
0.0147197283246
0.00816758962935
0.00623974313753
0.00892020103966
0.0162112212153
0.0281328554588
0.0447225686846
0.0660348577181
0.092140768917
0.123127170316
0.159095570085
0.200160180804
0.246444798716
0.298077889021
0.355185037442
0.417877656188
0.486236571172
0.560289004298
0.639977790678
0.725122947146
0.81537863574
0.910193667688
1.0087903155
1.11018117837
1.21324403344
1.30861686513
1.26717157245
1.23091033224
1.19966262356
1.17457155748
1.15297268155
1.13615964852
1.12455578616
1.11686385836
1.11404697349
1.11580720721
1.12133977638
1.13141076882
1.14710572057
1.16600503303
1.19057435682
1.21890318776
1.25266921976
1.29145578076
1.26056976856
1.15357317545
1.04895169455
0.947594593149
0.85033869418
0.757862999341
0.670660815106
0.589046091742
0.513181131636
0.443112007484
0.378802793133
0.320164359726
0.267076623057
0.219404755418
0.177010487438
0.139759694813
0.107527303751
0.0802003252069
0.0576796165318
0.039880795586
0.0267345990878
0.0181868779131
0.0141983488442
0.0147441669878
0.0198133390019
0.0294079588112
0.0435422099042
0.0622410374268
0.0855383453495
0.113474515823
