-1.49880108324e-17
4.43300099778e-07
1.77319995559e-06
3.98969823934e-06
7.09279273577e-06
1.10824803442e-05
1.59587570778e-05
2.17216180639e-05
2.83710575432e-05
3.59070688703e-05
4.43296445134e-05
5.3638776054e-05
6.38344541869e-05
7.491666872e-05
8.68854085738e-05
9.97406617816e-05
0.000113482415489
0.000128110655955
0.000143625368548
0.00016002653775
0.000177314147153
0.000195488179461
0.000214548616489
0.00023449543916
0.00025532862751
0.000277048160681
0.000299654016928
0.000323146173612
0.000347524607203
0.000372789293278
0.000398940206523
0.000425977320728
0.000453900608794
0.000482710042722
0.000512405593622
0.000542987231709
0.000574454926298
0.000606808645813
0.000640048357776
0.000674174028814
0.000709185624655
0.000745083110127
0.000781866449159
0.000819535604779
0.000858090539115
0.000897531213392
0.000937857587931
0.000979069622153
0.00102116727457
0.00106415050279
0.00110801926353
0.00115277351257
0.0011984132048
0.00124493829421
0.00129234873387
0.00134064447594
0.00138982547166
0.00143989167138
0.00149084302451
0.00154267947958
0.00159540098417
0.00164900748496
0.00170349892772
0.00175887525728
0.00181513641758
0.00187228235161
0.00193031300145
0.00198922830827
0.0020490282123
0.00210971265285
0.00217128156831
0.00223373489613
0.00229707257284
0.00236129453404
0.00242640071439
0.00249239104764
0.00255926546657
0.00262702390307
0.00269566628806
0.00276519255153
0.00283560262254
0.0029068964292
0.00297907389868
0.00305213495722
0.00312607953009
0.00320090754164
0.00327661891525
0.00335321357338
0.0034306914375
0.00350905242817
0.00358829646497
0.00366842346652
0.00374943335051
0.00383132603366
0.00391410143171
0.00399775945947
0.00408230003078
0.00416772305849
0.00425402845451
0.00434121612978
0.00442928599426
0.00451823795694
0.00460807192585
0.00469878780803
0.00479038550954
0.00488286493549
0.00497622598997
0.00507046857612
0.00516559259608
0.00526159795101
0.00535848454108
0.00545625226547
0.00555490102237
0.00565443070898
0.00575484122149
0.00585613245511
0.00595830430404
0.00606135666148
0.00616528941964
0.0062701024697
0.00637579570186
0.00648236900528
0.00658982226814
0.00669815537758
0.00680736821973
0.00691746067972
0.00702843264164
0.00714028398857
0.00725301460254
0.0073666243646
0.00748111315471
0.00759648085186
0.00771272733397
0.00782985247792
0.00794785615958
0.00806673825375
0.00818649863421
0.00830713717368
0.00842865374383
0.0085510482153
0.00867432045766
0.00879847033942
0.00892349772805
0.00904940248995
0.00917618449046
0.00930384359386
0.00943237966334
0.00956179256106
0.00969208214806
0.00982324828435
0.00995529082883
0.0100882096393
0.0102220045726
0.0103566754843
0.010492222229
0.0106286446602
0.0107659426303
0.0109041159906
0.0110431645912
0.0111830882813
0.0113238869088
0.0114655603207
0.0116081083626
0.0117515308793
0.0118958277143
0.01204099871
0.0121870437076
0.0123339625475
0.0124817550686
0.0126304211088
0.012779960505
0.0129303730927
0.0130816587064
0.0132338171797
0.0133868483445
0.0135407520321
0.0136955280723
0.0138511762939
0.0140076965245
0.0141650885906
0.0143233523174
0.014482487529
0.0146424940484
0.0148033716973
0.0149651202963
0.0151277396649
0.0152912296212
0.0154555899824
0.0156208205642
0.0157869211813
0.0159538916471
0.016121731774
0.0162904413729
0.0164600202538
0.0166304682252
0.0168017850946
0.0169739706682
0.017147024751
0.0173209471467
0.0174957376579
0.0176713960859
0.0178479222307
0.0180253158912
0.0182035768649
0.0183827049483
0.0185626999363
0.0187435616229
0.0189252898007
0.0191078842608
0.0192913447935
0.0194756711876
0.0196608632304
0.0198469207083
0.0200338434063
0.0202216311081
0.020410283596
0.0205998006511
0.0207901820534
0.0209814275812
0.0211735370119
0.0213665101213
0.0215603466841
0.0217550464735
0.0219506092615
0.0221470348189
0.0223443229148
0.0225424733173
0.0227414857931
0.0229413601075
0.0231420960245
0.0233436933067
0.0235461517155
0.0237494710108
0.0239536509511
0.0241586912938
0.0243645917946
0.024571352208
0.0247789722872
0.0249874517839
0.0251967904485
0.0254069880299
0.0256180442757
0.025829958932
0.0260427317438
0.0262563624543
0.0264708508055
0.0266861965379
0.0269023993908
0.0271194591018
0.0273373754073
0.027556148042
0.0277757767395
0.0279962612316
0.0282176012491
0.0284397965208
0.0286628467746
0.0288867517366
0.0291115111315
0.0293371246826
0.0295635921116
0.029790913139
0.0300190874835
0.0302481148624
0.0304779949916
0.0307087275856
0.0309403123571
0.0311727490176
0.0314060372769
0.0316401768432
0.0318751674236
0.0321110087232
0.0323477004458
0.0325852422937
0.0328236339676
0.0330628751666
0.0333029655884
0.0335439049291
0.033785692883
0.0340283291433
0.0342718134012
0.0345161453467
0.0347613246678
0.0350073510513
0.0352542241822
0.035501943744
0.0357505094186
0.0359999208863
0.0362501778257
0.0365012799139
0.0367532268263
0.0370060182367
0.0372596538174
0.0375141332389
0.0377694561701
0.0380256222783
0.0382826312291
0.0385404826864
0.0387991763127
0.0390587117686
0.039319088713
0.0395803068033
0.0398423656951
0.0401052650423
0.0403690044972
0.0406335837103
0.0408990023305
0.041165260005
0.0414323563792
0.0417002910968
0.0419690637998
0.0422386741284
0.0425091217213
0.0427804062152
0.0430525272451
0.0433254844443
0.0435992774445
0.0438739058753
0.0441493693647
0.0444256675391
0.0447028000229
0.0449807664387
0.0452595664074
0.0455391995481
0.0458196654782
0.046100963813
0.0463830941663
0.0466660561498
0.0469498493737
0.0472344734461
0.0475199279733
0.0478062125599
0.0480933268085
0.04838127032
0.0486700426933
0.0489596435255
0.0492500724118
0.0495413289455
0.0498334127181
0.0501263233192
0.0504200603363
0.0507146233554
0.0510100119602
0.0513062257327
0.051603264253
0.051901127099
0.0521998138471
0.0524993240714
0.0527996573442
0.0531008132359
0.0534027913148
0.0537055911474
0.054009212298
0.0543136543293
0.0546189168017
0.0549249992737
0.0552319013019
0.0555396224406
0.0558481622426
0.0561575202582
0.0564676960359
0.0567786891223
0.0570904990617
0.0574031253966
0.0577165676672
0.0580308254119
0.058345898167
0.0586617854666
0.0589784868428
0.0592960018256
0.0596143299431
0.0599334707211
0.0602534236834
0.0605741883516
0.0608957642453
0.061218150882
0.061541347777
0.0618653544435
0.0621901703926
0.0625157951332
0.0628422281721
0.0631694690139
0.0634975171611
0.0638263721141
0.0641560333709
0.0644865004276
0.0648177727778
0.0651498499132
0.0654827313231
0.0658164164948
0.0661509049131
0.0664861960608
0.0668222894185
0.0671591844644
0.0674968806746
0.0678353775228
0.0681746744807
0.0685147710174
0.0688556666
0.0691973606933
0.0695398527597
0.0698831422594
0.0702272286504
0.070572111388
0.0709177899258
0.0712642637145
0.0716115322029
0.0719595948373
0.0723084510617
0.0726581003176
0.0730085420445
0.0733597756791
0.0737118006562
0.0740646164079
0.074418222364
0.074772617952
0.0751278025969
0.0754837757214
0.0758405367458
0.0761980850879
0.0765564201631
0.0769155413844
0.0772754481624
0.0776361399052
0.0779976160186
0.0783598759057
0.0787229189673
0.0790867446017
0.0794513522048
0.0798167411699
0.0801829108879
0.0805498607471
0.0809175901334
0.0812860984301
0.0816553850182
0.0820254492758
0.0823962905789
0.0827679083006
0.0831403018116
0.0835134704802
0.0838874136718
0.0842621307496
0.0846376210739
0.0850138840027
0.0853909188911
0.085768725092
0.0861473019554
0.0865266488288
0.086906765057
0.0872876499823
0.0876693029443
0.0880517232799
0.0884349103235
0.0888188634068
0.0892035818587
0.0895890650057
0.0899753121713
0.0903623226766
0.0907500958399
0.0911386309768
0.0915279274001
0.0919179844202
0.0923088013444
0.0927003774776
0.0930927121217
0.093485804576
0.0938796541371
0.0942742600987
0.094669621752
0.0950657383851
0.0954626092835
0.0958602337299
0.0962586110042
0.0966577403837
0.0970576211424
0.0974582525521
0.0978596338813
0.0982617643959
0.0986646433589
0.0990682700306
0.0994726436682
0.0998777635263
0.100283628856
0.100690238907
0.101097592925
0.101505690152
0.10191452983
0.102324111194
0.102734433479
0.103145495917
0.103557297737
0.103969838163
0.104383116419
0.104797131723
0.105211883293
0.105627370343
0.106043592084
0.106460547722
0.106878236463
0.10729665751
0.10771581006
0.10813569331
0.108556306453
0.108977648678
0.109399719172
0.10982251712
0.110246041702
0.110670292095
0.111095267475
0.111520967013
0.111947389878
0.112374535236
0.112802402247
0.113230990074
0.11366029787
0.11409032479
0.114521069984
0.114952532599
0.115384711778
0.115817606662
0.116251216389
0.116685540094
0.117120576907
0.117556325957
0.117992786369
0.118429957265
0.118867837763
0.119306426979
0.119745724026
0.120185728011
0.120626438042
0.121067853221
0.121509972647
0.121952795418
0.122396320625
0.122840547358
0.123285474705
0.123731101749
0.124177427569
0.124624451243
0.125072171843
0.125520588441
0.125969700104
0.126419505894
0.126870004874
0.127321196098
0.127773078622
0.128225651497
0.128678913768
0.12913286448
0.129587502674
0.130042827387
0.130498837652
0.130955532501
0.13141291096
0.131870972053
0.1323297148
0.132789138219
0.133249241324
0.133710023124
0.134171482626
0.134633618834
0.135096430748
0.135559917365
0.136024077677
0.136488910675
0.136954415345
0.137420590671
0.13788743563
0.138354949201
0.138823130354
0.13929197806
0.139761491284
0.140231668988
0.140702510131
0.141174013668
0.141646178551
0.142119003729
0.142592488145
0.143066630742
0.143541430457
0.144016886224
0.144492996974
0.144969761634
0.145447179128
0.145925248375
0.146403968294
0.146883337795
0.14736335579
0.147844021184
0.148325332879
0.148807289773
0.149289890763
0.14977313474
0.150257020591
0.150741547202
0.151226713453
0.151712518221
0.15219896038
0.1526860388
0.153173752348
0.153662099885
0.154151080272
0.154640692364
0.155130935013
0.155621807066
0.15611330737
0.156605434764
0.157098188086
0.15759156617
0.158085567845
0.158580191939
0.159075437273
0.159571302666
0.160067786935
0.16056488889
0.16106260734
0.161560941089
0.162059888938
0.162559449682
0.163059622116
0.163560405029
0.164061797207
0.164563797432
0.165066404482
0.165569617131
0.166073434151
0.166577854309
0.167082876368
0.167588499088
0.168094721225
0.168601541531
0.169108958754
0.16961697164
0.170125578929
0.170634779358
0.171144571662
0.171654954569
0.172165926806
0.172677487095
0.173189634154
0.173702366698
0.174215683438
0.174729583081
0.17524406433
0.175759125884
0.176274766441
0.176790984691
0.177307779323
0.177825149021
0.178343092466
0.178861608334
0.179380695299
0.17990035203
0.180420577193
0.180941369448
0.181462727454
0.181984649866
0.182507135332
0.1830301825
0.183553790012
0.184077956507
0.18460268062
0.185127960983
0.185653796222
0.186180184961
0.18670712582
0.187234617415
0.187762658358
0.188291247257
0.188820382717
0.189350063338
0.189880287718
0.190411054449
0.190942362121
0.191474209319
0.192006594625
0.192539516615
0.193072973866
0.193606964945
0.194141488421
0.194676542854
0.195212126805
0.195748238827
0.196284877473
0.196822041288
0.197359728817
0.197897938599
0.19843666917
0.198975919062
0.199515686803
0.200055970917
0.200596769925
0.201138082344
0.201679906687
0.202222241462
0.202765085176
0.203308436329
0.20385229342
0.204396654941
0.204941519384
0.205486885235
0.206032750977
0.206579115087
0.207125976041
0.207673332311
0.208221182363
0.208769524661
0.209318357666
0.209867679832
0.210417489614
0.210967785458
0.21151856581
0.212069829111
0.212621573798
0.213173798305
0.213726501061
0.214279680493
0.214833335022
0.215387463067
0.215942063044
0.216497133362
0.21705267243
0.217608678651
0.218165150425
0.218722086148
0.219279484213
0.219837343008
0.220395660918
0.220954436325
0.221513667607
0.222073353138
0.222633491287
0.223194080422
0.223755118905
0.224316605097
0.224878537351
0.225440914022
0.226003733456
0.226566993999
0.227130693992
0.227694831772
0.228259405674
0.228824414027
0.229389855158
0.22995572739
0.230522029042
0.231088758432
0.23165591387
0.232223493665
0.232791496124
0.233359919546
0.233928762231
0.234498022473
0.235067698563
0.235637788788
0.236208291433
0.236779204777
0.237350527098
0.237922256669
0.238494391761
0.239066930639
0.239639871566
0.240213212804
0.240786952606
0.241361089227
0.241935620915
0.242510545916
0.243085862473
0.243661568825
0.244237663208
0.244814143853
0.24539100899
0.245968256844
0.246545885637
0.247123893589
0.247702278914
0.248281039826
0.248860174532
0.24943968124
0.25001955815
0.250599803463
0.251180415373
0.251761392074
0.252342731755
0.252924432601
0.253506492797
0.254088910521
0.254671683951
0.255254811258
0.255838290615
0.256422120187
0.257006298139
0.257590822631
0.258175691821
0.258760903864
0.259346456911
0.259932349111
0.260518578608
0.261105143546
0.261692042063
0.262279272296
0.262866832378
0.263454720439
0.264042934607
0.264631473006
0.265220333758
0.265809514981
0.26639901479
0.266988831298
0.267578962615
0.268169406849
0.268760162102
0.269351226477
0.269942598072
0.270534274982
0.2711262553
0.271718537117
0.272311118519
0.272903997592
0.273497172417
0.274090641073
0.274684401637
0.275278452183
0.275872790782
0.276467415502
0.277062324409
0.277657515567
0.278252987037
0.278848736876
0.27944476314
0.280041063883
0.280637637155
0.281234481003
0.281831593475
0.282428972612
0.283026616457
0.283624523046
0.284222690416
0.284821116601
0.285419799633
0.286018737538
0.286617928346
0.287217370079
0.28781706076
0.288416998409
0.289017181043
0.289617606677
0.290218273325
0.290819178998
0.291420321704
0.29202169945
0.292623310242
0.293225152081
0.293827222967
0.2944295209
0.295032043875
0.295634789888
0.29623775693
0.296840942992
0.297444346063
0.298047964129
0.298651795175
0.299255837184
0.299860088137
0.300464546014
0.301069208791
0.301674074444
0.302279140948
0.302884406275
0.303489868395
0.304095525277
0.304701374888
0.305307415194
0.30591364416
0.306520059746
0.307126659916
0.307733442626
0.308340405837
0.308947547503
0.30955486558
0.310162358022
0.31077002278
0.311377857806
0.311985861049
0.312594030456
0.313202363975
0.313810859552
0.31441951513
0.315028328652
0.315637298061
0.316246421298
0.316855696302
0.31746512101
0.318074693362
0.318684411293
0.319294272739
0.319904275634
0.320514417911
0.321124697503
0.321735112341
0.322345660357
0.322956339479
0.323567147637
0.324178082759
0.324789142772
0.325400325604
0.326011629179
0.326623051424
0.327234590263
0.327846243619
0.328458009417
0.329069885579
0.329681870027
0.330293960684
0.33090615547
0.331518452306
0.332130849113
0.332743343811
0.333355934319
0.333968618558
0.334581394445
0.3351942599
0.335807212841
0.336420251187
0.337033372856
0.337646575766
0.338259857834
0.33887321698
0.33948665112
0.340100158172
0.340713736054
0.341327382684
0.341941095981
0.342554873861
0.343168714243
0.343782615046
0.344396574187
0.345010589587
0.345624659164
0.346238780836
0.346852952525
0.34746717215
0.348081437631
0.34869574689
0.349310097848
0.349924488426
0.350538916548
0.351153380135
0.351767877112
0.352382405403
0.352996962933
0.353611547627
0.354226157412
0.354840790214
0.355455443961
0.356070116583
0.356684806009
0.357299510169
0.357914226994
0.358528954418
0.359143690373
0.359758432793
0.360373179615
0.360987928775
0.361602678211
0.362217425861
0.362832169665
0.363446907566
0.364061637505
0.364676357427
0.365291065276
0.365905759
0.366520436547
0.367135095866
0.367749734909
0.368364351627
0.368978943975
0.369593509909
0.370208047386
0.370822554365
0.371437028807
0.372051468674
0.37266587193
0.373280236542
0.373894560477
0.374508841705
0.375123078198
0.37573726793
0.376351408875
0.376965499011
0.377579536319
0.37819351878
0.378807444378
0.379421311098
0.380035116929
0.380648859862
0.381262537889
0.381876149006
0.382489691209
0.383103162498
0.383716560876
0.384329884347
0.384943130918
0.3855562986
0.386169385403
0.386782389343
0.387395308437
0.388008140706
0.388620884172
0.38923353686
0.389846096799
0.390458562019
0.391070930556
0.391683200445
0.392295369726
0.392907436442
0.393519398639
0.394131254365
0.394743001671
0.395354638614
0.39596616325
0.396577573641
0.397188867851
0.397800043947
0.398411100002
0.399022034087
0.399632844282
0.400243528667
0.400854085326
0.401464512347
0.402074807821
0.402684969843
0.403294996512
0.403904885928
0.404514636198
0.405124245431
0.405733711739
0.40634303324
0.406952208053
0.407561234304
0.408170110119
0.408778833631
0.409387402976
0.409995816293
0.410604071726
0.411212167423
0.411820101536
0.412427872221
0.413035477637
0.413642915949
0.414250185326
0.414857283939
0.415464209966
0.416070961587
0.416677536989
0.417283934361
0.417890151897
0.418496187796
0.419102040262
0.419707707501
0.420313187725
0.420918479153
0.421523580004
0.422128488505
0.422733202887
0.423337721384
0.423942042237
0.424546163691
0.425150083994
0.425753801403
0.426357314175
0.426960620576
0.427563718873
0.428166607342
0.428769284262
0.429371747916
0.429973996593
0.430576028589
0.431177842202
0.431779435737
0.432380807503
0.432981955816
0.433582878996
0.434183575369
0.434784043264
0.435384281018
0.435984286974
0.436584059477
0.43718359688
0.437782897541
0.438381959823
0.438980782095
0.439579362732
0.440177700113
0.440775792625
0.441373638658
0.441971236609
0.442568584882
0.443165681884
0.44376252603
0.44435911574
0.444955449439
0.445551525559
0.446147342538
0.44674289882
0.447338192853
0.447933223093
0.448527988002
0.449122486046
0.4497167157
0.450310675442
0.450904363759
0.451497779142
0.45209092009
0.452683785105
0.4532763727
0.45386868139
0.454460709698
0.455052456154
0.455643919292
0.456235097655
0.456825989791
0.457416594255
0.458006909608
0.458596934416
0.459186667255
0.459776106705
0.460365251352
0.46095409979
0.46154265062
0.462130902448
0.462718853887
0.463306503558
0.463893850087
0.464480892108
0.46506762826
0.465654057191
0.466240177554
0.466825988009
0.467411487224
0.467996673873
0.468581546637
0.469166104203
0.469750345267
0.470334268528
0.470917872698
0.47150115649
0.472084118627
0.472666757838
0.473249072861
0.473831062439
0.474412725322
0.474994060268
0.475575066042
0.476155741416
0.476736085168
0.477316096086
0.477895772962
0.478475114597
0.4790541198
0.479632787384
0.480211116172
0.480789104995
0.481366752688
0.481944058096
0.482521020071
0.483097637471
0.483673909163
0.48424983402
0.484825410923
0.485400638761
0.485975516429
0.48655004283
0.487124216877
0.487698037485
0.488271503582
0.4888446141
0.48941736798
0.48998976417
0.490561801626
0.491133479312
0.491704796197
0.492275751261
0.49284634349
0.493416571876
0.493986435423
0.494555933137
0.495125064037
0.495693827146
0.496262221496
0.496830246126
0.497397900084
0.497965182425
0.498532092212
0.499098628514
0.49966479041
0.500230576986
0.500795987336
0.501361020561
0.501925675769
0.502489952078
0.503053848614
0.503617364507
0.504180498899
0.504743250938
0.50530561978
0.505867604588
0.506429204535
0.506990418799
0.507551246569
0.508111687039
0.508671739412
0.509231402901
0.509790676722
0.510349560104
0.510908052281
0.511466152495
0.512023859996
0.512581174045
0.513138093905
0.513694618852
0.514250748168
0.514806481143
0.515361817075
0.515916755269
0.51647129504
0.51702543571
0.517579176608
0.518132517071
0.518685456446
0.519237994086
0.519790129353
0.520341861615
0.520893190252
0.521444114647
0.521994634195
0.522544748296
0.52309445636
0.523643757805
0.524192652055
0.524741138543
0.525289216712
0.525836886009
0.526384145892
0.526930995826
0.527477435284
0.528023463746
0.528569080702
0.529114285649
0.529659078091
0.530203457542
0.530747423523
0.531290975566
0.531834113214
0.532376836024
0.53291914357
0.533461035452
0.534002511297
0.534543570758
0.535084213493
0.535624439081
0.536164246832
0.536703635347
0.537242601667
0.537781139708
0.538319237678
0.538856874268
0.53939401399
0.539930603667
0.540466575694
0.541001870636
0.541536502992
0.542070706462
0.542605187599
0.543141394436
0.54368109241
0.54422203412
0.544731239511
0.545091415413
0.545009098285
0.544443287498
0.543600308812
0.542649167124
0.541667184762
0.54068021366
0.539695072554
0.538711739238
0.537729208786
0.536747302514
0.535765879806
0.534784969345
0.533804657513
0.532825032637
0.531846165954
0.530868109503
0.529890899683
0.528914561521
0.52793911218
0.52696456377
0.525990926111
0.525018209607
0.524046426652
0.52307558965
0.522105720233
0.521136853252
0.520169016714
0.51920223073
0.518236509754
0.517271862751
0.51630829195
0.51534579054
0.514384343532
0.513423942301
0.512464602007
0.511506350652
0.510549211189
0.509593199383
0.508638327431
0.507684606112
0.506732045367
0.505780654478
0.504830442116
0.503881415988
0.502933582377
0.501986946612
0.501041515023
0.500097296605
0.49915430245
0.498212544119
0.497272032618
0.496332778016
0.495394789301
0.494458074364
0.493522640097
0.492588492541
0.491655637042
0.490724078383
0.489793820867
0.48886486838
0.487937224417
0.487010892099
0.486085874165
0.485162172957
0.48423979036
0.483318727623
0.482398984723
0.481480557687
0.480563430175
0.479647587675
0.478733050486
0.477819833949
0.476907943447
0.475997381529
0.475088149808
0.474180249369
0.473273680818
0.472368444241
0.471464539134
0.47056196433
0.46966071799
0.468760797728
0.46786220103
0.466964925988
0.466068972086
0.465174340541
0.464281033939
0.463389055465
0.462498408245
0.461609095013
0.460721118036
0.459834479179
0.458949180001
0.458065221847
0.457182605929
0.456301333377
0.455421405285
0.454542822732
0.453665586801
0.452789698581
0.451915159162
0.451041969628
0.450170131035
0.449299644403
0.448430510687
0.447562730771
0.446696305444
0.445831235397
0.444967521206
0.444105163326
0.443244162085
0.442384517676
0.441526230146
0.440669299393
0.439813725145
0.438959506948
0.438106644143
0.437255135833
0.436404980851
0.43555617771
0.434708724562
0.433862619159
0.433017858867
0.432174440796
0.431332362135
0.43049162071
0.429652215583
0.428814147302
0.427977417624
0.427142028912
0.426307983584
0.425475283792
0.424643931301
0.42381392749
0.422985273388
0.422157969729
0.421332017007
0.420507415512
0.41968416537
0.418862266573
0.418041719
0.417222522438
0.416404676594
0.415588181108
0.414773035563
0.413959239491
0.413146792382
0.412335693681
0.411525942802
0.410717539121
0.409910481987
0.409104770716
0.408300404599
0.407497382899
0.406695704857
0.405895369692
0.405096376602
0.404298724771
0.403502413368
0.402707441553
0.401913808478
0.401121513292
0.400330555141
0.399540933168
0.398752646511
0.397965694304
0.397180075675
0.396395789749
0.395612835652
0.394831212527
0.394050919555
0.393271955969
0.392494321082
0.391718014291
0.390943035083
0.390169383016
0.389397057698
0.388626058757
0.387856385821
0.387088038495
0.386321016349
0.385555318912
0.38479094567
0.384027896068
0.383266169509
0.382505765361
0.381746682958
0.380988921605
0.380232480582
0.379477359141
0.378723556515
0.377971071914
0.377219904529
0.376470053529
0.37572151806
0.374974297244
0.374228390168
0.373483795875
0.372740513342
0.371998541443
0.371257878888
0.370518524147
0.369780475447
0.369043731007
0.36830828946
0.36757414986
0.366841311118
0.366109771522
0.365379528783
0.364650580874
0.36392292707
0.363196567647
0.362471502709
0.361747731551
0.361025252634
0.360304063916
0.359584163568
0.358865550694
0.35814822517
0.357432186506
0.356717432054
0.356003955615
0.355291754469
0.354580834213
0.353871199041
0.35316285015
0.352455787507
0.351750010624
0.351045518819
0.35034231132
0.349640387303
0.348939745915
0.348240386282
0.347542307517
0.346845508723
0.346149988996
0.345455747427
0.344762783103
0.344071095113
0.343380682542
0.34269154448
0.342003680021
0.341317088264
0.340631768315
0.339947719285
0.339264940292
0.338583430459
0.337903188911
0.337224214776
0.33654650718
0.335870065248
0.335194888101
0.334520974854
0.333848324618
0.333176936496
0.332506809585
0.331837942975
0.331170335749
0.33050398698
0.329838895735
0.32917506107
0.328512482029
0.327851157642
0.327191086916
0.326532268823
0.325874702275
0.325218386065
0.324563318737
0.323909498303
0.323256921841
0.322605586096
0.321955490115
0.321306635224
0.320659022388
0.320012651631
0.31936752244
0.318723634062
0.318080985624
0.317439576197
0.316799404823
0.316160470529
0.315522772334
0.314886309256
0.314251080315
0.313617084535
0.312984320946
0.312352788587
0.311722486505
0.311093413755
0.3104655694
0.309838952509
0.309213562159
0.30858939743
0.307966457405
0.307344741169
0.306724247808
0.306104976405
0.305486926044
0.304870095806
0.304254484767
0.303640092002
0.303026916584
0.302414957579
0.301804214053
0.301194685068
0.300586369683
0.299979266954
0.299373375935
0.298768695679
0.298165225236
0.297562963654
0.296961909981
0.296362063264
0.295763422548
0.295165986878
0.294569755301
0.293974726859
0.2933809006
0.292788275568
0.29219685081
0.291606625372
0.291017598302
0.29042976865
0.289843135464
0.289257697798
0.288673454703
0.288090405234
0.287508548447
0.286927883399
0.28634840915
0.28577012476
0.285193029292
0.28461712181
0.28404240138
0.28346886707
0.282896517948
0.282325353086
0.281755371554
0.281186572426
0.280618954777
0.280052517682
0.279487260218
0.278923181463
0.278360280496
0.277798556395
0.277238008241
0.276678635115
0.276120436098
0.275563410272
0.275007556719
0.274452874522
0.273899362763
0.273347020526
0.272795846894
0.27224584095
0.271697001778
0.271149328461
0.270602820082
0.270057475725
0.269513294473
0.268970275409
0.268428417616
0.267887720177
0.267348182176
0.266809802695
0.266272580816
0.265736515624
0.2652016062
0.264667851628
0.264135250992
0.263603803375
0.263073507863
0.262544363541
0.262016369495
0.261489524813
0.260963828583
0.260439279896
0.259915877844
0.25939362152
0.258872510021
0.258352542442
0.257833717885
0.257316035451
0.256799494242
0.256284093364
0.255769831923
0.255256709029
0.254744723791
0.254233875319
0.253724162726
0.253215585125
0.25270814163
0.252201831355
0.251696653416
0.251192606927
0.250689691005
0.250187904767
0.249687247327
0.249187717804
0.248689315314
0.248192038973
0.247695887899
0.24720086121
0.246706958023
0.246214177455
0.245722518624
0.24523198065
0.244742562649
0.244254263741
0.243767083045
0.243281019681
0.242796072768
0.242312241428
0.241829524781
0.24134792195
0.240867432056
0.240388054223
0.239909787575
0.239432631236
0.238956584334
0.238481645994
0.238007815344
0.237535091514
0.237063473632
0.236592960832
0.236123552244
0.235655247002
0.235188044241
0.234721943098
0.234256942708
0.233793042212
0.233330240747
0.232868537455
0.232407931478
0.231948421959
0.231490008042
0.231032688871
0.230576463593
0.230121331355
0.229667291304
0.229214342589
0.228762484359
0.228311715764
0.227862035955
0.227413444083
0.2269659393
0.226519520758
0.22607418761
0.225629939009
0.225186774109
0.224744692063
0.224303692027
0.223863773154
0.2234249346
0.22298717552
0.22255049507
0.222114892405
0.221680366682
0.221246917057
0.220814542686
0.220383242727
0.219953016337
0.219523862672
0.219095780891
0.218668770152
0.218242829611
0.217817958429
0.217394155762
0.21697142077
0.216549752613
0.216129150448
0.215709613436
0.215291140737
0.214873731509
0.214457384915
0.214042100113
0.213627876265
0.213214712532
0.212802608075
0.212391562056
0.211981573636
0.211572641977
0.211164766242
0.210757945593
0.210352179193
0.209947466205
0.209543805792
0.209141197119
0.208739639348
0.208339131644
0.207939673172
0.207541263096
0.20714390058
0.20674758479
0.206352314892
0.205958090051
0.205564909432
0.205172772203
0.204781677528
0.204391624576
0.204002612513
0.203614640505
0.20322770772
0.202841813326
0.20245695649
0.202073136381
0.201690352166
0.201308603014
0.200927888093
0.200548206572
0.20016955762
0.199791940406
0.1994153541
0.199039797871
0.198665270888
0.198291772321
0.197919301341
0.197547857117
0.19717743882
0.19680804562
0.196439676687
0.196072331192
0.195706008306
0.1953407072
0.194976427044
0.194613167009
0.194250926266
0.193889703988
0.193529499343
0.193170311505
0.192812139643
0.19245498293
0.192098840536
0.191743711632
0.19138959539
0.191036490981
0.190684397575
0.190333314344
0.189983240458
0.189634175089
0.189286117406
0.18893906658
0.188593021782
0.188247982181
0.187903946947
0.187560915249
0.187218886257
0.18687785914
0.186537833067
0.186198807205
0.185860780723
0.185523752788
0.185187722568
0.184852689231
0.184518651942
0.184185609868
0.183853562177
0.183522508035
0.183192446608
0.182863377063
0.182535298568
0.182208210292
0.181882111402
0.181557001069
0.181232878463
0.180909742759
0.180587593128
0.180266428747
0.179946248794
0.179627052446
0.179308838884
0.17899160729
0.178675356846
0.178360086736
0.178045796145
0.177732484256
0.177420150256
0.17710879333
0.176798412663
0.176489007439
0.176180576844
0.17587312006
0.175566636271
0.17526112466
0.174956584407
0.174653014693
0.174350414698
0.174048783602
0.17374812058
0.173448424811
0.17314969547
0.172851931732
0.172555132772
0.172259297763
0.171964425878
0.171670516289
0.171377568169
0.171085580689
0.170794553022
0.17050448434
0.170215373815
0.169927220622
0.169640023935
0.169353782931
0.169068496787
0.168784164683
0.1685007858
0.168218359322
0.167936884434
0.167656360324
0.167376786182
0.1670981612
0.166820484572
0.166543755492
0.166267973158
0.165993136767
0.165719245517
0.165446298608
0.16517429524
0.16490323461
0.164633115921
0.164363938369
0.164095701154
0.163828403474
0.163562044527
0.163296623508
0.163032139614
0.16276859204
0.162505979979
0.162244302624
0.161983559168
0.161723748801
0.161464870714
0.161206924097
0.160949908137
0.160693822021
0.160438664938
0.160184436072
0.159931134608
0.15967875973
0.159427310622
0.159176786465
0.158927186442
0.158678509731
0.158430755514
0.158183922967
0.157938011267
0.15769301959
0.157448947108
0.157205792993
0.156963556412
0.156722236527
0.156481832496
0.156242343467
0.156003768573
0.155766106928
0.155529357605
0.155293519618
0.155058591859
0.154824572995
0.154591461253
0.154359254131
0.154127948524
0.153897542339
0.153668035985
0.153439430927
0.153211728035
0.152984927443
0.152759028837
0.152534031675
0.152309935294
0.152086738966
0.151864441926
0.151643043387
0.151422542548
0.151202938598
0.150984230723
0.1507664181
0.150549499908
0.150333475319
0.150118343506
0.14990410364
0.149690754889
0.149478296423
0.149266727408
0.149056047012
0.148846254401
0.148637348739
0.148429329192
0.148222194924
0.148015945098
0.147810578878
0.147606095425
0.147402493903
0.147199773472
0.146997933293
0.146796972528
0.146596890336
0.146397685877
0.14619935831
0.146001906794
0.145805330487
0.145609628547
0.14541480013
0.145220844395
0.145027760497
0.144835547593
0.144644204837
0.144453731384
0.14426412639
0.144075389007
0.143887518391
0.143700513692
0.143514374065
0.143329098661
0.143144686632
0.142961137128
0.142778449302
0.142596622301
0.142415655277
0.142235547378
0.142056297752
0.128317087574
0.122268028083
0.122963097444
0.129384351968
0.140455817483
0.155090269865
0.172258526433
0.191070016361
0.210848029089
0.231167751047
0.251851294021
0.272915188225
0.294498887515
0.31684423058
0.340113357776
0.364204849458
0.34980638764
0.311452138726
0.278035844053
0.249192386349
0.224512996759
0.203558374602
0.185888077966
0.171098769093
0.158860143879
0.148938122098
0.141199647538
0.135599619106
0.132155113821
0.130913752085
0.131922256583
0.135199372189
0.140715578385
0.148380978661
0.158042290046
0.169489514318
0.182472126286
0.196723177845
0.211987796989
0.228050912704
0.244758620327
0.262028939731
0.279850417234
0.295552124061
0.28508742433
0.274898156269
0.265458964435
0.256959890303
0.249448151
0.24293678674
0.237441475373
0.232944726965
0.229393976263
0.226729803933
0.2249016565
0.223862408657
0.223586367802
0.224104861973
0.225488201082
0.227823932154
0.231164399969
0.235569215429
0.241207176901
0.243052821987
0.234076042274
0.226391454823
0.219912137317
0.214467287745
0.209870989469
0.205936922301
0.202494093766
0.199400860535
0.196554836991
0.193897199907
0.191411153578
0.189115473383
0.187054759214
0.18528821908
0.183878610261
0.182882618567
