0.22116823039
0.224697486352
0.228236509687
0.231792554985
0.235368307364
0.238961775052
0.242566991571
0.246175852031
0.249778912662
0.253363754118
0.256922142876
0.260467264637
0.264007402977
0.267469457498
0.270786723456
0.274227993375
0.27426493468
0.274301945168
0.274339025263
0.274376175378
0.274413395915
0.274450687269
0.274488049825
0.274525483956
0.274562990027
0.274600568392
0.274638219395
0.274675943366
0.274713740629
0.274751611493
0.274789556257
0.274827575209
0.274865668624
0.274903836766
0.274942079884
0.274980398219
0.275018791996
0.275057261428
0.275095806715
0.275134428043
0.275173125585
0.275211899501
0.275250749936
0.27528967702
0.275328680869
0.275367761586
0.275406919256
0.275446153952
0.27548546573
0.27552485463
0.275564320676
0.275603863877
0.275643484227
0.275683181699
0.275722956253
0.275762807831
0.275802736357
0.275842741739
0.275882823866
0.275922982609
0.275963217822
0.276003529338
0.276043916975
0.276084380529
0.276124919778
0.276165534481
0.276206224377
0.276246989184
0.276287828602
0.276328742309
0.276369729963
0.276410791201
0.276451925639
0.276493132872
0.276534412472
0.276575763992
0.27661718696
0.276658680883
0.276700245246
0.27674187951
0.276783583114
0.276825355474
0.276867195981
0.276909104004
0.276951078887
0.27699311995
0.277035226489
0.277077397776
0.277119633056
0.277161931551
0.277204292457
0.277246714944
0.277289198156
0.277331741213
0.277374343207
0.277417003204
0.277459720243
0.277502493338
0.277545321473
0.277588203608
0.277631138673
0.277674125571
0.277717163179
0.277760250343
0.277803385883
0.27784656859
0.277889797226
0.277933070526
0.277976387193
0.278019745903
0.278063145303
0.27810658401
0.278150060612
0.278193573665
0.278237121699
0.278280703211
0.278324316668
0.27836796051
0.278411633143
0.278455332944
0.27849905826
0.278542807406
0.278586578668
0.278630370299
0.278674180524
0.278718007534
0.278761849491
0.278805704525
0.278849570736
0.278893446192
0.27893732893
0.278981216956
0.279025108244
0.279069000739
0.279112892353
0.279156780967
0.279200664432
0.279244540567
0.279288407161
0.279332261972
0.279376102725
0.279419927119
0.279463732818
0.279507517457
0.279551278643
0.279595013949
0.27963872092
0.279682397073
0.279726039892
0.279769646834
0.279813215326
0.279856742767
0.279900226525
0.279943663943
0.279987052333
0.280030388981
0.280073671146
0.280116896058
0.280160060921
0.280203162913
0.280246199186
0.280289166868
0.280332063058
0.280374884833
0.280417629246
0.280460293326
0.280502874078
0.280545368485
0.280587773507
0.280630086083
0.280672303132
0.280714421552
0.280756438219
0.280798349994
0.280840153716
0.280881846208
0.280923424275
0.280964884708
0.281006224278
0.281047439746
0.281088527857
0.281129485341
0.281170308918
0.281210995295
0.281251541171
0.281291943232
0.281332198157
0.281372302616
0.281412253273
0.281452046787
0.281491679809
0.281531148989
0.281570450972
0.281609582403
0.281648539926
0.281687320183
0.281725919821
0.281764335487
0.281802563832
0.281840601514
0.281878445194
0.281916091542
0.281953537238
0.281990778968
0.282027813433
0.282064637344
0.282101247426
0.282137640419
0.282173813079
0.28220976218
0.282245484515
0.282280976895
0.282316236156
0.282351259154
0.282386042772
0.282420583916
0.28245487952
0.282488926548
0.282522721992
0.282556262876
0.282589546256
0.282622569223
0.282655328903
0.282687822461
0.282720047096
0.282752000052
0.28278367861
0.282815080096
0.282846201879
0.282877041375
0.282907596044
0.282937863397
0.282967840993
0.282997526444
0.283026917412
0.283056011614
0.283084806823
0.283113300866
0.283141491629
0.283169377059
0.283196955161
0.283224224002
0.283251181711
0.283277826484
0.28330415658
0.283330170324
0.28335586611
0.283381242401
0.28340629773
0.283431030698
0.283455439982
0.283479524331
0.283503282565
0.283526713585
0.283549816361
0.283572589946
0.283595033468
0.283617146132
0.283638927226
0.283660376116
0.283681492249
0.283702275154
0.283722724443
0.283742839809
0.283762621031
0.28378206797
0.283801180572
0.283819958868
0.283838402976
0.283856513098
0.283874289523
0.283891732625
0.283908842866
0.283925620796
0.28394206705
0.283958182352
0.283973967512
0.283989423427
0.284004551083
0.284019351554
0.284033825997
0.284047975662
0.284061801881
0.284075306075
0.284088489752
0.284101354504
0.284113902013
0.284126134042
0.284138052441
0.284149659146
0.284160956175
0.284171945631
0.284182629699
0.284193010647
0.284203090826
0.284212872666
0.28422235868
0.284231551458
0.28424045367
0.284249068066
0.28425739747
0.284265444785
0.284273212988
0.284280705131
0.28428792434
0.284294873813
0.284301556821
0.284307976703
0.28431413687
0.284320040801
0.28432569204
0.284331094201
0.28433625096
0.284341166058
0.284345843298
0.284350286547
0.284354499729
0.284358486829
0.284362251889
0.284365799008
0.284369132341
0.284372256096
0.284375174534
0.284377891967
0.284380412758
0.28438274132
0.284384882111
0.284386839636
0.284388618447
0.284390223138
0.284391658344
0.284392928745
0.284394039056
0.284394994035
0.284395798474
0.284396457202
0.284396975082
0.284397357012
0.28439760792
0.284397732766
0.284397736539
0.284397624256
0.284397400962
0.284397071727
0.284396641647
0.284396115839
0.284395499444
0.284394797623
0.284394015559
0.284393158452
0.28439223152
0.284391239997
0.284390189134
0.284389084195
0.284387930458
0.284386733214
0.284385497763
0.284384229418
0.284382933501
0.28438161534
0.284380280273
0.284378933643
0.284377580801
0.2843762271
0.284374877898
0.284373538557
0.284372214441
0.284370910913
0.284369633342
0.284368387091
0.284367177528
0.284366010015
0.284364889916
0.284363822588
0.284362813389
0.28436186767
0.28436099078
0.28436018806
0.284359464848
0.284358826476
0.284358278267
0.284357825539
0.284357473602
0.284357227759
0.284357093303
0.284357075519
0.284357179685
0.284357411067
0.284357774922
0.284358276497
0.28435892103
0.284359713749
0.284360659868
0.284361764593
0.284363033118
0.284364470628
0.284366082292
0.284367873271
0.284369848715
0.284372013759
0.28437437353
0.284376933141
0.284379697694
0.284382672278
0.284385861972
0.284389271843
0.284392906944
0.284396772321
0.284400873003
0.284405214011
0.284409800355
0.284414637032
0.284419729028
0.284425081321
0.284430698874
0.284436586643
0.284442749572
0.284449192597
0.284455920641
0.284462938621
0.284470251442
0.284477864002
0.28448578119
0.284494007886
0.284502548963
0.284511409286
0.284520593713
0.284530107095
0.284539954277
0.284550140098
0.284560669391
0.284571546984
0.284582777701
0.284594366362
0.284606317781
0.284618636772
0.284631328145
0.284644396707
0.284657847264
0.284671684622
0.284685913585
0.284700538958
0.284715565546
0.284730998156
0.284746841596
0.284763100677
0.284779780214
0.284796885024
0.28481441993
0.28483238976
0.284850799347
0.284869653531
0.28488895716
0.28490871509
0.284928932183
0.284949613314
0.284970763368
0.284992387239
0.285014489834
0.285037076073
0.28506015089
0.285083719232
0.285107786062
0.28513235636
0.285157435121
0.285183027361
0.285209138111
0.285235772426
0.285262935378
0.285290632063
0.2853188676
0.28534764713
0.285376975819
0.285406858861
0.285437301475
0.285468308908
0.285499886436
0.285532039367
0.285564773038
0.285598092819
0.285632004114
0.285666512364
0.285701623041
0.285737341659
0.285773673769
0.285810624961
0.285848200868
0.285886407164
0.285925249568
0.285964733843
0.2860048658
0.286045651298
0.286087096245
0.286129206602
0.28617198838
0.286215447646
0.286259590522
0.286304423189
0.286349951886
0.286396182914
0.286443122634
0.286490777475
0.28653915393
0.28658825856
0.286638097998
0.286688678946
0.286740008182
0.286792092559
0.28684493901
0.286898554545
0.286952946258
0.287008121328
0.28706408702
0.287120850688
0.287178419778
0.287236801829
0.287296004479
0.287356035461
0.287416902613
0.287478613877
0.287541177299
0.287604601039
0.287668893366
0.287734062669
0.287800117452
0.287867066343
0.287934918094
0.288003681587
0.288073365835
0.288143979986
0.288215533327
0.288288035289
0.288361495448
0.28843592353
0.288511329416
0.288587723146
0.288665114922
0.288743515112
0.288822934258
0.288903383076
0.288984872462
0.289067413501
0.289151017466
0.289235695827
0.289321460255
0.289408322629
0.289496295038
0.289585389791
0.289675619423
0.289766996697
0.289859534614
0.28995324642
0.290048145611
0.290144245939
0.290241561424
0.290340106357
0.290439895311
0.290540943145
0.290643265018
0.290746876394
0.290851793049
0.290958031088
0.291065606945
0.2911745374
0.291284839586
0.291396531001
0.29150962952
0.291624153402
0.291740121307
0.291857552308
0.291976465899
0.292096882013
0.292218821036
0.292342303818
0.292467351689
0.292593986478
0.292722230524
0.292852106696
0.292983638408
0.293116849641
0.293251764959
0.293388409528
0.293526809138
0.293666990226
0.293808979894
0.293952805936
0.29409849686
0.294246081913
0.294395591111
0.294547055263
0.294700505998
0.294855975803
0.295013498044
0.295173107008
0.295334837931
0.295498727038
0.29566481158
0.29583312987
0.296003721331
0.296176626533
0.296351887244
0.296529546472
0.296709648522
0.296892239044
0.29707736509
0.297265075172
0.297455419326
0.297648449173
0.297844217989
0.298042780778
0.298244194346
0.298448517381
0.29865581054
0.298866136535
0.299079560229
0.299296148737
0.299515971529
0.299739100543
0.299965610307
0.300195578057
0.30042908388
0.300666210848
0.300907045174
0.301151676369
0.301400197413
0.301652704942
0.301909299434
0.302170085422
0.302435171712
0.30270467162
0.302978703226
0.303257389644
0.303540859311
0.3038292463
0.304122690654
0.304421338746
0.304725343664
0.305034865632
0.305350072456
0.305671140012
0.305998252771
0.306331604366
0.306671398212
0.307017848173
0.307371179286
0.307731628558
0.308099445826
0.308474894698
0.308858253583
0.309249816819
0.309649895905
0.310058820867
0.310476941747
0.310904630253
0.31134228158
0.31179031643
0.312249183246
0.312719360697
0.313201360457
0.313695730291
0.314203057529
0.314723972954
0.315259155179
0.315809335594
0.316375303961
0.316957914769
0.317558094473
0.318176849772
0.318815277107
0.319474573588
0.320156049648
0.320861143713
0.321591439324
0.322348685199
0.323134818849
0.323951994541
0.324802616585
0.325689379198
0.326615314544
0.327583851029
0.328598884545
0.329664866212
0.330786911329
0.331970935855
0.333223828954
0.334553673301
0.335970029262
0.337484305402
0.339110246706
0.340864584485
0.34276790892
0.344845845872
0.347130637271
0.34966321058
0.352495675589
0.35569354923
0.35933461888
0.363492660255
0.368163428742
0.372999128388
0.376670212921
0.376915393857
0.373514617167
0.36867713878
0.363904852466
0.359629120969
0.355877026461
0.352578569133
0.349654984549
0.347038966403
0.344676775155
0.342526185107
0.340553959401
0.338733715862
0.337044287221
0.335468497998
0.333992257719
0.332603886089
0.331293606672
0.330053163174
0.328875525529
0.327754662362
0.326685363008
0.325663096914
0.32468390152
0.323744292077
0.322841188486
0.321971855504
0.321133853501
0.32032499764
0.319543323822
0.318787060088
0.318054602494
0.317344494625
0.316655410128
0.315986137742
0.315335568412
0.314702684149
0.314086548363
0.313486297438
0.312901133369
0.312330317298
0.31177316383
0.311229036005
0.310697340854
0.310177525448
0.309669073381
0.309171501628
0.308684357734
0.308207217294
0.307739681682
0.307281376013
0.30683194729
0.306391062742
0.305958408303
0.305533687243
0.305116618913
0.304706937605
0.304304391511
0.303908741772
0.303519761603
0.303137235495
0.302760958478
0.302390735447
0.302026380539
0.301667716555
0.301314574434
0.300966792758
0.3006242173
0.300286700605
0.299954101595
0.299626285206
0.299303122056
0.298984488125
0.298670264462
0.298360336917
0.298054595883
0.297752936055
0.297455256211
0.297161459002
0.296871450757
0.296585141297
0.296302443766
0.296023274469
0.295747552718
0.29547520069
0.295206143295
0.294940308044
0.294677624934
0.294418026334
0.294161446878
0.293907823364
0.29365709466
0.293409201615
0.29316408697
0.292921695283
0.292681972849
0.292444867628
0.292210329176
0.291978308582
0.291748758406
0.291521632615
0.291296886535
0.291074476793
0.290854361265
0.290636499032
0.290420850334
0.290207376522
0.289996040019
0.289786804282
0.289579633761
0.289374493863
0.289171350921
0.288970172156
0.288770925648
0.288573580308
0.288378105843
0.288184472735
0.28799265221
0.287802616213
0.287614337389
0.28742778905
0.287242945163
0.28705978032
0.286878269724
0.286698389165
0.286520115003
0.28634342415
0.28616829405
0.285994702666
0.285822628461
0.285652050383
0.285482947852
0.285315300742
0.285149089371
0.284984294485
0.284820897246
0.28465887922
0.284498222364
0.284338909017
0.284180921885
0.284024244034
0.283868858878
0.28371475017
0.283561901988
0.283410298735
0.283259925119
0.283110766154
0.282962807145
0.282816033684
0.282670431638
0.282525987146
0.282382686609
0.282240516685
0.282099464278
0.281959516536
0.281820660844
0.281682884813
0.281546176281
0.281410523301
0.28127591414
0.281142337271
0.281009781368
0.280878235301
0.280747688132
0.28061812911
0.280489547663
0.280361933399
0.280235276097
0.280109565704
0.279984792334
0.279860946258
0.279738017906
0.279615997858
0.279494876844
0.27937464574
0.279255295563
0.279136817467
0.279019202744
0.278902442814
0.278786529228
0.278671453662
0.278557207916
0.278443783907
0.278331173671
0.278219369357
0.278108363227
0.277998147651
0.277888715105
0.277780058169
0.277672169526
0.277565041956
0.277458668338
0.277353041645
0.277248154942
0.277144001384
0.277040574217
0.27693786677
0.276835872459
0.276734584781
0.276633997314
0.276534103715
0.276434897719
0.276336373134
0.276238523843
0.276141343802
0.276044827035
0.275948967636
0.275853759767
0.275759197653
0.275665275587
0.275571987921
0.275479329072
0.275387293513
0.275295875779
0.27520507046
0.275114872205
0.275025275713
0.274936275742
0.274847867098
0.27476004464
0.274672803276
0.274586137965
0.274500043712
0.274414515568
0.274329548631
0.274245138043
0.274161278989
0.274077966698
0.273995196438
0.273912963521
0.273831263295
0.273750091149
0.27366944251
0.27358931284
0.273509697639
0.27343059244
0.273351992813
0.27327389436
0.273196292716
0.273119183548
0.273042562554
0.272966425462
0.27289076803
0.272815586046
0.272740875325
0.272666631709
0.272592851069
0.272519529301
0.272446662325
0.272374246088
0.27230227656
0.272230749735
0.272159661631
0.272089008286
0.272018785761
0.27194899014
0.271879617523
0.271810664036
0.271742125819
0.271673999035
0.271606279864
0.271538964502
0.271472049165
0.271405530086
0.271339403513
0.27127366571
0.271208312957
0.27114334155
0.271078747797
0.271014528022
0.270950678563
0.270887195769
0.270824076005
0.270761315646
0.27069891108
0.270636858706
0.270575154934
0.270513796186
0.270452778895
0.270392099501
0.270331754457
0.270271740224
0.270212053272
0.27015269008
0.270093647135
0.270034920933
0.269976507977
0.269918404777
0.269860607853
0.269803113727
0.269745918932
0.269689020006
0.269632413492
0.269576095939
0.269520063904
0.269464313945
0.26940884263
0.269353646527
0.269298722212
0.269244066265
0.269189675268
0.26913554581
0.26908167448
0.269028057876
0.268974692593
0.268921575235
0.268868702404
0.26881607071
0.268763676761
0.268711517171
0.268659588554
0.268607887529
0.268556410714
0.268505154731
0.268454116205
0.268403291759
0.268352678022
0.268302271623
0.268252069191
0.268202067358
0.268152262758
0.268102652026
0.268053231796
0.268003998707
0.267954949396
0.267906080503
0.267857388668
0.267808870533
0.26776052274
0.267712341934
0.267664324759
0.26761646786
0.267568767886
0.267521221484
0.267473825302
0.267426575992
0.267379470206
0.267332504595
0.267285675814
0.267238980519
0.267192415366
0.267145977015
0.267099662124
0.267053467357
0.267007389377
0.266961424849
0.266915570442
0.266869822824
0.266824178668
0.266778634649
0.266733187443
0.266687833731
0.266642570196
0.266597393522
0.266552300399
0.26650728752
0.266462351581
0.266417489281
0.266372697325
0.26632797242
0.266283311278
0.266238710619
0.266194167162
0.266149677635
0.266105238772
0.26606084731
0.266016499993
0.265972193571
0.265927924802
0.265883690448
0.26583948728
0.265795312075
0.265751161619
0.265707032705
0.265662922134
0.265618826716
0.26557474327
0.265530668623
0.265486599613
0.265442533087
0.265398465902
0.265354394927
0.265310317039
0.26526622913
0.265222128101
0.265178010864
0.265133874348
0.26508971549
0.265045531242
0.26500131857
0.264957074454
0.264912795886
0.264868479876
0.264824123447
0.264779723638
0.264735277505
0.264690782118
0.264646234567
0.264601631956
0.264556971408
0.264512250066
0.264467465087
0.264422613652
0.264377692958
0.264332700222
0.264287632682
0.264242487597
0.264197262246
0.264151953931
0.264106559975
0.264061077722
0.264015504541
0.263969837824
0.263924074985
0.263878213465
0.263832250726
0.263786184258
0.263740011575
0.263693730217
0.26364733775
0.263600831767
0.263554209889
0.263507469762
0.263460609062
0.263413625494
0.26336651679
0.263319280711
0.263271915049
0.263224417625
0.26317678629
0.263129018927
0.263081113449
0.263033067801
0.262984879958
0.262936547931
0.26288806976
0.262839443519
0.262790667315
0.262741739289
0.262692657616
0.262643420504
0.262594026198
0.262544472974
0.262494759146
0.262444883063
0.262394843109
0.262344637703
0.262294265302
0.262243724399
0.262193013522
0.262142131238
0.262091076149
0.262039846897
0.261988442159
0.261936860651
0.261885101126
0.261833162376
0.26178104323
0.261728742557
0.261676259262
0.261623592291
0.261570740628
0.261517703294
0.261464479352
0.261411067902
0.261357468082
0.261303679072
0.261249700089
0.261195530389
0.261141169269
0.261086616063
0.261031870146
0.260976930931
0.26092179787
0.260866470454
0.260810948215
0.260755230722
0.260699317583
0.260643208445
0.260586902994
0.260530400954
0.260473702089
0.2604168062
0.260359713125
0.260302422743
0.260244934968
0.260187249753
0.260129367089
0.260071287003
0.260013009559
0.25995453486
0.259895863044
0.259836994284
0.259777928791
0.259718666811
0.259659208627
0.259599554555
0.259539704947
0.259479660191
0.259419420706
0.259358986948
0.259298359406
0.259237538602
0.25917652509
0.259115319459
0.259053922328
0.258992334348
0.258930556204
0.258868588609
0.258806432309
0.258744088078
0.258681556723
0.258618839077
0.258555936005
0.258492848399
0.25842957718
0.258366123295
0.25830248772
0.258238671459
0.258174675539
0.258110501015
0.258046148968
0.257981620503
0.257916916749
0.25785203886
0.257786988014
0.257721765411
0.257656372274
0.257590809848
0.257525079399
0.257459182217
0.257393119608
0.257326892902
0.257260503447
0.25719395261
0.257127241777
0.257060372353
0.256993345759
0.256926163434
0.256858826834
0.25679133743
0.256723696711
0.256655906178
0.256587967348
0.256519881754
0.256451650939
0.256383276463
0.256314759896
0.256246102821
0.256177306833
0.256108373538
0.256039304553
0.255970101505
0.25590076603
0.255831299775
0.255761704395
0.255691981552
0.255622132919
0.255552160174
0.255482065003
0.255411849098
0.255341514157
0.255271061885
0.255200493991
0.25512981219
0.255059018198
0.25498811374
0.254917100541
0.254845980329
0.254774754837
0.254703425799
0.254631994951
0.25456046403
0.254488834775
0.254417108925
0.254345288219
0.254273374398
0.2542013692
0.254129274364
0.254057091628
0.253984822727
0.253912469396
0.253840033366
0.253767516367
0.253694920126
0.253622246366
0.253549496807
0.253476673167
0.253403777157
0.253330810486
0.253257774856
0.253184671967
0.253111503512
0.253038271178
0.252964976648
0.252891621598
0.252818207698
0.252744736611
0.252671209994
0.252597629497
0.252523996761
0.252450313423
0.252376581109
0.252302801438
0.252228976023
0.252155106467
0.252081194363
0.252007241299
0.25193324885
0.251859218586
0.251785152065
0.251711050836
0.25163691644
0.251562750406
0.251488554256
0.251414329498
0.251340077635
0.251265800154
0.251191498537
0.251117174251
0.251042828755
0.250968463497
0.250894079913
0.250819679428
0.250745263457
0.250670833403
0.250596390658
0.250521936602
0.250447472604
0.250373000022
0.250298520201
0.250224034475
0.250149544167
0.250075050586
0.250000555031
0.249926058788
0.249851563133
0.249777069326
0.249702578618
0.249628092248
0.24955361144
0.249479137409
0.249404671355
0.249330214468
0.249255767923
0.249181332887
0.249106910509
0.24903250193
0.248958108276
0.248883730663
0.248809370192
0.248735027954
0.248660705025
0.248586402471
0.248512121345
0.248437862686
0.248363627522
0.248289416869
0.248215231729
0.248141073094
0.248066941941
0.247992839237
0.247918765935
0.247844722977
0.247770711292
0.247696731797
0.247622785397
0.247548872985
0.247474995441
0.247401153634
0.247327348421
0.247253580645
0.24717985114
0.247106160727
0.247032510214
0.246958900398
0.246885332065
0.246811805988
0.24673832293
0.24666488364
0.246591488858
0.246518139311
0.246444835714
0.246371578774
0.246298369182
0.24622520762
0.24615209476
0.246079031262
0.246006017773
0.245933054932
0.245860143364
0.245787283687
0.245714476504
0.245641722411
0.245569021991
0.245496375816
0.245423784449
0.245351248443
0.245278768338
0.245206344666
0.245133977948
0.245061668695
0.244989417408
0.244917224577
0.244845090683
0.244773016197
0.244701001579
0.244629047282
0.244557153746
0.244485321404
0.244413550679
0.244341841982
0.244270195719
0.244198612283
0.24412709206
0.244055635425
0.243984242746
0.243912914381
0.243841650678
0.243770451979
0.243699318614
0.243628250906
0.24355724917
0.243486313711
0.243415444827
0.243344642806
0.243273907928
0.243203240468
0.243132640687
0.243062108843
0.242991645184
0.24292124995
0.242850923373
0.242780665678
0.242710477082
0.242640357793
0.242570308015
0.24250032794
0.242430417757
0.242360577644
0.242290807774
0.242221108312
0.242151479416
0.242081921237
0.24201243392
0.2419430176
0.24187367241
0.241804398472
0.241735195903
0.241666064815
0.24159700531
0.241528017486
0.241459101435
0.241390257241
0.241321484983
0.241252784733
0.241184156557
0.241115600516
0.241047116664
0.240978705049
0.240910365714
0.240842098696
0.240773904027
0.240705781731
0.240637731828
0.240569754334
0.240501849257
0.240434016601
0.240366256365
0.240298568541
0.240230953119
0.24016341008
0.240095939404
0.240028541062
0.239961215024
0.239893961252
0.239826779704
0.239759670336
0.239692633095
0.239625667927
0.239558774771
0.239491953563
0.239425204234
0.239358526711
0.239291920916
0.239225386768
0.239158924181
0.239092533065
0.239026213325
0.238959964864
0.238893787579
0.238827681365
0.238761646112
0.238695681706
0.238629788031
0.238563964965
0.238498212383
0.238432530158
0.238366918158
0.238301376248
0.23823590429
0.238170502142
0.238105169658
0.238039906691
0.237974713089
0.237909588697
0.237844533358
0.23777954691
0.237714629191
0.237649780033
0.237584999268
0.237520286721
0.23745564222
0.237391065584
0.237326556634
0.231178398939
0.225459493785
0.219966585346
0.214621145995
0.209437141088
0.204450542655
0.199677478677
0.195109237979
0.190724187589
0.186499816389
