3.70074341542e-18
9.67455020352e-05
0.000387000989019
0.000870823417893
0.00154830776461
0.00241958709577
0.00348483266905
0.00474425406252
0.00619809933313
0.00784665520435
0.00969024728351
0.0117292403088
0.0139640384266
0.0163950854989
0.0190228654424
0.0218479025978
0.0248707621319
0.0280920504714
0.0315124157697
0.0351325484067
0.0389531815234
0.0429750915902
0.0471990990109
0.0516260687623
0.0562569110712
0.0610925821271
0.0661340848348
0.0713824696043
0.0768388351806
0.0825043295136
0.0883801506684
0.094467547777
0.100767822032
0.107282327721
0.114012473305
0.120959722537
0.128125595626
0.135511670435
0.143119583728
0.15095103245
0.159007775042
0.167291632795
0.175804491225
0.184548301473
0.193525081726
0.20273691863
0.212185968708
0.221874459738
0.231804692101
0.241979040031
0.252399952773
0.26306995556
0.273991650382
0.285167716431
0.296600910143
0.30829406467
0.320250088612
0.332471963725
0.344962741284
0.357725536604
0.37076352107
0.384079910743
0.397677950236
0.411560889951
0.4257319539
0.440194293935
0.454950924016
0.470004624628
0.485357801619
0.501012274163
0.516968950675
0.533227325706
0.549784690193
0.56663488515
0.583766324111
0.601158719702
0.618776469544
0.636547080681
0.654243375118
0.670660492066
0.68037010986
0.675514080169
0.661317132814
0.644832500997
0.627939882904
0.611006645736
0.594162050685
0.5774851685
0.561023961791
0.544809147801
0.528859899006
0.51318767766
0.497798913483
0.48269677881
0.467882331729
0.453355248016
0.439114293424
0.425157632787
0.41148303571
0.398088015748
0.38496992607
0.37212602614
0.359553528751
0.347249633517
0.335211550896
0.32343651948
0.311921818467
0.300664776613
0.289662778619
0.278913269606
0.268413758169
0.258161818377
0.248155090955
0.238391283878
0.228868172495
0.219583599317
0.210535473537
0.201721770366
0.193140530217
0.184789857795
0.176667921106
0.168772950422
0.161103237222
0.153657133104
0.146433048711
0.139429452652
0.132644870439
0.126077883448
0.119727127893
0.11359129384
0.10766912424
0.101959413997
0.0964610090666
0.091172805595
0.0860937490821
0.0812228335862
0.0765591009615
0.0721016401299
0.0678495863876
0.0638021207467
0.0599584693102
0.0563179026804
0.0528797354012
0.0496433254329
0.0466080736588
0.043773423424
0.0411388601052
0.0387039107111
0.0364681435125
0.0344311677033
0.0325926330885
0.0309522298023
0.0295096880536
0.0282647778982
0.0272173090388
0.0263671306509
0.0257141312336
0.0252582384868
0.024999419212
0.0249376792368
0.0250730633633
0.0254056553381
0.0259355778448
0.0266629925165
0.0275880999687
0.0287111398515
0.0300323909187
0.031552171114
0.0332708376727
0.0351887872361
0.0373064559786
0.0396243197439
0.0421428941889
0.044862734932
0.0477844377033
0.0509086384925
0.0542360136904
0.0577672802202
0.061503195651
0.0654445582888
0.0695922072364
0.073947022414
0.0785099245286
0.0832818749818
0.0882638757008
0.0934569688749
0.0988622365791
0.10448080026
0.11031382006
0.116362493935
0.122628056551
0.129111777884
0.135814961494
0.142738942398
0.149885084464
0.157254777246
0.164849432155
0.172670477831
0.180719354594
0.188997507791
0.197506379851
0.206247400823
0.215221977143
0.224431478306
0.233877221106
0.243560451011
0.253482320175
0.263643861491
0.274045957989
0.28468930676
0.295574376472
0.306701357451
0.318070103235
0.329680062478
0.341530200068
0.35361890634
0.365943893183
0.378502075647
0.391289437228
0.404300876238
0.417530029593
0.430969068952
0.444608462274
0.458436689847
0.472439893666
0.486601418583
0.500901151834
0.515314356541
0.529811248423
0.544352212118
0.558891074239
0.5733643421
0.58768272631
0.601724984379
0.615321181208
0.628207606698
0.639998009547
0.650210723605
0.658245857936
0.663535117065
0.665863209258
0.665455528697
0.662602827683
0.657571473909
0.650714143197
0.642303200992
0.632620509636
0.621947692959
0.610492170854
0.598456502624
0.58599944601
0.573252237334
0.560318196186
0.547275458544
0.534183057757
0.521091481572
0.508042329593
0.49507090242
0.482205373307
0.469469260017
0.456882980222
0.444462910337
0.432222289164
0.420171891643
0.408320493234
0.396675229773
0.385241881503
0.374025103915
0.363028602304
0.352255275884
0.341707353364
0.331386516917
0.321294005953
0.311430696528
0.301797158077
0.292393694178
0.283220375511
0.274277070315
0.265563473918
0.257079136748
0.248823489924
0.240795867943
0.23299552843
0.225421669213
0.218073443042
0.210949970269
0.20405034975
0.197373668193
0.190919008114
0.18468545458
0.17867210086
0.172878053146
0.167302434476
0.161944387992
0.156803079664
0.151877700592
0.147167468947
0.142671631633
0.138389465706
0.13432027958
0.130463414059
0.126818243203
0.123384175052
0.120160652226
0.117147152408
0.114343188727
0.111748310048
0.109362101173
0.107184182969
0.105214212419
0.103451882606
0.101896922627
0.100549097448
0.0994082076905
0.0984740893565
0.0977466134848
0.0972256857417
0.096911245938
0.0968032674687
0.0969017566692
0.0972067520796
0.0977183236091
0.0984365715889
0.0993616257019
0.100493643776
0.101832810425
0.103379335517
0.105133452464
0.107095416289
0.109265501469
0.111643999521
0.114231216299
0.117027468979
0.120033082695
0.12324838679
0.126673710647
0.130309379045
0.134155707006
0.138212994066
0.142481517929
0.146961527418
0.151653234699
0.15655680668
0.161672355565
0.1669999285
0.17253949631
0.178290941315
0.184254044271
0.190428470469
0.196813755074
0.203409287755
0.21021429667
0.217227831844
0.224448747948
0.231875686519
0.239507057628
0.247341021039
0.255375466898
0.26360799599
0.272035899615
0.280656139198
0.289465325881
0.298459700565
0.307635115072
0.316987015212
0.326510426463
0.336199942654
0.34604971751
0.356053458112
0.366204418444
0.37649539041
0.386918689292
0.397466130634
0.408128994704
0.418897967603
0.429762994183
0.440713111071
0.451736660946
0.462820924334
0.473952469896
0.485117087945
0.496298615096
0.507477007093
0.518630327822
0.529736761445
0.540768452075
0.551689748329
0.562456401948
0.573012851999
0.583283115878
0.593202156151
0.602691388196
0.611666683006
0.620050103972
0.62772905103
0.634585214839
0.640514246053
0.645372226724
0.649016492934
0.651461684483
0.652720424837
0.652845720278
0.651844077305
0.64972110732
0.646562833367
0.642478283634
0.637544456122
0.631865976223
0.625530312689
0.618645090681
0.611270446723
0.603494041654
0.595371426402
0.586937318156
0.57823880292
0.569327147021
0.560250528644
0.551048931857
0.541746669431
0.532362871706
0.522925377123
0.513458556579
0.503979892342
0.494506148991
0.485054714793
0.475641533567
0.466280756443
0.456985649238
0.447768105317
0.438640590935
0.429613775349
0.420699225038
0.411906052161
0.403242022221
0.394713911239
0.386327744886
0.378088752976
0.370001795439
0.362071408334
0.354301737629
0.346696970982
0.339260957703
0.331997299025
0.324909327347
0.318000095386
0.311272383259
0.304728715485
0.298371385264
0.292202481458
0.286223913042
0.280437428598
0.274844630074
0.269446981393
0.264245814303
0.259242333944
0.254437625689
0.249832663631
0.245428319922
0.241225373918
0.237224520559
0.233426377801
0.229831493197
0.226440349728
0.223253371026
0.220270926022
0.21749333308
0.214920863612
0.212553745228
0.210392164447
0.208436269006
0.206686169755
0.205141942135
0.203803627219
0.20267123232
0.20174473115
0.201024063558
0.200509134836
0.200199814618
0.200095935391
0.200197290629
0.20050363258
0.201014669722
0.201730063917
0.202649427273
0.203772318733
0.205098240394
0.206626633553
0.208356874482
0.210288269922
0.21242005228
0.214751374528
0.217281304804
0.220008820702
0.222932803283
0.226052030816
0.229365172292
0.232870780765
0.236567286601
0.24045299073
0.244526058036
0.248784511027
