3.71501771145e-14
0.000947455361144
0.00378756127328
0.00851343060731
0.0151132281502
0.0235696314769
0.0338590692015
0.0459507328243
0.0598053622949
0.0753738137551
0.0925954323757
0.111396275573
0.131687263871
0.153362379194
0.176297082638
0.200347181843
0.225348433272
0.25111720245
0.277452505032
0.304139690625
0.33095589107
0.357677132373
0.38408672774
0.40998428223
0.435194423354
0.459574301001
0.483019016632
0.505464432783
0.526887210664
0.547302321945
0.566758575374
0.585332814952
0.603123362788
0.620243041536
0.636811827511
0.652949009732
0.668764821575
0.684351986436
0.699778499754
0.715084135001
0.730284281795
0.745385209061
0.760413907781
0.775462716659
0.790744369967
0.806649010577
0.823794333127
0.843065540453
0.865651784632
0.893094328033
0.927355887815
0.970854946262
1.02605799079
1.09245822814
1.15214552625
1.14787038947
1.06923013271
0.977799791625
0.897624107016
0.830209600454
0.773207384005
0.724244550644
0.681405580263
0.643172782655
0.608327879928
0.575890841152
0.545094062906
0.515375813741
0.486375883299
0.457920701061
0.429992972215
0.402689066033
0.376172422455
0.350631579285
0.326248327956
0.30317752183
0.281537109984
0.261405639643
0.242824408897
0.225802032132
0.210319912935
0.196337746423
0.18379861591
0.172633519978
0.162765309701
0.154112077168
0.1465900512
0.140116049001
0.134609518839
0.129994197435
0.126199399998
0.123160960645
0.120821843725
0.119132449
0.118050632754
0.11754146174
0.117576708767
0.118134091577
0.1191962556
0.120749511484
0.122782363536
0.125283905772
0.128242214842
0.131642926171
0.135468229573
0.139696548418
0.144303154345
0.14926190025
0.154548115052
0.160142495067
0.166035569725
0.172232060102
0.178754251877
0.185643432461
0.192958527307
0.200771292317
0.209157707295
0.218185483714
0.227897806632
0.238293640499
0.249305362866
0.260775536181
0.272436753746
0.283901917216
0.294676205167
0.304203429124
0.311953261924
0.317538182123
0.320825401345
0.321997680807
0.321534555854
0.32012467084
0.318550834544
0.317591075939
0.317958585752
0.320281470188
0.325111889739
0.332953144331
0.344297437624
0.359672513734
0.379700986464
0.405183137434
0.437225819881
0.477465597994
0.52849753405
0.594799268377
0.685012967941
0.81830943231
1.02256357299
1.01871711724
0.816983759514
0.685887429566
0.597042955476
0.531475353744
0.480559337392
0.439772372609
0.406458188946
0.378921157676
0.356008277531
0.336895361675
0.320968549831
0.30775432651
0.296876000115
0.288025465972
0.280944223923
0.275410218225
0.27122845092
0.268224095712
0.266237299607
0.26511915117
0.264728492676
0.26492939551
0.265589219512
0.266577241536
0.267763866313
0.269020426476
0.270219548509
0.271236027928
0.271948147034
0.272239406
0.272000728088
0.27113331454
0.269552399233
0.26719210259
0.264011343941
0.260000349685
0.255186806774
0.249640362276
0.243474169059
0.236842616287
0.22993515561
0.222966967169
0.216167800047
0.209770487514
0.204000386854
0.19906648247
0.195154316603
0.192420422911
0.19098759924
0.190940164846
0.19231827468
