1.0
0.999825013124
0.999300209964
0.998426062718
0.997203357711
0.995633194397
0.993716983945
0.991456447446
0.988853613713
0.985910816694
0.982630692498
0.979016176036
0.975070497286
0.970797177185
0.966200023154
0.961283124268
0.956050846067
0.950507825033
0.94465896272
0.938509419566
0.932064608384
0.925330187546
0.918312053868
0.911016335215
0.90344938282
0.895617763349
0.887528250707
0.87918781761
0.870603626923
0.861783022792
0.852733521571
0.843462802557
0.833978698561
0.824289186311
0.814402376718
0.804326504998
0.794069920693
0.78364107758
0.773048523493
0.762300890082
0.751406882503
0.740375269077
0.729214870911
0.717934551517
0.70654320643
0.69504975284
0.683463119265
0.671792235261
0.660046021207
0.648233378155
0.636363177778
0.62444425242
0.612485385263
0.600495300634
0.588482654447
0.576456024817
0.564423902833
0.552394683521
0.540376657007
0.528377999882
0.516406766788
0.504470882237
0.492578132668
0.480736158759
0.468952447993
0.4572343275
0.445588957179
0.434023323102
0.422544231212
0.411158301334
0.399871961478
0.388691442475
0.377622772917
0.366671774439
0.355844057317
0.345145016411
0.334579827442
0.324153443607
0.313870592546
0.303735773646
0.293753255694
0.283927074878
0.274261033136
0.26475869685
0.255423395885
0.246258222973
0.237266033444
0.228449445288
0.219810839557
0.211352361103
0.203075919641
0.194983191133
0.187075619497
0.179354418624
0.171820574703
0.164474848845
0.157317780002
0.150349688168
0.143570677865
0.136980641885
0.130579265306
0.124366029751
0.118340217892
0.112500918187
0.106847029835
0.10137726795
0.0960901689267
0.0909840960072
0.0860572450179
0.0813076502795
0.0767331906715
0.0723315958423
0.068100452552
0.0640372111354
0.0601391920755
0.0564035926724
0.0528274937979
0.0494078667217
0.0461415799984
0.0430254064019
0.0400560298959
0.0372300526275
0.034544001933
0.0319943373418
0.0295774575695
0.0272897074847
0.0251273850419
0.0230867481657
0.0211640215767
0.019355403548
0.0176570725805
0.0160651939883
0.014575926381
0.013185428036
0.0118898631483
0.0106854079509
0.00956825669408
0.00853462747667
0.00758076792047
0.00670296067909
0.0058975287742
0.00516084075164
0.00448931565047
0.00387942777855
0.00332771128846
0.0028307645483
0.00238525430192
0.0019879196141
0.00163557559618
0.00132511690861
0.00105352103704
0.000817851339916
0.000615259866666
0.000442989949733
0.000298378587855
0.000178858711275
8.19621004553e-05
5.39902712309e-06
5.3372119849e-05
9.62249894748e-05
0.000125334416352
0.00014266043786
0.000150061136901
0.00014929086665
0.000142000050431
0.000129735362249
0.000113940161353
9.59551529678e-05
7.70192644029e-05
5.82707296229e-05
4.07483763291e-05
2.53931096944e-05
1.30495867438e-05
4.46807507531e-06
3.06485928869e-07
1.13260094401e-06
7.42640816625e-06
1.95826618361e-05
3.79135497165e-05
6.26515117849e-05
9.39521938378e-05
0.000131897525676
0.000176498916212
0.000227700557016
0.000285382825667
0.000349365780126
0.000419412735261
0.000495233912552
0.000576490153946
0.000662796690769
0.000753726958582
0.000848816448849
0.000947566588269
0.00104944863669
0.00115390759451
0.00126036611056
0.00136822838155
0.00147688403418
0.00158571198125
0.00169408424306
0.00180136972577
0.00190693794821
0.00201016270921
0.00211042568731
0.0022071199653
0.0022996534718
0.00238745233284
0.00246996412625
0.002546661032
0.00261704287219
0.00268064003412
0.00273701627081
0.00278577137304
0.00282654370778
0.00285901261782
0.00288290067804
0.00289797580385
0.00290405320792
0.00290099720137
0.00288872283625
0.00286719738632
0.00283644166352
0.00279653116796
0.0027475970695
0.00268982701963
0.00262346579227
0.00254881575306
0.00246623715656
0.00237614827153
0.00227902533455
0.00217540233287
0.00206587061749
0.00195107834806
0.00183172977129
0.00170858433531
0.00158245564217
0.00145421024164
0.00132476626941
0.00119509193313
0.00106620385025
0.000939165241755
0.000815083986198
0.000695110538776
0.000580435720464
0.000472288382431
0.00037193295125
0.000280666860659
0.000199817875814
0.000130741316202
7.48171834237e-05
3.34471993321e-05
8.05174569551e-06
6.26867958897e-08
1.09408353653e-05
4.21311966136e-05
9.51012151395e-05
0.000171316721143
0.00027224264128
0.000399339598657
0.000554060477956
0.000737846973865
0.000952126131334
0.00119830688544
0.00147777660849
0.00179189767207
0.00214200403145
0.00252939784005
0.0029553461012
0.00342107736476
0.00392777847564
0.00447659138148
0.00506861000649
0.00570487719823
0.00638638175411
0.00711405553418
0.00788877066635
0.00871133685049
0.00958249876713
0.0105029335966
0.0114732486542
0.0124939791461
0.0135655860522
0.014688454139
0.015862890109
0.0170891208884
0.0183672920595
0.0196974664398
0.0210796228116
0.0225136548051
0.0239993699383
0.0255364888145
0.0271246444819
0.0287633819547
0.0304521578985
0.0321903404809
0.033977209388
0.0358119560068
0.0376936837747
0.0396214086949
0.0415940600172
0.0436104810845
0.0456694303421
0.04776958251
0.0499095299147
0.0520877839803
0.0543027768744
0.0565528633074
0.0588363224823
0.0611513601905
0.0634961110511
0.0658686408889
0.0682669492484
0.0706889720372
0.0731325842961
0.07559560309
0.0780757905151
0.0805708568158
0.0830784636071
0.0855962271966
0.0881217219989
0.0906524840377
0.0931860145284
0.0957197835356
0.0982512336977
0.100777784013
0.103296833682
0.105805765991
0.108301952244
0.110782755724
0.113245535679
0.11568765133
0.11810646589
0.120499350586
0.122863688681
0.125196879486
0.12749634235
0.129759520635
0.131983885651
0.134166940561
0.136306224232
0.138399315039
0.140443834614
0.142437451523
0.144377884871
0.146262907839
0.148090351119
0.149858106281
0.151564129021
0.153206442322
0.154783139506
0.156292387167
0.157732427989
0.159101583449
0.160398256377
0.161620933402
0.162768187251
0.163838678909
0.164831159647
0.165744472884
0.166577555924
0.167329441516
0.167999259281
0.168586236968
0.169089701555
0.169509080194
0.169843900988
0.170093793611
0.17025848976
0.170337823446
0.170331731119
0.170240251633
0.170063526043
0.169801797241
0.169455409435
0.169024807458
0.16851053593
0.167913238256
0.167233655468
0.166472624924
0.165631078847
0.164710042725
0.163710633566
0.162634058012
0.161481610316
0.160254670193
0.158954700537
0.157583245015
0.156141925546
0.154632439664
0.153056557768
0.151416120277
0.149713034674
0.147949272469
0.146126866068
0.144247905555
0.142314535412
0.140328951156
0.138293395915
0.136210156953
0.134081562131
0.131909976336
0.12969779786
0.127447454751
0.12516140114
0.122842113542
0.120492087149
0.118113832114
0.115709869833
0.113282729234
0.110834943079
0.108369044283
0.105887562255
0.103393019276
0.100887926907
0.0983747824421
0.095856065413
0.0933342341407
0.0908117223531
0.0882909358639
0.0857742493235
0.0832640030446
0.0807624999083
0.0782720023548
0.0757947294649
0.0733328541343
0.0708885003472
0.0684637405515
0.0660605931401
0.0636810200427
0.061326924429
0.0590001485296
0.0567024715749
0.0544356078556
0.0522012049078
0.0500008418242
0.0478360276928
0.0457082001661
0.0436187241614
0.0415688906936
0.0395599158408
0.0375929398448
0.0356690263457
0.0337891617508
0.031954254739
0.0301651358989
0.0284225575006
0.0267271934008
0.0250796390799
0.0234804118095
0.0219299509493
0.0204286183717
0.0189766990112
0.0175744015385
0.0162218591545
0.0149191305034
0.0136662007014
0.0124629824785
0.0113093174299
0.0102049773732
0.00914966581032
0.00814301948728
0.00718461005108
0.00627394579881
0.00541047351619
0.00459358040337
0.00382259608789
0.00309679473164
0.00241539725944
0.00177757381607
0.00118244695737
0.000629099373851
0.000116716788495
0.000356377914466
0.00079039051323
0.00118678903924
0.00154667206936
0.00187119022429
0.0021615259984
0.00241888918501
0.00264451382228
0.00283965544053
0.00300558839516
0.00314360323316
0.0032550040801
0.00334110604526
0.00340323264712
0.00344271326214
0.00346088060095
0.00345906821584
0.00343860804381
0.00340082798913
0.0033470495495
0.0032785854897
0.00319673756648
0.0031027943084
0.00299802885409
0.0028836968523
0.00276103442703
0.0026312562107
0.00249555344832
0.00235509217537
0.00221101147193
0.0020644217955
0.00191640339458
0.0017680048052
0.0016202414321
0.00147409421625
0.00133050839021
0.00119039232255
0.00105461645241
0.000924012315193
0.000799371659887
0.000681445658791
0.000570944209764
0.000468535331229
0.000374844649868
0.000290454980775
0.000215905999649
0.000151694006446
9.82717797076e-05
5.60485206358e-05
2.53898857585e-05
6.61810652852e-06
1.16570952704e-08
5.80824461969e-06
2.41997777898e-05
5.53382237304e-05
9.93334422498e-05
0.000156254331921
0.000226129513697
0.00030894808577
0.000404660447623
0.000513179190699
0.000634380052902
0.00076810293412
0.000914152969797
0.00107230165956
0.00124228804775
0.00142381995282
0.00161657524211
0.00182020314905
0.00203432562916
0.00225853875167
0.00249241412323
0.00273550034037
0.00298732446719
0.00324739353494
0.0035151960598
0.00379020357571
0.00407187217854
0.00435964407834
0.00465294915621
0.0049512065224
0.00525382607237
0.00556021003752
0.00586975452735
0.00618185105981
0.00649588807694
0.00681125244253
0.00712733091898
0.00744351162055
0.00775918543996
0.00807374744602
0.00838659824928
0.00869714533362
0.00900480435105
0.00930900037762
0.00960916912829
0.00990475812861
0.0101952278413
0.0104800527462
0.0107587223712
0.0110307422735
0.0112956349695
0.0115529408111
0.0118022188088
0.0120430473998
0.0122750251595
0.012497771457
0.0127109270538
0.0129141546431
0.013107139333
0.0132895890701
0.0134612350054
0.0136218318011
0.0137711578802
0.0139090156175
0.0140352314736
0.0141496560719
0.014252164219
0.0143426548707
0.0144210510424
0.0144872996664
0.0145413713975
0.0145832603663
0.0146129838832
0.0146305820947
0.0146361175915
0.0146296749725
0.0146113603644
0.0145813008999
0.0145396441557
0.0144865575526
0.0144222277189
0.0143468598208
0.014260676859
0.0141639189373
0.0140568425016
0.0139397195547
0.0138128368471
0.0136764950461
0.0135310078875
0.0133767013088
0.0132139125702
0.0130429893611
0.0128642888994
0.0126781770213
0.012485027267
0.0122852199628
0.0120791413031
0.011867182433
0.0116497385353
0.0114272079225
0.0111999911372
0.0109684900616
0.0107331070394
0.0104942440111
0.0102523016648
0.0100076786044
0.00976077053708
0.00951196948112
0.00926166299632
0.00901023343814
0.0087580572371
0.00850550420476
0.0082529368676
0.00800070982986
0.00774916916657
0.00749865184766
0.00724948519408
0.00700198636682
0.00675646188939
0.0065132072046
0.00627250626596
0.00603463116431
0.00579984178991
0.00556838553027
0.00534049700396
0.0051163978303
0.00489629643507
0.00468038789194
0.00446885379966
0.00426186219441
0.00405956749718
0.00386211049558
0.00366961835956
0.0034822046904
0.0032999696023
0.00312299983579
0.00295136890198
0.00278513725695
0.0026243525051
0.00246904963051
0.00231925125518
0.00217496792299
0.00203619840814
0.00190293004687
0.00177513909108
0.00165279108259
0.00153584124656
0.00142423490277
0.00131790789323
0.00121678702468
0.00112079052456
0.00102982850886
0.000943803460367
0.000862610715913
0.000786138960875
0.000714270729636
0.000646882910373
0.000583847252704
0.000525030876711
0.00047029678187
0.000419504354432
0.000372509871846
0.000329167002812
0.000289327301631
0.000252840695498
0.000219555963472
0.000189321205873
0.000161984302899
0.000137393361333
0.000115397148221
9.58455104754e-05
7.85897794202e-05
6.34831593262e-05
5.03810990497e-05
3.91416459229e-05
2.96257810622e-05
2.16977351972e-05
1.52252838556e-05
1.00800197423e-05
6.13759637173e-06
3.27791964188e-06
1.38515627119e-06
3.4634242997e-07
4.3541935401e-08
4.29240994107e-07
1.35175261106e-06
2.73639657211e-06
4.49960779396e-06
6.56202266335e-06
8.84953509501e-06
1.12934567548e-05
1.38305447066e-05
1.64029861358e-05
1.89583570504e-05
2.14495595377e-05
2.38347393867e-05
2.60771851537e-05
2.81452095408e-05
3.00120139161e-05
3.16555368129e-05
3.30582872736e-05
3.42071639378e-05
3.50932608124e-05
3.57116606911e-05
3.60612172265e-05
3.61443266849e-05
3.59666904399e-05
3.55370692829e-05
3.48670306499e-05
3.39706898757e-05
3.28644466023e-05
3.15667174733e-05
3.00976662545e-05
2.84789325166e-05
2.67333600193e-05
2.48847259244e-05
2.29574719592e-05
2.09764386356e-05
1.89666036152e-05
1.69528252868e-05
1.49595926028e-05
1.30107821903e-05
1.11294237217e-05
9.33747449901e-06
7.65560416396e-06
6.10299041021e-06
4.69712652764e-06
3.45364156462e-06
2.38613384464e-06
1.50601852267e-06
8.22389811273e-07
3.41898438406e-07
6.86445980502e-08
4.07916940591e-09
1.46976363955e-07
4.93280321106e-07
1.03616284226e-06
1.76595276666e-06
2.67014052134e-06
3.73339116572e-06
4.93757498926e-06
6.26181568147e-06
7.68255594901e-06
9.1736403791e-06
1.07064152792e-05
1.22498451546e-05
1.37706454188e-05
1.52334308635e-05
1.66008793519e-05
1.78339101326e-05
1.88918761096e-05
1.9732769344e-05
2.03134390023e-05
2.05898209134e-05
2.05171778414e-05
2.00503495426e-05
1.91440116418e-05
1.77529423789e-05
1.58322964152e-05
1.33378855164e-05
1.02264690823e-05
6.45608117198e-06
1.98697884786e-06
3.2240048318e-06
9.2068678413e-06
1.59994582522e-05
2.3633002736e-05
3.21361421141e-05
4.15343536042e-05
5.18496593192e-05
6.31003657091e-05
7.53008173431e-05
8.84611633957e-05
0.000102587137448
0.000117679851705
0.000133735606869
0.000150745718899
0.000168696363928
0.000187568442537
0.000207337464582
0.000227973455713
0.000249440886695
0.000271698626579
0.000294699920733
0.000318392394662
0.000342718084519
0.000367613495113
0.00039300968618
0.000418832387582
0.000445002144056
0.000471434490043
0.00049804015503
0.000524725299801
0.000551391783856
0.000577937464201
0.000604256525621
0.000630239842443
0.000655775371708
0.000680748577587
0.000705042886765
0.000728540174427
0.00075112128038
0.000772666554763
0.000793056432653
0.000812172036849
0.000829895807934
0.000846112160693
0.000860708165813
0.000873574255727
0.000884604953351
0.000893699622381
0.000900763237718
0.000905707174503
0.000908450014155
0.000908918365722
0.000907047700764
0.000902783199927
0.000896080609266
0.000886907104324
0.000875242159891
0.000861078423306
0.000844422589117
0.000825296272818
0.000803736881399
0.000779798478307
0.000753552640467
0.000725089304901
0.000694517602487
0.000661966676373
0.000627586482526
0.000591548569881
0.000554046837568
0.000515298266657
0.000475543623883
0.000435048134828
0.000394102124025
0.0003530216195
0.000312148919264
0.00027185311733
0.00023253058684
0.000194605417959
0.000158529808213
0.000124784403048
9.38785844068e-05
6.63507052127e-05
4.27682677326e-05
2.37280438459e-05
9.85613532719e-06
1.80797172208e-06
2.68240043216e-07
5.95079526866e-06
1.95983750335e-05
4.19824280259e-05
7.39027347846e-05
0.000116187013274
0.000169690444823
0.000235295127996
0.000313909459816
0.000406467443795
0.000513927924347
0.000637273747315
0.000777510846508
0.000935667256267
0.00111279205027
0.00130995420689
0.00152824140169
0.00176875872765
0.00203262734399
0.00232098305461
0.0026349748173
0.00297576318502
0.0033445186808
0.00374242010783
0.00417065279671
0.00463040679166
0.00512287497792
0.00564925115273
0.00621072804218
0.00680849526659
0.00744373725734
0.00811763112774
0.00883134450137
0.00958603330069
0.0103828394996
0.0112228888432
0.0121072885383
0.0130371249184
0.0140134610873
0.0150373345447
0.0161097547981
0.017231700965
0.0184041193703
0.0196279211416
0.0209039798084
0.022233128909
0.0236161596095
0.025053818339
0.0265468044467
0.0280957678848
0.0297013069214
0.0313639658896
0.0330842329749
0.0348625380487
0.0366992505503
0.0385946774219
0.0405490611034
0.0425625775893
0.0446353345531
0.0467673695437
0.0489586482584
0.0512090628961
0.0535184305956
0.0558864919631
0.0583129096924
0.0607972672821
0.0633390678542
0.0659377330762
0.0685926021922
0.0713029311645
0.074067891931
0.0768865717788
0.0797579728401
0.0826810117104
0.0856545191929
0.0886772401712
0.091747833613
0.0948648727052
0.0980268451238
0.10123215344
0.104479115662
0.107765965915
0.111090855265
0.11445185267
0.117846946089
0.121274043712
0.124730975345
0.128215493928
0.131725277192
0.135257929456
0.138810983558
0.142381902928
0.14596808379
0.149566857494
0.153175492987
0.156791199403
0.160411128784
0.16403237892
0.167651996311
0.171266979241
0.174874280969
0.178470813029
0.182053448626
0.185619026145
0.189164352746
0.192686208053
0.196181347936
0.199646508359
0.203078409322
0.206473758862
0.209829257119
0.213141600469
0.216407485702
0.219623614254
0.222786696473
0.225893455924
0.228940633723
0.231924992889
0.234843322716
0.237692443144
0.240469209142
0.24317051508
0.245793299087
0.248334547393
0.250791298643
0.253160648178
0.255439752275
0.257625832336
0.259716179032
0.261708156376
0.263599205729
0.265386849737
0.26706869618
0.268642441735
0.27010587564
0.271456883263
0.272693449557
0.273813662402
0.274815715829
0.275697913117
0.276458669752
0.277096516261
0.277610100889
0.277998192137
0.278259681143
0.278393583908
0.278399043359
0.278275331238
0.278021849837
0.277638133538
0.277123850192
0.276478802309
0.275702928065
0.274796302124
0.273759136266
0.272591779835
0.27129471998
0.269868581713
0.268314127765
0.266632258252
0.264824010138
0.262890556505
0.260833205627
0.258653399843
0.256352714245
0.253932855159
0.251395658443
0.248743087591
0.245977231649
0.243100302942
0.240114634625
0.237022678044
0.233826999929
0.230530279406
0.227135304848
0.223644970556
0.22006227328
0.216390308588
0.212632267079
0.20879143046
0.204871167478
0.200874929718
0.196806247279
0.192668724328
0.188466034536
0.184201916416
0.179880168554
0.175504644747
0.171079249064
0.16660793082
0.162094679486
0.157543519536
0.152958505239
0.148343715408
0.143703248108
0.139041215334
0.134361737676
0.129668938964
0.124966940909
0.120259857751
0.115551790924
0.110846823733
0.106149016069
0.101462399158
0.09679097036
0.0921386880198
0.0875094663835
0.0829071705856
0.078335611716
0.0737985419742
0.0692996499186
0.0648425558198
0.0604308071236
0.0560678740321
0.0517571452107
0.0475019236274
0.0433054225325
0.0391707615865
0.0351009631443
0.0310989487074
0.0271675355602
0.0233094336168
0.0195272425411
0.0158234492969
0.0122004266283
0.00866043452633
0.00520563726504
0.00183832904358
0.00144192743363
0.00462927109643
0.00772469462595
0.0107262794929
0.0136326192007
0.0164424701954
0.0191547284863
0.0217684254798
0.0242827269234
0.0266969324986
0.0290104754877
0.0312229223418
0.0333339720885
0.0353434555574
0.0372513344124
0.0390576999882
0.0407627719311
0.0423668966455
0.0438705455478
0.0452743131313
0.0465789148458
0.0477851847962
0.0488940732632
0.0499066440529
0.0508240716785
0.0516476383816
0.0523787309963
0.0530188376645
0.0535695444075
0.05403253156
0.054409570075
0.0547025177046
0.054913315065
0.0550439815935
0.0550966114038
0.0550733690486
0.0549764851971
0.054808252235
0.0545710197958
0.0542671902316
0.0538992140318
0.0534695851975
0.052980836582
0.0524355352037
0.0518362775419
0.0511856848232
0.0504863983075
0.0497410745825
0.0489523808743
0.0481229903843
0.0472555776594
0.0463528140049
0.045417362948
0.0444518757601
0.0434589870466
0.0424413104111
0.0414014342027
0.0403419173539
0.0392652853161
0.0381740260998
0.0370705864285
0.035957368009
0.0348367239299
0.0337109551895
0.0325823073633
0.031452967414
0.0303250606506
0.0292006478422
0.0280817224907
0.0269702082664
0.0258679566122
0.0247767445191
0.023698272477
0.0226341626034
0.0215859569542
0.020555116017
0.0195430173911
0.0185509546544
0.0175801364192
0.0166316855779
0.0157066387388
0.0148059458528
0.0139304700299
0.0130809875464
0.0122581880401
0.0114626748938
0.0106949658038
0.00995549353345
0.0092446068472
0.00856257162335
0.00790957214254
0.007285712548
0.00669101847399
0.00612543883803
0.00558884779258
0.00508104683126
0.00460176704442
0.00415067151861
0.00372735787429
0.0033313609356
0.00296215552602
0.00261915938326
0.00230173618668
0.00200919869012
0.00174081195292
0.0014957966617
0.00127333253528
0.00107256180483
0.000892592761392
0.000732503362608
0.000591344890434
0.000468145651488
0.000361914711597
0.000271645656041
0.000196320366906
0.000134912808954
8.63928153461e-05
4.97298646064e-05
2.3896840149e-05
7.87376367962e-06
6.51490156778e-07
1.23538681559e-06
8.64889095606e-06
2.19370975502e-05
4.01702197204e-05
6.24469889729e-05
8.78979728511e-05
0.000115688799737
0.000145023284266
0.000175146445996
0.000205347414164
0.000234962211577
0.000263376410928
0.00029002765709
0.000314408049188
0.000336066376565
0.000354610203009
0.000369707793965
0.000381089881724
0.000388551263949
0.000391952231209
0.000391219819575
0.000386348884642
0.000377402993767
0.000364515133621
0.000347888230607
0.000327795482009
0.0003045804962
0.000278657240574
0.000250509796322
0.000220691919523
0.000189826408492
0.000158604277667
0.000127783738783
9.81889904637e-05
7.07088177613e-05
4.62950035944e-05
2.59605543415e-05
1.07777416226e-05
1.8759470192e-06
4.3929256337e-07
7.70475017905e-06
2.49580918329e-05
5.35325482248e-05
9.48050949189e-05
0.000150193460537
0.00022115285498
0.000309172553893
0.000415772348275
0.000542498866258
0.000690921774159
0.000862629864147
0.00105922703619
0.0012823281821
0.00153355497995
0.00181453160704
0.00212688038019
0.00247221733206
0.00285214773248
0.00326826156399
0.00372212896084
0.00421529562094
0.00474927820028
0.00532555969948
0.00594558485227
0.00661075552561
0.00732242614129
0.00808189912902
0.00889042042068
0.00974917499572
0.0106592824875
0.0116217928604
0.012637682167
0.0137078483958
0.0148331074179
0.016014189043
0.0172517331931
0.0185462862034
0.0198982972593
0.0213081149779
0.0227759841427
0.0243020425994
0.0258863183209
0.0275287266493
0.0292290677221
0.0309870240896
0.0328021585305
0.0346739120716
0.0366016022189
0.0385844214038
0.0406214356522
0.0427115834786
0.0448536750128
0.0470463913607
0.0492882842048
0.051577775646
0.0539131582919
0.0562925955909
0.0587141224171
0.0611756459055
0.0636749465392
0.0662096794893
0.0687773762075
0.0713754462705
0.0740011794765
0.0766517481913
0.0793242099427
0.0820155102612
0.0847224857634
0.0874418674762
0.0901702843964
0.0929042672833
0.0956402526779
0.0983745871458
0.101103531736
0.103823266651
0.106529896121
0.109219453478
0.111887906418
0.114531162448
0.117145074505
0.119725446747
0.122268040496
0.124768580335
0.12722276034
0.129626250445
0.131974702927
0.134263758993
0.13648905548
0.13864623163
0.140730935944
0.142738833113
0.144665610986
0.146506987594
0.1482587182
0.149916602369
0.151476491039
0.152934293602
0.154285984948
0.155527612496
0.156655303173
0.157665270347
0.158553820685
0.15931736094
0.159952404644
0.1604555787
0.160823629858
0.161053431066
0.161141987683
0.161086443542
0.160884086853
0.160532355934
0.160028844758
0.159371308313
0.158557667748
0.157586015315
0.156454619082
0.155161927417
0.153706573231
0.152087377964
0.150303355321
0.148353714735
0.14623786456
0.143955414984
0.141506180647
0.138890182976
0.13610765221
0.133159029129
0.130044966469
0.126766330024
0.12332419943
0.119719868634
0.115954846029
0.112030854277
0.107949829796
0.103713921921
0.0993254917407
0.0947871106004
0.0901015582828
0.0852718208601
0.0803010882244
0.0751927512959
0.0699503989166
0.0645778144328
0.0590789719759
0.0534580324551
0.0477193392839
0.041867413887
0.0359069510875
0.0298428146379
0.0236800337111
0.0174238035484
0.0110795083347
0.00465298589141
0.00185493917752
0.00842840430546
0.0150691505482
0.0217695407283
0.0285233762734
0.0353244407864
0.0421664415775
0.0490430059708
0.0559476862345
0.0628739667418
0.0698152719334
0.0767649746557
0.0837164047187
0.0906628576023
0.0975976032737
0.104513895089
0.111404978762
0.118264101375
0.125084520432
0.13185951292
0.138582384376
0.145246477944
0.151845183404
0.158371946159
0.16482027617
0.171183756821
0.177456053702
0.183630923293
0.189702221543
0.19566391232
0.201510075726
0.207234916262
0.212832770833
0.218298116569
0.223625578469
0.228809936833
0.233846134493
0.238729283814
0.24345467346
0.248017774921
0.252414248774
0.256639950691
0.26069093716
0.264563470929
0.268254026154
0.271759293248
0.275076183419
0.27820183289
0.281133606804
0.283869102789
0.286406154199
0.288742833006
0.290877452352
0.292808568755
0.294534983955
0.296055746416
0.297370152457
0.298477747039
0.299378324177
0.300071927006
0.300558847469
0.300839625662
0.300915048808
0.300786149874
0.300454205842
0.299920735613
0.299187497577
0.298256486823
0.297129932024
0.295810291972
0.294300251791
0.292602718823
0.290720818203
0.288657888111
0.286417474735
0.284003326933
0.281419390608
0.27866980281
0.275758885567
0.272691139465
0.26947123697
0.266104015523
0.262594470407
0.258947747399
0.255169135216
0.251264057781
0.247238066297
0.243096831167
0.238846133758
0.23449185802
0.230039981988
0.225496569161
0.220867759791
0.21615976208
0.211378843303
0.206531320886
0.201623553422
0.19666193167
0.191652869536
0.186602795043
0.18151814133
0.176405337658
0.171270800471
0.166120924502
0.160962073949
0.155800573734
0.15064270085
0.145494675824
0.140362654291
0.135252718709
0.130170870214
0.125123020634
0.120114984675
0.115152472282
0.110241081202
0.105386289738
0.100593449731
0.0958677797498
0.0912143585295
0.0866381186432
0.0821438404301
0.0777361461827
0.0734194946025
0.0691981755324
0.0650763049717
0.0610578203806
0.0571464762815
0.0533458401609
0.0496592886779
0.0460900041846
0.0426409715602
0.0393149753653
0.0361145973166
0.0330422140864
0.0300999954274
0.0272899026254
0.0246136872795
0.0220728904112
0.019668841901
0.0174026602525
0.0152752526826
0.0132873155353
0.0114393350175
0.00973158825313
0.00816414465266
0.00673686759402
0.00544941641023
0.00430124867898
0.00329162280879
0.00241960091583
0.00168405198503
0.00108365530881
0.000616904196153
0.000282109944051
7.74060598703e-05
7.51690618052e-07
4.99416446737e-05
0.0002226006559
0.000516199215245
0.00092805363513
0.00145533265372
0.00209506319832
0.00284413632088
0.00369931330077
0.00465723190404
0.0057144127881
0.00686726604032
0.00811209783898
0.00944511722484
0.0108624429716
0.0123601105431
0.0139340791255
0.015580238722
0.0172944172985
0.0190723879676
0.0209098761993
0.0228025670455
0.0247461123674
0.0267361380528
0.0287682512124
0.0308380473422
0.0329411174411
0.0350730550726
0.0372294633581
0.0394059618918
0.0415981935652
0.0438018312921
0.0460125846216
0.0482262062308
0.0504384982857
0.0526453186617
0.0548425870145
0.0570262906911
0.0591924904735
0.0613373261463
0.0634570218804
0.0655478914247
0.0676063430989
0.0696288845816
0.0716121274843
0.0735527917098
0.0754477095845
0.0772938297633
0.0790882209007
0.0808280750833
0.0825107110213
0.0841335769945
0.0856942535504
0.0871904559513
0.0886200363694
0.0899809858271
0.0912714358824
0.0924896600581
0.0936340750147
0.0947032414677
0.095695864849
0.0966107957149
0.0974470299008
0.0982037084254
0.0988801171476
0.0994756861767
0.0999899890415
0.100422741621
0.100773800839
0.101043163133
0.101230962692
0.101337469481
0.101363087045
0.101308350109
0.10117392197
0.100960591705
0.100669271174
0.100300991852
0.099856901486
0.0993382605772
0.0987464387142
0.0980829107475
0.0973492528252
0.0965471382926
0.0956783334665
0.0947446932936
0.0937481568991
0.092690743038
0.0915745454561
0.09040172817
0.0891745206768
0.0878952131013
0.0865661512911
0.0851897318688
0.0837683972502
0.0823046306386
0.0808009510045
0.0792599080594
0.0776840772332
0.0760760546652
0.0744384522166
0.0727738925133
0.0710850040298
0.06937441622
0.0676447547055
0.0658986365292
0.0641386654819
0.0623674275098
0.0605874862112
0.0588013784298
0.0570116099505
0.0552206513071
0.053430933706
0.0516448450737
0.049864726235
0.0480928672251
0.0463315037446
0.0445828137588
0.0428489142502
0.041131858125
0.0394336312807
0.0377561498372
0.0361012575347
0.0344707233033
0.0328662390052
0.0312894173529
0.0297417900058
0.0282248058461
0.0267398294367
0.0252881396605
0.0238709285431
0.0224893002591
0.0211442703214
0.0198367649535
0.0185676206439
0.0173375838821
0.0161473110743
0.014997368637
0.0138882332663
0.0128202923822
0.0117938447421
0.0108091012238
0.00986618577208
0.00896513650721
0.00810590699032
0.007288367642
0.00651230730975
0.00577743497958
0.00508338162709
0.00442970220299
0.00381587774814
0.00324131763322
0.00270536191885
0.00220728383361
0.00174629237336
0.00132153504366
0.000932100846284
0.000577024066632
0.000255294564018
3.44851140976e-05
0.000292598141286
0.000520942271122
0.000720513900471
0.000892546566323
0.00103831291233
0.00115911739189
0.00125629231565
0.00133119434778
0.0013852011001
0.00141970775607
0.00143612371026
0.00143586922312
0.00142037209474
0.00139106436325
0.00134937903366
0.00129674684326
0.00123459306987
0.00116433438871
0.00108737578414
0.00100510752182
0.000918902187046
0.000830111794708
0.000740064976084
0.000650064247618
0.000561383366484
0.000475264777621
0.000392917156628
0.000315513052739
0.000244186635804
0.000180031550986
0.000124098884625
7.7395244418e-05
4.08809566536e-05
1.54683814859e-05
2.02030023059e-06
1.34865880496e-06
1.42132601403e-05
4.13199594655e-05
8.33205278742e-05
0.000140811209997
0.000214332032737
0.000304366149932
0.000411339315678
0.000535619488945
0.000677516569475
0.000837282264397
0.00101511008472
0.00121113547059
0.00142543604384
0.00165803198637
0.00190888654224
0.00217790664153
0.00246494364351
0.00276979419656
0.00309220121198
0.00343185494871
0.00378839420571
0.00416140761854
0.0045504350565
0.0049549691166
0.00537445671029
0.00580830073884
0.00625586185311
0.0067164602932
0.00718937780346
0.00767385961817
0.00816911651298
0.00867432691742
0.00918863908319
0.00971117330341
0.0102410241775
0.0107772629167
0.0113189396845
0.0118650859676
0.0124147169709
0.012966834032
0.0135204270503
0.0140744769237
0.0146279579896
0.0151798404635
0.0157290928707
0.0162746844658
0.0168155876347
0.017350780274
0.0178792481434
0.0183999871855
0.018912005809
0.0194143271301
0.0199059911673
0.0203860569864
0.02085360479
0.0213077379487
0.0217475849685
0.0221723013927
0.0225810716321
0.0229731107225
0.0233476660044
0.023704018723
0.0240414855445
0.0243594199873
0.024657213764
0.0249342980338
0.0251901445608
0.025424266779
0.0256362207602
0.025825606084
0.0259920666089
0.0261352911439
0.0262550140181
0.0263510155493
0.0264231224112
0.0264712078974
0.0264951920846
0.0264950418932
0.0264707710468
0.0264224399318
0.0263501553561
0.0262540702107
0.0261343830326
0.0259913374734
0.0258252216722
0.0256363675383
0.0254251499419
0.0251919858183
0.024937333186
0.0246616900825
0.0243655934191
0.0240496177594
0.0237143740234
0.0233605081204
0.0229886995142
0.0225996597242
0.0221941307663
0.0217728835355
0.0213367161365
0.0208864521642
0.0204229389388
0.019947045699
0.0194596617587
0.0189616946293
0.0184540681131
0.0179377203722
0.017413601976
0.016882673932
0.0163459057054
0.0158042732292
0.0152587569116
0.0147103396432
0.014160004809
0.0136087343096
0.0130575065942
0.0125072947118
0.0119590643828
0.0114137720949
0.0108723632294
0.010335770218
0.00980491073766
0.00928068594413
0.00876397874917
0.00825565214448
0.0077565475755
0.00726748336823
0.00678925321216
0.00632262470209
0.00586833794155
0.00542710421041
0.0049996046992
0.0045864893122
0.00418837554159
0.00380584741449
0.00343945451478
0.00308971108116
0.00275709518302
0.00244204797533
0.00214497303365
0.00186623577015
0.00160616293144
0.00136504217868
0.0011431217505
0.000940610208743
0.00075767626724
0.000594448703361
0.000451016352085
0.000327428182059
0.000223693453012
0.000139781953675
7.56243192089e-05
3.11124268971e-05
6.09986723806e-06
4.02460819192e-07
1.37990734259e-05
4.60318995637e-05
9.68076505927e-05
0.000165798174548
0.00025264139708
0.000356942284902
0.000478273870227
0.000616178333997
0.000770168145273
0.000939727254058
0.0011243123347
0.00132335407697
0.00153625852174
0.00176240843826
0.00200116473982
0.00225186793457
0.00251383960825
0.00278638393557
0.00306878921669
0.0033603294357
0.0036602658374
0.00396784851916
0.00428231803428
0.00460290700353
0.00492884173127
0.00525934382298
0.00559363180047
0.00593092271171
0.0062704337317
0.0066113837512
0.00695299495009
0.007294494352
0.00763511535732
0.00797409925126
0.00831069668414
0.00864416912096
0.00897379025738
0.00929884739934
0.0096186428038
0.00993249497793
0.0102397399344
0.0105397324003
0.0108318469778
0.011115479254
0.0113900468585
0.0116549904661
0.0119097747442
0.0121538892418
0.0123868492197
0.0126081964203
0.0128174997754
0.0130143560523
0.0131983904351
0.0133692570427
0.0135266393818
0.0136702507339
0.0137998344776
0.0139151643444
0.0140160446091
0.014102310214
0.014173826828
0.0142304908408
0.0142722292917
0.0142989997359
0.0143107900462
0.0143076181538
0.0142895317274
0.0142566077926
0.0142089522924
0.0141466995911
0.0140700119225
0.0139790787832
0.0138741162751
0.0137553663964
0.0136230962849
0.0134775974143
0.0133191847468
0.0131481958433
0.012964989934
0.0127699469516
0.0125634665291
0.0123459669656
0.0121178841619
