2.68039558802e-15
0.024614224821
0.0940262836548
0.191506330633
0.290733110552
0.380834701463
0.469763481899
0.54414173801
0.591893820944
0.503297694199
0.386800187597
0.314233815164
0.27065009128
0.248199998354
0.256892982303
0.319246737589
0.352099273274
0.257107370855
0.210518637199
0.199459548515
0.205518798292
0.254956970024
0.278215480942
0.216442385952
0.204118175713
0.195508255378
0.159559361027
0.124638049383
0.104385237769
0.0986093702013
0.100968804224
0.102350953287
0.108498787603
0.134715569227
0.176444772766
0.211985104128
0.219580474916
0.201304843902
0.207763926722
0.236144873843
0.228654582646
0.215319607075
0.244709052833
0.317432466999
0.422373282688
0.32460274977
0.228446719749
0.19235323233
0.200591570182
0.233790758159
0.200787718719
0.128930121942
0.0971378945496
0.109459007167
0.153958458708
0.197406301214
0.235524977277
0.234605588998
0.182778902301
0.14013013681
0.124888294438
0.141745256138
0.188394379018
0.22166912342
0.172670227785
0.138227967793
0.137431431218
0.155281273769
0.193084119055
0.281841676406
0.437159309733
0.297453755847
0.254787855451
0.307254753084
0.418346112206
0.302778928928
0.278277815288
0.250400422974
0.213826080627
0.204746199285
0.198377099029
0.16914858395
0.128578697238
0.092018887717
0.0709849189587
0.070099227961
0.0976663283325
0.167563863323
0.286133112951
0.3073538011
0.316204745228
0.309915600476
0.229205257448
0.203322916486
0.194362368475
0.177779230909
0.185150912799
0.238866092443
0.328460627698
0.328443672606
0.341210054357
0.374663359227
0.332000454287
0.356773093916
0.417730962097
0.408929424418
0.349118109526
0.38303488571
0.554485302234
0.332751716309
0.186401972565
0.102344450383
0.0620618594541
0.0548036385882
0.0698227272591
0.0932163829625
0.120319764539
0.162669478819
0.244125581112
0.35791462983
0.283428751532
0.268363978441
0.320811403217
0.332983919585
0.24640163403
0.203216149603
0.184026241514
0.187385616543
0.236041350796
0.337374455774
0.408225397665
0.311401215514
0.264867214035
0.269889947084
0.309918095571
0.256490343824
0.188660203779
0.164992246395
0.176913771907
0.203065777158
0.197865752123
0.15859931618
0.112767982564
0.0831653994965
0.0819932246804
0.112095094817
0.16905259722
0.184680122979
0.164140155056
0.160801062166
0.163047510964
0.166088723788
0.179307054339
0.204300211906
0.223518327857
0.217852768842
0.202195065221
0.213495409613
0.291132502756
0.554051141173
0.29331718778
0.226491618313
0.212887060295
0.193327546631
0.16158739807
0.14871776711
0.146444534719
0.148172320855
0.161453286369
0.192436939606
0.22735962835
0.240807956628
0.228442836582
0.204274326225
0.195478886115
0.206185646493
0.191322003132
0.148660386118
0.121664900459
0.110333843105
0.111083703594
0.133274495388
0.18147833428
0.245349425065
0.274294804894
0.295890984248
0.407281508139
0.548129174687
0.436297197245
0.486885725077
0.383677430099
0.328361248105
0.300429724535
0.224345187777
0.165623979411
0.136311795213
0.118324293883
0.106167566079
0.105822401638
0.125796495084
0.16758691972
