-2.10942374679e-16
0.00233478884417
0.00935015129231
0.0210792777158
0.037578168375
0.0589266847769
0.0852300769681
0.116621045999
0.153262423492
0.195350577732
0.243119689595
0.296847083565
0.35685985096
0.423543065223
0.497349961819
0.578814531525
0.668567039064
0.767375602746
0.80258774832
0.746445031415
0.692086813182
0.639180935699
0.589933379985
0.546267380342
0.508681264929
0.476206456129
0.446101766772
0.417471693745
0.392718304257
0.373182163368
0.359005499647
0.350048585277
0.346187404017
0.347382758914
0.353700224692
0.365325546721
0.382596317035
0.406110378584
0.437325887927
0.485227730427
0.503207172862
0.519910175807
0.54850582068
0.584812803694
0.627754351767
0.676540633802
0.730261466877
0.78561831312
0.714189884209
0.620285264059
0.535035772641
0.457750149038
0.387844645043
0.324825066392
0.26827224872
0.217830380791
0.173197626642
0.134118589883
0.100378255665
0.0717971242537
0.0482273133905
0.0295494566937
0.015670264665
0.00652064568137
0.0020543086034
0.00224678774043
0.00709484597044
0.0166162235192
0.0308497086126
0.049855511883
0.0737159284776
0.102536269034
0.136446030693
0.175600258105
0.220181005162
0.27039873995
0.326493420053
0.388734774171
0.457421013952
0.532874700638
0.615433727395
0.70543920531
0.770713576706
0.717413141345
0.665720479567
0.619511206473
0.581979837069
0.566552213437
0.512698447337
0.468301957931
0.433367685401
0.401438553422
0.373311329627
0.35067309091
0.333758739575
0.322359892732
0.316274471502
0.315397834185
0.319742328605
0.329459783122
0.344897374439
0.366744216819
0.396495655755
0.438586024362
0.472800885509
0.488234323408
0.511872676548
0.542659833409
0.580368819414
0.624063641
0.67269111059
0.725526426491
0.744416343179
0.652418786457
0.566893970306
0.48869408351
0.417455345166
0.352830768539
0.294499526776
0.242171183297
0.195586869445
0.154518782681
0.118768832194
0.0881669232199
0.0625691648017
0.0418561598677
0.0259314605332
0.0147202260674
0.00816809369935
0.00624025561539
0.0089207240744
0.0162117570462
0.0281334064376
0.0447231372989
0.0660354466182
0.0921413809502
0.123127808578
0.159096238001
0.200160882259
0.246445538237
0.298078671862
0.355185868951
0.417878538405
0.486237493021
0.560289943953
0.639979210477
0.723882628561
0.714556052475
0.665099326872
0.6185872689
0.577309708252
0.545128181554
0.532887174024
0.474615724404
0.433727590707
0.399442699119
0.369607802372
0.344971739218
0.325883399055
0.312261978886
0.303950415322
0.300840773663
0.302906993316
0.31022295708
0.322995806894
0.341640256307
0.366944677961
0.400340058694
0.440269068951
0.466924068773
0.489116072357
0.514783501394
0.54697869581
0.58499828507
0.627542681526
0.673711288612
0.725472341261
0.670636914625
0.589047137262
0.513182596691
0.44311343714
0.378804140691
0.320165641968
0.267077858774
0.219405957422
0.177011664082
0.139760852016
0.107528446262
0.0802014572539
0.0576807421356
0.0398819187005
0.0267357236635
0.0181880079262
0.0141994883122
0.0147453199778
0.0198145096349
0.029409151262
0.0435434283968
0.0622422862274
0.0855396287645
0.113475838219
