-0.0
4.29186971438e-07
1.71674745923e-06
3.862680192e-06
6.86698304675e-06
1.072965305e-05
1.54506863852e-05
2.10300783814e-05
2.74678235181e-05
3.47639154298e-05
4.29183468972e-05
5.1931109855e-05
6.18021953841e-05
7.25315937199e-05
8.41192942442e-05
9.65652854919e-05
0.000109869555143
0.00012403209003
0.000139052876135
0.000154931898584
0.000171669141656
0.000189264588779
0.000207718222523
0.000227030024612
0.000247199975911
0.000268228056438
0.000290114245351
0.000312858520959
0.000336460860713
0.000360921241214
0.000386239638199
0.000412416026557
0.000439450380319
0.000467342672656
0.000496092875884
0.00052570096146
0.000556166899985
0.000587490661198
0.00061967221398
0.000652711526351
0.000686608565471
0.000721363297635
0.000756975688281
0.000793445701984
0.00083077330245
0.000868958452525
0.00090800111419
0.000947901248559
0.000988658815878
0.00103027377553
0.00107274608603
0.00111607570502
0.00116026258927
0.00120530669469
0.00125120797631
0.0012979663883
0.00134558188393
0.00139405441562
0.00144338393491
0.00149357039247
0.00154461373807
0.00159651392063
0.00164927088818
0.00170288458786
0.00175735496595
0.00181268196783
0.00186886553801
0.00192590562011
0.00198380215685
0.00204255509009
0.0021021643608
0.00216262990904
0.002223951674
0.00228612959398
0.00234916360637
0.00241305364768
0.00247779965353
0.00254340155863
0.0026098592968
0.00267717280098
0.00274534200318
0.00281436683452
0.00288424722523
0.00295498310463
0.00302657440113
0.00309902104223
0.00317232295454
0.00324648006374
0.00332149229462
0.00339735957105
0.00347408181597
0.00355165895144
0.00363009089857
0.00370937757758
0.00378951890775
0.00387051480744
0.00395236519411
0.00403506998428
0.00411862909353
0.00420304243655
0.00428830992706
0.00437443147787
0.00446140700087
0.004549236407
0.00463791960627
0.00472745650775
0.00481784701956
0.00490909104891
0.00500118850204
0.00509413928426
0.00518794329992
0.00528260045245
0.0053781106443
0.00547447377698
0.00557168975105
0.00566975846612
0.00576867982082
0.00586845371285
0.00596908003894
0.00607055869484
0.00617288957535
0.00627607257431
0.00638010758458
0.00648499449805
0.00659073320564
0.0066973235973
0.00680476556199
0.0069130589877
0.00702220376144
0.00713219976923
0.00724304689612
0.00735474502615
0.00746729404239
0.0075806938269
0.00769494426077
0.00781004522406
0.00792599659587
0.00804279825428
0.00816045007635
0.00827895193817
0.00839830371479
0.00851850528028
0.00863955650767
0.00876145726899
0.00888420743525
0.00900780687644
0.00913225546154
0.00925755305848
0.00938369953419
0.00951069475455
0.00963853858442
0.00976723088762
0.00989677152694
0.0100271603641
0.0101583972599
0.0102904820739
0.0104234146647
0.01055719489
0.0106918226062
0.0108272976687
0.0109636199321
0.0111007892496
0.0112388054735
0.0113776684549
0.0115173780442
0.0116579340903
0.0117993364412
0.0119415849439
0.0120846794441
0.0122286197868
0.0123734058154
0.0125190373727
0.0126655143001
0.0128128364381
0.0129610036259
0.0131100157017
0.0132598725027
0.0134105738648
0.013562119623
0.0137145096111
0.0138677436616
0.0140218216062
0.0141767432753
0.0143325084981
0.014489117103
0.0146465689169
0.0148048637657
0.0149640014743
0.0151239818663
0.0152848047641
0.0154464699892
0.0156089773618
0.0157723267008
0.0159365178243
0.016101550549
0.0162674246904
0.016434140063
0.0166016964801
0.0167700937536
0.0169393316946
0.0171094101128
0.0172803288166
0.0174520876135
0.0176246863097
0.0177981247101
0.0179724026185
0.0181475198376
0.0183234761686
0.0185002714119
0.0186779053663
0.0188563778297
0.0190356885985
0.0192158374682
0.0193968242328
0.0195786486853
0.0197613106171
0.0199448098189
0.0201291460797
0.0203143191876
0.0205003289291
0.0206871750897
0.0208748574537
0.021063375804
0.0212527299222
0.0214429195888
0.0216339445829
0.0218258046824
0.0220184996639
0.0222120293028
0.0224063933729
0.0226015916472
0.0227976238971
0.0229944898928
0.023192189403
0.0233907221955
0.0235900880364
0.0237902866908
0.0239913179222
0.024193181493
0.0243958771642
0.0245994046955
0.0248037638451
0.0250089543702
0.0252149760264
0.025421828568
0.025629511748
0.025838025318
0.0260473690283
0.0262575426279
0.0264685458643
0.0266803784837
0.0268930402308
0.0271065308492
0.027320850081
0.0275359976666
0.0277519733456
0.0279687768557
0.0281864079335
0.028404866314
0.0286241517309
0.0288442639166
0.0290652026019
0.0292869675162
0.0295095583875
0.0297329749424
0.0299572169062
0.0301822840025
0.0304081759535
0.0306348924802
0.0308624333019
0.0310907981365
0.0313199867006
0.031549998709
0.0317808338753
0.0320124919117
0.0322449725286
0.0324782754352
0.032712400339
0.0329473469463
0.0331831149615
0.0334197040878
0.0336571140269
0.0338953444788
0.0341343951421
0.0343742657139
0.0346149558896
0.0348564653634
0.0350987938276
0.0353419409731
0.0355859064895
0.0358306900644
0.0360762913842
0.0363227101336
0.0365699459957
0.036817998652
0.0370668677827
0.0373165530661
0.0375670541791
0.0378183707968
0.038070502593
0.0383234492397
0.0385772104074
0.0388317857648
0.0390871749792
0.0393433777162
0.0396003936397
0.0398582224122
0.0401168636942
0.0403763171449
0.0406365824216
0.0408976591802
0.0411595470746
0.0414222457575
0.0416857548795
0.0419500740897
0.0422152030355
0.0424811413628
0.0427478887155
0.0430154447359
0.0432838090648
0.0435529813411
0.043822961202
0.044093748283
0.0443653422179
0.0446377426388
0.044910949176
0.0451849614582
0.0454597791121
0.045735401763
0.046011829034
0.0462890605468
0.0465670959213
0.0468459347755
0.0471255767256
0.0474060213862
0.0476872683699
0.0479693172876
0.0482521677486
0.0485358193599
0.0488202717273
0.0491055244542
0.0493915771426
0.0496784293925
0.0499660808021
0.0502545309677
0.0505437794839
0.0508338259432
0.0511246699364
0.0514163110526
0.0517087488787
0.052001983
0.0522960129997
0.0525908384592
0.0528864589582
0.0531828740741
0.0534800833828
0.053778086458
0.0540768828716
0.0543764721937
0.0546768539922
0.0549780278332
0.0552799932809
0.0555827498976
0.0558862972435
0.0561906348769
0.0564957623542
0.0568016792297
0.0571083850558
0.0574158793829
0.0577241617596
0.0580332317321
0.0583430888449
0.0586537326405
0.0589651626593
0.0592773784396
0.0595903795177
0.0599041654281
0.060218735703
0.0605340898727
0.0608502274653
0.0611671480069
0.0614848510217
0.0618033360317
0.0621226025568
0.0624426501147
0.0627634782213
0.0630850863903
0.0634074741331
0.0637306409592
0.064054586376
0.0643793098886
0.0647048110002
0.0650310892117
0.0653581440219
0.0656859749275
0.0660145814229
0.0663439630006
0.0666741191507
0.0670050493612
0.067336753118
0.0676692299046
0.0680024792026
0.0683365004912
0.0686712932475
0.0690068569463
0.0693431910601
0.0696802950595
0.0700181684126
0.0703568105853
0.0706962210412
0.0710363992419
0.0713773446465
0.0717190567118
0.0720615348926
0.0724047786411
0.0727487874075
0.0730935606396
0.0734390977828
0.0737853982803
0.0741324615729
0.0744802870993
0.0748288742956
0.0751782225958
0.0755283314314
0.0758792002316
0.0762308284233
0.076583215431
0.0769363606767
0.0772902635804
0.0776449235593
0.0780003400285
0.0783565124006
0.0787134400858
0.0790711224919
0.0794295590242
0.0797887490858
0.0801486920773
0.0805093873966
0.0808708344395
0.0812330325993
0.0815959812666
0.0819596798298
0.0823241276748
0.0826893241849
0.0830552687411
0.0834219607216
0.0837893995024
0.084157584457
0.0845265149562
0.0848961903684
0.0852666100595
0.0856377733928
0.086009679729
0.0863823284265
0.086755718841
0.0871298503255
0.0875047222307
0.0878803339045
0.0882566846925
0.0886337739374
0.0890116009796
0.0893901651566
0.0897694658035
0.0901495022528
0.0905302738343
0.0909117798751
0.0912940196999
0.0916769926306
0.0920606979864
0.092445135084
0.0928303032372
0.0932162017575
0.0936028299534
0.0939901871309
0.0943782725932
0.0947670856408
0.0951566255717
0.0955468916809
0.0959378832609
0.0963295996013
0.0967220399892
0.0971152037088
0.0975090900415
0.0979036982662
0.0982990276587
0.0986950774923
0.0990918470374
0.0994893355618
0.0998875423302
0.100286466605
0.100686107645
0.101086464707
0.101487537044
0.101889323908
0.102291824547
0.102695038205
0.103098964125
0.103503601546
0.103908949706
0.104315007837
0.104721775172
0.105129250937
0.105537434358
0.105946324657
0.106355921054
0.106766222765
0.107177229004
0.107588938981
0.108001351904
0.108414466978
0.108828283404
0.109242800382
0.109658017108
0.110073932774
0.11049054657
0.110907857684
0.1113258653
0.111744568599
0.112163966758
0.112584058953
0.113004844357
0.113426322138
0.113848491462
0.114271351492
0.114694901389
0.115119140309
0.115544067406
0.115969681832
0.116395982734
0.116822969256
0.117250640541
0.117678995727
0.11810803395
0.118537754342
0.118968156033
0.119399238148
0.119830999811
0.120263440142
0.120696558258
0.121130353272
0.121564824296
0.121999970436
0.122435790798
0.122872284481
0.123309450585
0.123747288204
0.12418579643
0.124624974352
0.125064821054
0.125505335619
0.125946517126
0.12638836465
0.126830877264
0.127274054038
0.127717894037
0.128162396324
0.128607559959
0.129053383999
0.129499867496
0.1299470095
0.130394809058
0.130843265213
0.131292377005
0.131742143472
0.132192563646
0.132643636558
0.133095361235
0.133547736701
0.134000761975
0.134454436075
0.134908758014
0.135363726803
0.135819341449
0.136275600955
0.136732504323
0.137190050548
0.137648238625
0.138107067544
0.138566536292
0.139026643852
0.139487389205
0.139948771328
0.140410789193
0.140873441771
0.141336728029
0.14180064693
0.142265197434
0.142730378496
0.143196189071
0.143662628108
0.144129694552
0.144597387347
0.145065705432
0.145534647743
0.146004213213
0.146474400769
0.146945209338
0.147416637842
0.147888685199
0.148361350325
0.14883463213
0.149308529524
0.149783041411
0.150258166692
0.150733904264
0.151210253023
0.151687211857
0.152164779656
0.152642955302
0.153121737676
0.153601125653
0.154081118108
0.15456171391
0.155042911925
0.155524711015
0.156007110039
0.156490107852
0.156973703308
0.157457895253
0.157942682533
0.158428063988
0.158914038457
0.159400604773
0.159887761767
0.160375508266
0.160863843092
0.161352765067
0.161842273005
0.16233236572
0.162823042021
0.163314300712
0.163806140596
0.16429856047
0.16479155913
0.165285135366
0.165779287965
0.166274015712
0.166769317385
0.167265191763
0.167761637617
0.168258653717
0.168756238828
0.169254391713
0.169753111129
0.170252395832
0.170752244572
0.171252656096
0.171753629149
0.172255162471
0.172757254797
0.173259904861
0.173763111392
0.174266873116
0.174771188753
0.175276057023
0.17578147664
0.176287446314
0.176793964753
0.177301030661
0.177808642736
0.178316799676
0.178825500172
0.179334742914
0.179844526587
0.180354849872
0.180865711446
0.181377109985
0.181889044158
0.182401512632
0.18291451407
0.183428047132
0.183942110473
0.184456702745
0.184971822597
0.185487468673
0.186003639614
0.186520334057
0.187037550637
0.187555287982
0.188073544719
0.188592319471
0.189111610856
0.18963141749
0.190151737983
0.190672570945
0.191193914978
0.191715768683
0.192238130657
0.192760999493
0.193284373781
0.193808252105
0.194332633049
0.194857515189
0.195382897101
0.195908777356
0.196435154521
0.19696202716
0.197489393832
0.198017253094
0.198545603498
0.199074443594
0.199603771925
0.200133587035
0.20066388746
0.201194671736
0.201725938392
0.202257685956
0.20278991295
0.203322617895
0.203855799306
0.204389455695
0.204923585572
0.205458187441
0.205993259803
0.206528801157
0.207064809996
0.207601284811
0.208138224089
0.208675626312
0.209213489961
0.209751813511
0.210290595435
0.210829834201
0.211369528274
0.211909676117
0.212450276186
0.212991326937
0.21353282682
0.214074774282
0.214617167766
0.215160005713
0.215703286559
0.216247008737
0.216791170676
0.217335770802
0.217880807537
0.218426279299
0.218972184504
0.219518521563
0.220065288885
0.220612484873
0.221160107928
0.221708156449
0.222256628828
0.222805523456
0.223354838721
0.223904573006
0.224454724689
0.225005292149
0.225556273758
0.226107667886
0.226659472898
0.227211687157
0.227764309022
0.22831733685
0.228870768991
0.229424603796
0.22997883961
0.230533474775
0.231088507628
0.231643936507
0.232199759742
0.232755975662
0.233312582592
0.233869578854
0.234426962766
0.234984732643
0.235542886798
0.236101423538
0.236660341169
0.237219637993
0.237779312307
0.238339362408
0.238899786586
0.239460583132
0.240021750329
0.240583286461
0.241145189806
0.24170745864
0.242270091235
0.242833085861
0.243396440784
0.243960154266
0.244524224568
0.245088649945
0.245653428651
0.246218558937
0.24678403905
0.247349867232
0.247916041726
0.248482560769
0.249049422596
0.249616625438
0.250184167525
0.25075204708
0.251320262327
0.251888811486
0.252457692772
0.253026904399
0.253596444578
0.254166311516
0.254736503417
0.255307018483
0.255877854912
0.256449010901
0.257020484641
0.257592274324
0.258164378135
0.258736794259
0.259309520878
0.259882556169
0.260455898308
0.261029545469
0.26160349582
0.26217774753
0.262752298762
0.263327147679
0.263902292439
0.264477731199
0.265053462112
0.265629483329
0.266205792999
0.266782389266
0.267359270274
0.267936434162
0.268513879069
0.26909160313
0.269669604477
0.270247881239
0.270826431546
0.27140525352
0.271984345285
0.272563704961
0.273143330664
0.27372322051
0.274303372611
0.274883785078
0.275464456017
0.276045383535
0.276626565734
0.277208000715
0.277789686576
0.278371621413
0.278953803319
0.279536230387
0.280118900704
0.280701812358
0.281284963434
0.281868352015
0.282451976179
0.283035834006
0.283619923571
0.284204242949
0.284788790211
0.285373563427
0.285958560665
0.286543779989
0.287129219465
0.287714877153
0.288300751112
0.288886839402
0.289473140077
0.290059651191
0.290646370797
0.291233296944
0.291820427681
0.292407761054
0.292995295108
0.293583027885
0.294170957427
0.294759081773
0.29534739896
0.295935907026
0.296524604003
0.297113487925
0.297702556823
0.298291808726
0.298881241662
0.299470853657
0.300060642737
0.300650606924
0.301240744241
0.301831052707
0.302421530342
0.303012175163
0.303602985187
0.304193958428
0.304785092899
0.305376386613
0.305967837582
0.306559443813
0.307151203317
0.307743114099
0.308335174167
0.308927381524
0.309519734176
0.310112230123
0.310704867369
0.311297643913
0.311890557755
0.312483606893
0.313076789325
0.313670103048
0.314263546057
0.314857116347
0.315450811912
0.316044630745
0.316638570838
0.317232630183
0.31782680677
0.31842109859
0.319015503632
0.319610019883
0.320204645334
0.32079937797
0.321394215778
0.321989156745
0.322584198857
0.323179340098
0.323774578454
0.324369911908
0.324965338445
0.325560856047
0.326156462698
0.326752156382
0.327347935079
0.327943796773
0.328539739445
0.329135761078
0.329731859652
0.330328033149
0.330924279551
0.331520596838
0.332116982992
0.332713435994
0.333309953825
0.333906534465
0.334503175897
0.335099876102
0.33569663306
0.336293444754
0.336890309165
0.337487224275
0.338084188066
0.338681198521
0.339278253622
0.339875351353
0.340472489696
0.341069666637
0.341666880158
0.342264128246
0.342861408884
0.343458720059
0.344056059758
0.344653425966
0.345250816672
0.345848229863
0.34644566353
0.34704311566
0.347640584245
0.348238067275
0.348835562743
0.349433068642
0.350030582964
0.350628103705
0.35122562886
0.351823156425
0.352420684398
0.353018210778
0.353615733564
0.354213250757
0.354810760358
0.355408260372
0.356005748801
0.356603223652
0.357200682931
0.357798124647
0.358395546808
0.358992947426
0.359590324513
0.360187676082
0.360785000148
0.361382294729
0.361979557842
0.362576787507
0.363173981746
0.36377113858
0.364368256037
0.36496533214
0.365562364919
0.366159352404
0.366756292626
0.367353183619
0.367950023418
0.368546810061
0.369143541587
0.369740216038
0.370336831456
0.370933385888
0.371529877379
0.372126303982
0.372722663746
0.373318954726
0.373915174978
0.374511322561
0.375107395534
0.375703391963
0.376299309911
0.376895147446
0.377490902639
0.378086573563
0.378682158292
0.379277654905
0.379873061481
0.380468376105
0.38106359686
0.381658721836
0.382253749123
0.382848676815
0.383443503009
0.384038225804
0.384632843301
0.385227353606
0.385821754827
0.386416045074
0.387010222462
0.387604285107
0.388198231129
0.388792058651
0.3893857658
0.389979350703
0.390572811495
0.39116614631
0.391759353287
0.392352430569
0.392945376301
0.393538188632
0.394130865714
0.394723405703
0.395315806758
0.395908067042
0.396500184721
0.397092157964
0.397683984945
0.398275663841
0.398867192833
0.399458570104
0.400049793843
0.400640862242
0.401231773496
0.401822525805
0.402413117372
0.403003546404
0.403593811112
0.404183909712
0.404773840422
0.405363601466
0.405953191071
0.406542607467
0.407131848891
0.407720913582
0.408309799784
0.408898505744
0.409487029716
0.410075369955
0.410663524722
0.411251492283
0.411839270907
0.412426858868
0.413014254445
0.413601455921
0.414188461582
0.414775269722
0.415361878636
0.415948286626
0.416534491999
0.417120493063
0.417706288135
0.418291875535
0.418877253587
0.41946242062
0.42004737497
0.420632114976
0.421216638981
0.421800945335
0.422385032391
0.422968898509
0.423552542053
0.424135961392
0.4247191549
0.425302120955
0.425884857944
0.426467364254
0.427049638281
0.427631678425
0.428213483091
0.428795050689
0.429376379635
0.429957468351
0.430538315263
0.431118918803
0.431699277408
0.432279389521
0.43285925359
0.433438868069
0.434018231418
0.434597342101
0.435176198588
0.435754799357
0.436333142888
0.436911227669
0.437489052194
0.438066614961
0.438643914475
0.439220949246
0.43979771779
0.440374218631
0.440950450294
0.441526411315
0.442102100234
0.442677515595
0.443252655951
0.443827519859
0.444402105883
0.444976412592
0.445550438564
0.446124182378
0.446697642624
0.447270817896
0.447843706793
0.448416307923
0.448988619899
0.449560641338
0.450132370867
0.450703807118
0.451274948727
0.451845794339
0.452416342605
0.452986592181
0.453556541732
0.454126189926
0.454695535441
0.455264576958
0.455833313166
0.456401742763
0.456969864449
0.457537676934
0.458105178933
0.458672369167
0.459239246366
0.459805809265
0.460372056606
0.460937987137
0.461503599613
0.462068892797
0.462633865457
0.463198516369
0.463762844315
0.464326848084
0.464890526473
0.465453878283
0.466016902324
0.466579597413
0.467141962374
0.467703996036
0.468265697236
0.46882706482
0.469388097637
0.469948794547
0.470509154413
0.471069176109
0.471628858513
0.472188200512
0.472747200998
0.473305858873
0.473864173043
0.474422142423
0.474979765934
0.475537042506
0.476093971074
0.476650550582
0.477206779979
0.477762658223
0.47831818428
0.47887335712
0.479428175722
0.479982639075
0.48053674617
0.481090496008
0.481643887599
0.482196919958
0.482749592107
0.483301903077
0.483853851905
0.484405437636
0.484956659322
0.485507516023
0.486058006806
0.486608130745
0.487157886922
0.487707274426
0.488256292353
0.488804939809
0.489353215903
0.489901119756
0.490448650494
0.49099580725
0.491542589165
0.49208899539
0.492635025079
0.493180677397
0.493725951516
0.494270846613
0.494815361876
0.495359496499
0.495903249682
0.496446620635
0.496989608574
0.497532212725
0.498074432317
0.498616266591
0.499157714794
0.499698776179
0.50023945001
0.500779735555
0.501319632092
0.501859138905
0.502398255288
0.502936980539
0.503475313968
0.504013254888
0.504550802623
0.505087956504
0.505624715868
0.506161080062
0.506697048439
0.507232620359
0.507767795192
0.508302572314
0.508836951109
0.509370930968
0.509904511291
0.510437691485
0.510970470964
0.51150284915
0.512034825473
0.512566399372
0.51309757029
0.51362833768
0.514158701004
0.514688659729
0.515218213331
0.515747361293
0.516276103106
0.516804438269
0.517332366288
0.517859886677
0.518386998958
0.518913702659
0.519439997318
0.519965882479
0.520491357694
0.521016422523
0.521541076532
0.522065319298
0.522589150401
0.523112569434
0.523635575992
0.524158169682
0.524680350117
0.525202116916
0.525723469708
0.526244408128
0.526764931821
0.527285040436
0.527804733631
0.528324011073
0.528842872436
0.529361317399
0.529879345652
0.53039695689
0.530914150818
0.531430927145
0.531947285591
0.532463225882
0.53297874775
0.533493850938
0.534008535194
0.534522800273
0.535036645938
0.535550071962
0.536063078121
0.536575664202
0.537087829998
0.537599575309
0.538110899943
0.538621803715
0.539132286449
0.539642347973
0.540151988126
0.540661206752
0.541170003703
0.541678378838
0.542186332025
0.542693863137
0.543200972056
0.543707658669
0.544213922874
0.544719764572
0.545225183675
0.545730180099
0.54623475377
0.546738904619
0.547242632586
0.547745937616
0.548248819664
0.54875127869
0.549253314661
0.549754927553
0.550256117347
0.550756884033
0.551257227607
0.551757148072
0.552256645438
0.552755719722
0.553254370949
0.55375259915
0.554250404364
0.554747786635
0.555244746016
0.555741282566
0.556237396351
0.556733087444
0.557228355926
0.557723201882
0.558217625407
0.558711626601
0.55920520557
0.559698362431
0.560191097302
0.560683410313
0.561175301597
0.561666771296
0.562157819557
0.562648446535
0.563138652392
0.563628437295
0.56411780142
0.564606744946
0.565095268063
0.565583370965
0.566071053852
0.566558316932
0.56704516042
0.567531584537
0.568017589508
0.568503175569
0.568988342959
0.569473091925
0.569957422719
0.570441335601
0.570924830838
0.5714079087
0.571890569467
0.572372813423
0.57285464086
0.573336052075
0.573817047371
0.574297627059
0.574777791455
0.57525754088
0.575736875664
0.576215796141
0.576694302653
0.577172395545
0.577650075171
0.578127341891
0.578604196068
0.579080638076
0.579556668289
0.580032287093
0.580507494876
0.580982292033
0.581456678965
0.581930656079
0.582404223789
0.582877382512
0.583350132672
0.583822474702
0.584294409036
0.584765936116
0.58523705639
0.585707770312
0.586178078339
0.586647980938
0.587117478578
0.587586571736
0.588055260892
0.588523546535
0.588991429156
0.589458909255
0.589925987334
0.590392663904
0.590858939478
0.591324814577
0.591790289727
0.592255365459
0.592720042308
0.593184320817
0.593648201533
0.594111685007
0.594574771798
0.595037462469
0.595499757587
0.595961657725
0.596423163463
0.596884275383
0.597344994075
0.597805320133
0.598265254154
0.598724796744
0.599183948511
0.599642710069
0.600101082037
0.600559065039
0.601016659705
0.601473866667
0.601930686564
0.602387120041
0.602843167745
0.603298830329
0.603754108452
0.604209002776
0.604663513968
0.605117642701
0.605571389652
0.606024755502
0.606477740937
0.606930346648
0.60738257333
0.607834421684
0.608285892413
0.608736986226
0.609187703837
0.609638045964
0.610088013329
0.610537606659
0.610986826685
0.611435674141
0.611884149769
0.612332254312
0.612779988518
0.61322735314
0.613674348935
0.614120976664
0.614567237092
0.615013130988
0.615458659127
0.615903822285
0.616348621244
0.61679305679
0.617237129713
0.617680840806
0.618124190868
0.618567180699
0.619009811106
0.619452082898
0.619893996888
0.620335553894
0.620776754736
0.62121760024
0.621658091234
0.62209822855
0.622538013025
0.622977445499
0.623416526814
0.623855257817
0.624293639361
0.624731672298
0.625169357487
0.625606695789
0.626043688069
0.626480335196
0.626916638041
0.62735259748
0.627788214391
0.628223489657
0.628658424163
0.629093018798
0.629527274454
0.629961192027
0.630394772415
0.63082801652
0.631260925248
0.631693499507
0.632125740208
0.632557648266
0.632989224599
0.633420470128
0.633851385776
0.634281972471
0.634712231143
0.635142162724
0.635571768151
0.636001048362
0.6364300043
0.636858636909
0.637286947136
0.637714935932
0.638142604251
0.638569953048
0.638996983282
0.639423695914
0.63985009191
0.640276172235
0.640701937859
0.641127389756
0.641552528898
0.641977356265
0.642401872836
0.642826079594
0.643249977524
0.643673567613
0.644096850852
0.644519828233
0.644942500751
0.645364869403
0.64578693519
0.646208699114
0.646630162178
0.64705132539
0.647472189759
0.647892756296
0.648313026014
0.64873299993
0.649152679061
0.649572064428
0.649991157053
0.650409957959
0.650828468175
0.651246688727
0.651664620648
0.652082264968
0.652499622724
0.652916694952
0.65333348269
0.653749986979
0.654166208861
0.65458214938
0.654997809584
0.655413190519
0.655828293236
0.656243118786
0.656657668223
0.657071942601
0.657485942979
0.657899670414
0.658313125966
0.658726310698
0.659139225674
0.659551871957
0.659964250616
0.660376362719
0.660788209336
0.661199791537
0.661611110397
0.662022166989
0.662432962389
0.662843497675
0.663253773926
0.663663792222
0.664073553644
0.664483059276
0.664892310201
0.665301307505
0.665710052275
0.6661185456
0.666526788568
0.66693478227
0.667342527798
0.667750026245
0.668157278705
0.668564286274
0.668971050048
0.669377571124
0.669783850602
0.67018988958
0.67059568916
0.671001250444
0.671406574533
0.671811662532
0.672216515546
0.67262113468
0.673025521041
0.673429675736
0.673833599874
0.674237294564
0.674640760915
0.675044000039
0.675447013047
0.675849801052
0.676252365167
0.676654706506
0.677056826184
0.677458725316
0.677860405017
0.678261866406
0.678663110598
0.679064138713
0.679464951868
0.679865551183
0.680265937778
0.680666112772
0.681066077288
0.681465832446
0.681865379367
0.682264719175
0.682663852992
0.683062781941
0.683461507146
0.68386002973
0.68425835082
0.684656471538
0.68505439301
0.685452116363
0.68584964272
0.68624697321
0.686644108957
0.687041051088
0.687437800731
0.687834359012
0.688230727059
0.688626905999
0.68902289696
0.689418701069
0.689814319454
0.690209753244
0.690605003567
0.69100007155
0.691394958322
0.691789665012
0.692184192747
0.692578542657
0.692972715869
0.693366713512
0.693760536714
0.694154186604
0.69454766431
0.694940970959
0.695334107681
0.695727075602
0.696119875851
0.696512509555
0.696904977842
0.69729728184
0.697689422674
0.698081401473
0.698473219362
0.698864877469
0.699256376919
0.699647718839
0.700038904353
0.700429934588
0.700820810668
0.701211533718
0.701602104863
0.701992525225
0.70238279593
0.702772918099
0.703162892857
0.703552721324
0.703942404624
0.704331943877
0.704721340205
0.705110594727
0.705499708565
0.705888682837
0.706277518663
0.706666217161
0.707054779449
0.707443206644
0.707831499862
0.708219660221
0.708607688836
0.708995586821
0.709383355291
0.709770995359
0.710158508139
0.710545894742
0.710933156281
0.711320293866
0.711707308607
0.712094201614
0.712480973995
0.712867626859
0.713254161312
0.713640578461
0.714026879412
0.714413065269
0.714799137136
0.715185096116
0.715570943312
0.715956679826
0.716342306756
0.716727825204
0.717113236268
0.717498541046
0.717883740634
0.718268836129
0.718653828626
0.719038719218
0.719423509
0.719808199062
0.720192790497
0.720577284393
0.720961681841
0.721345983929
0.721730191743
0.722114306369
0.722498328893
0.722882260397
0.723266101966
0.72364985468
0.72403351962
0.724417097865
0.724800590494
0.725183998584
0.72556732321
0.725950565449
0.726333726372
0.726716807053
0.727099808563
0.727482731971
0.727865578347
0.728248348759
0.728631044272
0.729013665951
0.729396214862
0.729778692065
0.730161098622
0.730543435593
0.730925704038
0.731307905012
0.731690039573
0.732072108774
0.73245411367
0.732836055312
0.73321793475
0.733599753035
0.733981511213
0.734363210332
0.734744851437
0.73512643557
0.735507963775
0.735889437091
0.736270856559
0.736652223217
0.7370335381
0.737414802244
0.737796016681
0.738177182446
0.738558300566
0.738939372073
0.739320397993
0.739701379352
0.740082317174
0.740463212483
0.740844066299
0.741224879643
0.741605653533
0.741986388986
0.742367087015
0.742747748636
0.743128374859
0.743508966695
0.743889525153
0.744270051239
0.74465054596
0.745031010318
0.745411445315
0.745791851953
0.746172231229
0.746552584142
0.746932911686
0.747313214854
0.74769349464
0.748073752033
0.748453988022
0.748834203593
0.749214399732
0.749594577422
0.749974737645
0.750354881381
0.750735009607
0.7511151233
0.751495223435
0.751875310985
0.75225538692
0.752635452209
0.753015507821
0.75339555472
0.753775593871
0.754155626235
0.754535652772
0.754915674442
0.755295692199
0.755675707
0.756055719795
0.756435731537
0.756815743175
0.757195755655
0.757575769922
0.757955786921
0.758335807592
0.758715832874
0.759095863707
0.759475901024
0.759855945761
0.760235998848
0.760616061216
0.760996133792
0.761376217503
0.761756313273
0.762136422024
0.762516544675
0.762896682146
0.763276835352
0.763657005207
0.764037192624
0.764417398512
0.76479762378
0.765177869335
0.76555813608
0.765938424917
0.766318736747
0.766699072467
0.767079432974
0.767459819162
0.767840231922
0.768220672145
0.768601140718
0.768981638528
0.769362166457
0.769742725388
0.7701233162
0.77050393977
0.770884596974
0.771265288686
0.771646015776
0.772026779113
0.772407579565
0.772788417997
0.77316929527
0.773550212246
0.773931169783
0.774312168738
0.774693209964
0.775074294314
0.775455422638
0.775836595784
0.776217814596
0.776599079919
0.776980392593
0.777361753459
0.777743163352
0.778124623108
0.778506133559
0.778887695535
0.779269309865
0.779650977374
0.780032698887
0.780414475225
0.780796307207
0.781178195651
0.781560141371
0.78194214518
0.782324207889
0.782706330305
0.783088513235
0.783470757483
0.78385306385
0.784235433135
0.784617866135
0.785000363646
0.785382926459
0.785765555365
0.786148251152
0.786531014606
0.786913846509
0.787296747644
0.787679718789
0.78806276072
0.788445874212
0.788829060038
0.789212318965
0.789595651763
0.789979059197
0.790362542028
0.790746101017
0.791129736924
0.791513450503
0.791897242508
0.79228111369
0.792665064799
0.79304909658
0.793433209779
0.793817405137
0.794201683393
0.794586045285
0.794970491547
0.795355022913
0.795739640112
0.796124343873
0.79650913492
0.796894013977
0.797278981765
0.797664039001
0.798049186403
0.798434424683
0.798819754554
0.799205176723
0.799590691897
0.799976300782
0.800362004077
0.800747802483
0.801133696697
0.801519687413
0.801905775323
0.802291961118
0.802678245485
0.803064629108
0.80345111267
0.803837696852
0.804224382331
0.804611169782
0.80499805988
0.805385053293
0.80577215069
0.806159352738
0.806546660098
0.806934073433
0.807321593399
0.807709220655
0.808096955852
0.808484799643
0.808872752675
0.809260815595
0.809648989047
0.810037273672
0.81042567011
0.810814178996
0.811202800964
0.811591536647
0.811980386673
0.812369351669
0.812758432259
0.813147629065
0.813536942707
0.8139263738
0.81431592296
0.814705590798
0.815095377924
0.815485284944
0.815875312464
0.816265461085
0.816655731406
0.817046124026
0.817436639538
0.817827278534
0.818218041605
0.818608929337
0.818999942315
0.819391081121
0.819782346335
0.820173738534
0.820565258292
0.820956906183
0.821348682776
0.821740588637
0.822132624333
0.822524790424
0.822917087471
0.823309516031
0.823702076658
0.824094769906
0.824487596324
0.824880556458
0.825273650854
0.825666880054
0.826060244598
0.826453745023
0.826847381863
0.827241155651
0.827635066917
0.828029116187
0.828423303986
0.828817630837
0.829212097259
0.82960670377
0.830001450883
0.83039633911
0.830791368963
0.831186540946
0.831581855566
0.831977313323
0.832372914718
0.832768660248
0.833164550406
0.833560585684
0.833956766573
0.834353093558
0.834749567125
0.835146187754
0.835542955926
0.835939872116
0.8363369368
0.836734150448
0.83713151353
0.837529026513
0.83792668986
0.838324504033
0.838722469491
0.83912058669
0.839518856085
0.839917278127
0.840315853264
0.840714581943
0.841113464608
0.841512501699
0.841911693657
0.842311040916
0.84271054391
0.843110203071
0.843510018827
0.843909991604
0.844310121825
0.844710409912
0.845110856283
0.845511461353
0.845912225536
0.846313149243
0.846714232882
0.847115476858
0.847516881575
0.847918447434
0.848320174831
0.848722064164
0.849124115824
0.849526330203
0.849928707688
0.850331248664
0.850733953515
0.85113682262
0.851539856357
0.851943055102
0.852346419227
0.852749949102
0.853153645095
0.85355750757
0.853961536891
0.854365733417
0.854770097505
0.855174629511
0.855579329787
0.855984198682
0.856389236543
0.856794443716
0.857199820543
0.857605367363
0.858011084513
0.858416972328
0.858823031139
0.859229261277
0.859635663069
0.860042236838
0.860448982906
0.860855901593
0.861262993216
0.861670258089
0.862077696524
0.862485308829
0.862893095312
0.863301056277
0.863709192025
0.864117502855
0.864525989065
0.864934650947
0.865343488794
0.865752502895
0.866161693536
0.866571061001
0.866980605571
0.867390327526
0.867800227141
0.868210304691
0.868620560447
0.869030994678
0.86944160765
0.869852399626
0.87026337087
0.870674521638
0.871085852188
0.871497362773
0.871909053644
0.87232092505
0.872732977238
0.873145210451
0.873557624931
0.873970220916
0.874382998643
0.874795958344
0.875209100253
0.875622424596
0.876035931602
0.876449621493
0.87686349449
0.877277550813
0.877691790678
0.878106214299
0.878520821888
0.878935613652
0.879350589799
0.879765750532
0.880181096053
0.880596626561
0.881012342253
0.881428243322
0.881844329961
0.882260602358
0.882677060699
0.88309370517
0.883510535952
0.883927553224
0.884344757163
0.884762147943
0.885179725737
0.885597490714
0.886015443041
0.886433582882
0.8868519104
0.887270425754
0.887689129102
0.888108020598
0.888527100395
0.888946368643
0.889365825489
0.889785471078
0.890205305553
0.890625329055
0.891045541721
0.891465943686
0.891886535083
0.892307316043
0.892728286694
0.893149447162
0.89357079757
0.893992338038
0.894414068685
0.894835989628
0.895258100979
0.89568040285
0.896102895349
0.896525578584
0.896948452657
0.89737151767
0.897794773723
0.898218220912
0.898641859331
0.899065689072
0.899489710225
0.899913922876
0.90033832711
0.900762923009
0.901187710654
0.90161269012
0.902037861484
0.902463224817
0.90288878019
0.90331452767
0.903740467323
0.90416659921
0.904592923393
0.90501943993
0.905446148875
0.905873050281
0.9063001442
0.906727430679
0.907154909763
0.907582581497
0.90801044592
0.908438503071
0.908866752985
0.909295195697
0.909723831235
0.910152659629
0.910581680905
0.911010895085
0.911440302191
0.91186990224
0.912299695248
0.912729681228
0.913159860192
0.913590232146
0.914020797096
0.914451555046
0.914882505995
0.915313649941
0.91574498688
0.916176516803
0.916608239701
0.917040155561
0.917472264368
0.917904566103
0.918337060745
0.918769748273
0.919202628658
0.919635701873
0.920068967886
0.920502426663
0.920936078166
0.921369922358
0.921803959193
0.922238188629
0.922672610616
0.923107225105
0.92354203204
0.923977031367
0.924412223025
0.924847606954
0.925283183087
0.925718951357
0.926154911693
0.926591064023
0.927027408269
0.927463944352
0.927900672191
0.928337591699
0.928774702789
0.929212005369
0.929649499347
0.930087184624
0.930525061101
0.930963128675
0.931401387241
0.931839836689
0.932278476908
0.932717307783
0.933156329196
0.933595541027
0.934034943151
0.934474535443
0.934914317772
0.935354290007
0.935794452011
0.936234803646
0.936675344771
0.937116075241
0.93755699491
0.937998103627
0.938439401239
0.938880887591
0.939322562524
0.939764425876
0.940206477485
0.940648717182
0.941091144799
0.941533760163
0.9419765631
0.942419553432
0.942862730981
0.943306095563
0.943749646994
0.944193385087
0.944637309654
0.945081420503
0.945525717441
0.945970200271
0.946414868798
0.946859722822
0.947304762141
0.947749986554
0.948195395855
0.94864098984
0.949086768302
0.949532731031
0.94997887782
0.950425208457
0.950871722733
0.951318420434
0.951765301348
0.952212365264
0.952659611969
0.953107041248
0.95355465289
0.954002446682
0.954450422412
0.95489857987
0.955346918843
0.955795439124
0.956244140505
0.956693022778
0.95714208574
0.957591329187
0.958040752921
0.958490356742
0.958940140455
0.95939010387
0.959840246796
0.96029056905
0.96074107045
0.961191750818
0.961642609984
0.962093647778
0.962544864038
0.962996258608
0.963447831335
0.963899582075
0.964351510689
0.964803617045
0.965255901017
0.965708362489
0.966161001351
0.966613817502
0.967066810849
0.967519981308
0.967973328806
0.968426853277
0.968880554667
0.969334432932
0.969788488039
0.970242719966
0.970697128704
0.971151714253
0.971606476629
0.972061415859
0.972516531983
0.972971825055
0.973427295143
0.97388294233
0.974338766713
0.974794768403
0.975250947529
0.975707304232
0.976163838674
0.976620551029
0.97707744149
0.977534510266
0.977991757584
0.978449183688
0.97890678884
0.979364573319
0.979822537424
0.980280681471
0.980739005794
0.981197510747
0.981656196703
0.982115064052
0.982574113204
0.983033344587
0.98349275865
0.983952355857
0.984412136694
0.984872101663
0.985332251287
0.985792586104
0.986253106672
0.986713813565
0.987174707376
0.987635788711
0.988097058196
0.98855851647
0.989020164187
0.989482002017
0.989944030642
0.990406250756
0.990868663066
0.99133126829
0.991794067154
0.992257060393
0.992720248752
0.993183632977
0.993647213824
0.994110992047
0.994574968406
0.995039143658
0.99550351856
0.995968093863
0.996432870313
0.99689784865
0.997363029601
0.997828413883
0.998294002196
0.998759795223
0.999225793628
0.999691998051
1.00015840911
1.00062502738
1.00109185342
1.00155888775
1.00202613085
1.00249358314
1.00296124503
1.00342911685
1.00389719887
1.00436549134
1.0048339944
1.00530270816
1.00577163264
1.00624076778
1.00671011344
1.00717966941
1.00764943535
1.00811941087
1.00858959544
1.00905998844
1.00953058911
1.01000139661
1.01047240993
1.01094362795
1.01141504941
1.01188667289
1.01235849683
1.0128305195
1.013302739
1.01377515327
1.01424776005
1.0147205569
1.01519354118
1.01566671005
1.01614006044
1.01661358908
1.01708729246
1.01756116683
1.01803520822
1.01850941236
1.01898377477
1.01945829065
1.01993295497
1.02040776239
1.02088270726
1.02135778365
1.02183298532
1.02230830569
1.02278373787
1.02325927462
1.02373490838
1.02421063121
1.02468643483
1.02516231057
1.02563824942
1.02611424195
1.02659027837
1.02706634848
1.02754244169
1.02801854699
1.02849465295
1.02897074775
1.02944681911
1.02992285435
1.03039884035
1.03087476353
1.03135060992
1.03182636506
1.03230201407
1.03277754164
1.03325293197
1.03372816887
1.03420323568
1.03467811529
1.03515279017
1.03562724235
1.03610145344
1.03657540461
1.03704907662
1.03752244983
1.0379955042
1.03846821929
1.03894057429
1.03941254803
1.03988411899
1.04035526532
1.04082596483
1.04129619507
1.0417659333
1.04223515649
1.04270384144
1.04317196469
1.04363950263
1.04410643148
1.04457272737
1.04503836631
1.04550332427
1.0459675772
1.04643110108
1.04689387192
1.04735586587
1.0478170592
1.04827742839
1.04873695013
1.04919560144
1.04965335963
1.05011020246
1.0505661081
1.05102105523
1.05147502313
1.05192799167
1.05237994144
1.05283085377
1.05328071082
1.05372949564
1.05417719226
1.05462378573
1.0550692622
1.05551360904
1.05595681484
1.05639886956
1.05683976455
1.05727949269
1.05771804841
1.05815542781
1.05859162876
1.05902665091
1.05946049586
1.0598931672
1.06032467059
1.06075501386
1.06118420711
1.06161226276
1.06203919566
1.06246502317
1.06288976524
1.0633134445
1.06373608635
1.06415771901
1.06457837366
1.06499808446
1.06541688867
1.06583482671
1.06625194227
1.06666828232
1.06708389725
1.06749884094
1.06791317077
1.06832694778
1.06874023667
1.06915310588
1.06956562771
1.06997787832
1.07038993782
1.07080189035
1.07121382412
1.07162583146
1.07203800892
1.0724504573
1.07286328173
1.07327659167
1.07369050107
1.07410512834
1.07452059643
1.07493703291
1.07535457002
1.07577334473
1.07619349879
1.07661517879
1.07703853628
1.07746372776
1.0778909148
1.07832026411
1.07875194761
1.0791861425
1.07962303138
1.08006280233
1.08050564899
1.08095177068
1.08140137254
1.0818546656
1.08231186694
1.08277319986
1.08323889395
1.08370918534
1.0841843168
1.084664538
1.08515010563
1.08564128369
1.08613834368
1.08664156487
1.08715123457
1.08766764842
1.08819111069
1.08872193463
1.08926044285
1.08980696769
1.09036185165
1.09092544784
1.09149812046
1.09208024538
1.09267221062
1.09327441704
1.09388727895
1.09451122486
1.0951466982
1.09579415818
1.09645408068
1.09712695918
1.09781330585
1.09851365263
1.09922855247
1.09995858065
1.10070433619
1.10146644339
1.10224555354
1.10304234673
1.10385753382
1.1046918586
1.10554610019
1.10642107553
1.10731764227
1.10823670178
1.10917920256
1.1101461439
1.11113857997
1.11215762428
1.11320445462
1.11428031851
1.11538653921
1.11652452247
1.11769576392
1.11890185736
1.12014450404
1.121425523
1.12274686266
1.12411061395
1.12551902494
1.1269745176
1.12847970662
1.13003742094
1.1316507283
1.1333229633
1.13505775975
1.13685908789
1.13873129761
1.14067916857
1.14270796894
1.14482352413
1.14703229797
1.14934148882
1.15175914414
1.15429429768
1.15695713477
1.15975919269
1.16271360501
1.16583540147
1.16914187835
1.17265305871
1.17639226764
1.18038685438
1.18466910167
1.18927736962
1.19425752387
1.19966468177
1.2055652424
1.21203895884
1.21918023362
1.2270962562
1.23589539699
1.24564803845
1.25627347301
1.26724838658
1.2770176014
1.28255099391
1.28100797606
1.27306300982
1.26200221878
1.25040247239
1.23940183094
1.22932964886
1.22019681106
1.21191312517
1.20436821564
1.19745849035
1.19109437033
1.18520068447
1.17971496556
1.17458534154
1.16976858617
1.165228478
1.16093447024
1.15686062907
1.1529847904
1.14928788977
1.14575342783
1.14236704195
1.13911616077
1.13598972395
1.1329779533
1.1300721648
1.12726461312
1.1245483624
1.12191717813
1.11936543624
1.11688804629
1.11448038617
1.11213824638
1.10985778231
1.10763547309
1.10546808603
1.10335264581
1.10128640753
1.0992668333
1.0972915716
1.09535843913
1.09346540484
1.09161057577
1.08979218447
1.08800857779
1.08625820695
1.08453961857
1.0828514467
1.0811924056
1.07956128327
1.07795693563
1.07637828122
1.07482429642
1.07329401111
1.07178650472
1.07030090265
1.06883637299
1.06739212351
1.06596739895
1.0645614785
1.06317367349
1.06180332533
1.06044980348
1.05911250376
1.05779084662
1.05648427571
1.05519225639
1.05391427448
1.05264983508
1.05139846141
1.05015969382
1.04893308883
1.04771821824
1.04651466831
1.04532203902
1.04413994332
1.04296800652
1.04180586562
1.04065316883
1.03950957494
1.0383747529
1.03724838134
1.03613014812
1.03501974998
1.03391689212
1.0328212879
1.0317326585
1.03065073262
1.02957524621
1.02850594219
1.02744257027
1.02638488665
1.02533265387
1.0242856406
1.02324362145
1.02220637683
1.02117369276
1.02014536076
1.01912117773
1.01810094577
1.01708447211
1.016071569
1.01506205361
1.01405574793
1.01305247869
1.0120520773
1.01105437974
1.01005922652
1.00906646262
1.00807593739
1.00708750457
1.00610102214
1.00511635236
1.00413336166
1.00315192064
1.00217190398
1.00119319044
1.0002156628
0.999239207812
0.998263716184
0.997289082519
0.99631520529
0.995341986794
0.994369333118
0.993397154095
0.992425363267
0.991453877845
0.990482618664
0.989511510143
0.98854048024
0.987569460409
0.986598385551
0.985627193967
0.984655827312
0.98368423054
0.982712351854
0.981740142653
0.980767557477
0.979794553949
0.978821092719
0.977847137401
0.976872654517
0.975897613431
0.974921986285
0.973945747936
0.972968875892
0.971991350239
0.971013153575
0.970034270945
0.969054689765
0.968074399754
0.967093392861
0.966111663195
0.965129206952
0.964146022341
0.96316210951
0.962177470475
0.961192109046
0.960206030754
0.959219242777
0.958231753867
0.957243574281
0.956254715705
0.955265191185
0.954275015057
0.953284202874
0.952292771342
0.951300738249
0.950308122399
0.949314943545
0.948321222327
0.947326980206
0.946332239405
0.945337022844
0.944341354086
0.943345257276
0.942348757084
0.941351878654
0.940354647547
0.939357089693
0.938359231337
0.937361098995
0.936362719404
0.935364119481
0.934365326276
0.93336636693
0.932367268641
0.931368058619
0.930368764054
0.929369412077
0.928370029732
0.927370643941
0.926371281473
0.92537196892
0.924372732664
0.923373598858
0.922374593396
0.921375741897
0.920377069678
0.919378601739
0.918380362741
0.917382376992
0.916384668432
0.915387260615
0.914390176698
0.913393439429
0.912397071139
0.911401093725
0.91040552865
0.909410396928
0.908415719123
0.90742151534
0.906427805221
0.90543460794
0.904441942204
0.903449826244
0.902458277821
0.901467314218
0.900476952246
0.899487208239
0.898498098059
0.897509637097
0.896521840275
0.895534722046
0.894548296402
0.893562576874
0.892577576538
0.89159330802
0.890609783497
0.889627014708
0.888645012955
0.887663789111
0.886683353625
0.88570371653
0.884724887447
0.883746875596
0.882769689796
0.88179333848
0.880817829699
0.879843171126
0.878869370069
0.877896433476
0.876924367943
0.875953179721
0.874982874727
0.874013458546
0.873044936447
0.872077313381
0.871110593998
0.870144782651
0.869179883403
0.868215900037
0.867252836061
0.866290694719
0.865329478997
0.864369191632
0.863409835117
0.862451411712
0.861493923449
0.860537372139
0.859581759381
0.858627086569
0.8576733549
0.856720565376
0.855768718819
0.85481781587
0.853867857001
0.852918842519
0.851970772573
0.851023647162
0.850077466137
0.849132229212
0.848187935968
0.847244585857
0.84630217821
0.845360712242
0.844420187059
0.84348060166
0.842541954944
0.841604245716
0.840667472691
0.8397316345
0.838796729691
0.837862756739
0.836929714047
0.83599759995
0.835066412722
0.834136150577
0.833206811677
0.83227839413
0.831350896
0.830424315305
0.829498650026
0.828573898106
0.827650057456
0.826727125956
0.82580510146
0.824883981798
0.823963764778
0.823044448192
0.822126029815
0.821208507409
0.820291878726
0.819376141509
0.818461293496
0.81754733242
0.816634256015
0.815722062012
0.814810748146
0.813900312155
0.812990751785
0.812082064786
0.81117424892
0.810267301959
0.809361221684
0.808456005893
0.807551652396
0.806648159019
0.805745523606
0.804843744019
0.803942818136
0.803042743859
0.802143519106
0.80124514182
0.800347609966
0.799450921529
0.798555074521
0.797660066977
0.796765896955
0.795872562541
0.794980061844
0.794088393001
0.793197554174
0.792307543553
0.791418359354
0.79052999982
0.789642463222
0.788755747858
0.787869852054
0.786984774164
0.78610051257
0.785217065679
0.78433443193
0.783452609788
0.782571597743
0.781691394317
0.780811998058
0.779933407539
0.779055621362
0.778178638157
0.77730245658
0.776427075313
0.775552493064
0.774678708568
0.773805720585
0.772933527903
0.772062129331
0.771191523706
0.770321709889
0.769452686764
0.76858445324
0.76771700825
0.766850350749
0.765984479715
0.765119394149
0.764255093073
0.763391575532
0.762528840591
0.761666887336
0.760805714874
0.759945322331
0.759085708854
0.758226873609
0.757368815778
0.756511534564
0.755655029188
0.754799298887
0.753944342916
0.753090160547
0.752236751067
0.751384113779
0.750532248003
0.749681153071
0.748830828332
0.747981273149
0.747132486898
0.746284468968
0.745437218761
0.744590735693
0.74374501919
0.742900068693
0.74205588365
0.741212463523
0.740369807784
0.739527915915
0.738686787409
0.737846421766
0.737006818499
0.736167977126
0.735329897177
0.734492578187
0.733656019701
0.73282022127
0.731985182455
0.731150902821
0.730317381941
0.729484619394
0.728652614766
0.727821367647
0.726990877634
0.726161144328
0.725332167336
0.724503946271
0.723676480746
0.722849770384
0.722023814808
0.721198613645
0.720374166528
0.71955047309
0.718727532971
0.717905345811
0.717083911253
0.716263228943
0.715443298531
0.714624119666
0.713805692002
0.712988015192
0.712171088893
0.711354912762
0.710539486458
0.709724809642
0.708910881974
0.708097703118
0.707285272735
0.70647359049
0.705662656046
0.704852469069
0.704043029224
0.703234336175
0.702426389589
0.70161918913
0.700812734465
0.700007025258
0.699202061174
0.698397841879
0.697594367037
0.696791636312
0.695989649367
0.695188405866
0.69438790547
0.693588147842
0.692789132643
0.691990859532
0.69119332817
0.690396538214
0.689600489323
0.688805181153
0.68801061336
0.6872167856
0.686423697525
0.685631348789
0.684839739043
0.684048867939
0.683258735125
0.682469340251
0.681680682964
0.68089276291
0.680105579735
0.679319133083
0.678533422596
0.677748447917
0.676964208686
0.676180704543
0.675397935127
0.674615900074
0.673834599022
0.673054031605
0.672274197458
0.671495096213
0.670716727503
0.669939090959
0.669162186211
0.668386012886
0.667610570615
0.666835859022
0.666061877735
0.665288626378
0.664516104576
0.663744311951
0.662973248127
0.662202912724
0.661433305363
0.660664425664
0.659896273247
0.659128847728
0.658362148727
0.657596175859
0.656830928741
0.656066406988
0.655302610215
0.654539538037
0.653777190067
0.653015565918
0.652254665202
0.651494487532
0.650735032519
0.649976299774
0.649218288908
0.648460999531
0.647704431254
0.646948583684
0.646193456432
0.645439049107
0.644685361316
0.643932392669
0.643180142774
0.642428611238
0.641677797669
0.640927701675
0.640178322862
0.63942966084
0.638681715214
0.637934485592
0.637187971581
0.636442172788
0.63569708882
0.634952719285
0.63420906379
0.633466121941
0.632723893347
0.631982377615
0.631241574353
0.630501483168
0.629762103668
0.629023435461
0.628285478156
0.627548231362
0.626811694687
0.62607586774
0.625340750131
0.624606341469
0.623872641364
0.623139649427
0.622407365268
0.621675788499
0.62094491873
0.620214755574
0.619485298642
0.618756547547
0.618028501903
0.617301161322
0.616574525419
0.615848593807
0.615123366102
0.61439884192
0.613675020875
0.612951902584
0.612229486665
0.611507772733
0.610786760408
0.610066449308
0.609346839052
0.608627929258
0.607909719548
0.607192209543
0.606475398862
0.605759287129
0.605043873965
0.604329158995
0.60361514184
0.602901822127
0.602189199479
0.601477273522
0.600766043883
0.600055510187
0.599345672063
0.598636529139
0.597928081043
0.597220327405
0.596513267854
0.595806902022
0.595101229539
0.594396250038
0.593691963151
0.592988368512
0.592285465754
0.591583254513
0.590881734423
0.59018090512
0.589480766241
0.588781317424
0.588082558306
0.587384488526
0.586687107724
0.585990415538
0.585294411611
0.584599095583
0.583904467096
0.583210525793
0.582517271318
0.581824703314
0.581132821426
0.580441625299
0.57975111458
0.579061288914
0.57837214795
0.577683691336
0.576995918719
0.57630882975
0.575622424078
0.574936701355
0.57425166123
0.573567303357
0.572883627387
0.572200632975
0.571518319773
0.570836687437
0.570155735622
0.569475463982
0.568795872176
0.568116959859
0.56743872669
0.566761172327
0.566084296429
0.565408098655
0.564732578665
0.564057736121
0.563383570684
0.562710082015
0.562037269777
0.561365133635
0.56069367325
0.560022888289
0.559352778415
0.558683343295
0.558014582595
0.557346495981
0.556679083121
0.556012343682
0.555346277334
0.554680883746
0.554016162586
0.553352113526
0.552688736237
0.552026030388
0.551363995653
0.550702631705
0.550041938215
0.549381914857
0.548722561307
0.548063877238
0.547405862325
0.546748516245
0.546091838673
0.545435829287
0.544780487764
0.544125813781
0.543471807018
0.542818467153
0.542165793865
0.541513786834
0.540862445741
0.540211770267
0.539561760094
0.538912414903
0.538263734376
0.537615718197
0.536968366049
0.536321677617
0.535675652584
0.535030290636
0.534385591457
0.533741554735
0.533098180154
0.532455467403
0.531813416168
0.531172026137
0.530531296999
0.529891228442
0.529251820155
0.528613071828
0.527974983152
0.527337553816
0.526700783511
0.52606467193
0.525429218764
0.524794423705
0.524160286447
0.523526806681
0.522893984103
0.522261818407
0.521630309286
0.520999456435
0.520369259551
0.519739718329
0.519110832465
0.518482601656
0.517855025599
0.517228103991
0.516601836531
0.515976222917
0.515351262847
0.514726956021
0.514103302139
0.513480300899
0.512857952003
0.512236255152
0.511615210046
0.510994816388
0.510375073879
0.509755982221
0.509137541117
0.508519750271
0.507902609386
0.507286118165
0.506670276314
0.506055083537
0.505440539539
0.504826644024
0.5042133967
0.503600797273
0.502988845448
0.502377540933
0.501766883435
0.501156872662
0.500547508321
0.499938790122
0.499330717773
0.498723290982
0.49811650946
0.497510372916
0.496904881061
0.496300033604
0.495695830257
0.495092270731
0.494489354737
0.493887081988
0.493285452195
0.492684465072
0.492084120331
0.491484417685
0.490885356847
0.490286937533
0.489689159456
0.48909202233
0.488495525871
0.487899669793
0.487304453813
0.486709877646
0.486115941008
0.485522643615
0.484929985186
0.484337965436
0.483746584083
0.483155840845
0.48256573544
0.481976267586
0.481387437003
0.480799243408
0.480211686521
0.479624766062
0.479038481751
0.478452833307
0.477867820451
0.477283442905
0.476699700388
0.476116592623
0.47553411933
0.474952280232
0.474371075051
0.47379050351
0.47321056533
0.472631260235
0.472052587949
0.471474548195
0.470897140696
0.470320365177
0.469744221362
0.469168708975
0.468593827742
0.468019577388
0.467445957637
0.466872968217
0.466300608852
0.465728879268
0.465157779193
0.464587308352
0.464017466473
0.463448253283
0.462879668509
0.462311711878
0.461744383119
0.46117768196
0.460611608129
0.460046161354
0.459481341364
0.458917147889
0.458353580657
0.457790639398
0.457228323842
0.456666633718
0.456105568757
0.455545128689
0.454985313244
0.454426122154
0.453867555148
0.453309611959
0.452752292318
0.452195595956
0.451639522605
0.451084071996
0.450529243863
0.449975037937
0.449421453952
0.448868491638
0.448316150731
0.447764430962
0.447213332065
0.446662853773
0.446112995821
0.445563757941
0.445015139868
0.444467141336
0.443919762079
0.443373001831
0.442826860328
0.442281337305
0.441736432495
0.441192145634
0.440648476458
0.440105424702
0.439562990101
0.439021172391
0.438479971308
0.437939386588
0.437399417968
0.436860065182
0.436321327969
0.435783206064
0.435245699203
0.434708807125
0.434172529565
0.433636866261
0.43310181695
0.432567381368
0.432033559255
0.431500350347
0.430967754381
0.430435771095
0.429904400228
0.429373641517
0.4288434947
0.428313959516
0.427785035702
0.427256722997
0.426729021139
0.426201929867
0.425675448919
0.425149578034
0.424624316951
0.424099665408
0.423575623145
0.4230521899
0.422529365413
0.422007149422
0.421485541667
0.420964541887
0.420444149821
0.419924365208
0.419405187789
0.418886617302
0.418368653487
0.417851296083
0.41733454483
0.416818399469
0.416302859737
0.415787925375
0.415273596124
0.414759871722
0.414246751909
0.413734236425
0.413222325011
0.412711017405
0.412200313348
0.41169021258
0.411180714841
0.41067181987
0.410163527407
0.409655837193
0.409148748967
0.40864226247
0.408136377441
0.40763109362
0.407126410746
0.406622328561
0.406118846804
0.405615965215
0.405113683533
0.404612001498
0.404110918851
0.403610435331
0.403110550677
0.40261126463
0.402112576929
0.401614487314
0.401116995524
0.4006201013
0.400123804379
0.399628104503
0.39913300141
0.39863849484
0.398144584531
0.397651270224
0.397158551657
0.39666642857
0.396174900701
0.39568396779
0.395193629575
0.394703885795
0.394214736189
0.393726180496
0.393238218454
0.392750849801
0.392264074277
0.391777891619
0.391292301565
0.390807303854
0.390322898224
0.389839084412
0.389355862156
0.388873231195
0.388391191265
0.387909742104
0.387428883449
0.386948615038
0.386468936608
0.385989847895
0.385511348637
0.38503343857
0.384556117431
0.384079384955
0.383603240881
0.383127684942
0.382652716877
0.38217833642
0.381704543307
0.381231337274
0.380758718055
0.380286685388
0.379815239005
0.379344378643
0.378874104037
0.378404414919
0.377935311026
0.377466792091
0.376998857848
0.376531508032
0.376064742375
0.375598560612
0.375132962476
0.374667947699
0.374203516015
0.373739667156
0.373276400855
0.372813716844
0.372351614856
0.371890094622
0.371429155874
0.370968798344
0.370509021762
0.370049825859
0.369591210368
0.369133175017
0.368675719538
0.368218843661
0.367762547115
0.36730682963
0.366851690936
0.366397130762
0.365943148836
0.365489744888
0.365036918646
0.364584669838
0.364132998192
0.363681903436
0.363231385297
0.362781443502
0.362332077779
0.361883287853
0.361435073452
0.360987434301
0.360540370126
0.360093880653
0.359647965607
0.359202624712
0.358757857694
0.358313664278
0.357870044186
0.357426997143
0.356984522872
0.356542621097
0.356101291541
0.355660533926
0.355220347974
0.354780733408
0.354341689948
0.353903217318
0.353465315236
0.353027983425
0.352591221605
0.352155029495
0.351719406815
0.351284353286
0.350849868626
0.350415952553
0.349982604786
0.349549825044
0.349117613043
0.348685968502
0.348254891137
0.347824380666
0.347394436803
0.346965059266
0.34653624777
0.34610800203
0.345680321762
0.345253206678
0.344826656495
0.344400670926
0.343975249683
0.343550392481
0.343126099031
0.342702369046
0.342279202239
0.341856598319
0.341434557
0.341013077991
0.340592161002
0.340171805744
0.339752011927
0.339332779258
0.338914107448
0.338495996205
0.338078445235
0.337661454248
0.33724502295
0.336829151048
0.336413838248
0.335999084256
0.335584888778
0.335171251518
0.334758172181
0.334345650472
0.333933686094
0.33352227875
0.333111428144
0.332701133977
0.332291395953
0.331882213772
0.331473587135
0.331065515744
0.330657999298
0.330251037498
0.329844630042
0.32943877663
0.32903347696
0.32862873073
0.328224537638
0.32782089738
0.327417809653
0.327015274154
0.326613290578
0.32621185862
0.325810977975
0.325410648338
0.325010869401
0.324611640859
0.324212962403
0.323814833728
0.323417254523
0.323020224481
0.322623743293
0.322227810649
0.321832426239
0.321437589751
0.321043300876
0.320649559302
0.320256364716
0.319863716806
0.319471615259
0.319080059761
0.318689049998
0.318298585656
0.317908666418
0.317519291971
0.317130461997
0.316742176181
0.316354434203
0.315967235748
0.315580580497
0.315194468131
0.31480889833
0.314423870776
0.314039385147
0.313655441123
0.313272038382
0.312889176603
0.312506855463
0.312125074638
0.311743833807
0.311363132643
0.310982970824
0.310603348023
0.310224263915
0.309845718174
0.309467710473
0.309090240484
0.30871330788
0.308336912332
0.307961053511
0.307585731088
0.307210944733
0.306836694114
0.306462978901
0.306089798762
0.305717153365
0.305345042376
0.304973465462
0.30460242229
0.304231912523
0.303861935829
0.303492491869
0.303123580309
0.302755200811
0.302387353038
0.302020036652
0.301653251314
0.301286996685
0.300921272426
0.300556078195
0.300191413652
0.299827278455
0.299463672263
0.299100594732
0.29873804552
0.298376024282
0.298014530674
0.297653564351
0.297293124968
0.296933212177
0.296573825633
0.296214964988
0.295856629894
0.295498820002
0.295141534964
0.294784774428
0.294428538046
0.294072825466
0.293717636336
0.293362970304
0.293008827018
0.292655206123
0.292302107267
0.291949530095
0.291597474251
0.291245939379
0.290894925123
0.290544431127
0.290194457032
0.28984500248
0.289496067112
0.28914765057
0.288799752492
0.288452372519
0.288105510289
0.28775916544
0.287413337609
0.287068026434
0.286723231551
0.286378952595
0.286035189201
0.285691941005
0.285349207639
0.285006988737
0.284665283932
0.284324092855
0.283983415138
0.283643250412
0.283303598306
0.28296445845
0.282625830474
0.282287714005
0.281950108671
0.281613014098
0.281276429915
0.280940355745
0.280604791215
0.280269735949
0.279935189571
0.279601151704
0.27926762197
0.278934599993
0.278602085393
0.278270077792
0.277938576808
0.277607582063
0.277277093175
0.276947109762
0.276617631442
0.276288657832
0.275960188549
0.275632223208
0.275304761425
0.274977802815
0.274651346991
0.274325393566
0.273999942155
0.273674992367
0.273350543817
0.273026596113
0.272703148866
0.272380201687
0.272057754184
0.271735805965
0.271414356639
0.271093405813
0.270772953092
0.270452998084
0.270133540393
0.269814579625
0.269496115383
0.269178147271
0.268860674891
0.268543697847
0.268227215739
0.26791122817
0.267595734738
0.267280735045
0.266966228688
0.266652215268
0.266338694382
0.266025665627
0.2657131286
0.265401082897
0.265089528114
0.264778463847
0.264467889688
0.264157805232
0.263848210072
0.263539103802
0.263230486011
0.262922356293
0.262614714237
0.262307559435
0.262000891474
0.261694709946
0.261389014437
0.261083804535
0.260779079828
0.260474839903
0.260171084345
0.259867812739
0.259565024671
0.259262719725
0.258960897484
0.258659557532
0.25835869945
0.258058322821
0.257758427227
0.257459012247
0.257160077462
0.256861622451
0.256563646794
0.256266150068
0.255969131853
0.255672591724
0.255376529259
0.255080944033
0.254785835623
0.254491203603
0.254197047548
0.253903367031
0.253610161626
0.253317430905
0.253025174441
0.252733391806
0.252442082569
0.252151246302
0.251860882575
0.251570990957
0.251281571017
0.250992622323
0.250704144443
0.250416136944
0.250128599392
0.249841531354
0.249554932396
0.249268802082
0.248983139977
0.248697945645
0.248413218649
0.248128958552
0.247845164916
0.247561837303
0.247278975276
0.246996578393
0.246714646216
0.246433178304
0.246152174217
0.245871633513
0.245591555751
0.245311940487
0.24503278728
0.244754095685
0.24447586526
0.244198095559
0.243920786138
0.243643936552
0.243367546354
0.243091615098
0.242816142338
0.242541127626
0.242266570514
0.241992470554
0.241718827298
0.241445640295
0.241172909096
0.240900633252
0.24062881231
0.240357445821
0.240086533332
0.237402278778
0.234762924083
0.232168010268
0.229617074244
0.227109649097
0.224645264398
0.222223446522
0.219843718981
0.217505602781
0.215208616778
0.212952278056
0.210736102314
0.208559604259
0.206422298014
0.20432369753
0.202263317003
0.200240671302
0.198255276396
0.196306649788
0.194394310946
0.192517781741
0.190676586877
0.188870254324
0.187098315748
0.185360306932
0.183655768199
0.181984244816
0.180345287406
0.178738452334
0.177163302099
0.175619405701
0.174106339004
0.172623685082
0.171171034554
0.169747985901
0.168354145768
0.166989129251
0.165652560166
0.164344071297
0.163063304634
0.161809911582
0.160583553159
0.159383900168
0.158210633358
0.157063443555
0.15594203178
0.154846109343
0.15377539792
0.15272962961
0.151708546965
0.150711903013
0.149739461251
0.148790995621
0.147866290473
0.1469651405
0.146087350667
0.145232736109
0.144401122023
0.143592343543
0.142806245586
0.142042682706
0.141301518908
0.140582627471
0.13988589074
0.139211199917
0.138558454837
0.137927563729
0.137318442974
0.136731016847
0.136165217254
0.135620983459
0.135098261807
0.134597005432
0.134117173972
0.133658733264
0.133221655049
0.132805916658
0.132411500709
0.132038394792
0.131686591155
0.131356086387
0.131046881103
0.130758979624
0.130492389663
0.130247122007
0.130023190201
0.129820610232
0.129639400223
0.129479580116
0.129341171372
0.129224196661
0.129128679565
0.129054644283
0.129002115335
0.128971117277
0.128961674417
0.128973810536
0.129007548617
0.129062910577
0.129139917002
0.129238586897
0.129358937433
0.129500983704
0.129664738487
0.129850212018
0.130057411765
0.130286342207
0.130537004633
0.130809396933
0.131103513404
0.131419344563
0.131756876968
0.132116093043
0.132496970913
0.132899484248
0.133323602116
0.133769288837
0.134236503853
0.134725201603
0.135235331408
0.13576683736
0.136319658224
0.136893727346
0.137488972573
0.138105316178
0.138742674795
0.139400959364
0.140080075082
0.140779921369
0.141500391836
0.142241374268
0.143002750609
0.14378439697
0.144586183627
0.145407975045
0.146249629907
0.147111001143
0.147991935984
0.148892276014
0.149811857235
0.150750510142
0.151708059809
0.152684325981
0.153679123176
0.1546922608
0.155723543268
0.156772770132
0.157839736226
0.158924231808
0.160026042727
0.161144950581
0.162280732896
0.16343316331
0.164602011762
0.165787044693
0.166988025251
0.168204713509
0.169436866683
0.170684239361
0.171946583738
0.173223649856
0.17451518585
0.175820938199
0.177140651983
0.178474071142
0.179820938743
0.181180997241
0.182553988756
0.183939655345
0.185337739271
0.186747983286
0.188170130904
0.18960392668
0.19104911649
0.192505447803
0.193972669964
0.195450534469
0.196938795233
0.198437208871
0.199945534959
0.201463536304
0.202990979201
0.204527633689
0.206073273797
0.207627677787
0.209190628376
0.210761912965
0.212341323834
0.213928658344
0.215523719116
0.217126314193
0.218736257198
0.220353367475
0.221977470217
0.223608396598
0.225245983887
0.226890075577
0.228540521506
0.230197177995
0.231859907999
0.233528581259
0.235203074488
0.236883271551
0.238569063657
0.240260349555
0.2419570357
0.243659036403
0.245366273912
0.247078678441
0.248796188088
0.25051874865
0.252246313307
0.253978842163
0.255716301659
0.257458663846
0.259205905569
0.260958007592
0.262714953719
0.264476729996
0.266243324073
0.268014724822
0.269790922311
0.271571908219
0.273357676778
0.275148226273
0.276943561124
0.2787436945
0.280548651378
0.282358471873
0.284173214619
0.285992959916
0.28781781228
0.289647902031
0.291483385528
0.293324443643
0.295171278177
0.29702410596
0.298883150522
0.300748631404
0.302620751357
0.30449968192
0.30638554811
0.308278413182
0.310178264663
0.312085003021
0.313998434463
0.315918269386
0.317844127916
0.319775553779
0.321712037358
0.323653048326
0.325598077535
0.327546687103
0.329498566711
0.331453593285
0.333411890303
0.335373882309
0.337340339659
0.339312408345
0.341291619871
0.343279876701
0.345279409647
0.347292704794
0.349322398982
0.351371144415
0.353441444701
0.355535466275
0.357654831009
0.359800397694
0.361972042277
0.36416844922
0.366386929278
0.368623282223
0.370871726274
0.373124918658
0.375374092766
0.377609335407
0.379820021296
0.381995409757
0.384125390347
0.38620134104
0.388217037962
0.390169534975
0.392059920811
0.393893866201
0.395681895274
0.397439351325
0.399186069289
0.400945806001
0.402745505743
0.404614487582
0.406583632361
0.408684624386
0.41094927104
0.413408886815
0.416093688119
0.419032099241
0.422249811802
0.425768359116
0.429602849556
0.4337583361
0.438224084888
0.442964801367
0.447907891295
0.452926636895
0.457821889091
0.462310936068
0.466040965563
0.468647703877
0.46986002536
0.469605228646
0.468042764916
0.465499501999
0.462356902182
0.458959756591
0.455574868723
0.452388603737
0.449522174732
0.447050240293
0.445016629867
0.443445811531
0.442350609206
0.441737099666
0.441607495484
0.441961558967
0.442796830606
0.444107715402
0.445883233616
0.448102985775
0.450730604405
0.453703743941
0.456919775925
0.460217519821
0.463358886078
0.466021563985
0.467822818062
0.468393462654
0.467491993321
0.465099392833
0.461424620762
0.456816262869
0.451646752985
0.446232829534
0.440807072062
0.435522918473
0.430472434209
0.425704758102
0.421240789546
0.417083575284
0.413225203214
0.409651209079
0.406343324338
0.403281158131
0.400443211719
0.397807485321
0.395351844937
0.393054256946
0.390892959826
0.388846617214
0.386894479409
0.385016567935
0.383193887952
0.381408664999
0.379644595611
0.377887095798
0.376123527793
0.374343384366
0.372538411678
0.370702656091
0.368832427027
0.366926175892
0.364984298965
0.363008878885
0.361003383905
0.358972345984
0.356921038169
0.35485516899
0.352780607488
0.35070314793
0.348628318718
0.346561236198
0.344506501085
0.342468133219
0.340449539243
0.338453507388
0.336482223645
0.334537304095
0.332619838785
0.330730443263
0.328869314615
0.327036289438
0.325230901804
0.323452439699
0.321699998813
0.319972532853
0.318268899801
0.316587903717
0.314928331832
0.313288986793
0.31166871405
0.310066424425
0.308481112004
0.306911867558
0.305357887764
0.303818480541
0.302293066881
0.300781179573
0.299282459261
0.297796648267
0.296323582646
0.294863182893
0.293415443735
0.291980423379
0.290558232591
0.28914902389
0.287752981138
0.286370309729
0.285001227557
0.28364595687
0.282304717113
0.280977718769
0.279665158245
0.278367213751
0.277084042141
0.275815776663
0.274562525527
0.273324371208
0.272101370405
0.270893554555
0.269700930801
0.268523483341
0.267361175061
0.266213949375
0.265081732199
0.263964433998
0.262861951842
0.261774171426
0.260700969013
0.259642213268
0.258597766946
0.257567488432
0.256551233108
0.255548854538
0.254560205481
0.253585138718
0.252623507716
0.251675167118
0.250739973093
0.249817783537
0.248908458161
0.24801185846
0.247127847596
0.246256290206
0.245397052144
0.244550000178
0.243715001662
0.242891924177
0.242080635176
0.241281001623
0.240492889652
0.23971616424
0.238950688911
0.238196325462
0.237452933739
0.236720371435
0.235998493938
0.235287154215
0.234586202731
0.233895487418
0.233214853667
0.232544144365
0.231883199961
0.23123185856
0.230589956045
0.229957326224
0.229333800997
0.228719210535
0.22811338348
0.227516147152
0.226927327771
0.226346750673
0.225774240542
0.225209621635
0.224652718015
0.224103353772
0.223561353248
0.223026541256
0.222498743292
0.221977785743
0.221463496086
0.220955703082
0.220454236959
0.219958929593
0.219469614676
0.21898612788
0.218508307014
0.218035992169
0.21756902586
0.217107253162
0.216650521838
0.216198682458
0.215751588518
0.215309096546
0.214871066211
0.214437360417
0.214007845402
0.213582390821
0.213160869833
0.212743159181
0.212329139265
0.211918694213
0.211511711948
0.211108084247
0.210707706807
0.21031047929
0.209916305383
0.209525092842
0.209136753535
0.208751203491
0.208368362929
0.207988156299
0.207610512314
0.207235363976
0.206862648598
0.206492307827
0.206124287659
0.205758538442
0.205395014881
0.205033676035
0.2046744853
0.204317410388
0.203962423294
0.20360950026
0.203258621715
0.202909772223
0.202562940403
0.202218118854
0.201875304064
0.201534496312
0.201195699571
0.200858921401
0.200524172844
0.20019146832
0.199860825527
0.199532265352
0.199205811782
0.198881491834
0.198559335496
0.198239375681
0.197921648194
0.197606191713
0.197293047783
0.196982260816
0.1966738781
0.196367949801
0.196064528966
0.195763671517
0.195465436216
0.195169884614
0.194877080969
0.19458709212
0.194299987324
0.194015838045
0.193734717699
0.193456701347
0.193181865349
0.192910286975
0.192642043987
0.192377214205
0.192115875055
0.191858103143
0.191603973834
0.191353560886
0.191106936145
0.190864169309
0.190625327792
0.190390476696
0.190159678899
0.189932995261
0.189710484965
0.189492205967
0.189278215565
0.189068571048
0.188863330432
0.188662553218
0.188466301169
0.188274639056
0.188087635324
0.187905362655
0.187727898372
0.187555324646
0.187387728479
0.187225201431
0.187067839067
0.186915740118
0.186769005356
0.186627736202
0.186492033076
0.186361993556
0.186237710371
