7.40148683083e-18
4.29195381763e-07
1.71678110237e-06
3.86275588879e-06
6.86711761854e-06
1.07298633203e-05
1.54509891739e-05
2.103049051e-05
2.74683618098e-05
3.47645967056e-05
4.29191879802e-05
5.19321275663e-05
6.18034065476e-05
7.25330151576e-05
8.41209427795e-05
9.65671779466e-05
0.000109871708341
0.000124034520796
0.000139055601291
0.000154934934955
0.000171672506068
0.000189268298054
0.000207722293488
0.000227034474091
0.000247204820732
0.000268233313425
0.000290119931332
0.00031286465276
0.000336467455163
0.000360928315138
0.000386247208427
0.000412424109919
0.000439458993642
0.00046735183277
0.00049610259962
0.00052571126565
0.000556177801459
0.000587502176788
0.000619684360518
0.000652724320671
0.000686622024405
0.000721377438021
0.000756990526953
0.000793461255775
0.000830789588198
0.000868975487067
0.000908018914364
0.000947919831203
0.000988678197832
0.00103029397363
0.00107276711712
0.00111609758594
0.00116028533687
0.00120533032581
0.00125123250779
0.00129799183698
0.00134560826666
0.00139408174925
0.00144341223629
0.00149359967844
0.00154464402548
0.00159654522634
0.00164930322903
0.00170291798071
0.00175738942765
0.00181271751523
0.00186890218796
0.00192594338947
0.00198384106248
0.00204259514886
0.00210220558955
0.00216267232464
0.00222399529331
0.00228617443386
0.00234920968368
0.00241310097929
0.0024778482563
0.00254345144943
0.00260991049251
0.00267722531845
0.00274539585929
0.00281442204614
0.00288430380923
0.00295504107789
0.00302663378052
0.00309908184463
0.00317238519682
0.00324654376278
0.00332155746731
0.00339742623426
0.00347414998659
0.00355172864635
0.00363016213466
0.00370945037174
0.00378959327686
0.0038705907684
0.0039524427638
0.00403514917959
0.00411870993136
0.00420312493379
0.0042883941006
0.00437451734463
0.00446149457774
0.00454932571087
0.00463801065405
0.00472754931634
0.00481794160587
0.00490918742984
0.00500128669451
0.00509423930517
0.00518804516619
0.00528270418098
0.005378216252
0.00547458128078
0.00557179916786
0.00566986981286
0.00576879311442
0.00586856897022
0.005969197277
0.00607067793052
0.00617301082559
0.00627619585602
0.0063802329147
0.00648512189351
0.00659086268337
0.00669745517423
0.00680489925506
0.00691319481385
0.00702234173761
0.00713233991237
0.00724318922316
0.00735488955404
0.00746744078807
0.00758084280732
0.00769509549288
0.00781019872482
0.00792615238223
0.00804295634319
0.00816061048477
0.00827911468305
0.0083984688131
0.00851867274898
0.00863972636372
0.00876162952936
0.0088843821169
0.00900798399635
0.00913243503667
0.0092577351058
0.00938388407068
0.00951088179718
0.00963872815017
0.00976742299348
0.00989696618988
0.0100273576011
0.010158597088
0.01029068451
0.0104236197259
0.0105574025931
0.0106920329683
0.0108275107069
0.0109638356632
0.0111010076907
0.0112390266416
0.011377892367
0.0115176047173
0.0116581635414
0.0117995686873
0.011941820002
0.0120849173313
0.0122288605199
0.0123736494116
0.012519283849
0.0126657636735
0.0128130887255
0.0129612588444
0.0131102738684
0.0132601336345
0.0134108379788
0.0135623867362
0.0137147797405
0.0138680168243
0.0140220978192
0.0141770225556
0.0143327908629
0.0144894025692
0.0146468575015
0.0148051554858
0.0149642963469
0.0151242799085
0.0152851059929
0.0154467744217
0.015609285015
0.0157726375918
0.0159368319702
0.0161018679667
0.0162677453971
0.0164344640757
0.0166020238158
0.0167704244295
0.0169396657276
0.01710974752
0.0172806696152
0.0174524318205
0.0176250339421
0.017798475785
0.017972757153
0.0181478778487
0.0183238376735
0.0185006364276
0.0186782739099
0.0188567499183
0.0190360642492
0.0192162166981
0.0193972070589
0.0195790351246
0.0197617006869
0.0199452035362
0.0201295434616
0.0203147202511
0.0205007336914
0.0206875835679
0.0208752696649
0.0210637917652
0.0212531496506
0.0214433431015
0.0216343718969
0.0218262358149
0.022018934632
0.0222124681235
0.0224068360634
0.0226020382246
0.0227980743785
0.0229949442953
0.0231926477438
0.0233911844916
0.023590554305
0.0237907569489
0.023991792187
0.0241936597816
0.0243963594937
0.024599891083
0.0248042543079
0.0250094489252
0.0252154746908
0.0254223313589
0.0256300186826
0.0258385364134
0.0260478843017
0.0262580620963
0.0264690695448
0.0266809063935
0.0268935723871
0.0271070672691
0.0273213907815
0.027536542665
0.0277525226589
0.0279693305011
0.028186965928
0.0284054286749
0.0286247184754
0.0288448350617
0.0290657781647
0.0292875475139
0.0295101428373
0.0297335638614
0.0299578103115
0.0301828819112
0.0304087783829
0.0306354994473
0.0308630448239
0.0310914142305
0.0313206073837
0.0315506239984
0.0317814637882
0.0320131264651
0.0322456117398
0.0324789193212
0.0327130489171
0.0329480002334
0.033183772975
0.0334203668447
0.0336577815444
0.033896016774
0.0341350722321
0.0343749476159
0.0346156426208
0.0348571569408
0.0350994902684
0.0353426422945
0.0355866127085
0.0358314011983
0.0360770074501
0.0363234311485
0.0365706719768
0.0368187296166
0.0370676037478
0.0373172940489
0.0375678001966
0.0378191218663
0.0380712587315
0.0383242104644
0.0385779767353
0.0388325572132
0.0390879515652
0.0393441594568
0.0396011805522
0.0398590145136
0.0401176610017
0.0403771196755
0.0406373901926
0.0408984722086
0.0411603653776
0.0414230693521
0.0416865837829
0.041950908319
0.0422160426078
0.0424819862952
0.0427487390251
0.0430163004399
0.0432846701802
0.0435538478851
0.0438238331916
0.0440946257353
0.0443662251501
0.044638631068
0.0449118431192
0.0451858609325
0.0454606841346
0.0457363123508
0.0460127452042
0.0462899823165
0.0465680233075
0.0468468677953
0.0471265153961
0.0474069657244
0.047688218393
0.0479702730126
0.0482531291925
0.0485367865399
0.0488212446603
0.0491065031573
0.0493925616329
0.049679419687
0.0499670769179
0.0502555329218
0.0505447872933
0.050834839625
0.0511256895076
0.0514173365302
0.0517097802798
0.0520030203415
0.0522970562987
0.0525918877328
0.0528875142232
0.0531839353477
0.0534811506818
0.0537791597995
0.0540779622726
0.0543775576711
0.0546779455631
0.0549791255145
0.0552810970897
0.0555838598507
0.0558874133579
0.0561917571696
0.0564968908421
0.0568028139297
0.057109525985
0.0574170265582
0.0577253151978
0.0580343914503
0.05834425486
0.0586549049693
0.0589663413187
0.0592785634465
0.0595915708892
0.0599053631809
0.060219939854
0.0605353004388
0.0608514444634
0.0611683714539
0.0614860809344
0.061804572427
0.0621238454514
0.0624438995257
0.0627647341654
0.0630863488842
0.0634087431938
0.0637319166035
0.0640558686206
0.0643805987505
0.064706106496
0.0650323913582
0.065359452836
0.0656872904258
0.0660159036223
0.0663452919178
0.0666754548024
0.0670063917642
0.067338102289
0.0676705858604
0.0680038419598
0.0683378700666
0.0686726696577
0.069008240208
0.0693445811901
0.0696816920744
0.0700195723291
0.0703582214199
0.0706976388107
0.0710378239629
0.0713787763356
0.0717204953856
0.0720629805677
0.0724062313342
0.0727502471351
0.0730950274182
0.0734405716291
0.0737868792107
0.0741339496041
0.0744817822478
0.074830376578
0.0751797320285
0.0755298480309
0.0758807240144
0.0762323594058
0.0765847536298
0.0769379061083
0.0772918162611
0.0776464835056
0.0780019072568
0.0783580869273
0.0787150219273
0.0790727116646
0.0794311555445
0.0797903529701
0.0801503033418
0.0805110060578
0.0808724605137
0.0812346661027
0.0815976222156
0.0819613282406
0.0823257835637
0.0826909875682
0.083056939635
0.0834236391423
0.0837910854663
0.0841592779801
0.0845282160548
0.0848978990586
0.0852683263575
0.0856394973146
0.086011411291
0.0863840676446
0.0867574657313
0.0871316049042
0.0875064845138
0.0878821039082
0.0882584624327
0.0886355594301
0.0890133942408
0.0893919662024
0.0897712746498
0.0901513189156
0.0905320983295
0.0909136122187
0.0912958599077
0.0916788407185
0.0920625539703
0.0924469989797
0.0928321750607
0.0932180815245
0.0936047176797
0.0939920828323
0.0943801762854
0.0947689973397
0.0951585452929
0.0955488194402
0.0959398190739
0.0963315434838
0.0967239919567
0.097117163777
0.0975110582261
0.0979056745826
0.0983010121226
0.0986970701193
0.099093847843
0.0994913445614
0.0998895595394
0.100288492039
0.10068814132
0.101088506637
0.101489587246
0.101891382397
0.102293891337
0.102697113313
0.103101047566
0.103505693335
0.103911049858
0.104317116368
0.104723892096
0.105131376271
0.105539568116
0.105948466855
0.106358071706
0.106768381887
0.10717939661
0.107591115087
0.108003536525
0.108416660129
0.1088304851
0.109245010638
0.109660235938
0.110076160194
0.110492782595
0.110910102328
0.111328118578
0.111746830526
0.112166237349
0.112586338223
0.11300713232
0.113428618809
0.113850796855
0.114273665623
0.114697224272
0.115121471959
0.115546407837
0.115972031058
0.11639834077
0.116825336118
0.117253016242
0.117681380281
0.118110427372
0.118540156646
0.118970567234
0.11940165826
0.119833428848
0.120265878119
0.120699005188
0.12113280917
0.121567289176
0.122002444312
0.122438273684
0.122874776392
0.123311951534
0.123749798206
0.124188315498
0.1246275025
0.125067358296
0.125507881969
0.125949072597
0.126390929257
0.126833451021
0.127276636957
0.127720486133
0.128164997611
0.12861017045
0.129056003707
0.129502496435
0.129949647684
0.1303974565
0.130845921927
0.131295043004
0.131744818769
0.132195248255
0.132646330492
0.133098064507
0.133550449324
0.134003483963
0.13445716744
0.13491149877
0.135366476963
0.135822101026
0.136278369963
0.136735282773
0.137192838454
0.137651036
0.1381098744
0.138569352642
0.13902946971
0.139490224582
0.139951616237
0.140413643647
0.140876305783
0.141339601611
0.141803530095
0.142268090193
0.142733280863
0.143199101058
0.143665549727
0.144132625816
0.144600328268
0.145068656022
0.145537608013
0.146007183176
0.146477380437
0.146948198724
0.147419636957
0.147891694055
0.148364368933
0.148837660504
0.149311567674
0.149786089349
0.15026122443
0.150736971814
0.151213330395
0.151690299065
0.15216787671
0.152646062214
0.153124854456
0.153604252314
0.154084254661
0.154564860366
0.155046068294
0.155527877309
0.15601028627
0.156493294031
0.156976899445
0.157461101359
0.157945898619
0.158431290065
0.158917274536
0.159403850865
0.159891017882
0.160378774414
0.160867119286
0.161356051315
0.161845569319
0.16233567211
0.162826358496
0.163317627284
0.163809477274
0.164301907265
0.164794916052
0.165288502425
0.165782665171
0.166277403075
0.166772714915
0.16726859947
0.16776505551
0.168262081807
0.168759677124
0.169257840224
0.169756569865
0.170255864802
0.170755723786
0.171256145564
0.171757128879
0.172258672473
0.17276077508
0.173263435434
0.173766652265
0.174270424296
0.174774750251
0.175279628847
0.175785058798
0.176291038816
0.176797567607
0.177304643876
0.17781226632
0.178320433638
0.178829144521
0.179338397657
0.179848191733
0.180358525429
0.180869397422
0.181380806388
0.181892750997
0.182405229914
0.182918241804
0.183431785324
0.183945859132
0.184460461879
0.184975592213
0.185491248778
0.186007430216
0.186524135164
0.187041362255
0.18755911012
0.188077377383
0.188596162668
0.189115464594
0.189635281775
0.190155612823
0.190676456345
0.191197810946
0.191719675226
0.192242047782
0.192764927206
0.193288312087
0.193812201012
0.194336592562
0.194861485316
0.195386877847
0.195912768728
0.196439156524
0.1969660398
0.197493417115
0.198021287026
0.198549648085
0.19907849884
0.199607837838
0.200137663619
0.200667974721
0.201198769678
0.201730047021
0.202261805277
0.202794042969
0.203326758616
0.203859950734
0.204393617835
0.204927758429
0.205462371019
0.205997454108
0.206533006192
0.207069025766
0.20760551132
0.208142461341
0.208679874312
0.209217748712
0.209756083018
0.210294875701
0.210834125231
0.211373830071
0.211913988684
0.212454599528
0.212995661057
0.213537171721
0.214079129967
0.214621534239
0.215164382977
0.215707674616
0.216251407591
0.216795580329
0.217340191258
0.217885238797
0.218430721367
0.218976637382
0.219522985254
0.22006976339
0.220616970195
0.22116460407
0.221712663411
0.222261146614
0.222810052067
0.223359378158
0.223909123271
0.224459285785
0.225009864076
0.225560856518
0.226112261479
0.226664077327
0.227216302422
0.227768935125
0.228321973791
0.228875416771
0.229429262416
0.22998350907
0.230538155076
0.231093198771
0.231648638491
0.232204472567
0.232760699329
0.233317317101
0.233874324205
0.234431718959
0.234989499678
0.235547664674
0.236106212255
0.236665140726
0.237224448389
0.237784133542
0.23834419448
0.238904629496
0.239465436877
0.240026614909
0.240588161874
0.241150076051
0.241712355715
0.242274999139
0.242838004592
0.24340137034
0.243965094646
0.244529175768
0.245093611965
0.245658401488
0.246223542589
0.246789033513
0.247354872506
0.247921057807
0.248487587654
0.249054460282
0.249621673923
0.250189226804
0.250757117152
0.251325343188
0.251893903132
0.2524627952
0.253032017606
0.253601568559
0.254171446268
0.254741648936
0.255312174764
0.255883021953
0.256454188696
0.257025673186
0.257597473614
0.258169588166
0.258742015027
0.259314752376
0.259887798394
0.260461151255
0.261034809131
0.261608770193
0.262183032609
0.262757594541
0.263332454152
0.263907609601
0.264483059044
0.265058800633
0.265634832521
0.266211152855
0.26678775978
0.26736465144
0.267941825974
0.268519281519
0.269097016212
0.269675028183
0.270253315564
0.270831876481
0.271410709059
0.27198981142
0.272569181685
0.273148817969
0.273728718389
0.274308881055
0.27488930408
0.275469985569
0.276050923628
0.276632116361
0.277213561866
0.277795258243
0.278377203588
0.278959395993
0.27954183355
0.280124514349
0.280707436475
0.281290598013
0.281873997047
0.282457631655
0.283041499916
0.283625599906
0.284209929698
0.284794487365
0.285379270975
0.285964278597
0.286549508295
0.287134958134
0.287720626175
0.288306510477
0.288892609098
0.289478920094
0.290065441518
0.290652171422
0.291239107856
0.291826248868
0.292413592505
0.293001136811
0.293588879828
0.294176819599
0.294764954161
0.295353281553
0.295941799811
0.296530506968
0.297119401057
0.297708480109
0.298297742154
0.298887185219
0.29947680733
0.300066606512
0.300656580789
0.301246728181
0.30183704671
0.302427534393
0.30301818925
0.303609009294
0.304199992542
0.304791137007
0.3053824407
0.305973901632
0.306565517814
0.307157287252
0.307749207955
0.308341277928
0.308933495176
0.309525857703
0.31011836351
0.3107110106
0.311303796973
0.311896720629
0.312489779565
0.313082971779
0.313676295268
0.314269748026
0.31486332805
0.315457033332
0.316050861865
0.316644811642
0.317238880654
0.317833066892
0.318427368345
0.319021783003
0.319616308853
0.320210943885
0.320805686085
0.32140053344
0.321995483935
0.322590535558
0.323185686292
0.323780934122
0.324376277032
0.324971713007
0.325567240028
0.326162856081
0.326758559146
0.327354347206
0.327950218244
0.328546170242
0.32914220118
0.329738309041
0.330334491805
0.330930747454
0.331527073968
0.33212346933
0.332719931519
0.333316458518
0.333913048306
0.334509698865
0.335106408176
0.33570317422
0.336299994979
0.336896868434
0.337493792567
0.338090765361
0.338687784796
0.339284848857
0.339881955526
0.340479102786
0.341076288622
0.341673511016
0.342270767955
0.342868057422
0.343465377404
0.344062725887
0.344660100858
0.345257500303
0.345854922212
0.346452364572
0.347049825374
0.347647302607
0.348244794262
0.348842298332
0.349439812809
0.350037335686
0.350634864958
0.35123239862
0.351829934669
0.352427471102
0.353025005918
0.353622537115
0.354220062695
0.354817580659
0.355415089011
0.356012585754
0.356610068893
0.357207536436
0.35780498639
0.358402416765
0.358999825571
0.359597210821
0.360194570527
0.360791902705
0.361389205372
0.361986476546
0.362583714245
0.363180916492
0.363778081309
0.364375206721
0.364972290754
0.365569331436
0.366166326797
0.366763274869
0.367360173684
0.367957021279
0.368553815691
0.369150554959
0.369747237124
0.370343860229
0.37094042232
0.371536921444
0.37213335565
0.37272972299
0.373326021519
0.373922249291
0.374518404366
0.375114484804
0.375710488668
0.376306414023
0.376902258937
0.377498021481
0.378093699726
0.378689291747
0.379284795624
0.379880209435
0.380475531263
0.381070759194
0.381665891317
0.382260925721
0.382855860501
0.383450693753
0.384045423575
0.384640048071
0.385234565344
0.385828973503
0.386423270659
0.387017454924
0.387611524417
0.388205477256
0.388799311564
0.389393025468
0.389986617097
0.390580084583
0.391173426061
0.391766639671
0.392359723554
0.392952675856
0.393545494726
0.394138178315
0.39473072478
0.39532313228
0.395915398976
0.396507523036
0.397099502628
0.397691335927
0.398283021108
0.398874556353
0.399465939846
0.400057169774
0.40064824433
0.401239161708
0.401829920109
0.402420517735
0.403010952794
0.403601223496
0.404191328057
0.404781264695
0.405371031635
0.405960627102
0.406550049328
0.407139296548
0.407728367002
0.408317258934
0.40890597059
0.409494500225
0.410082846093
0.410671006457
0.41125897958
0.411846763732
0.412434357188
0.413021758226
0.413608965129
0.414195976184
0.414782789683
0.415369403922
0.415955817204
0.416542027833
0.41712803412
0.417713834381
0.418299426934
0.418884810106
0.419469982225
0.420054941626
0.420639686648
0.421224215635
0.421808526936
0.422392618905
0.422976489901
0.423560138288
0.424143562435
0.424726760717
0.425309731511
0.425892473203
0.426474984183
0.427057262844
0.427639307587
0.428221116817
0.428802688944
0.429384022385
0.42996511556
0.430545966896
0.431126574824
0.431706937783
0.432287054215
0.432866922568
0.433446541295
0.434025908857
0.434605023718
0.435183884349
0.435762489226
0.43634083683
0.436918925649
0.437496754176
0.43807432091
0.438651624356
0.439228663025
0.439805435431
0.440381940098
0.440958175554
0.441534140332
0.442109832972
0.442685252021
0.443260396028
0.443835263553
0.44440985316
0.444984163417
0.445558192901
0.446131940193
0.446705403882
0.447278582562
0.447851474834
0.448424079303
0.448996394584
0.449568419294
0.450140152059
0.450711591511
0.451282736287
0.451853585033
0.452424136398
0.45299438904
0.453564341622
0.454133992814
0.454703341292
0.455272385739
0.455841124844
0.456409557303
0.456977681819
0.4575454971
0.458113001861
0.458680194826
0.459247074722
0.459813640284
0.460379890256
0.460945823385
0.461511438427
0.462076734144
0.462641709304
0.463206362684
0.463770693066
0.464334699239
0.464898379999
0.465461734149
0.466024760499
0.466587457864
0.467149825069
0.467711860944
0.468273564327
0.468834934061
0.469395968997
0.469956667994
0.470517029917
0.471077053639
0.471636738038
0.472196082
0.472755084419
0.473313744195
0.473872060236
0.474430031456
0.474987656776
0.475544935126
0.476101865442
0.476658446666
0.477214677748
0.477770557647
0.478326085326
0.478881259758
0.479436079921
0.479990544802
0.480544653395
0.481098404699
0.481651797723
0.482204831482
0.482757504999
0.483309817304
0.483861767434
0.484413354432
0.484964577352
0.485515435252
0.486065927199
0.486616052266
0.487165809535
0.487715198093
0.488264217038
0.488812865473
0.489361142507
0.489909047259
0.490456578855
0.491003736428
0.491550519117
0.492096926071
0.492642956444
0.493188609399
0.493733884106
0.494278779743
0.494823295495
0.495367430553
0.495911184117
0.496454555395
0.496997543601
0.497540147957
0.498082367694
0.498624202047
0.499165650262
0.49970671159
0.50024738529
0.500787670631
0.501327566885
0.501867073334
0.502406189268
0.502944913984
0.503483246786
0.504021186984
0.504558733899
0.505095886857
0.505632645192
0.506169008245
0.506704975365
0.507240545908
0.507775719239
0.508310494728
0.508844871754
0.509378849703
0.509912427968
0.510445605951
0.510978383061
0.511510758712
0.512042732328
0.512574303339
0.513105471184
0.513636235309
0.514166595165
0.514696550214
0.515226099923
0.515755243767
0.516283981228
0.516812311797
0.517340234971
0.517867750254
0.518394857159
0.518921555204
0.519447843918
0.519973722834
0.520499191493
0.521024249445
0.521548896246
0.52207313146
0.522596954658
0.523120365419
0.523643363329
0.524165947981
0.524688118976
0.525209875922
0.525731218436
0.526252146139
0.526772658663
0.527292755645
0.527812436732
0.528331701575
0.528850549836
0.529368981183
0.529886995291
0.530404591842
0.530921770528
0.531438531047
0.531954873104
0.532470796413
0.532986300695
0.533501385679
0.5340160511
0.534530296704
0.535044122242
0.535557527474
0.536070512167
0.536583076097
0.537095219047
0.537606940808
0.538118241181
0.538629119971
0.539139576995
0.539649612075
0.540159225045
0.540668415743
0.541177184018
0.541685529727
0.542193452734
0.542700952913
0.543208030146
0.543714684323
0.544220915344
0.544726723117
0.545232107558
0.545737068593
0.546241606156
0.546745720192
0.547249410652
0.547752677497
0.5482555207
0.548757940241
0.549259936107
0.5497615083
0.550262656827
0.550763381707
0.551263682967
0.551763560644
0.552263014787
0.552762045452
0.553260652706
0.553758836627
0.554256597301
0.554753934827
0.555250849312
0.555747340873
0.556243409639
0.556739055747
0.557234279347
0.557729080597
0.558223459668
0.558717416737
0.559210951996
0.559704065644
0.560196757891
0.560689028958
0.561180879076
0.561672308483
0.56216331743
0.562653906176
0.563144074988
0.563633824145
0.564123153931
0.564612064639
0.565100556571
0.565588630035
0.566076285346
0.566563522822
0.567050342788
0.567536745575
0.568022731511
0.568508300931
0.568993454168
0.569478191552
0.569962513412
0.570446420072
0.570929911847
0.571412989045
0.571895651958
0.572377900866
0.572859736028
0.573341157681
0.573822166036
0.574302761272
0.574782943532
0.575262712917
0.57574206948
0.576221013219
0.57669954407
0.577177661897
0.577655366486
0.578132657532
0.578609534632
0.579085997268
0.579562044798
0.580037676442
0.580512891264
0.580987688157
0.581462065826
0.581936022765
0.582409557238
0.582882667259
0.58335535056
0.58382760457
0.584299426384
0.584770812733
0.585241759949
0.58571226393
0.586182320103
0.586651923382
0.587121068125
0.587589748085
0.588057956365
0.588525685363
0.588992926717
0.589459671247
0.589925908892
0.590391628647
0.59085681849
0.591321465318
0.591785554866
0.59224907163
0.59271199879
0.59317431812
0.593636009904
0.594097052845
0.594557423973
0.595017098549
0.595476049966
0.59593424965
0.596391666957
0.596848269067
0.597304020876
0.597758884887
0.598212821094
0.598665786869
0.599117736839
0.599568622758
0.600018393384
0.600466994337
0.600914367961
0.60136045318
0.601805185361
0.602248496175
0.602690313495
0.603130561323
0.6035691598
0.604006025287
0.604441070566
0.604874205127
0.605305335499
0.605734365559
0.606161196721
0.606585727952
0.607007855591
0.60742747299
0.607844470001
0.608258732339
0.608670140802
0.609078570348
0.609483889007
0.609885956621
0.610284623397
0.610679728261
0.611071096984
0.611458540096
0.611841850687
0.612220802583
0.612595149753
0.612964627432
0.613328953306
0.613687826973
0.614040931309
0.614387938138
0.614728511879
0.615062312716
0.615388975442
0.615707265827
0.616017376705
0.616318563838
0.616611178292
0.616894820559
0.617168764243
0.617432202822
0.617684895276
0.617926328351
0.618155296165
0.618371267649
0.618574413337
0.618764222581
0.61893990835
0.619100415063
0.619244162073
0.619370262175
0.619478935633
0.6195686091
0.619639815213
0.619691470214
0.619723424255
0.619735950874
0.61972892374
0.619702770092
0.619658188089
0.619595696241
0.619515864106
0.619419165484
0.619305583597
0.619175129708
0.619027739374
0.618863684473
0.618683258366
0.618486159689
0.618272593306
0.618043201277
0.617798360049
0.61753869373
0.617264443932
0.616975729901
0.616672789095
0.61635598181
0.616025635878
0.615682277141
0.615325888878
0.614957170216
0.614576915354
0.614185871161
0.613784575987
0.613373057379
0.612951672304
0.612521109101
0.612081548658
0.611633396977
0.61117704242
0.61071236654
0.610240081035
0.609760900609
0.609275053908
0.608782740555
0.608284336779
0.607780225527
0.607270857393
0.606756641166
0.606237717112
0.605714516403
0.605187350694
0.6046564479
0.60412202951
0.60358424912
0.603043171886
0.602499224573
0.601952619148
0.601403465033
0.600851658868
0.600297631076
0.599741606465
0.599183791915
0.598624225575
0.598063126913
0.597500638493
0.596936863482
0.596371943758
0.595806007564
0.595239160937
0.59467149459
0.594103088847
0.593534016683
0.592964345006
0.59239413356
0.591823424454
0.591252219601
0.590680583338
0.590108594823
0.589536313033
0.588963797897
0.588391100639
0.58781825568
0.587245298521
0.586672289588
0.586099292633
0.585526359233
0.584953530014
0.584380837377
0.583808304508
0.583235931859
0.582663758891
0.582091861686
0.581520287027
0.580949068946
0.580378235445
0.579807818229
0.579237854216
0.578668378125
0.578099421154
0.57753101244
0.576963179806
0.576395949776
0.575829347258
0.575263395191
0.574698114227
0.574133520655
0.573569579926
0.573006312977
0.572443782961
0.571882005658
0.571320993991
0.570760759982
0.570201314923
0.569642669353
0.569084833026
0.568527804887
0.567971578967
0.56741618805
0.566861638736
0.566307936894
0.565755087707
0.565203095771
0.564651965297
0.56410170043
0.563552305593
0.563003785679
0.562456145978
0.561909391918
0.561363528802
0.560818561651
0.560274495157
0.559731333687
0.559189081311
0.558647741831
0.558107318803
0.557567815553
0.557029235188
0.556491580607
0.555954854506
0.555419059384
0.554884197546
0.55435027111
0.553817282009
0.553285231996
0.552754122644
0.55222395536
0.551694731388
0.551166451825
0.550639117637
0.550112729693
0.549587288796
0.54906279573
0.548539251303
0.548016656398
0.547495011999
0.54697431921
0.546454579246
0.545935793408
0.545417963047
0.544901089526
0.54438517418
0.543870218291
0.543356223071
0.542843189643
0.542331119047
0.541820012232
0.54130987006
0.540800693309
0.540292482669
0.539785238745
0.539278962047
0.538773652976
0.538269311829
0.53776593883
0.537263534238
0.536762098475
0.536261632108
0.535762135726
0.535263609838
0.534766054854
0.534269471107
0.533773858867
0.533279218358
0.532785549747
0.532292853124
0.531801128451
0.531310375464
0.53082059346
0.530331780845
0.529843934264
0.529357048026
0.528871117549
0.528386145257
0.527902137332
0.527419098214
0.526937030193
0.526455934389
0.52597581136
0.525496661385
0.525018484596
0.524541281041
0.524065050716
0.523589793585
0.523115509588
0.522642198651
0.522169860687
0.521698495599
0.521228103285
0.520758683633
0.520290236526
0.519822761841
0.519356259445
0.5188907292
0.518426170957
0.517962584558
0.517499969834
0.517038326604
0.516577654672
0.516117953825
0.515659223833
0.515201464442
0.514744675366
0.514288856272
0.51383400674
0.513380126146
0.512927213231
0.512475264375
0.512024272247
0.511574238117
0.511125168274
0.510677064794
0.510229928049
0.509783757981
0.509338554415
0.508894317143
0.508451045954
0.508008740633
0.507567400959
0.507127026697
0.506687617595
0.506249173375
0.505811693726
0.505375178309
0.504939626743
0.50450503861
0.504071413444
0.503638750733
0.503207049918
0.502776310398
0.502346531544
0.501917712737
0.501489853404
0.501062953064
0.500637011345
0.500212027969
0.499788002719
0.499364935397
0.4989428258
0.498521673699
0.498101478836
0.497682240924
0.497263959646
0.496846634658
0.496430265588
0.496014852034
0.495600393572
0.495186889747
0.494774340085
0.494362744087
0.493952101238
0.493542411014
0.493133672888
0.492725886341
0.492319050875
0.491913166018
0.49150823133
0.491104246407
0.490701210876
0.490299124385
0.489897986598
0.489497797181
0.489098555798
0.4887002621
0.488302915726
0.487906516295
0.487511063408
0.48711655665
0.486722995586
0.486330379765
0.48593870872
0.485547981967
0.485158199006
0.484769359321
0.484381462373
0.483994507594
0.483608494359
0.483223421917
0.482839289155
0.482456093876
0.482073832693
0.481692505589
0.481312114843
0.480932661216
0.480554144581
0.480176564528
0.479799920551
0.479424212104
0.479049438626
0.478675599548
0.478302694297
0.477930722298
0.477559682978
0.477189575763
0.476820400082
0.476452155368
0.476084841062
0.475718456616
0.475353001498
0.474988475192
0.474624877203
0.474262207048
0.473900464262
0.473539648382
0.473179758948
0.472820795499
0.472462757563
0.472105644664
0.471749456316
0.47139419202
0.471039851272
0.470686433557
0.470333938352
0.469982365127
0.469631713343
0.469281982457
0.468933171917
0.468585281169
0.468238309652
0.467892256798
0.467547122039
0.4672029048
0.466859604503
0.466517220569
0.466175752412
0.465835199449
0.46549556109
0.465156836747
0.464819025831
0.46448212775
0.464146141917
0.463811067741
0.463476904636
0.463143652017
0.462811309302
0.462479875912
0.462149351272
0.46181973481
0.461491025959
0.461163224155
0.460836328839
0.460510339455
0.46018525545
0.459861076272
0.459537801373
0.459215430203
0.458893962216
0.458573396861
0.458253733589
0.457934971846
0.457617111079
0.457300150728
0.456984090232
0.456668929025
0.456354666539
0.4560413022
0.455728835434
0.455417265662
0.455106592303
0.454796814775
0.454487932494
0.454179944873
0.453872851326
0.453566651264
0.453261344095
0.452956929228
0.452653406066
0.45235077401
0.452049032458
0.451748180805
0.451448218443
0.451149144761
0.450850959147
0.450553660987
0.450257249665
0.449961724565
0.449667085063
0.449373330532
0.449080460328
0.448788473786
0.448497370205
0.448207148833
0.447917808847
0.447629349355
0.447341769427
0.447055068199
0.446769245
0.446484299407
0.446200231166
0.445917040061
0.445634725825
0.445353288115
0.445072726513
0.444793040547
0.444514229705
0.444236293444
0.443959231199
0.44368304239
0.443407726427
0.443133282707
0.442859710622
0.442587009557
0.442315178892
0.442044218002
0.441774126258
0.441504903028
0.441236547677
0.440969059565
0.44070243805
0.440436682488
0.440171792232
0.439907766632
0.439644605034
0.439382306783
0.43912087122
0.438860297684
0.438600585509
0.438341734026
0.438083742562
0.437826610438
0.437570336971
0.437314921468
0.437060363231
0.436806661549
0.4365538157
0.436301824946
0.436050688531
0.435800405681
0.4355509756
0.435302397477
0.435054670491
0.43480779383
0.434561766714
0.434316588416
0.434072258276
0.433828775702
0.433586140153
0.433344351114
0.433103408074
0.432863310511
0.432624057884
0.43238564963
0.432148085162
0.431911363874
0.431675485144
0.431440448332
0.431206252782
0.430972897827
0.43074038278
0.43050870694
0.430277869586
0.430047869975
0.429818707343
0.429590380908
0.429362889876
0.429136233457
0.42891041087
0.428685421296
0.428461263785
0.428237937562
0.428015442373
0.42779377792
0.427572943728
0.427352939238
0.427133763851
0.426915416941
0.426697897866
0.426481205972
0.426265340592
0.426050301055
0.425836086681
0.425622696783
0.425410130673
0.425198387655
0.424987467033
0.424777368103
0.424568090161
0.424359632498
0.424151994403
0.423945175161
0.423739174054
0.423533990362
0.42332962336
0.423126072322
0.422923336519
0.422721415217
0.422520307681
0.422320013173
0.422120530951
0.421921860272
0.421724000389
0.421526950552
0.421330710011
0.421135278011
0.420940653798
0.420746836614
0.420553825699
0.420361620295
0.42017021964
0.419979622973
0.419789829532
0.419600838555
0.419412649282
0.419225260952
0.419038672805
0.418852884081
0.418667894024
0.418483701875
0.41830030688
0.418117708283
0.417935905332
0.417754897274
0.417574683358
0.417395262831
0.417216634945
0.417038798949
0.416861754094
0.416685499631
0.416510034809
0.416335358878
0.416161471089
0.41598837069
0.415816056928
0.415644529049
0.415473786297
0.415303827914
0.415134653138
0.414966261203
0.41479865134
0.41463182277
0.414465774706
0.414300506346
0.414136016866
0.413972305406
0.413809371044
0.413647212747
0.413485829267
0.413325218941
0.413165379379
0.413006307446
0.412848000707
0.412690459322
0.4125336849
0.412377678552
0.412222440564
0.412067970706
0.411914268479
0.41176133324
0.411609164268
0.411457760797
0.411307122032
0.411157247158
0.41100813535
0.410859785776
0.410712197599
0.41056536998
0.410419302081
0.410273993064
0.410129442091
0.409985648328
0.409842610939
0.409700329088
0.409558801936
0.409418028644
0.409278008373
0.409138740281
0.409000223535
0.408862457307
0.408725440788
0.408589173184
0.408453653729
0.408318881679
0.408184856314
0.408051576933
0.407919042849
0.407787253379
0.40765620784
0.407525905543
0.407396345788
0.407267527864
0.407139451041
0.407012114579
0.40688551772
0.406759659692
0.40663453971
0.406510156978
0.406386510686
0.406263600014
0.406141424134
0.406019982208
0.405899273391
0.405779296831
0.405660051669
0.405541537043
0.405423752085
0.405306695923
0.405190367685
0.405074766494
0.404959891472
0.404845741741
0.404732316419
0.404619614624
0.40450763547
0.404396378068
0.404285841524
0.404176024932
0.404066927376
0.403958547924
0.403850885622
0.403743939495
0.403637708547
0.403532191772
0.403427388177
0.403323296814
0.403219916815
0.403117247407
0.403015287901
0.40291403766
0.40281349607
0.402713662506
0.402614536322
0.402516116848
0.402418403388
0.402321395225
0.402225091624
0.402129491834
0.402034595095
0.401940400636
0.401846907677
0.401754115435
0.401662023116
0.401570629926
0.401479935064
0.401389937725
0.4013006371
0.401212032377
0.40112412274
0.401036907368
0.400950385437
0.40086455612
0.400779418585
0.400694971997
0.400611215515
0.400528148297
0.400445769495
0.400364078259
0.400283073732
0.400202755056
0.400123121367
0.400044171799
0.399965905481
0.399888321537
0.399811419089
0.399735197253
0.399659655142
0.399584791863
0.399510606521
0.399437098213
0.399364266033
0.39929210907
0.399220626403
0.399149817109
0.399079680256
0.399010214902
0.3989414201
0.398873294892
0.398805838311
0.398739049381
0.39867292712
0.398607470541
0.398542678653
0.398478550471
0.398415085023
0.398352281353
0.398290138528
0.398228655645
0.398167831829
0.398107666234
0.398048158032
0.397989306414
0.39793111058
0.39787356973
0.39781668307
0.397760449797
0.397704869106
0.397649940182
0.397595662206
0.397542034345
0.397489055743
0.397436725072
0.397385035127
0.397333990748
0.397283592207
0.397233838664
0.39718472925
0.397136263084
0.397088439281
0.397041256949
0.396994715191
0.396948813106
0.396903549788
0.396858924329
0.396814935818
0.396771583343
0.396728865993
0.396686782855
0.396645333019
0.396604515578
0.396564329624
0.396524774253
0.396485848562
0.396447551647
0.396409882607
0.396372840538
0.396336424535
0.396300633692
0.396265467099
0.396230923846
0.396197003018
0.396163703699
0.39613102497
0.39609896591
0.396067525594
0.396036703097
0.39600649749
0.395976907843
0.395947933225
0.395919572702
0.39589182534
0.395864690202
0.39583816635
0.395812252847
0.395786948752
0.395762253123
0.395738165019
0.395714683496
0.395691807608
0.395669536408
0.395647868946
0.395626804267
0.395606341413
0.395586479418
0.395567217302
0.395548554069
0.395530488694
0.395513020105
0.395496147149
0.395479868538
0.395464182743
0.39544908786
0.395434581561
0.395420661517
0.395407326407
0.395394576281
0.395382411682
0.395370832861
0.395359839637
0.395349431524
0.39533960785
0.395330367835
0.395321710638
0.395313635377
0.395306141143
0.395299227014
0.395292892052
0.39528713531
0.395281955836
0.39527735267
0.395273324846
0.395269871394
0.39526699134
0.395264683705
0.395262947507
0.395261781759
0.39526118547
0.395261157647
0.395261697293
0.395262803406
0.395264474982
0.395266711013
0.395269510491
0.3952728724
0.395276795726
0.395281279451
0.395286322555
0.395291924017
0.395298082814
0.395304797924
0.395312068325
0.395319892994
0.395328270911
0.395337201058
0.39534668242
0.395356713984
0.395367294741
0.395378423687
0.395390099823
0.395402322152
0.395415089685
0.395428401436
0.395442256423
0.395456653668
0.395471592195
0.395487071033
0.39550308921
0.395519645758
0.395536739707
0.395554370088
0.395572535929
0.39559123626
0.395610470106
0.395630236489
0.395650534431
0.39567136295
0.39569272106
0.395714607774
0.395737022101
0.395759963046
0.395783429616
0.395807420813
0.395831935638
0.395856973091
0.395882532172
0.395908611879
0.39593521121
0.395962329163
0.395989964733
0.396018116916
0.396046784703
0.396075967079
0.396105663027
0.396135871515
0.396166591502
0.396197821926
0.396229561706
0.396261809732
0.396294564859
0.396327825913
0.39636159169
0.396395860972
0.39643063256
0.396465905311
0.396501678174
0.396537950215
0.396574720603
0.396611988576
0.396649753404
0.396688014352
0.396726770657
0.396766021523
0.396805766116
0.396846003571
0.396886732994
0.396927953468
0.396969664057
0.397011863812
0.39705455177
0.397097726959
0.397141388399
0.397185535105
0.397230166084
0.397275280342
0.397320876881
0.397366954697
0.397413512787
0.397460550145
0.397508065763
0.397556058631
0.397604527738
0.397653472072
0.39770289062
0.397752782366
0.397803146296
0.397853981393
0.397905286639
0.397957061017
0.398009303506
0.398062013087
0.39811518874
0.398168829443
0.398222934176
0.398277501917
0.398332531646
0.398388022342
0.398443972987
0.39850038256
0.398557250047
0.39861457443
0.398672354696
0.398730589832
0.398789278827
0.398848420671
0.398908014353
0.398968058866
0.399028553198
0.399089496339
0.399150887276
0.399212724993
0.399275008472
0.399337736689
0.399400908615
0.399464523216
0.39952857945
0.399593076267
0.39965801261
0.399723387412
0.399789199594
0.399855448072
0.399922131752
0.399989249535
0.400056800323
0.400124783022
0.400193196553
0.40026203986
0.400331311915
0.400401011721
0.400471138316
0.400541690766
0.400612668158
0.40068406959
0.400755894167
0.400828140989
0.400900809147
0.400973897724
0.401047405789
0.401121332397
0.401195676594
0.401270437413
0.40134561388
0.401421205012
0.401497209821
0.401573627312
0.401650456488
0.401727696345
0.401805345878
0.401883404077
0.401961869928
0.402040742414
0.402120020515
0.402199703206
0.40227978946
0.402360278246
0.402441168529
0.402522459275
0.402604149443
0.402686237992
0.402768723875
0.40285160604
0.402934883423
0.403018554938
0.403102619445
0.403187075661
0.403271921879
0.403357155364
0.403442773473
0.403528776589
0.403615165474
0.403701939831
0.403789098899
0.403876641757
0.40396456743
0.404052874917
0.404141563207
0.404230631286
0.404320078135
0.404409902738
0.404500104078
0.404590681141
0.404681632916
0.404772958393
0.404864656567
0.404956726435
0.405049166996
0.405141977255
0.405235156216
0.405328702889
0.405422616284
0.405516895415
0.405611539295
0.40570654694
0.405801917365
0.405897649589
0.405993742626
0.406090195493
0.406187007205
0.406284176777
0.406381703222
0.406479585551
0.406577822776
0.406676413903
0.40677535794
0.40687465389
0.406974300757
0.407074297539
0.407174643234
0.407275336837
0.407376377339
0.407477763731
0.407579494998
0.407681570125
0.407783988091
0.407886747875
0.407989848448
0.408093288784
0.408197067847
0.408301184601
0.408405638006
0.408510427017
0.408615550587
0.408721007664
0.408826797194
0.408932918117
0.409039369372
0.409146149897
0.409253258623
0.409360694484
0.409468456411
0.409576543335
0.409684954186
0.409793687899
0.409902743405
0.410012119643
0.410121815553
0.410231830078
0.410342162168
0.410452810776
0.410563774864
0.410675053398
0.410786645355
0.410898549716
0.411010765477
0.411123291638
0.411236127215
0.411349271231
0.41146272272
0.411576480729
0.411690544312
0.411804912534
0.411919584468
0.412034559191
0.412149835789
0.41226541335
0.412381290964
0.412497467723
0.412613942718
0.412730715039
0.412847783776
0.412965148013
0.413082806833
0.413200759316
0.413319004538
0.41343754157
0.413556369482
0.413675487339
0.413794894203
0.413914589134
0.414034571188
0.41415483942
0.414275392881
0.414396230623
0.414517351693
0.414638755139
0.414760440006
0.414882405337
0.415004650174
0.415127173559
0.415249974531
0.415373052127
0.415496405386
0.415620033342
0.415743935029
0.415868109483
0.415992555734
0.416117272816
0.416242259761
0.416367515601
0.416493039369
0.416618830097
0.41674488682
0.416871208574
0.416997794397
0.417124643327
0.417251754407
0.41737912668
0.417506759195
0.417634651
0.41776280115
0.4178912087
0.418019872709
0.418148792239
0.418277966355
0.418407394124
0.418537074615
0.418667006899
0.418797190051
0.418927623144
0.419058305255
0.419189235459
0.419320412836
0.419451836461
0.419583505411
0.419715418764
0.419847575594
0.419979974974
0.420112615975
0.420245497663
0.420378619099
0.420511979336
0.420645577417
0.420779412373
0.420913483212
0.42104778892
0.421182328447
0.421317100704
0.421452104554
0.421587338828
0.421722802349
0.421858493999
0.421994412777
0.422130557839
0.422266928472
0.422403524032
0.42254034388
0.422677387346
0.422814653719
0.422952142243
0.423089852129
0.423227782562
0.423365932707
0.423504301713
0.423642888721
0.423781692865
0.423920713271
0.424059949064
0.424199399365
0.424339063293
0.424478939967
0.424619028506
0.424759328026
0.424899837645
0.425040556481
0.425181483651
0.425322618274
0.425463959469
0.425605506354
0.425747258049
0.425889213676
0.426031372354
0.426173733205
0.426316295353
0.426459057919
0.426602020028
0.426745180805
0.426888539375
0.427032094865
0.427175846401
0.427319793114
0.427463934131
0.427608268585
0.427752795606
0.42789751433
0.42804242389
0.428187523423
0.428332812068
0.428478288963
0.42862395325
0.428769804072
0.428915840572
0.429062061895
0.429208467185
0.429355055587
0.429501826241
0.429648778283
0.429795910834
0.429943222992
0.430090713811
0.430238382254
0.430386227145
0.430534247172
0.430682441145
0.430830808364
0.430979348478
0.4311280611
0.431276945685
0.431426001572
0.431575228033
0.431724624307
0.431874189612
0.432023923158
0.432173824151
0.432323891791
0.43247412528
0.432624523817
0.432775086605
0.432925812843
0.433076701735
0.433227752482
0.433378964289
0.433530336359
0.433681867899
0.433833558113
0.433985406208
0.434137411392
0.43428957287
0.434441889853
0.434594361547
0.434746987162
0.434899765907
0.435052696993
0.435205779629
0.435359013025
0.435512396394
0.435665928947
0.435819609895
0.435973438451
0.436127413828
0.43628153524
0.436435801899
0.43659021302
0.436744767818
0.436899465507
0.437054305304
0.437209286422
0.43736440808
0.437519669492
0.437675069876
0.43783060845
0.437986284429
0.438142097034
0.43829804548
0.438454128988
0.438610346776
0.438766698063
0.438923182069
0.439079798013
0.439236545116
0.439393422599
0.439550429681
0.439707565586
0.439864829533
0.440022220744
0.440179738442
0.440337381847
0.440495150182
0.44065304267
0.44081105853
0.440969196987
0.44112745726
0.441285838573
0.441444340145
0.4416029612
0.441761700958
0.441920558642
0.442079533473
0.442238624675
0.442397831472
0.442557153089
0.442716588753
0.442876137693
0.443035799141
0.443195572332
0.443355456503
0.443515450898
0.443675554761
0.443835767346
0.443996087907
0.444156515709
0.444317050018
0.444477690109
0.444638435262
0.444799284763
0.444960237908
0.445121293994
0.44528245233
0.445443712227
0.445605073005
0.44576653399
0.445928094513
0.446089753913
0.446251511531
0.446413366716
0.446575318821
0.446737367204
0.446899511226
0.447061750252
0.447224083652
0.447386510797
0.447549031061
0.447711643823
0.44787434846
0.448037144354
0.448200030889
0.448363007447
0.448526073416
0.448689228183
0.448852471135
0.449015801663
0.449179219156
0.449342723006
0.449506312606
0.449669987348
0.449833746627
0.449997589839
0.450161516378
0.450325525642
0.45048961703
0.450653789939
0.450818043769
0.450982377922
0.451146791798
0.451311284802
0.451475856335
0.451640505803
0.451805232611
0.451970036167
0.452134915878
0.452299871152
0.452464901399
0.452630006029
0.452795184455
0.452960436088
0.453125760342
0.453291156631
0.45345662437
0.453622162975
0.453787771862
0.453953450448
0.454119198152
0.454285014392
0.454450898586
0.454616850155
0.454782868519
0.4549489531
0.455115103317
0.455281318595
0.455447598357
0.455613942026
0.45578034903
0.455946818795
0.456113350752
0.45627994433
0.456446598964
0.456613314088
0.45678008914
0.45694692356
0.457113816788
0.457280768266
0.45744777744
0.457614843753
0.457781966651
0.45794914558
0.458116379988
0.458283669323
0.458451013032
0.458618410563
0.458785861365
0.458953364888
0.45912092058
0.459288527893
0.459456186275
0.459623895177
0.459791654051
0.459959462347
0.460127319516
0.460295225012
0.460463178285
0.460631178789
0.460799225975
0.460967319297
0.461135458207
0.461303642159
0.461471870606
0.461640143001
0.461808458798
0.461976817449
0.462145218407
0.462313661127
0.46248214506
0.46265066966
0.462819234378
0.462987838667
0.463156481979
0.463325163766
0.463493883478
0.463662640567
0.463831434482
0.464000264675
0.464169130596
0.464338031694
0.464506967418
0.464675937219
0.464844940546
0.46501397685
0.465183045581
0.465352146189
0.465521278128
0.46569044085
0.465859633811
0.466028856468
0.46619810828
0.466367388708
0.46653669722
0.466706033285
0.466875396377
0.467044785975
0.467214201567
0.467383642645
0.467553108709
0.46772259927
0.467892113845
0.468061651963
0.468231213162
0.46840079699
0.468570403004
0.468740030768
0.468909679856
0.469079349844
0.469249040316
0.469418750855
0.469588481048
0.46975823048
0.469927998737
0.470097785399
0.470267590049
0.470437412263
0.470607251618
0.470777107688
0.470946980047
0.471116868269
0.471286771929
0.471456690607
0.471626623886
0.471796571354
0.471966532606
0.472136507241
0.472306494863
0.472476495081
0.472646507508
0.472816531756
0.47298656744
0.473156614171
0.473326671561
0.473496739214
0.473666816732
0.473836903711
0.474006999738
0.474177104394
0.474347217251
0.474517337871
0.474687465805
0.47485760059
0.475027741749
0.475197888789
0.475368041194
0.475538198428
0.475708359927
0.475878525097
0.476048693315
0.476218863923
0.476389036239
0.476559209562
0.476729383192
0.476899556452
0.477069728716
0.477239899431
0.477410068124
0.477580234406
0.477750397945
0.477920558453
0.478090715661
0.478260869302
0.478431019108
0.478601164803
0.478771306107
0.478941442732
0.479111574389
0.479281700786
0.479451821629
0.479621936618
0.479792045454
0.479962147832
0.480132243444
0.480302331982
0.480472413135
0.480642486592
0.480812552044
0.480982609186
0.481152657716
0.481322697336
0.481492727754
0.481662748687
0.481832759854
0.482002760983
0.482172751805
0.482342732056
0.482512701475
0.4826826598
0.48285260677
0.483022542119
0.483192465574
0.483362376849
0.483532275644
0.483702161637
0.483872034473
0.484041893766
0.484211739085
0.484381569957
0.484551385882
0.484721186355
0.48489097091
0.485060739143
0.485230490717
0.485400225318
0.485569942617
0.485739642274
0.485909324039
0.486078987859
0.486248633882
0.486418262337
0.486587873416
0.486757467227
0.486927043801
0.487096603106
0.487266145069
0.487435669584
0.487605176528
0.487774665765
0.487944137147
0.48811359052
0.488283025725
0.488452442599
0.488621840976
0.488791220684
0.48896058155
0.489129923398
0.489299246047
0.489468549313
0.489637833007
0.489807096938
0.489976340908
0.490145564714
0.490314768148
0.490483950993
0.490653113028
0.49082225402
0.490991373727
0.491160471895
0.491329548254
0.491498602516
0.491667634372
0.491836643482
0.492005629473
0.492174591922
0.492343530353
0.492512444219
0.492681332898
0.492850195689
0.49301903184
0.493187840596
0.493356621292
0.493525373444
0.493694096826
0.493862791465
0.494031457574
0.494200095451
0.4943687054
0.494537287677
0.494705842467
0.494874369882
0.495042869969
0.495211342717
0.49537978807
0.495548205929
0.495716596161
0.4958849586
0.496053293044
0.496221599263
0.496389876983
0.496558125892
0.496726345625
0.496894535755
0.497062695785
0.497230825137
0.497398923152
0.497566989104
0.497735022235
0.497903021803
0.498070987109
0.498238917481
0.498406812229
0.498574670584
0.498742491632
0.498910274198
0.499078016606
0.499245716139
0.499413368057
0.499580964953
0.499748500146
0.499915974742
0.500083395916
0.500250769854
0.500418099963
0.500585387828
0.500752634088
0.500919838897
0.501087002155
0.501254109696
0.501421154909
0.501588157851
0.501755118312
0.501922036136
0.502088911241
0.50225574361
0.502422533242
0.502589280076
0.502755983869
0.502922644172
0.503089260673
0.503255833866
0.503422365093
0.503588855853
0.503755307346
0.503921720448
0.50408809579
0.504254433846
0.504420734976
0.504586999454
0.504753227492
0.50491941925
0.505085574845
0.505251694357
0.50541777784
0.505583825324
0.505749836819
0.505915812321
0.506081751816
0.50624765528
0.506413522689
0.506579354012
0.506745149221
0.506910908288
0.507076631188
0.507242317901
0.507407968405
0.507573582686
0.507739160728
0.507904702515
0.508070208032
0.508235677255
0.508401110155
0.508566506689
0.508731866796
0.508897190387
0.509062477334
0.509227727447
0.509392940443
0.509558115892
0.50972325315
0.509888351306
0.510053409311
0.51021842639
0.510383402392
0.510548337541
0.510713231968
0.510878085496
0.51104289766
0.511207667796
0.511372395143
0.511537078959
0.511701718617
0.511866313656
0.512030863776
0.512195368783
0.512359828521
0.512524242819
0.512688611477
0.512852934255
0.513017210886
0.513181441079
0.513345624511
0.513509760815
0.513673849556
0.513837890183
0.514001881909
0.514165823365
0.514329711488
0.514493541514
0.514657313437
0.514821029492
0.514984689676
0.515148292794
0.515311837204
0.515475321181
0.515638743228
0.515802102296
0.515965397825
0.516128629571
0.516291797365
0.516454900925
0.51661793976
0.516780913151
0.516943820165
0.517106659673
0.517269430376
0.517432130816
0.517594759392
0.517757314362
0.517919793847
0.518082195814
0.518244518052
0.518406758113
0.518568913243
0.518730980286
0.51889295558
0.51905483484
0.519216613037
0.519378284253
0.519539841527
0.519701276634
0.519862579628
0.520023737226
0.520184728807
0.520345536502
0.52050615809
0.520666588066
0.520826805237
0.520986784952
0.521146556966
0.52130611985
0.521465456972
0.521624534768
0.521783364309
0.521941953336
0.522100293001
0.522258342687
0.522416034444
0.522573426767
0.522730508222
0.522887263414
0.523043675404
0.523199725092
0.523355391134
0.523510650059
0.523665476333
0.523819842348
0.523973718328
0.524127072097
0.524279868585
0.524432068668
0.524583625534
0.524734478325
0.524884574468
0.525033891092
0.525182396984
0.525330050296
0.525476809428
0.525622635105
0.525767486231
0.525911309633
0.526053957379
0.526195224784
0.526335241824
0.52647397748
0.526611395421
0.526747453811
0.526882090102
0.527015185232
0.527146574266
0.527276325453
0.5274044153
0.527530790394
0.527655399192
0.527778189221
0.527899102909
0.52801807454
0.528135028662
0.52824988098
0.528362542709
0.528472927089
0.528580955642
0.528686557102
0.528789640785
0.528890040659
0.528987666401
0.529082531787
0.529174621805
0.52926385917
0.529349913375
0.52943294373
0.529512867145
0.529589636948
0.529663197802
0.529733409505
0.529800020026
0.529862838351
0.529921731436
0.529976650792
0.530027417775
0.530073795045
0.530115691398
0.53015298498
0.530185528783
0.530213227808
0.530235869326
0.530253175699
0.530264814087
0.530270536324
0.530270353566
0.53026434008
0.530252459859
0.5302346533
0.530210952369
0.530181378803
0.53014582999
0.530104175505
0.530056235249
0.530001566052
0.529939521174
0.529870172357
0.529793251308
0.529707916864
0.529614129861
0.529511915905
0.529401126353
0.529281483314
0.529152752711
0.529015407919
0.528869825835
0.528715529718
0.528552567225
0.528380923954
0.528200276184
0.528009837654
0.527809141241
0.527598676233
0.527378863615
0.527149606743
0.526910567164
0.526662311704
0.526405074243
0.526138489876
0.525862118694
0.525576259819
0.525280892762
0.524975471466
0.524659864243
0.524333605581
0.523997904729
0.523653174289
0.523299462781
0.522937138196
0.522566679063
0.522188182063
0.521801804734
0.521407655152
0.521005755386
0.520596113348
0.520178392492
0.51975385193
0.519322635425
0.518884610803
0.518440167949
0.517989146028
0.51753128729
0.517066728684
0.516596189958
0.516119007
0.515636521968
0.515149042354
0.514656729603
0.514159896492
0.513658877229
0.513153613614
0.512644816014
0.512132735181
0.511617494953
0.511099202531
0.510577953802
0.510053891316
0.509527238162
0.508998199275
0.508466925652
0.507933533331
0.507398118597
0.506860765599
0.506321550045
0.505780540922
0.505237801299
0.504693388735
0.504147355421
0.503599748162
0.503050608393
0.502499972434
0.501947872043
0.50139433521
0.500839387093
0.500283050998
0.499725349345
0.499166304533
0.49860593967
0.498044279099
0.49748134872
0.49691717614
0.496351790751
0.495785223806
0.495217508548
0.494648680357
0.494078776836
0.493507837758
0.492935904863
0.492363021566
0.491789232656
0.491214584074
0.490639122785
0.490062896722
0.489485954777
0.48890834677
0.488330123389
0.487751336063
0.487172036782
0.486592277856
0.486012111642
0.485431590259
0.484850765304
0.484269687578
0.483688406855
0.483106971672
0.482525429162
0.481943824918
0.481362202893
0.480780605319
0.480199072658
0.479617643566
0.47903635488
0.478455241609
0.477874336947
0.477293672287
0.476713277253
0.47613317973
0.475553405912
0.474973980345
0.474394925988
0.473816264263
0.473238015126
0.472660197124
0.472082827465
0.471505922082
0.470929495703
0.470353561915
0.46977813323
0.469203221151
0.468628836231
0.468054988136
0.467481685704
0.466908936998
0.466336749363
0.465765129477
0.465194083396
0.464623616606
0.464053734063
0.46348444024
0.462915739157
0.462347634428
0.46178012929
0.461213226637
0.460646929052
0.460081238834
0.459516158024
0.458951688431
0.458387831655
0.457824589108
0.457261962033
0.456699951522
0.456138558533
0.455577783908
0.45501762838
0.454458092591
0.453899177105
0.453340882411
0.452783208939
0.452226157067
0.451669727125
0.451113919405
0.450558734167
0.450004171641
0.449450232033
0.44889691553
0.448344222302
0.447792152504
0.447240706278
0.446689883759
0.446139685068
0.445590110322
0.445041159628
0.444492833089
0.443945130799
0.443398052845
0.442851599308
0.442305770264
0.441760565778
0.441215985908
0.440672030704
0.440128700207
0.439585994447
0.439043913442
0.438502457203
0.437961625723
0.437421418987
0.436881836964
0.43634287961
0.435804546865
0.435266838657
0.434729754894
0.434193295471
0.433657460265
0.433122249139
0.432587661936
0.432053698484
0.431520358593
0.430987642056
0.43045554865
0.429924078134
0.429393230251
0.428863004727
0.428333401271
0.427804419579
0.427276059329
0.426748320183
0.426221201792
0.425694703789
0.425168825797
0.424643567423
0.424118928263
0.4235949079
0.423071505908
0.422548721849
0.422026555275
0.421505005728
0.420984072744
0.420463755847
0.419944054558
0.419424968389
0.418906496846
0.41838863943
0.417871395638
0.417354764962
0.416838746892
0.416323340913
0.41580854651
0.415294363164
0.414780790357
0.414267827569
0.41375547428
0.413243729972
0.412732594126
0.412222066224
0.411712145752
0.411202832196
0.410694125045
0.410186023792
0.409678527931
0.409171636961
0.408665350385
0.408159667708
0.407654588443
0.407150112103
0.406646238209
0.406142966286
0.405640295864
0.405138226476
0.404636757664
0.404135888974
0.403635619956
0.403135950167
0.40263687917
0.402138406533
0.401640531829
0.401143254638
0.400646574545
0.400150491142
0.399655004024
0.399160112794
0.39866581706
0.398172116436
0.397679010541
0.397186498999
0.39669458144
0.396203257499
0.395712526818
0.395222389041
0.394732843819
0.394243890809
0.393755529669
0.393267760067
0.392780581671
0.392293994156
0.3918079972
0.391322590488
0.390837773705
0.390353546544
0.389869908699
0.38938685987
0.38890439976
0.388422528074
0.387941244522
0.387460548818
0.386980440678
0.386500919821
0.38602198597
0.385543638849
0.385065878188
0.384588703716
0.384112115166
0.383636112275
0.38316069478
0.38268586242
0.38221161494
0.381737952081
0.381264873592
0.380792379218
0.380320468711
0.379849141821
0.379378398301
0.378908237905
0.378438660388
0.377969665508
0.377501253022
0.377033422689
0.376566174269
0.376099507524
0.375633422215
0.375167918104
0.374702994956
0.374238652535
0.373774890604
0.373311708929
0.372849107277
0.372387085412
0.371925643102
0.371464780114
0.371004496213
0.370544791169
0.370085664747
0.369627116716
0.369169146843
0.368711754895
0.368254940641
0.367798703847
0.367343044282
0.366887961712
0.366433455904
0.365979526625
0.365526173641
0.36507339672
0.364621195626
0.364169570126
0.363718519985
0.363268044967
0.362818144837
0.362368819358
0.361920068295
0.361471891409
0.361024288464
0.360577259221
0.360130803442
0.359684920887
0.359239611315
0.358794874487
0.358350710162
0.357907118096
0.357464098049
0.357021649775
0.356579773033
0.356138467575
0.355697733158
0.355257569535
0.354817976459
0.354378953682
0.353940500956
0.353502618031
0.353065304658
0.352628560584
0.35219238556
0.351756779332
0.351321741647
0.35088727225
0.350453370887
0.350020037302
0.349587271238
0.349155072437
0.348723440642
0.348292375593
0.347861877029
0.34743194469
0.347002578315
0.34657377764
0.346145542401
0.345717872335
0.345290767176
0.344864226659
0.344438250515
0.344012838478
0.343587990278
0.343163705646
0.342739984312
0.342316826004
0.34189423045
0.341472197377
0.341050726512
0.340629817579
0.340209470304
0.339789684409
0.339370459617
0.338951795651
0.338533692232
0.33811614908
0.337699165913
0.337282742452
0.336866878414
0.336451573515
0.336036827473
0.335622640001
0.335209010816
0.33479593963
0.334383426157
0.333971470109
0.333560071198
0.333149229133
0.332738943625
0.332329214383
0.331920041115
0.331511423529
0.331103361331
0.330695854228
0.330288901924
0.329882504125
0.329476660535
0.329071370855
0.328666634789
0.328262452038
0.327858822302
0.327455745283
0.32705322068
0.326651248191
0.326249827514
0.325848958347
0.325448640385
0.325048873327
0.324649656865
0.324250990695
0.323852874511
0.323455308006
0.323058290873
0.322661822802
0.322265903486
0.321870532616
0.321475709879
0.321081434967
0.320687707568
0.320294527369
0.319901894057
0.31950980732
0.319118266843
0.318727272311
0.31833682341
0.317946919823
0.317557561234
0.317168747325
0.316780477779
0.316392752277
0.3160055705
0.315618932129
0.315232836843
0.314847284321
0.314462274242
0.314077806284
0.313693880124
0.313310495439
0.312927651904
0.312545349195
0.312163586988
0.311782364956
0.311401682773
0.311021540112
0.310641936646
0.310262872047
0.309884345986
0.309506358134
0.30912890816
0.308751995735
0.308375620528
0.307999782206
0.307624480439
0.307249714892
0.306875485233
0.306501791128
0.306128632243
0.305756008242
0.305383918789
0.305012363549
0.304641342185
0.30427085436
0.303900899735
0.303531477972
0.303162588732
0.302794231675
0.302426406461
0.30205911275
0.3016923502
0.301326118469
0.300960417215
0.300595246094
0.300230604763
0.299866492878
0.299502910093
0.299139856065
0.298777330446
0.29841533289
0.29805386305
0.297692920579
0.297332505128
0.296972616349
0.296613253891
0.296254417407
0.295896106543
0.295538320951
0.295181060277
0.294824324171
0.294468112278
0.294112424246
0.293757259721
0.293402618348
0.293048499772
0.292694903637
0.292341829588
0.291989277267
0.291637246317
0.29128573638
0.290934747097
0.29058427811
0.290234329058
0.289884899582
0.28953598932
0.28918759791
0.288839724992
0.288492370202
0.288145533177
0.287799213553
0.287453410966
0.28710812505
0.286763355442
0.286419101773
0.286075363677
0.285732140788
0.285389432737
0.285047239156
0.284705559676
0.284364393926
0.284023741537
0.283683602139
0.283343975358
0.283004860824
0.282666258164
0.282328167004
0.281990586972
0.281653517691
0.281316958788
0.280980909887
0.280645370611
0.280310340585
0.279975819429
0.279641806768
0.279308302221
0.27897530541
0.278642815955
0.278310833476
0.277979357592
0.27764838792
0.27731792408
0.276987965688
0.276658512361
0.276329563715
0.276001119366
0.275673178928
0.275345742016
0.275018808242
0.274692377222
0.274366448566
0.274041021886
0.273716096795
0.273391672902
0.273067749819
0.272744327153
0.272421404514
0.27209898151
0.27177705775
0.271455632839
0.271134706385
0.270814277994
0.27049434727
0.270174913818
0.269855977243
0.269537537147
0.269219593135
0.268902144807
0.268585191766
0.268268733613
0.267952769948
0.267637300371
0.267322324482
0.267007841879
0.26669385216
0.266380354923
0.266067349764
0.265754836281
0.265442814068
0.265131282721
0.264820241834
0.264509691001
0.264199629816
0.263890057872
0.263580974759
0.263272380071
0.262964273398
0.262656654331
0.262349522458
0.262042877371
0.261736718656
0.261431045902
0.261125858697
0.260821156628
0.26051693928
0.260213206239
0.259909957092
0.259607191421
0.259304908811
0.259003108846
0.258701791108
0.25840095518
0.258100600643
0.257800727078
0.257501334065
0.257202421185
0.256903988018
0.256606034141
0.256308559133
0.256011562571
0.255715044034
0.255419003096
0.255123439335
0.254828352325
0.254533741642
0.254239606859
0.253945947551
0.25365276329
0.253360053649
0.2530678182
0.252776056515
0.252484768164
0.252193952718
0.251903609746
0.251613738819
0.251324339504
0.25103541137
0.250746953985
0.250458966915
0.250171449727
0.249884401988
0.249597823262
0.249311713115
0.24902607111
0.248740896813
0.248456189785
0.248171949591
0.247888175792
0.24760486795
0.247322025626
0.247039648382
0.246757735776
0.24647628737
0.246195302722
0.24591478139
0.245634722934
0.24535512691
0.245075992875
0.244797320387
0.244519109002
0.244241358274
0.24396406776
0.243687237013
0.243410865589
0.243134953039
0.242859498919
0.24258450278
0.242309964175
0.242035882654
0.241762257771
0.241489089074
0.241216376115
0.240944118443
0.240672315607
0.240400967157
0.240130072641
0.237445994138
0.234806808825
0.232212057738
0.22966127781
0.227154002155
0.224689760373
0.222268078871
0.219888481197
0.217550488393
0.215253619354
0.212997391206
0.21078131969
0.20860491956
0.206467704985
0.204369189968
0.202308888759
0.200286316283
0.19830098857
0.196352423186
0.194440139668
0.192563659955
0.190722508827
0.188916214334
0.187144308224
0.185406326366
0.183701809172
0.182030302005
0.180391355585
0.178784526379
0.177209376991
0.175665476529
0.174152400969
0.172669733501
0.171217064861
0.169793993652
0.168400126641
0.167035079051
0.165698474825
0.164389946877
0.163109137329
0.161855697718
0.160629289196
0.159429582702
0.15825625912
0.157109009411
0.155987534733
0.154891546532
0.15382076662
0.152774927228
0.151753771045
0.150757051231
0.149784531414
0.148835985665
0.147911198463
0.147009964628
0.146132089246
0.145277387574
0.144445684931
0.143636816561
0.142850627499
0.142086972405
0.141345715393
0.140626729844
0.139929898202
0.139255111767
0.138602270464
0.137971282612
0.137362064676
0.136774541012
0.136208643604
0.135664311789
0.135141491979
0.134640137375
0.134160207675
0.133701668773
0.133264492463
0.132848656126
0.132454142424
0.132080938989
0.131729038106
0.131398436397
0.131089134507
0.130801136783
0.130534450961
0.130289087845
0.130065060995
0.129862386411
0.129681082222
0.129521168376
0.129382666333
0.129265598763
0.129169989242
0.12909586196
0.129043241426
0.12901215218
0.129002618513
0.129014664186
0.129048312158
0.129103584321
0.129180501233
0.129279081869
0.129399343367
0.129541300784
0.129704966863
0.129890351801
0.130097463024
0.130326304972
0.130576878887
0.130849182617
0.131143210413
0.131458952745
0.131796396124
0.132155522924
0.132536311221
0.132938734638
0.133362762189
0.133808358144
0.134275481895
0.13476408783
0.135274125214
0.135805538089
0.136358265166
0.136932239738
0.137527389596
0.138143636959
0.138780898403
0.139439084811
0.140118101321
0.140817847294
0.141538216278
0.142279095993
0.143040368319
0.143821909296
0.144623589131
0.145445272216
0.146286817156
0.147148076804
0.148028898311
0.148929123178
0.149848587322
0.150787121154
0.151744549664
0.152720692509
0.153715364125
0.154728373837
0.15575952598
0.156808620035
0.157875450765
0.158959808369
0.160061478642
0.161180243135
0.162315879341
0.16346816087
0.164636857647
0.165821736106
0.167022559404
0.168239087628
0.169471078019
0.170718285201
0.171980461412
0.173257356743
0.174548719389
0.175854295891
0.177173831399
0.178507069927
0.179853754621
0.181213628023
0.182586432346
0.183971909743
0.185369802589
0.186779853755
0.188201806889
0.189635406695
0.191080399214
0.192536532104
0.194003554916
0.195481219376
0.196969279655
0.198467492642
0.199975618209
0.201493419478
0.203020663073
0.204557119369
0.206102562737
0.207656771771
0.209219529515
0.210790623667
0.212369846783
0.21395699646
0.215551875511
0.217154292123
0.218764060007
0.220380998541
0.222004932898
0.223635694174
0.225273119519
0.22691705226
0.228567342043
0.230223844978
0.231886423798
0.233554948037
0.235229294216
0.236909346049
0.238594994639
0.240286138686
0.241982684664
0.243684546966
0.245391648002
0.247103918207
0.24882129597
0.250543727437
0.252271166186
0.254003572768
0.255740914107
0.257483162776
0.259230296177
0.260982295665
0.262739145672
0.264500832908
0.266267345714
0.268038673679
0.269814807589
0.271595739831
0.273381465291
0.275171982833
0.276967297339
0.278767422291
0.280572382798
0.282382218895
0.284196988901
0.286016772515
0.287841673315
0.289671820246
0.291507367703
0.293348493801
0.295195396521
0.297048287484
0.298907383294
0.300772894549
0.302645012851
0.3045238964
0.306409654974
0.308302335357
0.31020190843
0.312108259292
0.314021181803
0.315940378895
0.317865469811
0.319796005176
0.321731490408
0.323671417487
0.325615304611
0.32756274263
0.329513446637
0.33146731047
0.333424461366
0.335385311502
0.337350602693
0.339321440085
0.34129931038
0.343286079849
0.34528396743
0.347295488447
0.349323365159
0.351370401407
0.353439320035
0.355532563399
0.35765205908
0.359798954845
0.361973329206
0.364173887247
0.366397656847
0.368639710129
0.370892951681
0.373148040971
0.375393547447
0.377616452977
0.379803081876
0.381940427096
0.384017673649
0.386027589821
0.387967483833
0.389839608079
0.391651076529
0.393413436107
0.395142030121
0.396855244872
0.398573607938
0.400318324808
0.402109877621
0.403966204185
0.405898424856
0.407907414708
0.409997898828
0.412177772269
0.414449434764
0.416805622125
0.419217289489
0.421663090039
0.424122040055
0.426546871626
0.428894533005
0.431118230603
0.433137658598
0.434885960961
0.436326037192
0.437418370864
0.438140832305
0.438469775147
0.438392941722
0.437935582926
0.43716191184
0.436132376903
0.434908891852
0.433566816952
0.432171372267
0.430781324633
0.429449390356
0.428221847189
0.42713827086
0.42623031609
0.425521961761
0.425028691203
0.424757684749
0.424707855538
0.424868148289
0.42521864434
0.425725475627
0.4263425941
0.427005832587
0.427642046008
0.428166005344
0.428507958235
0.428620277812
0.42850204796
0.428214763156
0.427807408078
0.427334994165
0.426815949744
0.42622327558
0.425463077714
0.424395102236
0.422904043191
0.420959117064
0.418610214599
0.415996996468
0.413274594785
0.410572852305
0.407974421408
0.405522543187
0.403231145645
0.4011004573
0.399115010907
0.39724116855
0.395433383315
0.393636678322
0.39177990643
0.389828088862
0.387781654288
0.385720216333
0.38370344736
0.381758450004
0.379902364389
0.378131795864
0.376435340924
0.374796128536
0.373192798658
0.371600278137
0.369990418335
0.368333403007
0.366603548478
0.364781971075
0.36285918789
0.360855219189
0.358791379306
0.356700117738
0.354606945361
0.352524657082
0.350460192971
0.348416421216
0.346393476074
0.34438986548
0.342403405477
0.340432011745
0.338474338669
0.336530211989
0.334600772582
0.332688285993
0.330795680985
0.328925979622
0.327081793755
0.325264994513
0.323476573612
0.321716658191
0.319984624415
0.318279262951
0.316598963395
0.314941896052
0.313306176708
0.311690004235
0.310091763929
0.308510092571
0.306943905059
0.305392386817
0.303854960146
0.302331235198
0.300820956531
0.299323954405
0.29784010688
0.296369315345
0.294911493135
0.293466564857
0.292034472968
0.290615187892
0.289208718296
0.287815118906
0.286434494166
0.285066997011
0.28371282294
0.282372200227
0.281045377608
0.27973261092
0.278434150116
0.277150227814
0.275881050183
0.274626790563
0.273387585848
0.272163535379
0.270954701892
0.269761113978
0.268582769492
0.267419639398
0.266271671646
0.265138794783
0.264020921124
0.262917949403
0.261829766935
0.260756251351
0.259697272011
0.258652691215
0.257622365296
0.256606145682
0.25560387996
0.254615412967
0.253640587875
0.252679247266
0.251731234115
0.250796392681
0.249874569226
0.248965612559
0.248069374374
0.247185709395
0.24631447532
0.245455532608
0.244608744124
0.243773974684
0.242951090536
0.24213995881
0.241340446966
0.24055242226
0.23977575126
0.239010299405
0.238255930632
0.237512507059
0.236779888727
0.236057933407
0.23534649645
0.234645430689
0.233954586385
0.233273811206
0.232602950242
0.231941846058
0.231290338765
0.230648266124
0.23001546368
0.229391764908
0.22877700139
0.228171003004
0.227573598135
0.226984613896
0.226403876357
0.225831210786
0.225266441894
0.224709394073
0.224159891647
0.223617759105
0.223082821336
0.222554903858
0.222033833035
0.221519436287
0.221011542291
0.220509981172
0.220014584684
0.219525186387
0.219041621808
0.2185637286
0.218091346692
0.217624318425
0.217162488695
0.216705705076
0.216253817946
0.215806680599
0.215364149362
0.214926083696
0.214492346296
0.21406280319
0.213637323827
0.213215781161
0.212798051734
0.212384015754
0.21197355716
0.211566563698
0.21116292698
0.210762542544
0.210365309912
0.209971132641
0.20957991837
0.209191578871
0.208806030086
0.208423192169
0.208042989518
0.207665350811
0.207290209031
0.206917501489
0.206547169844
0.206179160116
0.205813422694
0.205449912335
0.20508858816
0.204729413637
0.204372356559
0.204017389008
0.203664487317
0.203313632015
0.202964807763
0.20261800328
0.202273211268
0.201930428312
0.201589654793
0.201250894778
0.200914155921
0.200579449351
0.200246789576
0.199916194376
0.199587684712
0.199261284646
0.198937021262
0.198614924615
0.198295027675
0.197977366305
0.197661979234
0.197348908056
0.197038197225
0.196729894067
0.196424048784
0.196120714454
0.19581994702
0.195521805265
0.195226350753
0.194933647748
0.194643763088
0.194356766026
0.194072728015
0.19379172245
0.193513824372
0.193239110111
0.192967656907
0.192699542489
0.192434844642
0.192173640764
0.191916007429
0.191662019981
0.191411752163
0.191165275814
0.190922660639
0.19068397407
0.190449281243
0.190218645082
0.189992126508
0.18976978478
0.189551677939
0.189337863379
0.189128398493
0.1889233414
0.188722751703
0.18852669126
0.188335224921
0.188148421195
0.187966352801
0.187789097066
0.187616736131
0.187449356931
0.187287050912
0.18712991348
0.186978043162
0.186831540482
0.186690506566
0.186555041505
0.186425242515
0.186301201936
