1.0
0.967851028883
0.877456764524
0.745120642731
0.592610473263
0.44136229919
0.30777165584
0.200898431223
0.122723740064
0.0701385081372
0.0374898783896
0.0187342464798
0.00874861389068
0.00381609970432
0.00155401122639
0.000590470718796
0.000209212056675
6.90766550078e-05
2.12383684777e-05
6.07604837262e-06
1.61611165814e-06
3.99286996914e-07
9.15479693169e-08
1.94589407157e-08
3.83021710799e-09
6.97358402283e-10
1.17294595745e-10
1.82017988452e-11
2.60226767646e-12
3.42245366239e-13
4.13404045065e-14
4.57847750082e-15
4.6407190426e-16
4.2965843681e-17
3.62605936809e-18
2.78329286226e-19
1.93851354737e-20
1.22198972221e-21
6.95314637359e-23
3.56084936041e-24
1.63620322949e-25
6.72336753975e-27
2.46178067373e-28
8.00117480729e-30
2.2987908394e-31
5.81223332515e-33
1.28701390005e-34
2.48281156741e-36
4.14909735347e-38
5.96931528266e-40
7.3438640366e-42
7.66916832975e-44
6.7434234582e-46
4.94829042361e-48
3.00058947907e-50
1.48734057163e-52
5.95407863032e-55
1.89913160745e-57
4.75394765362e-60
9.18114616889e-63
1.34176004294e-65
1.45143075678e-68
1.13303295719e-71
6.19808693938e-75
2.295864873e-78
5.5302320245e-82
8.25471846056e-86
7.20312230831e-90
3.42116680078e-94
8.08993960631e-99
8.50136840613e-104
3.42204007448e-109
4.31764936137e-115
1.28811861824e-121
5.9814684007e-129
2.2153464338e-137
1.9787147015e-147
3.19692768136e-160
1.6703278126e-179
1.55808474924e-208
6.69936726728e-206
2.99745502366e-203
1.46226120739e-200
3.87833936287e-198
7.40087274782e-196
1.66090083006e-193
3.3493095753e-190
1.05014645134e-187
2.26565363677e-185
6.52667146816e-183
8.09270439199e-181
2.50050654176e-178
8.61908694882e-176
4.72358675419e-174
2.79952407536e-171
3.29210693289e-169
3.00136788329e-167
4.31506114614e-165
8.67030535839e-163
1.28732882899e-160
6.73741620392e-159
9.90690948321e-157
8.95922669879e-155
9.56996378373e-153
3.87156881602e-152
5.2476226459e-149
4.61422478341e-147
2.66544275679e-145
1.31907926891e-143
6.66248956768e-142
3.76625549414e-140
2.2473819842e-138
1.23019813094e-136
5.30375040711e-135
1.36510016112e-133
1.07741711981e-132
2.66868326879e-130
9.42810086734e-129
1.1934707585e-128
9.70404988733e-126
1.41081639962e-124
6.13038988778e-123
1.17524890856e-121
3.75698693764e-120
4.25357979601e-119
2.09494172973e-117
5.91010156246e-117
6.81997152609e-115
1.22224387946e-113
6.04401351689e-114
3.00887819083e-111
5.60631727822e-110
4.35520020626e-109
1.8936056243e-108
1.05466841916e-106
1.69920498211e-105
1.78291680145e-104
1.28274301057e-103
4.47950893153e-103
3.89860905e-102
9.90358475829e-101
1.27124334605e-99
1.27762685225e-98
1.11211622877e-97
8.75695365351e-97
6.38746614796e-96
4.37572481719e-95
2.83472137089e-94
1.7387297522e-93
1.00580672243e-92
5.43907971476e-92
2.71043415442e-91
1.21683149265e-90
4.72830901144e-90
1.45019675801e-89
2.38800791904e-89
8.6944873127e-89
1.08342823799e-87
6.41598078145e-87
2.78836777787e-86
9.43500523737e-86
2.38960047323e-85
3.54914946785e-85
3.50294868354e-85
4.53878717496e-84
1.75317238405e-83
4.26003037868e-83
6.06076734566e-83
8.03786219058e-84
3.1360350153e-82
9.35184794612e-82
1.49119884029e-81
7.83421747509e-82
2.62320935289e-81
8.16775698935e-81
1.09508550481e-80
3.69206000718e-81
1.46855638465e-80
3.12235511081e-80
2.58582107397e-80
5.97946036706e-81
3.9781916056e-80
4.22440583547e-80
9.17702347953e-81
2.66982303492e-80
3.25097776125e-80
1.07306100577e-80
1.04908595759e-80
1.33307338897e-80
4.28560801861e-81
2.63569219286e-81
2.98551026128e-81
7.53557954676e-82
4.26498577308e-82
3.5526044613e-82
5.58747285865e-83
3.99823825964e-83
2.10186833303e-83
1.22852972933e-84
1.87953504695e-84
5.5885968639e-85
2.01170228295e-86
3.89263048581e-86
5.71468048354e-87
7.95158824784e-88
3.13714023649e-88
1.56085819693e-89
5.68465692772e-90
8.45710883934e-91
1.37088780326e-92
1.10794510317e-92
5.94734256185e-94
4.54324081345e-95
5.43814400669e-96
4.31184089495e-98
1.46707774105e-98
5.319843671e-100
8.96075525374e-102
7.40500740159e-103
6.15359103464e-105
2.53221173439e-106
4.42062968315e-108
6.92756607748e-111
4.67091890514e-112
1.7104234388e-114
6.56479189812e-117
3.2959213104e-119
1.1924786923e-122
4.3280674763e-125
2.14500794144e-128
6.36731305733e-133
3.31631181386e-136
3.76943185115e-141
3.82052012623e-147
6.15879737422e-154
7.88421036542e-165
5.86415366615e-183
1.65462259803e-181
2.08677282806e-180
1.8739512976e-179
1.69124943985e-177
2.80911248636e-176
4.95861499006e-176
1.30636597215e-173
1.99856631686e-172
2.31163191703e-171
2.94318359662e-170
1.44730879849e-168
3.17374601493e-167
4.49126957796e-166
7.99210190385e-165
2.41149133047e-164
2.18660209008e-163
9.28397074166e-163
1.60894630897e-162
7.5765394204e-160
1.94649663035e-158
2.7934613675e-156
6.7838374337e-155
1.50798402158e-154
2.37378921039e-153
2.31317110672e-151
2.9871899278e-147
1.0385029196e-141
4.90564132952e-138
5.53968220242e-135
3.72016970568e-132
1.59187901196e-129
1.69165312792e-127
9.26356350821e-125
5.70350531489e-123
9.4152363897e-121
1.59095333422e-118
7.84764703123e-117
2.04591007455e-115
5.15702630397e-113
3.4746189631e-111
1.27945707419e-109
1.81819754391e-108
9.61287855005e-107
8.57648210457e-105
3.94449523541e-103
1.35335374127e-101
3.8164373695e-100
9.2651299128e-99
1.99724094523e-97
3.92896302074e-96
7.26647270636e-95
1.30703743951e-93
2.36138945013e-92
4.35974600298e-91
8.16807304948e-90
1.51419089294e-88
2.69743483417e-87
4.50647827051e-86
6.9302335692e-85
9.65647980006e-84
1.1983023126e-82
1.29159027075e-81
1.15304082913e-80
7.5077191878e-80
1.5587587383e-79
4.61991294381e-78
9.00264767197e-77
1.02253253545e-75
8.30611234261e-75
4.58885684536e-74
9.24362393094e-74
1.34572966388e-72
1.93059161389e-71
1.40361519246e-70
5.86642974481e-70
2.16683808919e-70
1.74459386813e-68
1.43513909441e-67
5.770716152e-67
3.86701325685e-67
1.05782306567e-65
7.0830965409e-65
1.93348811106e-64
2.17105213544e-64
4.06186615032e-63
1.50138527652e-62
9.40190577176e-63
1.41776515571e-61
6.07477362548e-61
6.12635014321e-61
3.5776809705e-60
1.51549326869e-59
1.3058053557e-59
7.12185957858e-59
2.39646707218e-58
9.30612646584e-59
1.04731827681e-57
2.25418034392e-57
8.09650167622e-58
9.79523934315e-57
1.03153569288e-56
1.80888968132e-56
4.94313972855e-56
3.81335961521e-57
1.10842264621e-55
1.00526548789e-55
1.32260852567e-55
2.59740664419e-55
4.1556801705e-56
3.7564430678e-55
1.33464048835e-55
3.49589473473e-55
2.64172507087e-55
2.10764381356e-55
2.64784908145e-55
7.32669508209e-56
1.74617497287e-55
4.39015022567e-57
8.12583679281e-56
9.70265038352e-57
2.74393141641e-56
5.64057499093e-57
6.80732016649e-57
1.71240483652e-57
1.24567780502e-57
3.30039722814e-58
1.67581064821e-58
4.19717943205e-59
1.63690385882e-59
3.50609332396e-60
1.13280769963e-60
1.87040368134e-61
5.34397779305e-62
6.05938508563e-63
1.62967050043e-63
1.09714378436e-64
3.00283178135e-65
9.45938950307e-67
3.07453851255e-67
2.14502204165e-69
1.57407734255e-69
1.17070284842e-71
3.50786209036e-72
4.88509362413e-74
2.80240700222e-75
4.18211626083e-77
5.95467859456e-79
7.63395266205e-81
1.92449274633e-83
1.97712708273e-85
9.62307217933e-90
3.07425115508e-91
3.69087310838e-95
3.85502763696e-99
1.60433915409e-104
1.50399447136e-112
3.15032624426e-127
1.73766712305e-127
4.57993140168e-125
7.48375829106e-125
5.21894895845e-123
5.14516358783e-122
1.53295062336e-121
1.34385972071e-119
1.58258202019e-119
1.10118441483e-117
1.89272184999e-116
4.81271335773e-116
2.47126301022e-114
1.24884217132e-113
2.08926452608e-112
1.66415108978e-111
6.94232990798e-112
3.00193089358e-109
1.07375338453e-108
1.08531577056e-107
2.10574238254e-106
3.52423624528e-106
1.10429124129e-104
1.55930773362e-103
2.1290930148e-104
1.15373450599e-101
6.31714110383e-101
1.2547022147e-100
3.56319087513e-99
1.74008739471e-98
2.78169852147e-97
1.76006030539e-96
3.31516108634e-97
3.45293187763e-95
5.2235934584e-94
6.09926742004e-94
3.94417909854e-92
2.08950852159e-91
4.61863850403e-91
1.05424453167e-89
4.15899126766e-89
1.34968036643e-88
2.11901589342e-87
7.04421148649e-87
2.73511888208e-86
3.3341680968e-85
8.93572687263e-85
3.00482882954e-84
2.37515875983e-83
2.8000782523e-83
5.79860643313e-83
2.40208461191e-81
1.06505889346e-80
3.45990169675e-80
3.80361234487e-79
7.4700783771e-79
2.88446606619e-79
1.14031794933e-77
7.24906205325e-77
5.78864191738e-77
1.00809038795e-75
4.54428667051e-76
4.34047120114e-76
5.56099818239e-74
1.86704970083e-73
3.88865667975e-74
9.46981525042e-73
7.70061173981e-72
8.29035095076e-72
1.93462344936e-72
1.67116496131e-70
3.8389477157e-70
7.92664092855e-71
2.39732651843e-69
9.84152896971e-69
1.94602581562e-69
2.62454541949e-68
1.67500217682e-67
8.7192568978e-68
2.09509494037e-67
1.92957766412e-66
1.01530426739e-66
9.38974109262e-68
1.35352969633e-65
4.75592123441e-67
2.65748877215e-65
4.15970196291e-65
1.08609676932e-64
3.2179972165e-64
2.22335880586e-66
8.34527370132e-64
1.33820251735e-63
6.79182198105e-64
1.71921795353e-63
3.46642818201e-65
7.76717819884e-63
7.81262019025e-64
9.01196003536e-63
1.69800660456e-62
8.68321815415e-63
5.0380406826e-63
6.05120170659e-63
4.07302284729e-62
1.74812639474e-63
1.87223854563e-62
1.43357309982e-62
3.60919614653e-62
4.29755215402e-63
1.82658922491e-62
1.91601449065e-62
1.52092728505e-62
4.88099346398e-64
7.84817564343e-63
7.92435720883e-63
3.4822757073e-63
3.58837872711e-64
1.74226653066e-63
1.29208260281e-63
4.48509867533e-64
7.13188302172e-65
1.94701086359e-64
7.687755493e-65
2.89276963229e-65
2.98149138839e-66
9.13178409798e-66
1.08018024249e-66
7.49926213291e-67
5.99437170671e-69
1.38890665179e-67
9.36876389965e-69
5.84681284368e-69
3.72196174124e-70
4.77637728045e-70
1.04601412698e-70
8.14175055748e-72
9.01032319851e-73
1.25415782009e-73
1.0262953902e-73
1.51366063146e-75
1.54591049379e-76
6.0558871133e-77
7.1030826725e-78
4.60339542105e-79
5.6094816373e-83
1.47496495725e-81
2.25967774206e-83
1.6914969055e-84
5.97857659618e-87
2.61459329747e-88
1.10998710222e-89
7.32710543113e-93
1.09166060597e-94
2.22385544016e-97
3.62916113459e-100
1.69511926315e-103
2.47051760957e-109
4.50490140904e-115
8.57990805292e-128
2.56421760884e-127
6.3961002179e-128
1.24581082279e-127
4.86454417573e-125
8.08621420768e-124
2.11085954046e-124
1.12608704222e-122
6.2727000322e-122
1.02045480956e-120
1.11142753438e-119
4.77639402947e-120
8.42539898953e-120
1.82530252748e-117
1.60509636884e-117
6.53197548524e-116
4.75737451857e-116
7.46038912458e-115
1.02455707764e-114
5.01864776571e-113
1.91587472004e-112
1.20202318376e-112
2.48240227677e-111
8.1932800647e-110
4.32827844439e-109
5.5879906783e-110
2.51404401274e-108
4.48739536365e-108
1.66595483417e-108
3.63385664125e-106
4.33711352792e-106
6.7745849702e-106
1.06110624336e-103
3.62730842792e-103
3.30530598417e-104
2.22608039198e-102
1.1949669005e-101
7.84634239267e-104
2.10960896036e-100
1.42986065687e-100
3.56458492943e-100
6.53028931771e-98
2.65761895441e-97
6.37653763215e-98
2.1233223695e-97
2.0003725705e-96
1.13880759811e-95
1.11292594323e-94
1.97259945964e-94
1.85190538821e-94
7.84170151051e-94
2.21885687628e-92
3.89584612759e-92
5.64404834252e-93
6.86956978923e-92
1.66864161467e-90
1.52035188827e-91
4.25903657738e-90
1.30192958738e-90
3.28783648419e-89
2.08929074156e-88
2.97704235641e-88
9.13104102902e-88
4.28752965554e-88
2.71834460329e-87
4.78321206773e-86
5.69697079002e-87
2.32422607263e-86
2.51395816633e-85
4.2799913598e-85
9.34950017511e-85
7.22435537315e-84
9.2301566548e-85
2.55849914236e-85
5.09007146722e-83
5.01834169135e-83
1.23264041107e-82
1.07195915627e-83
5.27849509392e-82
1.51638197481e-81
2.58002406903e-82
3.28929038308e-81
1.26264176033e-83
8.35973670828e-81
2.59585155681e-81
4.08301041911e-80
3.68311156208e-80
1.88610103008e-81
5.23908690907e-80
1.04337495122e-79
3.53391511073e-79
7.91998689599e-81
6.66638532249e-80
3.70948478554e-80
1.06402388931e-78
7.00515323996e-81
6.401764185e-79
1.33652891291e-79
1.37038390707e-78
9.64751668553e-80
2.22325368949e-78
3.72312011589e-79
5.69450687427e-79
1.31285303647e-79
2.8203824591e-78
4.10648126588e-79
4.34119143159e-79
7.47522287121e-81
1.46754309968e-78
1.99101494268e-79
5.06466867804e-79
1.38198918948e-80
2.2530832904e-79
2.24265994031e-79
1.39723051475e-79
1.85079246776e-80
7.07476304537e-81
3.45601797427e-80
6.58915227729e-81
1.95829141412e-81
5.04956356345e-82
1.44317718605e-82
5.38735701443e-82
3.66761088226e-83
2.55471028803e-82
5.00230266119e-83
5.51561289083e-84
5.41056315792e-86
4.77785905594e-84
1.28876089553e-84
2.5662719973e-85
1.82126042679e-86
4.15235728325e-87
1.34073517041e-86
8.05370305278e-88
9.84493093562e-89
2.71281394879e-90
4.56218389824e-90
3.09367900537e-90
6.24680731218e-92
1.05472201875e-93
1.04918927041e-93
1.25814505687e-94
3.3630362304e-95
2.65334993121e-97
1.33927661624e-99
2.82394575026e-99
1.72515985608e-101
3.49563790053e-102
4.19518353395e-105
1.01726149785e-106
8.83202930063e-108
1.38043659818e-110
3.15978650895e-113
7.28255464946e-118
1.87103972386e-121
2.96729140411e-125
8.68921059435e-139
2.75749444062e-138
1.85085246912e-137
1.45868403327e-136
2.61889442501e-135
5.64593906925e-135
4.95508636133e-136
1.30235338787e-133
2.34138294298e-132
7.73990254534e-133
7.83942259161e-132
4.27764095322e-132
8.36835232989e-132
6.28747709404e-129
8.8647293064e-129
8.00614070789e-131
7.60348834431e-128
1.29672722129e-126
3.3415072962e-128
3.0750040393e-126
5.43841669948e-125
1.13725809516e-125
2.55209352446e-123
2.96460529268e-123
1.52655833212e-124
6.17020422927e-122
1.42532632424e-121
5.74135964978e-122
5.34356933442e-120
4.60409170093e-119
1.86017240794e-119
3.73002213935e-119
1.64109794312e-117
4.92881134378e-117
1.38655109781e-116
2.1568937033e-117
6.89608547226e-117
3.64127869951e-115
4.25211729357e-114
2.30363235296e-114
2.67243805842e-114
7.13766034838e-115
1.06954947706e-112
1.7175091993e-112
3.9013357226e-111
6.97823065046e-112
1.61000368437e-112
4.05004658743e-110
2.75678455385e-109
5.55376672485e-110
2.57609764717e-109
2.01509303187e-108
1.36407029375e-109
1.12083241215e-107
1.24582414691e-106
7.09462678755e-109
2.55024907995e-106
8.96644804924e-107
2.31547924397e-106
1.66718031788e-104
8.07595835806e-105
3.33599486977e-105
3.49528409084e-104
2.34419558269e-104
1.03361019371e-103
2.03201465019e-102
9.49857757305e-103
2.67072114986e-102
5.9519346403e-104
4.77140259422e-101
1.85196814741e-101
2.38904555966e-101
1.70759566547e-100
2.94086845474e-101
7.01537481841e-100
1.10596470153e-101
7.1047887256e-99
5.39226777606e-99
4.21352512949e-99
6.20871060366e-97
4.45041325734e-93
1.77667097366e-91
1.73818829741e-90
2.43760911864e-89
2.41963907189e-88
1.2029097849e-87
7.23711652259e-87
2.06063660641e-85
1.91044441254e-84
7.24433450122e-84
1.97665874886e-84
5.08419811994e-83
9.29345740636e-82
3.30484236014e-81
2.25052318276e-81
1.81826389799e-80
4.24826015306e-80
9.06787177608e-80
2.60316216633e-79
5.802798714e-79
1.87855184943e-77
3.4671161029e-78
2.66636613408e-78
2.60257570147e-77
4.03770333971e-76
7.68391335497e-76
3.67170340443e-76
1.28140597197e-75
2.68575708168e-76
5.2587357981e-75
1.3502675267e-75
1.26109755951e-74
2.93369547926e-74
3.44873557496e-74
9.97456394799e-75
1.8669424302e-75
1.12968057068e-73
6.80625045458e-74
1.40310623495e-73
5.1172120677e-75
1.82958869808e-74
6.41305246801e-74
2.60629351768e-74
5.00003758588e-74
5.24635966506e-74
4.04452017493e-74
3.48948504216e-74
1.01827043148e-75
3.07290419506e-75
1.44203439116e-74
4.41087650054e-75
5.30297619967e-75
1.53638266115e-76
2.15158812526e-77
2.92054212564e-76
1.01601628599e-78
4.93093747114e-77
3.31698356103e-78
1.75207239396e-78
5.84282635142e-79
5.60505035375e-80
1.39700123158e-80
8.89502343399e-81
5.29889837696e-82
3.27702703577e-82
1.36258045705e-83
1.3889449988e-88
1.14901420881e-85
1.4417914783e-86
2.57768145741e-88
1.36326675497e-89
4.8996811716e-92
5.53422854389e-94
1.20157940507e-95
3.226808275e-98
8.39963193708e-102
4.93129705406e-106
4.48595514522e-117
1.194055187e-117
1.88232816557e-117
1.04486724673e-116
7.38080016641e-115
1.79316927391e-113
4.87781140598e-113
2.3908541849e-112
2.19719907938e-112
1.17867648356e-112
4.13194035603e-110
1.28166821396e-109
1.9606021291e-108
1.18429541502e-108
4.03162652899e-108
9.59108475841e-107
2.70201827754e-106
1.12089840326e-104
1.1850498454e-104
1.87160735989e-104
1.18359346894e-102
3.41864201857e-102
4.94953817179e-103
6.47600258869e-102
2.70831015148e-100
1.97575830158e-99
2.24954420378e-98
1.57972988148e-97
1.17638830993e-97
5.84945519019e-98
3.52888987862e-96
1.41712238507e-95
5.15159302217e-96
4.69548827204e-94
1.02001857675e-93
3.87703788596e-93
1.8556159755e-93
7.273762294e-92
5.5742973982e-91
1.60553991582e-92
2.07194013645e-90
5.60435536161e-89
7.68029145398e-89
5.28498974055e-89
1.42686734934e-88
2.91605284435e-87
2.74910255884e-87
6.2597569632e-86
5.73990797603e-85
1.80657271791e-85
2.70000813805e-86
3.2256550842e-84
1.29046921825e-83
1.47042324294e-83
3.51422955056e-82
7.04265712886e-83
9.54552821841e-82
4.50076592109e-82
4.26411116736e-81
6.40339295173e-80
2.26791991719e-80
2.27622743754e-81
2.63705393037e-79
4.80360331444e-78
1.0488102049e-78
6.20305857053e-80
1.640898117e-77
1.88672442128e-77
3.05845229359e-77
4.29843077807e-76
3.67041211665e-75
4.71172864456e-76
3.6639737403e-77
1.59436273818e-76
5.36844072715e-74
2.00644413245e-75
4.97490336727e-74
1.40081412015e-74
1.97835888468e-73
6.2279784169e-76
7.50846452801e-74
4.52927369429e-73
1.92240912984e-71
3.46748101985e-72
8.59466903282e-73
1.41121334845e-71
9.18355860015e-71
1.60544697728e-71
7.51546651126e-72
2.27363623901e-70
8.10705073615e-71
7.11340523263e-70
3.97352524303e-71
2.5192617305e-69
1.2924572539e-70
4.46182329159e-70
7.30527650922e-71
2.67720210147e-69
1.50251085366e-68
1.4366897489e-68
1.13382188241e-68
2.25435444246e-70
1.80556606629e-69
2.16962822036e-69
1.3694594163e-68
9.62822125673e-69
1.94157761058e-68
6.35488515532e-68
4.31700160238e-69
5.1949122305e-70
7.3671097744e-70
9.00189926475e-69
4.14205154644e-68
4.47497696206e-69
5.64898107128e-69
4.75398098797e-70
2.45847141836e-69
3.75991714105e-69
1.14354195216e-72
2.01028699722e-69
3.15911586154e-69
4.177181503e-72
2.80271629507e-70
2.31731407407e-70
1.69722493106e-70
1.141630871e-70
9.7557895452e-72
1.38930149066e-72
1.79034016773e-72
1.68818841645e-72
7.06464158442e-72
1.44097517366e-72
1.4362155859e-74
3.97615564762e-74
5.99725410694e-75
2.12440459444e-75
