1.0
0.989182899055
0.957422500696
0.906719124314
0.840175777129
0.761686547705
0.675563258285
0.586149636768
0.497470177443
0.412951546964
0.335240163786
0.266123447091
0.206547207868
0.156710131302
0.116209644989
0.0842119147305
0.0596215101082
0.0412320452344
0.0278462043295
0.0183605259058
0.01181605871
0.00741993827899
0.0045449662363
0.00271466814366
0.00158052534025
0.000896637900751
0.000495432717544
0.000266509930167
0.000139508214527
7.10275756992e-05
3.51531232805e-05
1.69030169541e-05
7.89160471219e-06
3.57509168627e-06
1.57047520926e-06
6.68464254789e-07
2.75478670623e-07
1.09823813934e-07
4.2316967514e-08
1.57443684793e-08
5.65043589969e-09
1.95391363248e-09
6.5025027745e-10
2.07995301991e-10
6.38597809256e-11
1.87913549378e-11
5.2911388057e-12
1.42313567799e-12
3.64947882165e-13
8.9045543828e-14
2.0626199983e-14
4.5247051636e-15
9.37478805016e-16
1.82916485713e-16
3.35005855469e-17
5.73847717265e-18
9.15688650843e-19
1.35508371072e-19
1.85044515191e-20
2.31860211305e-21
2.64872601798e-22
2.73866588333e-23
2.54151324082e-24
2.09645139204e-25
1.51984575939e-26
9.55522588477e-28
5.12744720078e-29
2.30377612008e-30
8.46521915385e-32
2.47029994198e-33
5.51497763051e-35
8.97052150759e-37
9.95369685249e-39
6.8693015627e-41
2.57140808597e-43
4.19710127981e-46
2.02378926811e-49
1.2460627354e-53
6.18325724701e-60
1.49126698097e-69
4.36220904783e-69
6.3675626432e-68
4.44570059034e-67
1.62931209765e-66
2.2220964879e-65
1.54818011487e-64
8.10321228548e-64
4.88185589474e-64
4.38399291545e-62
3.80449701277e-62
1.66365436891e-60
6.92336718569e-60
1.69358488178e-60
1.91998019476e-58
1.55845822698e-57
9.28092298371e-57
4.94480129119e-56
2.51150911178e-55
1.22133051211e-54
5.46699037494e-54
2.05373518552e-53
4.91474247851e-53
7.34238611879e-53
1.69642452234e-51
1.08552930424e-50
3.90142527522e-50
3.6069620189e-50
4.79208512043e-49
2.94857338213e-48
5.54840465121e-48
2.17892909967e-47
1.54219307903e-46
1.81436367194e-46
1.48970928484e-45
5.68056839754e-45
6.18001569525e-45
7.39721954625e-44
3.53705849295e-44
7.2189606966e-43
9.62122984545e-43
6.24049146642e-42
1.12199773804e-41
5.2258507626e-41
9.45549190082e-41
4.3667235633e-40
5.92013211476e-40
3.53489663711e-39
2.10791549531e-39
2.59687148482e-38
7.9441591853e-39
1.58941225775e-37
2.15877756646e-37
7.00842970713e-37
2.09502278594e-36
1.16830204799e-36
1.27859427293e-35
1.22025757315e-35
4.55288183126e-35
1.28393760703e-34
8.33915078005e-36
5.88328036901e-34
9.39343193864e-34
8.68510727602e-34
5.28423098058e-33
5.84372049963e-33
9.56516187373e-33
3.83828929268e-32
3.56549359867e-32
6.5637677981e-32
2.37405644545e-31
2.28406467316e-31
3.07260215556e-31
1.24761720961e-30
1.43318638187e-30
8.01750711006e-31
5.33547959559e-30
7.81667895845e-30
1.08720169158e-30
1.6952235788e-29
3.37554938558e-29
2.3464233031e-29
3.11410178692e-29
1.06241324659e-28
1.28048142989e-28
1.95347164717e-29
2.09959684204e-28
4.07387319852e-28
3.40233346632e-28
1.09960691547e-28
7.55764828241e-28
1.11469008448e-27
7.14121195307e-28
4.72159866831e-28
1.81359023272e-27
2.3146185521e-27
1.31412613153e-27
8.93116523566e-28
3.05192245681e-27
3.69079409263e-27
2.15315255202e-27
8.40580571012e-28
3.56815536162e-27
4.40252983723e-27
2.8675511978e-27
8.56531128709e-29
2.74362003547e-27
3.72993119438e-27
2.77626450455e-27
7.10298367214e-28
1.21111481765e-27
2.09045767951e-27
1.79326024857e-27
8.15836974291e-28
1.63631778777e-28
6.97409813222e-28
7.18220161537e-28
4.30729026231e-28
9.95010684935e-29
1.08552089519e-28
1.62883763229e-28
1.19676421806e-28
5.11480735827e-29
1.95705687906e-30
1.75520827351e-29
1.69483763009e-29
9.33734339279e-30
2.80601504335e-30
3.72001300614e-31
1.06503799623e-30
7.38267656002e-31
3.06160118556e-31
6.20163787413e-32
1.7604063909e-32
2.28022678333e-32
1.14477900726e-32
3.45474415673e-33
4.27727689433e-34
1.82507106806e-34
1.36214607961e-34
4.67853056124e-35
9.39157860911e-36
5.48521856629e-37
3.43219865858e-37
1.40219993424e-37
2.8238955518e-38
3.05885634902e-39
2.16364355785e-41
5.02189484882e-41
8.34821093481e-42
6.5204693588e-43
2.11284276136e-44
3.18386955988e-46
3.84646909674e-47
7.02726174647e-49
2.50684737771e-51
2.68842862138e-55
5.25944589134e-61
2.23412311682e-60
7.32400668637e-60
8.12790582849e-60
4.41120621746e-60
7.22288432704e-59
3.52711643499e-58
5.60055430945e-58
2.18100258166e-58
4.56694135334e-57
1.70072427349e-56
2.80556155339e-56
2.61284338313e-56
1.47672214826e-55
1.4902441679e-55
4.21833067469e-55
3.8992435305e-54
5.01587589336e-54
8.88743646706e-54
7.05230240051e-53
4.99515049535e-53
5.06878933842e-53
1.4233957215e-51
1.12251399668e-52
1.37097920567e-50
3.34555629993e-51
1.39850335225e-48
6.84936144528e-48
6.66318714843e-46
1.36092642938e-45
5.12817628341e-44
4.8146080145e-44
2.12004691068e-42
6.31153066779e-43
5.81635571736e-41
9.83990232999e-41
1.08297974895e-39
3.7312144723e-39
1.19504023881e-38
8.21424933207e-38
9.48376022907e-39
1.13425979312e-36
2.32801062106e-36
8.28086618581e-36
4.47802805487e-35
1.68436371777e-35
4.05843609519e-34
1.13334501525e-33
8.8378980199e-34
1.18625761046e-32
2.22930608632e-32
3.65352546262e-32
2.5857307609e-31
3.96083632361e-31
7.61221135624e-31
4.56024846327e-30
6.91171502673e-30
9.95533008913e-30
6.62396185572e-29
1.14898423983e-28
6.4057244111e-29
7.69677567537e-28
1.66098791891e-27
5.05010958455e-28
6.57405996687e-27
1.91769938906e-26
1.99044611837e-26
3.15211146009e-26
1.626988051e-25
2.84782590939e-25
8.35318363956e-26
8.6511741413e-25
2.46258320376e-24
3.04151425797e-24
9.60474830118e-25
1.24877211146e-23
2.731948926e-23
2.6989739203e-23
1.81665096978e-23
1.22974274553e-22
2.3948410722e-22
2.21929460189e-22
1.27175644421e-22
8.74777791566e-22
1.68677539469e-21
1.68849308849e-21
2.16838419425e-22
4.39990005484e-21
9.27224736714e-21
1.07747584928e-20
3.82212977537e-21
1.38927824307e-20
3.72698704209e-20
5.19022331747e-20
3.8693607925e-20
1.42375998145e-20
9.72795345011e-20
1.7258902052e-19
1.84493258446e-19
8.84442970149e-20
1.13352625939e-19
3.51755806458e-19
5.06139251542e-19
4.58445060862e-19
1.63678410212e-19
3.02773072513e-19
7.56108869336e-19
9.77849736635e-19
8.24261455071e-19
3.10545781846e-19
3.79243693724e-19
9.686898694e-19
1.21599515326e-18
1.02617266542e-18
4.90663141708e-19
1.63374724221e-19
6.8342261259e-19
9.02339909234e-19
7.9612193852e-19
4.68904312842e-19
8.46474200272e-20
2.12450247981e-19
3.49998137055e-19
3.35297173512e-19
2.27638166289e-19
9.78938258444e-20
2.77486836215e-21
5.46540386721e-20
6.38541386324e-20
4.86133323262e-20
2.6772645108e-20
9.24509122604e-21
5.35828725989e-22
3.87893837111e-21
3.65792625494e-21
2.28247746776e-21
1.043763933e-21
3.16906534693e-22
1.57039507787e-23
5.63484418857e-23
4.58007448981e-23
2.29499346378e-23
8.35973234568e-24
2.14766422303e-24
2.7393869867e-25
6.71311507027e-26
5.56795831112e-26
1.99263556061e-26
4.75053408934e-27
7.79982783358e-28
7.89394337499e-29
2.21615317982e-30
6.11798349929e-31
9.11570654152e-32
5.07071257098e-33
9.82264048482e-35
2.7720475685e-37
4.04224941485e-42
1.04448397881e-42
4.32416699932e-42
2.17956201486e-41
2.25960623732e-41
1.04775558216e-41
4.05039957257e-41
2.00443963664e-40
2.97649402212e-40
7.93574533586e-40
3.27719076965e-39
2.91990340346e-39
3.63919035327e-38
5.8643723609e-38
4.95073566603e-38
1.6243445763e-37
3.56203941705e-39
6.07025494373e-37
1.1863842389e-36
6.01740573483e-36
8.68375864951e-36
2.5153139877e-35
2.25118517987e-35
4.4222614156e-35
2.1906050781e-36
2.21818955563e-34
4.89230662784e-35
1.94105124658e-33
2.17715869492e-33
5.32220204075e-33
1.0421559373e-32
1.6702881203e-33
2.52495005035e-33
2.05043258654e-32
7.69223529272e-32
3.46107627215e-31
1.85455097744e-31
1.00969205499e-30
1.8874586531e-30
2.22931432826e-31
1.54858567655e-30
1.73979931816e-30
8.64555579049e-31
2.82473359311e-29
6.97672614299e-29
2.59449959898e-29
1.62331692629e-28
3.11026521682e-28
1.43823512405e-28
1.00504422207e-28
3.45304608691e-28
1.14612558405e-27
5.65121310498e-28
7.13950452737e-27
1.35240050863e-26
7.4184051183e-27
1.4584883374e-26
3.12137235693e-26
1.71584085978e-26
1.09772375034e-27
6.34083332665e-26
2.36034470334e-25
3.18411953439e-25
3.24578224052e-26
8.58520143457e-25
1.52575506159e-24
1.17071427285e-24
4.43029093859e-26
3.57548827579e-25
1.7787176532e-24
4.36130025221e-24
1.25670476353e-24
1.20521286748e-23
2.99004590132e-23
3.57958806694e-23
1.67251441996e-23
1.7522050005e-23
3.42460838192e-23
1.01976837991e-23
2.73205269358e-23
1.82758409302e-24
1.42576313461e-22
3.51661736243e-22
4.53405811178e-22
2.86405432647e-22
1.19564811088e-22
4.96355086996e-22
5.35870463259e-22
2.12020365245e-22
8.3396111595e-23
1.89159175783e-22
1.18355507278e-21
2.34179970987e-21
2.67628648402e-21
1.55808747207e-21
6.20220482522e-22
2.56389432901e-21
3.0255761842e-21
1.86672288766e-21
2.97106687946e-22
2.53348682046e-23
1.62430683575e-21
4.31651288791e-21
6.06359871266e-21
5.31377048074e-21
2.16428703591e-21
1.67075521336e-21
4.09825281987e-21
4.10547077463e-21
2.34008345225e-21
4.61943656949e-22
1.29914154798e-22
7.96543259529e-22
2.35235043152e-21
3.33264275054e-21
3.08238973196e-21
1.81866624989e-21
3.11690388061e-22
7.11403421502e-22
9.80060216672e-22
6.96885341113e-22
2.65917475726e-22
5.46565033496e-24
3.87246468549e-23
6.90540612722e-23
1.79280190669e-22
2.12635118764e-22
1.69830260479e-22
9.52844229432e-23
3.1767206692e-23
2.50038949047e-24
1.15582211281e-23
8.187009806e-24
2.80522143762e-24
1.89990563718e-25
7.61440093059e-25
3.00800885191e-25
1.57734264815e-25
3.05762265402e-25
2.42558369923e-25
1.29940562821e-25
5.0302137381e-26
1.33066555356e-26
1.6486198688e-27
3.70053126956e-28
2.18310007817e-28
1.81757541878e-29
2.24050907639e-29
1.21536224633e-29
3.14406147997e-30
3.85090814378e-31
2.0478040388e-32
1.64621448587e-32
2.77945735742e-33
2.17090421359e-34
6.82666517296e-36
4.37744011363e-38
5.53711596174e-43
1.99459456584e-43
5.07563098488e-45
1.97387256584e-42
9.94107518922e-42
2.2062049848e-41
1.36353827667e-41
5.71000077444e-41
1.2450953875e-40
1.98087824117e-41
1.20640029846e-40
9.09519696114e-40
2.47695096388e-40
2.38013946046e-39
8.62721339632e-40
1.74652641458e-41
1.44416158655e-39
2.63858048082e-39
4.12887316143e-39
8.34154319224e-38
2.4119512688e-38
4.83918042754e-37
5.03492995569e-37
7.99768467617e-37
1.31133905931e-36
1.82879934958e-39
3.34020934728e-37
1.3296455362e-36
5.52019179143e-37
4.6663805121e-36
1.215732534e-35
2.75924879211e-35
1.00674647761e-34
6.58739824814e-35
4.26130171162e-35
1.11973906306e-34
3.4853514648e-34
4.3604121152e-34
2.27785762861e-33
2.59822629668e-33
8.44314148668e-35
2.09555409726e-33
3.7655635702e-34
5.47519345672e-34
7.66927118409e-34
1.72293502853e-32
4.60416891579e-32
1.06729626795e-32
1.65327894807e-31
3.7184178524e-31
3.26603306151e-31
3.45322406774e-32
3.01743115484e-31
1.0336289996e-31
1.84285495563e-31
3.4165476476e-32
1.22861253617e-31
1.31717463887e-30
3.15184748698e-30
6.19870747227e-31
8.49016717539e-30
1.66349587529e-29
1.26995981364e-29
1.12235750238e-30
7.12281416703e-30
4.66229267616e-29
8.97081358363e-29
7.83896648405e-29
2.33256179239e-30
6.23015423007e-29
3.49027805142e-29
4.64013616669e-29
5.48355688468e-29
1.08738277155e-29
8.83837403005e-29
5.58160172822e-28
1.10761675131e-27
9.4679322865e-28
4.47295366293e-28
2.48492898524e-27
3.67545767136e-27
3.0315898312e-27
1.2272442249e-27
4.4224312625e-29
7.2972007814e-29
8.30889449834e-29
1.51318453993e-27
3.29436714662e-27
1.76345180253e-27
5.57094835049e-27
1.59974265599e-26
2.23979473858e-26
1.93906607108e-26
9.03585547383e-27
3.33308410874e-28
1.82239496614e-27
3.43135955782e-27
7.90810584521e-27
6.146865933e-27
9.89308385498e-28
6.61869651377e-28
9.53555257708e-27
2.24316168509e-26
2.88304160979e-26
2.29510399735e-26
9.4971398889e-27
6.54768826485e-28
3.75760539333e-28
7.86769569007e-27
1.53012205136e-26
1.52599348141e-26
8.49020215655e-27
1.13069797078e-27
1.53468885555e-27
7.37770912566e-28
4.20420203839e-27
5.29021924317e-27
3.51460268762e-27
1.00781964356e-27
2.99530706233e-29
8.04164060357e-28
2.28824834964e-27
3.0205081787e-27
2.55417545385e-27
1.41833917961e-27
3.99146047629e-28
9.41157970973e-29
1.37358463206e-28
1.62964454757e-29
6.16119661385e-29
5.5677479957e-29
1.82789676616e-29
2.20467147589e-30
1.81489337097e-30
1.37440950871e-29
1.92403632602e-29
1.61199763371e-29
9.41516878594e-30
3.87516735195e-30
1.0029178092e-30
7.06409527067e-32
4.98882889033e-32
7.9687151555e-33
9.69516907327e-33
4.85661685662e-33
3.5806447062e-34
1.19636825525e-33
4.6107633799e-34
7.27177856529e-36
8.14581381732e-35
4.03010323e-35
1.08950057566e-35
1.79919535677e-36
1.72504880045e-37
7.9592503768e-39
1.0249701854e-40
2.62619153731e-46
2.41472240262e-46
1.17985709419e-46
3.0630610891e-46
2.47447464846e-45
5.68256639341e-45
3.54856861557e-45
9.12504343674e-45
7.91771861508e-45
1.0674437144e-44
5.32555085011e-44
1.02956967763e-43
5.22326460193e-44
2.02574448233e-44
5.94034338211e-44
2.07582995712e-43
8.0447289375e-44
1.07062613024e-45
7.51481406923e-43
1.06847553781e-42
1.43469451831e-41
1.2554055564e-41
3.30463711494e-41
5.25475873695e-41
3.20058862338e-42
1.25870824853e-41
4.06466227994e-43
3.04503980276e-42
2.27137232546e-40
4.62915733859e-40
1.88084848685e-41
3.26699437368e-40
5.53670346296e-40
5.1680585917e-40
1.56503771366e-39
1.1626161903e-39
1.04928954841e-39
2.87051389475e-40
1.14142771808e-38
4.83963286536e-38
3.89259873021e-38
1.00361160548e-37
2.54426028366e-37
2.0560415903e-37
2.69130219599e-38
9.67823451741e-39
3.8246434015e-38
7.75853602731e-39
1.29295935008e-38
4.20799509918e-37
2.82475678496e-36
5.93408247864e-36
4.04476011317e-36
4.1018189111e-36
8.48565342401e-36
2.42617925629e-36
2.54746643062e-36
2.60491076935e-39
1.49137396559e-35
6.07522296617e-35
8.54807730503e-35
4.15242537679e-35
9.74699802585e-36
7.2306998752e-36
2.75791711002e-35
6.5375739755e-36
5.92040141124e-36
7.88850246757e-35
8.01381441222e-34
1.89034745752e-33
1.71059111195e-33
1.09212961688e-34
4.89712742984e-34
4.475620124e-33
6.58507586485e-33
2.76150068462e-33
4.93621538217e-34
4.75641538642e-35
1.27183762079e-33
3.63923580919e-33
5.52641775779e-32
4.98196630301e-31
1.15169424265e-30
1.35251691096e-30
1.52225721092e-29
4.56796440799e-29
7.63587830678e-29
6.65822934287e-29
9.21170218425e-30
3.862548687e-29
4.48872822922e-28
1.43812678212e-27
2.65109289165e-27
3.05370519328e-27
1.74179353749e-27
6.25347970211e-28
1.4435300406e-27
1.54036424367e-27
6.47700373281e-27
7.14818140551e-27
5.50567655232e-28
1.29117291058e-27
3.11299412775e-26
1.25100404847e-25
2.69851748788e-25
3.95438821357e-25
4.00306109331e-25
2.26242267476e-25
7.29651756792e-26
3.40183682076e-25
4.19473107932e-25
2.83615611099e-25
6.68437407494e-26
5.06352939809e-26
2.29533841261e-26
1.55582414019e-26
2.77851401232e-25
8.93569340915e-25
1.62788651282e-24
2.03733367656e-24
1.78933225984e-24
9.41022187447e-25
6.18787696844e-26
6.82188690103e-25
6.5609246908e-25
1.45516346432e-25
4.21504530336e-25
6.7303455922e-25
5.22845175881e-25
1.59835189256e-25
1.45923254042e-25
2.41232328077e-25
1.52392169784e-25
7.87883498087e-27
8.12671663594e-26
8.60469996055e-26
4.41624000402e-26
6.04085469449e-27
4.60246048253e-27
5.65740561463e-27
1.88501994244e-26
2.34026696082e-26
1.8890411407e-26
1.08378850147e-26
4.2067808316e-27
6.98837108036e-28
4.02398270145e-28
4.13841851212e-28
2.00249997305e-28
6.23658878218e-29
1.22990842232e-29
1.23708351585e-30
1.82043496562e-32
6.66199918358e-33
7.57905270488e-34
3.55612191575e-33
1.01135365528e-33
7.25608834158e-35
4.78544175054e-38
3.77289492996e-38
5.00412837303e-38
5.35308901803e-38
4.06578843758e-38
1.44898493189e-38
2.47946449127e-38
2.23668670981e-37
9.83645210918e-38
2.67504975836e-38
3.77137395465e-37
1.11744373453e-36
8.4384202641e-37
9.48086196224e-37
3.24045596965e-39
3.2458207555e-36
9.61200197813e-36
5.53582281829e-35
1.75999573798e-34
8.29688172579e-36
4.89740452486e-34
5.25612414829e-34
5.42001232285e-35
1.32232456359e-34
1.03221542357e-35
1.29440874365e-35
5.54225118475e-33
1.74596919174e-32
1.06947533839e-32
3.91778001501e-32
8.98544247684e-32
6.39356773347e-32
1.04376926288e-32
1.73112904721e-32
1.89412964309e-32
1.48599870701e-32
8.6096651428e-32
6.0968023199e-31
9.66945083455e-31
3.31666078013e-31
2.68841513658e-31
3.67896967623e-30
7.66151192952e-30
4.11825411664e-30
9.09347630773e-31
3.53123663059e-29
1.26738602838e-28
1.93078150335e-28
7.13276200445e-29
2.83963500683e-28
6.35628223882e-28
6.47110518081e-28
3.05380591907e-28
8.90614200568e-30
3.49599969989e-29
2.23400646683e-29
1.60420372554e-30
1.68230096439e-28
1.22361016581e-28
4.04853570539e-27
1.46050078001e-26
2.70885663498e-26
2.68325094105e-26
3.394351778e-27
2.76282037808e-26
2.65759971651e-26
2.71507947412e-26
8.8594692443e-26
6.75917181198e-26
7.27108514464e-26
2.39825838699e-25
2.7788788285e-25
1.42801680376e-25
1.8741426008e-26
2.88301348196e-26
8.57648827916e-26
1.18709018774e-25
1.53702507871e-26
4.73605914805e-26
3.71052810057e-25
3.06102993273e-25
1.58230709911e-24
6.03497093248e-24
1.14372446146e-23
1.4115086688e-23
1.12724810214e-23
4.1533355022e-24
2.23737194775e-24
3.57799071166e-24
7.45178900255e-25
9.10821618326e-25
2.12502159711e-24
5.99871190743e-24
1.7567045388e-24
1.52053194688e-23
3.78270150612e-23
5.11425657972e-23
4.52657874632e-23
2.51458885578e-23
6.35262341701e-24
2.12730813713e-27
1.95178958191e-24
1.96209430275e-24
1.93721619314e-23
4.0903672999e-23
4.78738664281e-23
3.1523259646e-23
4.25808863232e-24
9.63162509718e-24
4.05466903657e-24
3.57225587016e-23
5.99438516668e-23
5.77790734634e-23
3.28229768948e-23
6.93181232376e-24
7.58863474232e-25
1.71841490083e-23
4.12277924195e-23
5.4195293677e-23
4.82515170032e-23
2.97771225263e-23
1.13663867155e-23
1.44886967777e-24
8.05253106756e-26
2.17416860419e-24
3.21649170685e-24
2.21416742535e-24
6.65621743929e-25
1.02415451344e-26
1.69348901699e-25
2.75723311281e-25
3.24485385695e-25
1.41586505235e-24
2.30693351743e-24
2.50387316853e-24
2.02981570633e-24
