5.86832170159e-16
0.0225610138684
0.0873895996849
0.183182908266
0.288406495972
0.385801150906
0.475440776649
0.548014679435
0.5704565611
0.498488188443
0.381378568984
0.301240103407
0.253740436254
0.233998916707
0.245408334537
0.291560074234
0.310157181619
0.251995186339
0.215588696745
0.20723947656
0.216746959455
0.268581670756
0.281447673323
0.216265110444
0.198856322576
0.186882517886
0.153374399053
0.121013820848
0.101996200652
0.0969230198063
0.100237412107
0.101395166304
0.10524941405
0.129889622462
0.182139327449
0.236648009728
0.221059915045
0.193332697377
0.203693838485
0.241443920661
0.252079969386
0.247700285447
0.285140018851
0.37478350526
0.670475624767
0.352715419548
0.240077095137
0.200402416452
0.209974580884
0.245399842229
0.202152717446
0.129849002564
0.0966245357246
0.104913940623
0.144988737059
0.189050564038
0.218228101738
0.207540868986
0.16106220312
0.12697438393
0.120128296018
0.144024856243
0.200872376272
0.238417877474
0.176269616561
0.140090590656
0.14127708296
0.162398896091
0.198583100427
0.276230749374
0.500562880362
0.373409371936
0.310673147875
0.368617405566
0.446713443798
0.306502148245
0.277901793126
0.254575397569
0.223575130031
0.213941380625
0.204448630515
0.169334776858
0.125235926937
0.0900930361293
0.0717452638226
0.0738047378753
0.10419476487
0.176069062037
0.293055947961
0.322437825219
0.334515028993
0.306929193784
0.243029810592
0.226323479746
0.220214365029
0.196748470061
0.191607314741
0.222254020252
0.274299099677
0.29914284469
0.321249562476
0.358226207992
0.348515959355
0.36038790997
0.406183701159
0.420708172084
0.359039801739
0.391308501452
0.586949177807
0.301423515079
0.173341984207
0.1010426719
0.0685755834691
0.0660879645777
0.0823966561813
0.105054481816
0.130235208815
0.169156004332
0.248220258332
0.396916072598
0.293275121495
0.2607772302
0.294020655832
0.305754133579
0.243389386645
0.204294550306
0.191582517878
0.203750944676
0.247120834043
0.30201647057
0.356793739111
0.343517601928
0.296941799257
0.296585211412
0.307728198907
0.252303372715
0.201295716848
0.183897679741
0.194615238136
0.21514153467
0.206668928948
0.16733906956
0.122710267188
0.0934837353694
0.0919601220117
0.123214168516
0.188498209032
0.219430696719
0.185085688666
0.16743723181
0.16597597446
0.174432737156
0.193024974213
0.218982787305
0.237160831351
0.23595140849
0.228985392755
0.244730467314
0.314922335338
0.472180171072
0.315930737306
0.241767771476
0.218538008905
0.200161550947
0.178336599956
0.169565506277
0.164661055049
0.161332896254
0.17022614546
0.19475004967
0.222189096726
0.232868018562
0.228304547614
0.2216772975
0.22665511089
0.23645436547
0.207468760975
0.167912629975
0.148192544094
0.139155760147
0.138148276046
0.155704043422
0.197401420016
0.259688758769
0.30380858008
0.333819430591
0.395877622377
0.375332588955
0.340900459567
0.347738772558
0.339755610024
0.332311147381
0.310475412068
0.240374929939
0.18215207953
0.148880210335
0.132024455114
0.127542612896
0.137172586707
0.163093829678
0.204316266194
