1.0
0.999617623193
0.998471296981
0.996563431417
0.993898034704
0.990480700403
0.986318589589
0.981420408046
0.97579637857
0.969458208518
0.962419052703
0.954693471816
0.946297386523
0.937248027421
0.927563881071
0.917264632298
0.906371103013
0.89490518778
0.8828897864
0.870348733762
0.85730672725
0.843789251978
0.829822504157
0.815433312879
0.800649060621
0.785497602779
0.770007186534
0.754206369347
0.738123937408
0.721788824319
0.705230030322
0.688476542363
0.671557255276
0.65450089437
0.637335939688
0.620090552196
0.602792502152
0.585469099904
0.568147129317
0.550852784069
0.533611606988
0.516448432625
0.499387333224
0.482451568237
0.465663537512
0.449044738275
0.432615726
0.416396079237
0.400404368475
0.384658129065
0.369173838238
0.353966896224
0.339051611452
0.32444118982
0.310147727964
0.296182210497
0.282554511106
0.269273397448
0.256346539702
0.243780522697
0.231580861439
0.219752019928
0.208297433085
0.197219531625
0.186519769713
0.176198655195
0.166255782233
0.156689866138
0.147498780187
0.138679594236
0.130228614907
0.122141427137
0.114412936878
0.107037414745
0.100008540379
0.0933194473426
0.0869627683242
0.0809306804602
0.0752149505749
0.0698069801521
0.0646978498553
0.0598783634225
0.0553390907698
0.0510704101485
0.0470625492087
0.0433056248341
0.0397896816238
0.0365047289072
0.0334407761924
0.030587866958
0.027936110713
0.0254757132591
0.0231970051053
0.0210904679909
0.0191467594886
0.017356735662
0.0157114717624
0.0142022809479
0.0128207310105
0.0115586590892
0.0104081843449
0.00936171856932
0.00841197471741
0.0075519733966
0.0067750474518
0.0060748449733
0.00544533135659
0.00488079146817
0.00437583351031
0.00392539679806
0.00352476628733
0.0031695968347
0.0028559469988
0.00258031522754
0.00233980438487
0.00213213147699
0.001954550717
0.00180550344446
0.00168343891064
0.00158638245441
0.0015118182358
0.00145716480661
0.0014193483186
0.00139566953557
0.00138433674808
0.00138307797808
0.00138988489717
0.00140350110788
0.00142296076157
0.00144721075981
0.00147549340667
0.00150699542765
0.00154105732003
0.00157722500925
0.0016150955783
0.00165430679046
0.00169460513066
0.00173576604896
0.00177759978249
0.00181990975658
0.00186253013528
0.00190532501024
0.00194817598926
0.00199096541741
0.00203358039787
0.00207592282044
0.00211790532432
0.00215944198031
0.00220044386454
0.00224082573709
0.00228050601162
0.00231940505015
0.00235744456655
0.00239454756005
0.00243063839564
0.00246564290084
0.0024994884597
0.00253210409487
0.00256342052259
0.002593370216
0.00262188756436
0.00264890914237
0.00267437399249
0.00269822384137
0.00272040325485
0.0027408597692
0.00275954402327
0.00277640990054
0.0027914146814
0.00280451918904
0.00281568786965
0.00282488872142
0.00283209312738
0.00283727592667
0.00284041599204
0.00284149715782
0.00284050929082
0.00283744964665
0.00283232491629
0.00282515326129
0.00281596284615
0.00280479242355
0.00279169759377
0.00277675139906
0.00276004602784
0.00274170575874
0.00272189894158
0.00270079455669
0.00267862219209
0.00265567409269
0.00263221281363
0.00260863992701
0.00258529194025
0.00256267087153
0.00254133706319
0.00252167547622
0.00250433532426
0.00248978877887
0.00247869465282
0.00247161044633
0.00246943740574
0.00247279509705
0.00248271631023
0.00250057408771
0.00252758801441
0.00256557673771
0.00261677202018
0.00268429226754
0.0027723241962
0.00288408634814
0.00302436013004
0.00319745399349
0.0034090299107
0.00366507988663
0.00397147105447
0.00433381339479
0.00475873673977
0.005254137629
0.0058270085387
0.00648370838583
0.00722994931903
0.00807005521368
0.00900933890691
0.0100537041884
0.0112090132576
0.0124815251874
0.0138783181358
0.0154071403547
0.0170762096767
0.0188940935928
0.0208696387041
0.0230119232919
0.0253302202687
0.02783396457
0.0305327221133
0.0334361588645
0.0365540092479
0.0398960434954
0.0434720337309
0.0472917187036
0.0513647671564
0.0557007398688
0.0603090504427
0.0651989249299
0.0703793604186
0.0758590827118
0.0816465032453
0.0877496754044
0.0941762504082
0.100933432939
0.108027936704
0.115465940117
0.123253042302
0.131394219619
0.139893782917
0.14875533572
0.157981733558
0.16757504465
0.17753651215
0.18786651816
0.198564549714
0.209629166934
0.221057973555
0.232847589999
0.244993629192
0.257490675283
0.270332265444
0.283510874893
0.297017905285
0.310843676611
0.324977422707
0.339407290489
0.354120343006
0.36910256637
0.38433888064
0.399813154693
0.415508225111
0.431405919088
0.447487081363
0.463731605133
0.48011846692
0.496625765321
0.513230763567
0.529909935787
0.546639016877
0.563393055823
0.58014647235
0.596873116721
0.613546332508
0.630139022141
0.646623715035
0.662972638047
0.679157788066
0.695151006445
0.710924055062
0.726448693704
0.741696758521
0.756640241266
0.771251369019
0.785502684111
0.799367123951
0.812818100449
0.825829578741
0.838376154912
0.850433132419
0.861976596915
0.872983489197
0.883431675968
0.893300018164
0.902568436544
0.911217974318
0.919230856533
0.926590545997
0.933281795514
0.93929069621
0.944604721774
0.949212768418
0.953105190397
0.956273830954
0.958712048554
0.960414738306
0.961378348478
0.961600892047
0.961081953228
0.959822688962
0.957825825345
0.955095649027
0.951637993604
0.947460221061
0.942571198341
0.936981269134
0.930702221003
0.923747247977
0.916130908753
0.907869080698
0.898978909809
0.889478756851
0.879388139881
0.868727673382
0.857519004263
0.845784744963
0.833548403938
0.820834313787
0.807667557315
0.794073891816
0.780079671858
0.765711770886
0.750997501931
0.735964537728
0.720640830544
0.705054532027
0.689233913351
0.673207285974
0.657002923284
0.640648983412
0.624173433498
0.607603975662
0.590967974945
0.574292389456
0.557603702961
0.540927860132
0.524290204661
0.507715420425
0.491227475884
0.474849571871
0.458604092903
0.442512562158
0.42659560021
0.410872887626
0.395363131486
0.380084035887
0.36505227647
0.350283478986
0.335792201904
0.321591923043
0.307695030203
0.294112815742
0.280855475025
0.267932108685
0.255350728585
0.243118267381
0.231240591556
0.219722517808
0.208567832633
0.197779314953
0.187358761641
0.177307015749
0.167623997294
0.158308736395
0.149359408609
0.140773372253
0.132547207556
0.124676757442
0.117157169773
0.109982940865
0.103147960108
0.0966455555068
0.0904685399566
0.0846092580674
0.0790596333206
0.0738112153311
0.0688552269453
0.064182610875
0.0597840755227
0.0556501396249
0.0517711753281
0.0481374493318
0.0447391618075
0.0415664829296
0.0386095870437
0.0358586847381
0.0333040533376
0.0309360665783
0.0287452243939
0.0267221838189
0.0248577919538
0.0231431217077
0.0215695105978
0.0201286022159
0.0188123890855
0.0176132545969
0.0165240106807
0.0155379270962
0.0146487482386
0.0138506958169
0.0131384635354
0.0125072207327
0.0119526114422
0.0114705714498
0.0110570004728
0.0107078688015
0.0104193567253
0.0101877414434
0.0100096149545
0.00988256169923
0.00980377295529
0.00976990183449
0.0097783717464
0.00982561904465
0.009907758951
0.0100219739169
0.0101649264588
0.0103340818485
0.0105263521732
0.0107386600298
0.0109678797912
0.0112112017618
0.0114670763416
0.0117326412291
0.0120057914275
0.0122851376514
0.0125699194522
0.0128586386829
0.0131498706428
0.0134423428607
0.0137349994849
0.0140270945308
0.0143175263086
0.0146055491052
0.0148904790921
0.0151716894902
0.0154486251166
0.0157207978641
0.0159877433796
0.0162489722378
0.0165040108303
0.0167523975999
0.0169936845296
0.0172274452409
0.0174532729958
0.0176707833796
0.0178796177104
0.0180793921228
0.018269705352
0.0184501852866
0.0186204801385
0.0187802536234
0.0189291853043
0.0190669720072
0.0191933292686
0.0193079925487
0.0194107183685
0.0195013013001
0.0195795905168
0.0196453450663
0.0196984087309
0.0197386514923
0.019765966957
0.01978027237
0.0197815086542
0.0197696404145
0.019744655918
0.0197065670598
0.0196554093028
0.019591241532
0.0195141457142
0.0194242262631
0.0193216091736
0.0192064412978
0.0190788903117
0.0189391456964
0.0187874205961
0.0186239541977
0.0184490144039
0.0182629008915
0.0180659495695
0.0178585477923
0.0176412061471
0.0174143867345
0.0171785603136
0.0169343426023
0.0166823946988
0.0164234554295
0.0161583463829
0.0158879568168
0.0156135144657
0.015336586407
0.0150584153309
0.0147816090032
0.0145082965208
0.0142396873281
0.0139773467035
0.0137232198303
0.013478840584
0.0132464711281
0.0130284324636
0.0128268812605
0.0126434492867
0.012479602337
0.0123358001673
0.0122151878301
0.0121191299096
0.0120473461322
0.0120017372277
0.0119848846216
0.0119997274807
0.0120505876969
0.0121411640676
0.0122751381327
0.0124583860747
0.0126948462445
0.0129885524141
0.0133430155197
0.0137641924556
0.0142572740021
0.0148279904838
0.0154880578436
0.0162488098981
0.0171162166129
0.0180970589166
0.0192041594494
0.0204466362122
0.0218327563807
0.0233718690485
0.025071029937
0.0269374697539
0.028980434591
0.0312092285248
0.0336339802463
0.036264938933
0.0391101016528
0.0421764777594
0.0454716704275
0.0490037463976
0.0527810475667
0.0568120780491
0.0611053634309
0.0656693146808
0.0705121203628
0.07564166918
0.0810654949115
0.0867907323787
0.0928240758708
0.0991717365865
0.105839399036
0.112832177385
0.120154572589
0.127810430833
0.135802903502
0.144134408842
0.152806595375
0.161820307198
0.171175551261
0.180871466769
0.190906296848
0.201277362628
0.211981039914
0.223012738583
0.234366884872
0.246036906703
0.258015222182
0.270293231396
0.282861311625
0.295708816083
0.30882407626
0.322194407954
0.335806121044
0.349644533055
0.363693986537
0.377937870274
0.39235864431
0.406937868782
0.421656236502
0.436493609249
0.451429057686
0.466440904809
0.481506772826
0.496603633344
0.511707860705
0.526795288339
0.541841267944
0.556820731315
0.571708254619
0.586478124904
0.601104408619
0.615561021906
0.629821802413
0.643860582388
0.657651262769
0.671167888016
0.684384721397
0.697276320458
0.709817612381
0.721983968947
0.733751280822
0.745096030874
0.755995366232
0.766427168811
0.77637012403
0.78580378743
0.794708648956
0.803066194622
0.810858965321
0.818070612546
0.824685950791
0.830691006417
0.836073062794
0.840820701524
0.844923839581
0.848373762216
0.851163151485
0.853286110294
0.854738181847
0.855516364429
0.855619121447
0.855046386708
0.853799564887
0.851881527199
0.849296602282
0.846050562337
0.842150604569
0.837605328008
0.832424705812
0.826620053151
0.82020399081
0.81319040466
0.805594401151
0.797432259023
0.788721377408
0.779480220557
0.769728259391
0.759485910126
0.748774470204
0.737616051802
0.726033513158
0.714050388011
0.701690813408
0.688979456177
0.675941438342
0.662602261771
0.648987732339
0.635123883905
0.621036902379
0.606753050167
0.59229859127
0.577699717312
0.562982474766
0.548172693632
0.53329591782
0.518377337474
0.503441723473
0.488513364316
0.473616005601
0.458772792288
0.444006213919
0.429338052954
0.414789336369
0.400380290649
0.386130300282
0.372057869845
0.358180589775
0.344515105863
0.331077092539
0.317881229947
0.304941184841
0.292269595282
0.279878059105
0.267777126125
0.255976294017
0.24448400779
0.233307662773
0.222453610999
0.211927170876
0.201732640007
0.191873311032
0.182351490345
0.173168519556
0.164324799578
0.155819817246
0.1476521744
0.139819619398
0.132319081051
0.12514670499
0.118297892425
0.111767341259
0.105549089421
0.0996365602766
0.0940226099346
0.0886995763433
0.0836593301527
0.078893327479
0.0743926648602
0.0701481368547
0.0661502968324
0.0623895215104
0.0588560795984
0.055540204522
0.0524321705923
0.0495223712734
0.0468013975135
0.044260113616
0.0418897280406
0.0396818568708
0.0376285782461
0.0357224765266
0.033956675305
0.0323248586883
0.030821280169
0.0294407573796
0.0281786490691
0.0270308093584
0.0259935192559
0.0250634104643
0.0242374067944
0.0235126984869
0.0228868265459
0.0223592807168
0.0219250268889
0.0215811641778
0.0213253916885
0.0211545867157
0.02106613482
0.0210570711863
0.0211240834043
0.0212650771117
0.0214781879738
0.021757118914
0.0220944632684
0.0224837307744
0.0229203098382
0.023402315305
0.023927804691
0.024492639258
0.0250903304331
0.0257163248866
0.0263656773111
0.0270326365348
0.02771525697
0.0284107117507
0.029115705303
0.0298269881437
0.0305429055491
0.0312610158983
0.0319796612632
0.0326970519395
0.0334114595529
0.0341214016354
0.0348255241852
0.0355224572627
0.0362107813784
0.0368891489089
0.037556261874
0.0382109253841
0.0388520320053
0.0394785185654
0.0400893967669
0.0406839767102
0.0412608522375
0.041819006976
0.0423575843251
0.0428755839534
0.0433719647156
0.0438458756408
0.0442965076613
0.044723018861
0.0451245560422
0.045500288477
0.0458494308605
0.0461712648085
0.0464651422405
0.046730494526
0.0469668565897
0.0471737524146
0.0473506715708
0.047497206141
0.047613031055
0.0476978865457
0.0477515740436
0.0477739543597
0.0477649459422
0.0477245237534
0.0476527194491
0.047549622264
0.0474153795243
0.0472501963727
0.0470543348819
0.0468281128364
0.0465719023923
0.046286128776
0.0459712691158
0.0456278513275
0.0452564527681
0.0448576983843
0.0444322585935
0.0439808485258
0.0435042325436
0.043003235451
0.0424787401104
0.0419316453431
0.0413628710628
0.0407735953263
0.0401649318156
0.0395376897503
0.0388929868482
0.0382320535043
0.0375562527675
0.0368670421373
0.0361658384151
0.0354541003208
0.0347334300445
0.0340057521545
0.0332736333301
0.0325398482214
0.0318069692877
0.0310791495531
0.0303602336313
0.0296565019871
0.028969501517
0.0283039325783
0.0276647765196
0.0270600277395
0.0264885368569
0.0259543499737
0.0254599654253
0.0250094821912
0.0246056054745
0.0242500920993
0.0239419624086
0.023682601916
0.0234742142731
0.0233211528675
0.0232271808686
0.0231958471719
0.0232326077698
0.0233389512215
0.0235161531048
0.0237668767514
0.0240872060499
0.0244804221718
0.0249553336325
0.0255122547618
0.026148746905
0.0268682544073
0.0276800887001
0.0285885135359
0.0295950551257
0.0307045539751
0.0319242509676
0.0332637572418
0.0347342035694
0.0363403061028
0.0380866894923
0.0399830641063
0.042041570587
0.0442681003452
0.0466698651505
0.0492552484073
0.0520346363058
0.0550158007758
0.0582082207913
0.0616230303325
0.0652720769944
0.0691652227259
0.073308961753
0.0777092597812
0.0823725232778
0.0873052423232
0.0925135993646
0.0980032751807
0.103779373158
0.109846380061
0.116208129159
0.122867757576
0.129827658946
0.137089435128
0.14465385036
0.152520790129
0.160689226389
0.169157190424
0.17792175419
0.186979020009
0.196324117359
0.20595120466
0.215853473963
0.226023157089
0.236451532615
0.247128933798
0.25804475787
0.26918747724
0.280544653076
0.292102951645
0.303848163661
0.315765226813
0.327838251573
0.34005055031
0.35238466973
0.364822426588
0.377344946625
0.389932706648
0.402565579642
0.4152228828
0.427883428336
0.440525576918
0.453127293564
0.465666205813
0.478119663978
0.490464803277
0.502678607617
0.514737974819
0.526619783025
0.53830095807
0.549758541542
0.560969759289
0.571912090118
0.582563334395
0.592901682314
0.60290578154
0.61255480398
0.621828511399
0.630707319636
0.639172361148
0.64720554564
0.65478961853
0.661908217008
0.668545923468
0.674688316082
0.680322016318
0.685434733201
0.690015304125
0.694053732061
0.697541218998
0.700470195466
0.702834346037
0.70462863068
0.705849301888
0.706493917496
0.706561349144
0.706051786336
0.704966736092
0.70330901817
0.701082755902
0.69829336266
0.694947524009
0.691053175631
0.686619477099
0.681656781604
0.676176601775
0.670191571711
0.663715405396
0.65676285165
0.649349645816
0.641492458366
0.633208840631
0.624517167889
0.615436580017
0.605986919962
0.596188670259
0.58606288786
0.575631137514
0.564915423972
0.553938123261
0.542721913302
0.531289704125
0.519664567943
0.507869669346
0.495928195855
0.483863289097
0.471697976826
0.45945510603
0.447157277347
0.434826780982
0.422485534348
0.410155021596
0.397856235214
0.385609619854
0.373435018515
0.361351621234
0.349377916373
0.337531644634
0.325829755874
0.314288368824
0.302922733809
0.291747198546
0.280775177158
0.270019122487
0.259490501886
0.249199776611
0.23915638499
0.229368729532
0.219844168135
0.210589009528
0.201608513052
0.192906892871
0.184487326658
0.176351968792
0.168501968081
0.160937490052
0.153657743823
0.146661013639
0.139944695125
0.133505336382
0.127338684072
0.121439734693
0.115802791339
0.110421526253
0.105289049481
0.100397983694
0.0957405448762
0.0913086280706
0.087093897058
0.0830878768604
0.0792820483935
0.0756679450382
0.0722372507319
0.0689818977377
0.0658941592009
0.0629667282889
0.0601927775675
0.0575660049916
0.0550806849497
0.0527317310404
0.0505147548871
0.048426104217
0.0464628672706
0.0446228190576
0.0429043085637
0.0413061553085
0.0398275723397
0.0384680329645
0.0372271410632
0.0361046597147
0.0351006857836
0.0342158521935
0.0334505603702
0.0328034285171
0.0322726015699
0.0318579351077
0.031561395122
0.0313797634763
0.0313078139559
0.0313448613948
0.0314880056716
0.0317352335947
0.0320809847427
0.0325212830991
0.0330512859913
0.0336645391211
0.0343564383641
0.0351192833866
0.0359472561047
0.0368341226624
0.0377757588061
0.0387670151691
0.039799364399
0.0408663836687
0.0419634186438
0.0430872125158
0.0442336025538
0.0453938686072
0.0465635670708
0.0477400876263
0.048921247724
0.0501055476407
0.0512899861159
0.0524720716717
0.0536496177177
0.0548195172085
0.0559798522753
0.0571289613314
0.0582654185896
0.0593889376029
0.060496618007
0.0615860317382
0.0626554000029
0.0637030079598
0.0647271563156
0.0657261674444
0.0666984020616
0.0676422451408
0.0685560764823
0.0694383396815
0.070287563853
0.0711020098282
0.071879904876
0.0726196479909
0.0733197330712
0.073978731922
0.0745953005324
0.0751681810056
0.0756962014477
0.0761782768594
0.0766134111341
0.0770006995497
0.0773393313193
0.077628592006
0.0778678657347
0.0780566371747
0.0781944932548
0.0782811245599
0.0783163263533
0.078299999179
0.0782321490224
0.0781128870223
0.0779424287411
0.0777210930056
0.0774493003293
0.0771275709356
0.0767565224227
0.076336867167
0.0758694096919
0.0753550445621
0.0747947562304
0.0741896243245
0.073540838072
0.0728496897282
0.0721174777738
0.0713454818971
0.0705350576035
0.0696876475079
0.0688047502466
0.0678879000598
0.0669386622824
0.0659586345603
0.0649494484341
0.0639135046984
0.0628518207328
0.0617661212201
0.0606582248882
0.0595300238914
0.0583834842099
0.0572206304176
0.0560435384918
0.0548543558838
0.0536554233995
0.0524500157297
0.0512400843263
0.0500293557577
0.04882378895
0.0476256873967
0.0464392678383
0.0452699449118
0.0441230987042
0.0430062434372
0.0419338448294
0.0409072829633
0.0399271974845
0.0389991369404
0.0381291648317
0.0373231457316
0.0365864315191
0.0359212400918
0.0353307771616
0.0348155028347
0.0343830779978
0.0340331926754
0.0337644036111
0.0335780664886
0.0334796142386
0.0334785130602
0.0335715307284
0.0337565389577
0.0340317680621
0.0343954876017
0.0348445745504
0.0353821948131
0.0360162005443
0.0367399073545
0.0375468269551
0.0384373887134
0.039412478008
0.0404712360791
0.0416203121858
0.0428572840926
0.0441821025122
0.0456006440123
0.0471132237144
0.0487228651138
0.0504372854018
0.052257154807
0.0541940699719
0.0562573473584
0.0584449869755
0.0607657656188
0.0632227096202
0.0658268210442
0.0685825834702
0.0714996066913
0.0745836131935
0.0778407469475
0.0812800958048
0.084909808242
0.0887374565236
0.0927707647237
0.097017543733
0.101485141863
0.106179536128
0.111105169828
0.116265576799
0.121663641786
0.127301551223
0.133180746012
0.139301883247
0.145664788804
0.152268411195
0.159110784417
0.166189000933
0.173499194118
0.181036529453
0.18879520355
0.196768449793
0.20494854923
0.213326845571
0.221893763539
0.230638830258
0.239550699701
0.248617180352
0.257825266325
0.26716117208
0.276610370737
0.286157635867
0.295787086435
0.305482234562
0.31522603565
0.325000940497
0.334788949044
0.344571665479
0.354330354496
0.364045998552
0.373699356015
0.383271020107
0.392741478532
0.402091173706
0.411300563435
0.420350181926
0.429220700955
0.437892991014
0.446348182249
0.45456772499
0.462533449645
0.470227625767
0.477633020042
0.484732953004
0.491511354233
0.497952815831
0.504042643953
0.509766908192
0.515112488599
0.520067120156
0.52461943452
0.528758998839
0.532476351505
0.535763034671
0.538611623396
0.5410157513
0.542970132605
0.54447058048
0.545514021588
0.546098506789
0.546223217938
0.545888470744
0.545095713671
0.543847522895
0.542147593302
0.540000725592
0.53741280951
0.53439080328
0.530942709315
0.527077546298
0.522805317742
0.518136977139
0.513084389852
0.507660291871
0.501878245603
0.495752592866
0.489298405251
0.482531432038
0.475468045873
0.468125186375
0.460520301904
0.452671289678
0.444596434456
0.436314346003
0.42784389554
0.419204151414
0.410414314187
0.401493651382
0.392461432084
0.383336861648
0.374139016717
0.364886780785
0.355598780555
0.346293323302
0.336988335513
0.327701303038
0.31844921301
0.309248497793
0.300114981219
0.291063827384
0.28210949225
0.273265678345
0.264545292795
0.255960408971
0.247522231993
0.239241068356
0.231126299932
0.223186362584
0.215428729654
0.207859900563
0.200485394793
0.193309751505
0.186336535093
0.179568346993
0.173006844078
0.166652763969
0.160505957549
0.154565428811
0.148829381956
0.143295275227
0.137959880508
0.132819347222
0.127869269004
0.123104752398
0.118520488495
0.114110830179
0.109869878242
0.105791579707
0.101869843618
0.0980986767046
0.0944722712271
0.0909848169657
0.0876302615775
0.0844026925077
0.0812968023528
0.0783080560231
0.0754326862468
0.0726674375198
0.070009468852
0.0674567506531
0.0650083795211
0.0626643051878
0.0604249898027
0.0582929344548
0.0562654926433
0.0543449788749
0.052534881551
0.0508446393262
0.0492731054522
0.047818000622
0.0464810379415
0.0452664204482
0.0441817166593
0.0432200209766
0.0423909008528
0.0416982360764
0.0411313693886
0.0406956013042
0.0403926991055
0.0402098469604
0.0401456320793
0.0402004000591
0.0403818969225
0.0406898924968
0.0411189689795
0.0416627947195
0.0423199439908
0.0430800444688
0.0439304440064
0.0448653034575
0.0458796732773
0.0469697301507
0.0481354116286
0.0493636058668
0.0506406272002
0.0519591918912
0.0533192956026
0.0547189237745
0.0561483159429
0.0576036709687
0.0590790558132
0.0605701776621
0.0620752223389
0.0635901358554
0.0651129271357
0.066638821423
0.0681646416405
0.0696880387437
0.0712070958676
0.0727195274718
0.0742228751943
0.0757143941357
0.0771914958362
0.0786518793125
0.0800935099544
0.0815147710838
0.0829134605393
0.0842869820057
0.085633501569
0.0869510684337
0.0882366701093
0.089487638201
0.0907016236068
0.0918763644483
0.0930096329386
0.0940992323445
0.0951430076018
0.0961388580083
0.0970847502695
0.0979787633676
0.0988198049974
0.0996057086546
0.100334238768
0.101003796699
0.101612924061
0.102160295309
0.102644719362
0.103065134526
0.103420607344
0.103710346172
0.103933713549
0.104090229211
0.104179569553
0.10420156677
0.104156207909
0.104043633528
0.103864135763
0.103618155717
0.103306280188
0.102929237785
0.102487894553
0.101983249267
0.10141642856
0.100788682124
0.100101378406
0.0993560025049
0.0985541671951
0.0976977358692
0.0967889169515
0.0958292457393
0.0948204387563
0.0937644697692
0.09266339977
0.0915193494584
0.0903344940701
0.0891110655316
0.0878513532398
0.0865576869786
0.0852324038508
0.0838778967741
0.0824968297713
0.0810916435411
0.0796643220299
0.0782169202837
0.0767517310055
0.0752712401697
0.0737780773711
0.0722749405524
0.070764562067
0.0692497923624
0.0677336351424
0.0662190334615
0.0647089843134
0.0632068807927
0.0617167696146
0.0602427179094
0.058789173337
0.0573617793283
0.0559664333994
0.054610976719
0.0533009543024
0.0520500587337
0.050864547845
0.0497455414836
0.0486920768266
0.0477136262386
0.0468200606064
0.0460073631231
0.0452793258627
0.0446422074862
0.0441093248603
0.043680631498
0.043355322448
0.0431303017531
0.0430050534465
0.042987954551
0.0430838479801
0.0432859714311
0.0435923191379
0.0440037743786
0.044521063431
0.0451337235201
0.0458364102932
0.0466276296707
0.0475062564027
0.0484699160053
0.0495170628834
0.0506410806157
0.0518458049607
0.0531299603712
0.0544870994957
0.0559164337949
0.057420834246
0.0590014927441
0.0606540997461
0.0623803766146
0.0641839744821
0.0660621507576
0.0680189389899
0.0700514916789
0.0721625519272
0.0743574654183
0.0766505827034
0.0790415178368
0.0815355088764
0.0841330848775
0.086838047376
0.0896547094799
0.0925884526023
0.0956458450422
0.0988331885543
0.102156132332
0.105619103598
0.109225851144
0.112980467428
0.116887401719
0.120951207172
0.12517600239
0.129564841464
0.134118715046
0.138837526486
0.143720689048
0.148767096502
0.153975003565
0.159341912521
0.164864524599
0.170538728168
0.176359595253
0.182321354596
0.188417319592
0.194639827564
0.200980287481
0.207429302811
0.213976767913
0.22061191847
0.227323363823
0.234099119403
0.240926644132
0.247792882681
0.254684311537
0.26158698798
0.268486601293
0.275368525726
0.282217874881
0.28901955719
0.295758332275
0.302418867934
0.308985797579
0.315443777917
0.321777546722
0.327971980497
0.33401215184
0.33988338624
0.345571318049
0.351061945279
0.356341682926
0.361397414531
0.366216541722
0.370787031539
0.375097461383
0.379137061449
0.382895754542
0.386364193153
0.389533793704
0.392396767873
0.394946150879
0.397175826656
0.399080549826
0.400655964379
0.401898619
0.402805978977
0.403376434634
0.403609306254
0.403504845455
0.403064233011
0.402289573105
0.401183884029
0.399751085348
0.397995981562
0.395924242318
0.393542379225
0.390857719354
0.387878375501
0.38461321332
0.381071815434
0.37726444266
0.373201992475
0.368895954894
0.364358365912
0.359601758706
0.354639112773
0.349483801217
0.344149536395
0.338650314134
0.333000356756
0.32721405513
0.321305909997
0.315290472807
0.309182286303
0.302995825121
0.296745436644
0.290445282391
0.28410928021
0.277751047563
0.271383846234
0.26502052877
0.258673487037
0.252354603255
0.246075203918
0.239846016974
0.233677132623
0.227577968049
0.221557236294
0.215622919454
0.209782246314
0.204041674632
0.198406878429
0.192882740986
0.187473354508
0.182182027561
0.177011301122
0.17196297352
0.16703813379
0.162237202307
0.157559977109
0.153005684136
0.148573029628
0.144260253236
0.140065181111
0.135985279409
0.132017709985
0.128159390653
0.124407061391
0.120757355449
0.11720687179
0.113752243717
0.110390197157
0.107117602148
0.103931613639
0.100830314097
0.0978123145045
0.0948742022847
0.0920181394789
0.0892377869053
0.0865299102832
0.083893139347
0.0813275068553
0.0788343736952
0.076415568945
0.074074892798
0.0718195014087
0.0696482509199
0.0675610413784
0.0655622368671
0.0636645039619
0.0618773517295
0.0602057361833
0.0586417285897
0.0571891854102
0.0558485323687
0.0546246642284
0.053521299622
0.0525472098584
0.0516992935034
0.0509730710638
0.0503827249338
0.0499229058547
0.049592096315
0.0493869028589
0.0493103894767
0.0493632968489
0.0495383272007
0.0498376387501
0.0502586444509
0.0508017060779
0.0514571073398
0.0522082337694
0.053051463781
0.0539855722654
0.0549980953325
0.0560831660091
0.0572459740307
0.0584852845416
0.0597853887764
0.0611379631896
0.0625354161291
0.0639715898711
0.065440142326
0.0669373601207
0.0684612118774
0.0700081748884
0.0715752072427
0.073158686885
0.0747566059045
0.0763684553594
0.0779916035444
0.0796225385866
0.0812586180572
0.0828977920413
0.0845380012121
0.0861771858084
0.0878133195916
0.0894434871148
0.0910646955161
0.0926742422652
0.0942694414591
0.0958475767197
0.097405936689
0.0989418331246
0.100452586149
0.101935508071
0.103387897572
0.104807042349
0.106190226574
0.107534740746
0.10883789274
0.110097019637
0.111309500325
0.112472768667
0.11358432633
0.114641752819
0.115642709113
0.116584935072
0.117466251112
0.118284575869
0.119037954081
0.11972457988
0.120342810797
0.120891176113
0.121368383073
0.121773322251
0.122105072179
0.122362903027
0.122546279214
0.122654860924
0.122688504553
0.122647262157
0.122531379972
0.122341296042
0.122077636999
0.121741214029
0.121333018049
0.120854214239
0.120306136335
0.119690281776
0.119008309816
0.11826204362
0.11745346209
0.116584640141
0.11565767252
0.114674702594
0.113637988877
0.112549928279
0.111413075342
0.110230144469
0.109003797993
0.107736473507
0.106430624053
0.105088817332
0.103713702428
0.102308012528
0.100874584574
0.099416103207
0.0979349174185
0.0964333740631
0.0949138902794
0.0933788987235
0.0918308412488
0.0902721947593
0.0887054080804
0.087133039185
0.085558318529
0.0839820477006
0.0824056329719
0.0808305594184
0.0792590672883
0.077693670873
0.0761370791635
0.0745922883038
0.0730649558283
0.0715560449864
0.070068776665
0.0686068902218
0.0671746101316
0.0657770092571
0.0644185836038
0.0631060424098
0.0618473700554
0.0606480728224
0.0595153727338
0.0584559895903
0.0574746429719
0.0565705156783
0.0557523893433
0.0550247635269
0.0543943051712
0.0538665639453
0.0534458300527
0.0531239418123
0.0529074742116
0.0528023158322
0.0528015878081
0.0529056666777
0.053116685702
0.0534324650632
0.0538562906665
0.0543853882674
0.055015791568
0.055738176126
0.0565491543896
0.057449984559
0.0584370100855
0.0595114568838
0.0606673980371
0.061899644601
0.063206806169
0.0645863016973
0.0660347016752
0.0675482644006
0.0691234600752
0.0707585492274
0.0724545488376
0.0742062048511
0.0760097108891
0.0778652343957
0.0797689690312
0.0817177690846
0.0837144115287
0.085760638147
0.0878569726021
0.0900086414668
0.0922191951962
0.0944904861824
0.096825522357
0.0992246844246
0.101687018765
0.104216439342
0.10681764567
0.109493239176
0.112246072702
0.115081350989
0.117999378979
0.121002293601
0.124092390687
0.127271063628
0.130539142423
0.133897066714
0.137344903545
0.140882332673
0.144508604824
0.148222484075
0.15202219256
0.155905366338
0.159869023943
0.16390954676
0.168022670166
0.172203484315
0.176446443223
0.180745380598
0.18509353098
0.189483555216
0.193907570017
0.198357181875
0.202823525746
0.207297308492
0.211768856462
0.216228166188
0.220664957052
0.225068725
0.229428796596
0.233734382942
0.237974633146
0.242138687218
0.246215728373
0.250195034793
0.254066030799
0.257818337196
0.26144182043
0.264926640091
0.268263294392
0.271442663357
0.274456049561
0.277295216353
0.279952423507
0.282420460244
0.284692675582
0.286763005936
0.28862599994
0.290276840457
0.291711363811
0.292926076273
0.293918167821
0.294685523202
0.295226730222
0.295541085162
0.295628595174
0.295489977541
0.295126655715
0.294540751945
0.293735076056
0.29271310938
0.291478982905
0.290037450402
0.288393860057
0.286554127659
0.284524709214
0.282312566987
0.279925126102
0.277370227926
0.274656090352
0.27179127546
0.26878465589
0.265645374447
0.262382797877
0.259006467509
0.255526048632
0.251951279434
0.24829191995
0.24455770128
0.240758275357
0.23690316555
0.233001718448
0.229063057176
0.225096036647
0.221109201136
0.217110744591
0.213108474055
0.209109776548
0.205121589683
0.201150376283
0.197202103175
0.19328222435
0.189395668667
0.185546832271
0.181739575887
0.177977227142
0.174262587939
0.170597946908
0.166985096858
0.163425357208
0.159919601381
0.156468289104
0.153071503422
0.149728991978
0.146440211845
0.143204377107
0.140020508373
0.136887483462
0.133804088527
0.130769068833
0.127781179242
0.124839239205
0.121942221166
0.119089506717
0.116281101455
0.113516086063
0.11079331474
0.108112521129
0.105474113444
0.10287932493
0.100329605087
0.0978252612216
0.0953667359948
