1.0
0.999618014887
0.998472862173
0.996566947173
0.993904270212
0.990490413875
0.986332525212
0.981439292998
0.975820920117
0.969489091194
0.962456935608
0.954738986019
0.946351132598
0.937310573126
0.927635759169
0.917346338544
0.906463094304
0.895007880485
0.883003554869
0.870473909025
0.857443595908
0.843938055293
0.829983437343
0.815606524591
0.800834652653
0.785695629961
0.770217656831
0.754429244165
0.738359132087
0.722036208825
0.705489430125
0.688747739499
0.671839989585
0.654794864897
0.637640806251
0.620405937097
0.603117992039
0.585804247752
0.568491456539
0.55120578273
0.53397274212
0.516817144622
0.499763040315
0.482833669014
0.466051413509
0.449437756583
0.433013241897
0.416797438834
0.400808911356
0.38506519091
0.369582753419
0.354377000361
0.339462243921
0.32485169619
0.310557462372
0.296590537934
0.282960809613
0.269677060207
0.256746977028
0.2441771639
0.231973156578
0.220139441423
0.208679477201
0.197595719821
0.186889649839
0.176561802551
0.166611800482
0.157038388061
0.147839468296
0.139012141235
0.130552744001
0.122456892193
0.114719522443
0.107334935907
0.100296842495
0.0935984056186
0.0872322872551
0.0811906931308
0.075465417823
0.070047889594
0.0649292147715
0.0601002215023
0.0555515027103
0.0512734581001
0.0472563350582
0.0434902683107
0.03996531821
0.036671507531
0.0335988566707
0.0307374171545
0.0280773033662
0.025608722429
0.023322002178
0.021207617177
0.0192562127454
0.0174586269729
0.0158059107153
0.0142893455773
0.0129004599017
0.0116310428038
0.010473156299
0.00941914559538
0.00846164763487
0.00759359798541
0.0068082362033
0.00609910979828
0.00546007694485
0.00488530808835
0.00436928659009
0.00390680854084
0.00349298184321
0.00312322461943
0.00279326294345
0.00249912782843
0.0022371513304
0.00200396156602
0.00179647640055
0.00161189555115
0.00144769088032
0.00130159472492
0.00117158621124
0.00105587563359
0.00095288710205
0.000861239778506
0.000779728102608
0.000707301456316
0.000643043730779
0.00058615325465
0.000535923535881
0.000491725274408
0.000452990126039
0.000419196724861
0.000389859468073
0.00036452048399
0.000342744998449
0.000324119981013
0.000308255544858
0.000294788202184
0.000283384862877
0.000273746482794
0.000265610508242
0.000258751635954
0.000252980794401
0.000248142557763
0.0002441113851
0.000240787139579
0.000238090318744
0.000235957354964
0.000234336256029
0.000233182768013
0.000232457164995
0.000232121705534
0.000232138743984
0.000232469444893
0.000233073020314
0.000233906392394
0.000234924176283
0.000236078880194
0.000237321228358
0.000238600526587
0.00023986500682
0.000241062104309
0.000242138637464
0.000243040874685
0.00024371448447
0.000244104374386
0.000244154431659
0.000243807183343
0.000243003397855
0.000241681652523
0.000239777894119
0.000237225021556
0.000233952522541
0.00022988619968
0.000224948027505
0.000219056192129
0.000212125383697
0.000204067445849
0.000194792551373
0.000184211201625
0.000172237612025
0.000158795623278
0.000143829627126
0.000127326442607
0.000109363967166
9.02355525087e-05
7.08355069197e-05
5.41924025167e-05
5.07317459673e-05
6.492105427e-05
9.03762078252e-05
0.000122912457197
0.000160742758461
0.000203193723126
0.000250083358238
0.000301486180974
0.000357644086798
0.000418935815938
0.000485873360439
0.000559112336777
0.000639470213692
0.000727948972219
0.000825759830818
0.000934348080991
0.00105541629286
0.00119094438916
0.00134320545367
0.00151477665304
0.00170854525193
0.00192771028791
0.00217578092733
0.00245657276252
0.00277420330555
0.00313308772107
0.00353793549901
0.00399374838941
0.0045058195839
0.00507973387667
0.0057213683862
0.00643689335741
0.00723277256895
0.00811576291771
0.00909291281959
0.0101715591374
0.0113593224137
0.0126641002439
0.0140940586717
0.0156576215271
0.0173634576544
0.0192204660031
0.0212377585679
0.0234246411851
0.0257905921982
0.0283452390232
0.0310983326496
0.0340597201277
0.0372393150988
0.0406470664391
0.0442929250942
0.0481868091965
0.0523385675625
0.0567579416818
0.0614545263171
0.0664377288471
0.0717167274897
0.0773004285584
0.0831974229074
0.0894159417349
0.0959638119184
0.102848411065
0.110076622463
0.117654790141
0.125588674212
0.133883406733
0.14254344827
0.151572545386
0.160973689254
0.170749075627
0.180900066348
0.191427152634
0.202329920325
0.213607017306
0.225256123301
0.237273922229
0.2496560773
0.26239720904
0.275490876402
0.288929561125
0.30270465548
0.316806453547
0.331224146138
0.345945819473
0.360958457702
0.376247949357
0.391799097784
0.407595635617
0.423620243304
0.439854571715
0.456279268819
0.472874010397
0.489617534775
0.506487681483
0.523461433804
0.540514965075
0.557623688668
0.574762311489
0.591904890874
0.609024894692
0.626095264509
0.643088481585
0.659976635522
0.67673149532
0.693324582625
0.709727246904
0.725910742294
0.741846305868
0.75750523702
0.772858977701
0.787879193207
0.802537853228
0.816807312849
0.830660393205
0.844070461493
0.857011510025
0.869458234024
0.881386107869
0.892771459484
0.903591542594
0.913824606552
0.923449963465
0.932448052372
0.940800500185
0.948490179189
0.955501260836
0.961819265652
0.967431109022
0.972325142694
0.976491191832
0.979920587446
0.982606194099
0.984542432757
0.985725298693
0.986152374376
0.985822837294
0.984737462672
0.982898621071
0.980310270894
0.976977945813
0.972908737167
0.968111271414
0.962595682721
0.956373580799
0.94945801412
0.941863428655
0.933605622309
0.924701695229
0.915169996186
0.905030065239
0.894302572928
0.883009256205
0.871172851398
0.858817024428
0.845966298591
0.832645980164
0.818882082132
0.804701246331
0.790130664309
0.775197997195
0.759931294904
0.744358914958
0.728509441238
0.71241160297
0.69609419424
0.679585994326
0.66291568914
0.646111794052
0.629202578377
0.612215991767
0.595179592778
0.578120479831
0.561065224806
0.544039809468
0.527069564926
0.510179114315
0.493392318842
0.476732227374
0.460221029674
0.443880013413
0.427729525054
0.411788934677
0.396076604816
0.380609863341
0.365404980422
0.35047714956
0.335840472696
0.321507949358
0.307491469795
0.293801812049
0.280448642874
0.267440522412
0.254784912526
0.242488188647
0.230555655021
0.218991563191
0.207799133567
0.196980579904
0.186537136511
0.176469088006
0.166775801425
0.15745576047
0.148506601712
0.139925152518
0.131707470511
0.12384888434
0.11634403555
0.109186921363
0.102370938138
0.0958889253404
0.0897332098288
0.0838956502707
0.0783676815385
0.0731403589317
0.0682044020934
0.0635502385124
0.0591680465176
0.0550477976981
0.0511792987015
0.0475522323874
0.0441561983314
0.0409807526938
0.0380154474762
0.0352498691919
0.0326736769723
0.0302766401077
0.0280486749905
0.0259798813811
0.0240605778526
0.0222813362005
0.0206330145232
0.0191067885979
0.0176941811065
0.0163870882102
0.0151778029443
0.0140590349074
0.0130239257625
0.0120660601508
0.0111794717337
0.0103586442222
0.00959850741359
0.00889442841394
0.00824219837063
0.00763801516009
0.00707846255409
0.00656048642265
0.00608136851591
0.00563869830337
0.00523034324415
0.00485441772846
0.0045092507895
0.00419335256603
0.00390537943928
0.00364409782569
0.00340834683083
0.0031970004035
0.0030089302706
0.00284297170898
0.00269789494006
0.00257238534026
0.0024650354402
0.00237435063915
0.00229876874088
0.00223669120228
0.00218652199323
0.00214670880575
0.00211578135729
0.00209238261867
0.00207529052745
0.00206342956457
0.00205587303526
0.00205183779492
0.00205067350911
0.00205184847369
0.00205493372069
0.00205958674343
0.00206553578784
0.00207256532486
0.00208050305833
0.00208920863134
0.00209856405992
0.00210846583379
0.00211881856726
0.00212953004954
0.00214050752612
0.00215165503654
0.00216287163496
0.00217405032704
0.00218507756749
0.00219583317625
0.00220619054688
0.00221601703718
0.00222517444909
0.00223351952108
0.00224090437248
0.00224717685342
0.00225218076767
0.00225575594743
0.00225773816938
0.00225795891062
0.00225624495063
0.00225241783213
0.00224629319951
0.00223768003835
0.00222637984428
0.00221218575299
0.00219488166767
0.00217424142339
0.00215002803251
0.00212199305993
0.00208987618264
0.00205340499688
0.00201229514726
0.00196625087054
0.0019149660744
0.00185812611613
0.00179541052029
0.00172649699823
0.0016510673477
0.00156881619383
0.00147946423872
0.00138277904354
0.00127860909712
0.0011669427439
0.00104801679726
0.000922532336985
0.000792123686655
0.000660496233148
0.000536664062363
0.000447299171702
0.000434480568887
0.000507368833574
0.000647179701898
0.000832077042953
0.00104866190427
0.00128997808776
0.00155252510858
0.00183459880152
0.00213547586804
0.00245501310039
0.00279344925546
0.00315130997082
0.00352936772539
0.00392863288889
0.00435036340382
0.00479608625415
0.00526762663528
0.00576714208082
0.00629715941985
0.00686061268817
0.00746088019183
0.0081018189375
0.00878779467796
0.00952370592344
0.0103150004745
0.0111676833509
0.0120883154171
0.0130840025066
0.0141623753809
0.0153315613656
0.0166001489251
0.0179771467316
0.0194719389128
0.0210942381348
0.0228540380015
0.0247615659778
0.0268272377036
0.029061613222
0.0314753553222
0.034079189935
0.0368838683203
0.039900130665
0.0431386706469
0.0466101005177
0.0503249162888
0.0542934626663
0.0585258974522
0.063032155209
0.0678219100618
0.0729045375816
0.0782890757572
0.0839841851147
0.0899981080908
0.0963386277973
0.103013026347
0.11002804293
0.117389831847
0.125103920714
0.133175169072
0.141607727622
0.150404998329
0.159569595621
0.16910330892
0.179007066727
0.189280902503
0.199923922545
0.210934276086
0.222309127815
0.234044633024
0.24613591556
0.258577048772
0.2713610396
0.284479815987
0.29792421773
0.311683990913
0.325747786038
0.340103159937
0.354736581567
0.369633441742
0.384778066859
0.40015373665
0.415742705973
0.431526230648
0.447484597309
0.463597157244
0.479842364157
0.496197815791
0.512640299305
0.529145840313
0.545689755444
0.562246708285
0.578790768549
0.595295474293
0.611733896978
0.628078709192
0.644302254796
0.66037662126
0.676273713959
0.691965332153
0.707423246404
0.722619277134
0.737525374065
0.752113696227
0.766356692258
0.78022718069
0.793698429916
0.806744237544
0.819339008829
0.831457833881
0.843076563353
0.854171882325
0.864721382065
0.874703629423
0.884098233558
0.892885909733
0.901048539949
0.90856923014
0.91543236373
0.921623651314
0.927130176283
0.931940436188
0.936044379688
0.939433438928
0.942100557213
0.94404021187
0.945248432198
0.94572281243
0.945462519668
0.944468296739
0.942742459969
0.940288891887
0.937113028873
0.933221843818
0.928623823852
0.923328943231
0.917348631502
0.910695737056
0.903384486239
0.895430438162
0.886850435405
0.877662550813
0.867886030588
0.857541233907
0.846649569315
0.835233428129
0.823316115125
0.810921776789
0.798075327389
0.784802373177
0.771129135012
0.757082369689
0.74268929029
0.727977485846
0.712974840633
0.697709453376
0.682209556687
0.666503437016
0.650619355412
0.634585469376
0.618429756089
0.602179937269
0.585863405932
0.569507155286
0.553137710012
0.536781060133
0.520462597699
0.504207056459
0.488038454722
0.471980041541
0.456054246388
0.440282632431
0.424685853531
0.409283615038
0.394094638479
0.379136630171
0.364426253804
0.349979107015
0.335809701949
0.321931449783
0.308356649187
0.295096478668
0.282160992718
0.269559121704
0.257298675378
0.245386349922
0.23382773839
0.222627344422
0.211788599106
0.201313880818
0.191204537926
0.181460914191
0.172082376734
0.163067346427
0.154413330587
0.146116957851
0.138174015146
0.130579486657
0.123327594743
0.116411842774
0.109825059847
0.103559447414
0.0976066278315
0.0919576948647
0.0866032661923
0.0815335379294
0.0767383411771
0.0722072005587
0.0679293946431
0.0638940180764
0.060090045144
0.0565063943724
0.0531319936547
0.0499558452619
0.0469670899804
0.044155069521
0.0415093862686
0.0390199594159
0.0366770765331
0.0344714396941
0.0323942053919
0.0304370176345
0.0285920338115
0.026851943139
0.0252099777203
0.0236599164847
0.0221960824716
0.0208133340964
0.0195070511635
0.0182731164696
0.0171078938584
0.0160082035482
0.0149712954455
0.0139948209849
0.0130768037809
0.0122156090479
0.0114099113293
0.0106586595759
0.00996103806996
0.00931642113946
0.00872431919967
0.0081843135741
0.00769597810317
0.00725878708064
0.00687201185396
0.00653461247094
0.00624513546425
0.00600163288521
0.00580161909681
0.00564207883604
0.0055195321786
0.00543015095751
0.0053699104656
0.00533475376322
0.00532074571276
0.00532419928774
0.00534176499135
0.0053704822522
0.00540779740694
0.00545155577517
0.00549997587862
0.00555161295171
0.00560531735637
0.00566019190805
0.00571555073152
0.00577088119451
0.00582580970549
0.00588007165634
0.0059334854751
0.00598593057246
0.00603732887036
0.00608762956144
0.00613679673961
0.00618479955218
0.00623160454228
0.00627716987307
0.00632144114905
0.00636434857334
0.00640580520293
0.00644570608644
0.00648392809054
0.00652033024263
0.00655475443757
0.00658702637647
0.00661695662439
0.00664434169201
0.00666896506336
0.00669059810761
0.0067090008272
0.00672392240821
0.00673510155028
0.00674226656433
0.00674513523549
0.00674341445672
0.00673679964632
0.0067249739681
0.00670760737912
0.00668435553436
0.00665485858199
0.00661873988651
0.00657560472029
0.00652503896655
0.00646660787908
0.00639985494603
0.00632430090612
0.00623944296719
0.00614475427745
0.00603968370124
0.00592365595185
0.00579607213662
0.00565631077345
0.00550372934537
0.00533766647344
0.0051574448121
0.00496237481277
0.00475175957458
0.00452490113056
0.00428110875041
0.00401971027433
0.00374006832615
0.00344160493897
0.00312384173498
0.00278647110334
0.00242949471274
0.00205352464725
0.00166053641581
0.00125616191442
0.000859404618526
0.000579323692651
0.000691420356696
0.00107227702821
0.00156351930881
0.00211461842972
0.00270850438181
0.00333830869432
0.00400098398692
0.00469513687217
0.0054201710714
0.00617592000389
0.00696248411331
0.00778016164318
0.00862942591754
0.00951092802599
0.010425514829
0.0113742571308
0.0123584851497
0.0133798294753
0.0144402661611
0.0155421647509
0.0166883380137
0.0178820920535
0.0191272752984
0.020428324713
0.0217903074348
0.0232189559467
0.0247206948896
0.026302657717
0.0279726916054
0.0297393493849
0.0316118677098
0.0336001312544
0.0357146233306
0.0379663639504
0.0403668369279
0.0429279080885
0.04566173697
0.0485806845506
0.0516972194976
0.0550238252313
0.0585729097567
0.0623567197938
0.06638726027
0.0706762197851
0.0752349022461
0.0800741645345
0.0852043598122
0.0906352859118
0.0963761381679
0.102435466033
0.108821132852
0.115540278246
0.122599282644
0.130003733607
0.137758393683
0.145867169655
0.154333083084
0.163158242175
0.172343815012
0.181890004285
0.191796023652
0.202060075917
0.212679333197
0.223649919302
0.234966894508
0.246624242936
0.258614862721
0.270930559152
0.283562040961
0.296498919906
0.309729713783
0.323241853001
0.337021690803
0.351054517231
0.365324576888
0.379815090536
0.394508280574
0.409385400366
0.424426767427
0.439611800424
0.454919059919
0.470326292805
0.485810480307
0.501347889464
0.516914127933
0.532484201984
0.548032577509
0.563533243859
0.578959780325
0.594285425029
0.609483146014
0.62452571429
0.639385778577
0.654035941496
0.66844883693
0.682597208272
0.696453987289
0.709992373291
0.723185912331
0.736008576114
0.748434840343
0.76043976217
0.771999056483
0.783089170712
0.793687357868
0.803771747531
0.813321414503
0.82231644485
0.830737999074
0.838568372164
0.845791050271
0.852390763796
0.858353536664
0.863666731581
0.868319091103
0.872300774328
0.875603389088
0.878220019473
0.88014524861
0.881375176571
0.881907433357
0.881741186889
0.88087714598
0.879317558269
0.877066203127
0.874128379558
0.870510889146
0.866222014114
0.861271490585
0.855670477145
0.849431518844
0.842568506771
0.835096633365
0.827032343651
0.818393282578
0.809198238689
0.799467084325
0.789220712626
0.778480971544
0.767270595163
0.755613132572
0.743532874568
0.731054778488
0.718204391445
0.705007772265
0.691491412427
0.677682156295
0.663607120944
0.649293615876
0.634769062917
0.620060916586
0.605196585215
0.590203353104
0.575108303971
0.559938245955
0.544719638433
0.529478520868
0.514240443926
0.499030403067
0.483872774804
0.468791255809
0.453808805034
0.438947588992
0.424228930325
0.409673259778
0.395300071677
0.381127882979
0.367174195975
0.353455464681
0.339987064952
0.326783268354
0.313857219782
0.30122091884
0.288885204979
0.276859746369
0.265153032517
0.253772370603
0.24272388556
0.232012523898
0.221642061303
0.211615114083
0.20193315451
0.192596530182
0.183604487533
0.174955199646
0.166645798555
0.158672412243
0.151030206537
0.143713432113
0.136715476785
0.130028923216
0.123645612116
0.117556710886
0.111752787545
0.106223889639
0.100959627619
0.0959492620272
0.0911817936138
0.0866460553136
0.0823308048713
0.0782248167483
0.074316971872
0.0705963437614
0.0670522795953
0.0636744748984
0.0604530406806
0.0573785620879
0.0544421478848
0.0516354703767
0.0489507956839
0.0463810045733
0.0439196043334
0.0415607324225
0.0392991528283
0.037130246239
0.0350499952374
0.0330549657987
0.0311422863869
0.0293096259145
0.027555171744
0.0258776087574
0.0242761002889
0.022750271357
0.0213001941115
0.0199263746379
0.0186297391508
0.017411616049
0.0162737082152
0.0152180473363
0.0142469191426
0.0133627460122
0.0125679127351
0.01186452457
0.0112540966792
0.0107371923579
0.0103130526823
0.00997928503113
0.00973168944891
0.00956428704662
0.0094695707623
0.00943894018685
0.00946323484793
0.00953326523852
0.00964025997865
0.00977618554115
0.00993393261584
0.0101073884517
0.0102914252521
0.0104818347415
0.0106752335704
0.0108689572505
0.011060954004
0.0112496850714
0.0114340346943
0.011613230888
0.0117867769043
0.0119543926489
0.0121159650509
0.0122715063107
0.0124211190031
0.0125649671027
0.0127032521141
0.0128361935916
0.0129640134386
0.0130869234539
0.0132051156679
0.0133187550646
0.0134279743379
0.0135328703642
0.0136335021119
0.0137298897311
0.0138220145979
0.0139098201032
0.0139932130048
0.0140720651758
0.0141462156041
0.014215472517
0.0142796155205
0.0143383976621
0.0143915473414
0.0144387700069
0.0144797495933
0.0145141496663
0.0145416142525
0.0145617683447
0.0145742180829
0.0145785506174
0.0145743336724
0.0145611148319
0.0145384205786
0.0145057551211
0.0144625990487
0.0144084078595
0.014342610409
0.014264607332
0.0141737694898
0.0140694365005
0.0139509154089
0.0138174795537
0.013668367691
0.0135027834314
0.0133198950475
0.0131188357068
0.0128987041838
0.0126585661022
0.0123974557575
0.0121143785697
0.0118083142147
0.0114782204931
0.011123038
0.0107416956844
0.0103331174243
0.00989622981171
0.00942997146415
0.00893330439553
0.00840522838048
0.00784479999979
0.0072511595469
0.00662357207333
0.00596149571136
0.00526470681146
0.0045335545621
0.00376954567925
0.00297690317445
0.00216763269359
0.00138320320015
0.00082400286469
0.00115359814489
0.00203238520228
0.00304097930912
0.00411881221604
0.00524993424699
0.0064285199333
0.00765187537406
0.00891847468904
0.0102272923909
0.0115775434719
0.0129685762393
0.0143998315272
0.0158708348556
0.0173812071744
0.018930687486
0.020519163971
0.0221467117709
0.0238136362997
0.0255205212689
0.0272682807134
0.0290582142832
0.0308920649685
0.0327720782685
0.0347010616342
0.0366824428004
0.0387203254139
0.0408195401602
0.0429856894172
0.045225183347
0.0475452652924
0.049954024398
0.052460393554
0.0550741310633
0.0578057848811
0.0606666388421
0.0636686409665
0.0668243146711
0.0701466544596
0.0736490083633
0.0773449499971
0.0812481435174
0.0853722050008
0.0897305637665
0.094336326963
0.0992021503482
0.10434011766
0.109761630366
0.115477308923
0.121496906093
0.127829232281
0.134482092455
0.141462233846
0.148775303442
0.156425814156
0.164417118554
0.172751389057
0.181429603662
0.190451536323
0.199815751318
0.209519601039
0.219559226805
0.229929562408
0.240624340225
0.251636099789
0.262956198812
0.274574826692
0.286481020556
0.298662683942
0.31110660822
0.323798496845
0.336722992544
0.349863707536
0.363203256825
0.376723294653
0.390404554121
0.404226889988
0.418169324655
0.432210097261
0.446326715873
0.460496012652
0.474694201904
0.488896940901
0.503079393301
0.517216295027
0.531282022402
0.545250662354
0.559096084462
0.572792014633
0.586312110142
0.599630035806
0.612719541007
0.625554537313
0.638109176393
0.650357927966
0.66227565748
0.673837703226
0.68501995261
0.69579891728
0.706151806809
0.71605660067
0.725492118193
0.734438086251
0.742875204384
0.750785207116
0.758150923208
0.764956331604
0.771186613848
0.776828202756
0.781868827135
0.786297552383
0.790104816782
0.793282463343
0.795823767074
0.797723457542
0.79897773665
0.799584291537
0.799542302556
0.798852446292
0.797516893591
0.79553930263
0.79292480702
0.789679999013
0.785812907867
0.781332973446
0.776251015175
0.770579196451
0.76433098467
0.757521107005
0.750165502131
0.742281268068
0.73388660635
0.725000762741
0.715643964723
0.705837355994
0.695602928234
0.684963450389
0.673942395745
0.662563867061
0.650852520037
0.638833485406
0.626532289911
0.613974776472
0.601187023806
0.58819526579
0.575025810823
0.561704961478
0.548258934687
0.534713782716
0.52109531518
0.50742902233
0.493739999829
0.480052875237
0.466391736401
0.452780061945
0.439240654027
0.425795573536
0.412466077889
0.399272561568
0.386234499554
0.373370393775
0.360697722738
0.34823289446
0.335991202871
0.323986787846
0.312232599055
0.300740363839
0.289520559361
0.278582389296
0.26793376539
0.257581294253
0.24753026977
0.237784671606
0.228347170263
0.219219139217
0.210400674636
0.2018906232
0.193686618483
0.185785126294
0.178181499264
0.170870040833
0.163844078585
0.157096046675
0.150617576831
0.144399597162
0.138432437696
0.132705941334
0.127209578647
0.121932564745
0.116863976307
0.111992866796
0.107308377867
0.102799845104
0.0984568963378
0.0942695410778
0.0902282498469
0.086324022564
0.0825484454559
0.0788937363476
0.0753527785209
0.0719191436549
0.0685871046453
0.0653516393458
0.0622084264749
0.0591538350945
0.0561849091895
0.053299348973
0.0504954906179
0.047772286174
0.04512928549
0.0425666220076
0.0400850043455
0.037685715612
0.0353706223472
0.033142194819
0.0310035399514
0.0289584472088
0.0270114459344
0.0251678693635
0.0234339150169
0.0218166824648
0.0203241567805
0.0189650896614
0.0177487133884
0.0166842142243
0.0157799078645
0.0150421210392
0.0144739010738
0.0140738227666
0.0138352583241
0.0137464200709
0.0137912499376
0.0139509268207
0.0142055742346
0.0145357697425
0.0149236253948
0.015353397095
0.0158117038191
0.0162874808678
0.0167717819884
0.0172575148944
0.0177391634213
0.0182125253805
0.0186744792337
0.0191227833537
0.0195559067458
0.0199728879129
0.0203732178705
0.0207567434018
0.0211235870627
0.0214740809756
0.0218087119694
0.022128076086
0.0224328408657
0.0227237141385
0.0230014183035
0.0232666692737
0.0235201594193
0.0237625439551
0.0239944303122
0.0242163700947
0.0244288532786
0.0246323043465
0.0248270800812
0.0250134687672
0.0251916905693
0.0253618988735
0.0255241823932
0.0256785678592
0.0258250231273
0.0259634605521
0.026093740492
0.0262156748253
0.0263290303737
0.0264335321442
0.0265288663149
0.0266146829065
0.0266905980934
0.026756196122
0.0268110308169
0.0268546266668
0.0268864794906
0.0269060566987
0.0269127971668
0.026906110755
0.0268853775051
0.0268499465618
0.0267991348657
0.0267322256718
0.0266484669551
0.0265470697628
0.0264272065846
0.0262880098066
0.0261285703251
0.0259479363925
0.0257451127731
0.0255190602848
0.0252686958083
0.0249928928403
0.0246904826752
0.0243602562978
0.0240009670746
0.0236113343386
0.0231900479726
0.0227357741097
0.0222471621003
0.0217228529291
0.0211614893294
0.0205617279338
0.0199222539432
0.0192417990182
0.0185191634474
0.0177532442084
0.0169430714492
0.0160878574511
0.0151870647611
0.0142405048429
0.013248487149
0.0122120548564
0.0111333760861
0.0100164275964
0.0088682578707
0.00770146236762
0.00653932553289
0.00542696343606
0.00445483609114
0.00379554328748
0.00369245820885
0.00427116121858
0.00538640831136
0.00680450696694
0.00840413109155
0.0101286500629
0.0119489356709
0.0138485259437
0.0158171927059
0.0178479766246
0.0199357311407
0.0220763675642
0.0242664480006
0.0265029617556
0.028783204271
0.0311047166103
0.0334652626967
0.0358628313809
0.0382956557105
0.040762244689
0.0432614244571
0.045792386755
0.0483547430328
0.0509485828263
0.0535745351087
0.0562338313061
0.0589283685796
0.0616607718348
0.064434452754
0.0672536639725
0.0701235463489
0.0730501671449
0.0760405468421
0.0791026723121
0.0822454941458
0.0854789061519
0.0888137053793
0.0922615314989
0.0958347850035
0.0995465244202
0.103410343553
0.107440230628
0.111650412053
0.116055184218
0.120668737395
0.125504976108
0.130577340547
0.135898633415
0.141480856258
0.147335058753
0.153471203663
0.159898049405
0.166623051264
0.173652281574
0.180990368417
0.188640451881
0.196604156462
0.204881577946
0.213471282976
0.222370319498
0.231574236349
0.241077110424
0.250871580031
0.260948883255
0.271298900364
0.281910199504
0.29277008508
0.303864648416
0.315178820387
0.326696425819
0.338400239571
0.350272044209
0.362292689276
0.374442152139
0.386699600446
0.39904345618
0.411451461315
0.423900745074
0.436367892726
0.448829015896
0.461259824281
0.473635698704
0.485931765348
0.498122971054
0.510184159499
0.522090148085
0.533815805326
0.545336128519
0.556626321483
0.5676618721
0.578418629441
0.588872880185
0.599001424099
0.608781648291
0.618191599982
0.627210057518
0.635816599375
0.643991670866
0.651716648326
0.658973900497
0.66574684689
0.672020012882
0.677779081334
0.683010940508
0.687703728103
0.691846871223
0.695431122099
0.698448589437
0.70089276524
0.702758546999
0.70404225515
0.704741645727
0.704855918144
0.704385718062
0.703333135338
0.701701697036
0.699496355527
0.696723471718
0.693390793458
0.689507429211
0.685083817067
0.680131689224
0.674664032058
0.668695041922
0.662240076837
0.655315604248
0.647939145028
0.640129213926
0.631905256673
0.623287583954
0.614297302482
0.604956243396
0.595286888221
0.585312292642
0.57505600832
0.564542003003
0.553794579174
0.54283829148
0.531697863185
0.520398101875
0.508963814665
0.497419723127
0.48579037817
0.474100075099
0.462372769076
0.450631991203
0.438900765463
0.427201526738
0.415556040166
0.403985322083
0.392509562838
0.381148051783
0.369919104799
0.358839994722
0.347926885134
0.337194767997
0.326657405693
0.31632727812
0.30621553551
0.296331957774
0.286684921181
0.277281373253
0.268126816796
0.259225303964
0.25057944125
0.242190406205
0.234057976569
0.226180572362
0.218555311202
0.211178076922
0.204043601172
0.197145557429
0.190476666399
0.18402881151
0.177793162801
0.171760307251
0.165920383345
0.160263217501
0.154778459936
0.14945571753
0.144284681411
0.139255247113
0.134357625509
0.129582442973
0.124920829661
0.120364495134
0.115905790979
0.111537760425
0.10725417532
0.103049561137
0.0989192109268
0.0948591893981
0.0908663284312
0.0869382155302
0.0830731768056
0.0792702561958
0.0755291927379
0.0718503978141
0.0682349344491
0.0646845009332
0.0612014213233
0.0577886457484
0.0544497639511
0.0511890361512
0.0480114461319
0.0449227824
0.0419297542416
0.0390401502078
0.0362630463791
0.0336090693904
0.0310907122075
0.0287226847231
0.0265222495909
0.0245094374988
0.0227069489124
0.0211394411482
0.0198318249674
0.0188062826397
0.0180781425232
0.0176515291002
0.0175164353403
0.0176487512324
0.0180135090264
0.0185700278059
0.0192770167975
0.0200962833297
0.0209947038124
0.0219448021617
0.022924478976
0.0239163450248
0.0249069459337
0.0258860258669
0.0268458898676
0.0277808775627
0.0286869397108
0.0295613016779
0.0304021971127
0.0312086569398
0.0319803414126
0.0327174055288
0.0334203903105
0.0340901342245
0.0347277004038
0.0353343163881
0.0359113239055
0.0364601368151
0.0369822057829
0.0374789885988
0.0379519252889
0.0384024173646
0.0388318106816
0.0392413814842
0.039632325278
0.040005748227
0.0403626608071
0.0407039734713
0.0410304941013
0.0413429270327
0.0416418734488
0.0419278329476
0.0422012060935
0.0424622977715
0.042711321172
0.0429484022413
0.0431735844442
0.0433868336966
0.0435880433393
0.0437770390331
0.0439535834763
0.0441173808527
0.0442680809367
0.0444052827953
0.0445285380407
0.0446373535995
0.04473119398
0.044809483029
0.0448716051819
0.0449169062215
0.0449446935688
0.0449542361418
0.0449447638228
0.0449154665852
0.0448654933379
0.0447939505499
0.044699900725
0.0445823608017
0.0444403005571
0.0442726410978
0.0440782535243
0.0438559578596
0.0436045223315
0.0433226631064
0.0430090445676
0.042662280239
0.0422809344547
0.0418635248788
0.0414085259856
0.0409143736164
0.0403794707396
0.0398021945575
0.0391809051225
0.0385139556619
0.0377997048524
0.0370365313563
0.0362228510252
0.0353571373152
0.0344379456593
0.033463942832
0.0324339427711
0.0313469509574
0.0302022204114
0.0289993238342
0.0277382486926
0.0264195256488
0.0250444065271
0.0236151175084
0.0221352291222
0.020610211556
0.0190482900789
0.017461794715
0.0158693305763
0.0142992952435
0.0127954817082
0.0114253458369
0.0102895545623
0.00952453556195
0.00927846268555
0.00964901156893
0.0106261942049
0.0121083663548
0.0139711331957
0.0161132516608
0.0184639890117
0.0209758581968
0.0236166439713
0.0263637558857
0.0292006540145
0.0321146527555
0.0350955721042
0.038134901695
0.0412252775638
0.0443601532215
0.0475335943628
0.0507401543337
0.0539748038291
0.0572328980418
0.0605101704049
0.0638027457111
0.0671071676691
0.0704204373847
0.073740060146
0.0770640984425
0.0803912294624
0.0837208054783
0.087052915576
0.0903884471627
0.0937291456029
0.0970776702196
0.100437644759
0.103813700283
0.107211508326
0.110637802079
0.114100383309
0.117608112812
0.121170882289
0.124799565867
0.128505949833
0.132302639731
0.13620294462
0.140220739119
0.144370304697
0.148666152633
0.153122831919
0.157754726201
0.162575844493
0.167599610826
0.172838658133
0.178304631601
0.184008006252
0.189957922926
0.196162045942
0.202626444768
0.209355500997
0.21635184092
0.223616293107
0.231147869624
0.238943768938
0.246999398173
0.255308412141
0.263862766527
0.272652782685
0.281667221657
0.290893365296
0.300317102629
0.309923019915
0.319694493111
0.329613781753
0.339662123475
0.349819828602
0.360066374401
0.370380498736
0.380740292937
0.391123293785
0.401506574557
0.411866835112
0.42218049099
0.432423761512
0.442572756877
0.452603564194
0.462492332422
0.472215356126
0.481749157968
0.491070569823
0.500156812374
0.508985573061
0.517535082199
0.525784187106
0.533712424044
0.541300087789
0.548528298623
0.555379066552
0.561835352544
0.567881126586
0.573501422368
0.578682388394
0.583411335339
0.587676779481
0.591468482034
0.594777484234
0.597596138037
0.599918132301
0.601738514335
0.603053706735
0.603861519405
0.604161156713
0.603953219737
0.603239703557
0.602023989603
0.600310833034
0.598106345198
0.595417971196
0.592254462596
0.588625845386
0.584543383229
0.58001953613
0.575067914616
0.569703229556
0.563941237749
0.557798683419
0.551293235781
0.544443422811
0.537268561408
0.529788684102
0.522024462491
0.513997127582
0.505728387217
0.497240340782
0.488555391387
0.479696155709
0.470685371736
0.461545804601
0.452300150777
0.442970940872
0.433580441323
0.424150555315
0.414702723285
0.405257823437
0.395836072745
0.386456928998
0.377138994537
0.367899922382
0.358756325621
0.349723690946
0.340816297403
0.332047141479
0.323427869743
0.314968720337
0.306678474646
0.298564420475
0.290632328036
0.282886439931
0.27532947618
0.267962655114
0.260785730693
0.253797046443
0.246993605857
0.240371158672
0.233924301998
0.227646594869
0.22153068438
0.215568441215
0.209751102132
0.204069416737
0.198513795831
0.193074458583
0.187741575915
0.182505407678
0.177356431453
0.172285461168
0.167283754079
0.162343105065
0.157455927568
