-0.0
8.45545953693e-05
0.000338223906266
0.000761024473028
0.00135298374934
0.00211413993155
0.00304454171894
0.00414424800403
0.00541332749193
0.00685185824674
0.00845992716323
0.0102376293605
0.0121850674944
0.0143023509824
0.016589595137
0.0190469201965
0.0216744502447
0.024472312005
0.0274406334917
0.0305795424977
0.0338891648891
0.0373696226742
0.0410210318019
0.0448434996359
0.0488371220369
0.0530019799687
0.0573381355246
0.0618456272453
0.0665244645704
0.0713746212298
0.0763960273383
0.0815885599023
0.0869520313884
0.0924861759245
0.0981906326179
0.104064925366
0.11010843841
0.116320386738
0.122699780256
0.12924538048
0.135955648222
0.142828680539
0.14986213488
0.15705313809
0.164398177583
0.17189297168
0.179532315829
0.187309901201
0.195218102091
0.203247728759
0.211387742899
0.219624934078
0.227943557464
0.236324936297
0.244747037114
0.253184032235
0.261605872586
0.269977904733
0.27826057871
0.286409306645
0.294374544343
0.302102175353
0.309534274923
0.316610314265
0.323268828955
0.329449517372
0.335095659923
0.340156669126
0.344590513638
0.34836572822
0.351462744226
0.353874355992
0.355605264267
0.356670779323
0.357094888978
0.356907971921
0.356144452335
0.354840653509
0.353033034239
0.350756904959
0.348045639908
0.344930339151
0.341439854301
0.337601073151
0.333439356953
0.328979034676
0.32424387658
0.319257490906
0.314043609381
0.308626247438
0.303029741839
0.297278681029
0.291397751563
0.285411527661
0.279344230947
0.273219484631
0.267060081863
0.260887782639
0.25472314828
0.248585417727
0.242492425981
0.236460562138
0.230504762566
0.224638533725
0.218873998775
0.213221962277
0.207691987726
0.202292483359
0.197030792402
0.191913284646
0.186945446967
0.182131970997
0.177476836683
0.172983390915
0.168654420735
0.164492220925
0.160498655965
0.156675216501
0.153023070585
0.149543109972
0.146235991858
0.143102176419
0.140141960521
0.137355507989
0.134742876785
0.132304043429
0.13003892499
0.127947398935
0.12602932111
0.124284542115
0.122712922287
0.121314345511
0.120088732058
0.119036050623
0.118156329729
0.117449668661
0.116916248064
0.11655634035
0.116370320053
0.116358674251
0.116522013198
0.116861081288
0.11737676849
0.118070122401
0.118942361053
0.119994886655
0.121229300431
0.122647418767
0.124251290868
0.126043218194
0.128025775948
0.130201836932
0.132574598171
0.135147610713
0.137924813119
0.140910569247
0.144109710999
0.147527586864
0.151170117224
0.155043857548
0.159156070848
0.163514811023
0.168129019003
0.173008634042
0.178164722932
0.183609630491
0.189357155372
0.195422756037
0.201823792741
0.208579812505
0.215712885359
0.223248001564
0.231213540883
0.239641826016
0.248569772337
0.258039643777
0.268099917399
0.278806241833
0.290222436837
0.302421402639
0.315485647187
0.329506814152
0.344582935238
0.36081079345
0.378268088545
0.39697479404
0.416813407391
0.437373623265
0.457681736633
0.47584336017
0.48891720939
0.49376691514
0.489043574331
0.47631627584
0.458767339869
0.439257873651
0.419586861129
0.400661543471
0.382853613135
0.366259279753
0.350846575826
0.336530530099
0.32320945423
0.310781616827
0.29915232328
0.288236403277
0.27795856626
0.26825282569
0.259061572123
0.250334568655
0.242027991266
0.234103562587
0.226527792197
0.219271320272
0.212308354799
0.205616190523
0.19917479795
0.192966471856
0.186975530067
0.181188054723
0.175591669478
0.170175347178
0.164929243521
0.159844552931
0.154913383555
0.150128648747
0.145483972896
0.140973609712
0.136592371425
0.132335567528
0.128198951908
0.124178677333
0.120271256398
0.116473528132
0.112782629558
0.109195971554
0.105711218444
0.1023262708
0.0990392509674
0.0958484909027
0.0927525219116
0.0897500659558
0.0868400282002
0.0840214905243
0.0812937057448
0.0786560923334
0.0761082294392
0.0736498520579
0.0712808462121
0.069001244039
0.0668112187011
0.0647110790603
0.0627012640767
0.0607823369111
0.0589549787278
0.0572199822067
0.0555782447888
0.0540307616863
0.0525786186962
0.0512229848633
0.0499651050404
0.0488062923941
0.0477479209055
0.0467914179121
0.0459382567333
0.0451899494186
0.0445480396486
0.0440140958165
0.0435897043066
0.0432764629809
0.0430759748747
0.042989842096
0.0430196599122
0.0431670109995
0.0434334598221
0.0438205470981
0.0443297842988
0.0449626481188
0.0457205748444
0.0466049545358
0.047617124926
0.0487583649296
0.0500298876372
0.0514328326586
0.05296825766
0.0546371289233
0.0564403107324
0.0583785533739
0.0604524795094
0.0626625686549
0.0650091394706
0.0674923295352
0.0701120722463
0.0728680704581
0.0757597664331
0.0787863076582
0.0819465080546
0.0852388040925
0.0886612053306
0.092211238917
0.095885887647
0.0996815212663
0.103593820861
0.107617696401
0.111747197822
0.11597542046
0.120294406234
0.124695042705
0.129166963058
0.133698451159
0.138276357154
0.142886030496
0.14751127883
0.152134362616
0.156736036608
0.161295650025
0.165791317143
0.170200168733
0.174498691914
0.178663161313
0.182670157866
0.186497163315
0.190123209204
0.193529549849
0.19670032085
0.19962313974
0.202289604657
0.2046956514
0.206841738803
0.208732846141
0.210378282374
0.211791323148
0.212988705212
0.213990017492
0.21481703248
0.21549302088
0.216042087402
0.216488557635
0.216856436546
0.217168949779
0.21744817059
0.21771472854
0.21798759132
0.21828390804
0.218618900921
0.219005792079
0.219455752675
0.219977862921
0.220579072814
0.221264155146
0.222035643996
0.222893753692
0.22383627512
0.224858448388
0.225952813367
0.227109042636
0.228313765106
0.229550393131
0.230798971253
0.23203607086
0.233234761361
0.234364694406
0.235392341876
0.236281429109
0.236993600132
0.237489339316
0.237729152557
0.237674980696
0.237291780897
0.236549173274
0.23542301808
0.233896772014
0.231962478047
0.229621274501
0.226883362532
0.223767437001
0.220299650526
0.216512231286
0.212441902879
0.208128256905
0.203612209514
0.198934639731
0.194135268776
0.189251803286
0.184319336214
0.179369979182
0.174432688966
0.169533246969
0.164694351925
0.159935790548
0.155274656842
0.150725597029
0.146301062893
0.142011561362
0.137865892209
0.133871368951
0.130034020317
0.126358771407
0.122849604733
0.119509702102
0.116341568744
0.113347141265
0.110527881126
0.107884855282
0.105418805572
0.103130208299
0.101019325321
0.0990862478436
0.0973309339515
0.0957532408107
0.0943529523386
0.0931298030503
0.0920834986874
0.0912137341598
0.0905202092568
0.0900026425261
0.0896607836635
0.089494424715
0.089503410352
0.0896876474513
0.0900471141814
0.0905818687781
0.0912920581715
0.0921779266126
0.0932398244355
0.0944782170829
0.0958936945137
0.0974869811082
0.0992589461822
0.10121061522
0.103343181936
0.105658021268
0.108156703428
0.110841009099
0.113712945918
0.116774766328
0.120028986944
0.123478409513
0.127126143583
0.130975630963
0.135030672034
0.139295453921
0.143774580499
0.148473104086
0.153396558557
0.158550993401
0.16394300798
0.169579784793
0.175469119981
0.181619448435
0.188039859642
0.194740098616
0.201730543741
0.209022149685
0.216626338293
0.224554812822
0.232819260034
0.2414308891
0.250399734132
0.25973361586
0.269436614615
0.279506848263
0.289933274003
0.300691146292
0.311735684049
0.322993480175
0.33435134015
0.345642782662
0.356633718871
0.367011219253
0.376382739268
0.384296283504
0.390290910603
0.393976663618
0.395123406467
0.393721590491
0.389983706585
0.384285633616
0.377078221403
0.368806412968
0.359857350051
0.350539079026
0.341080681363
0.331643271434
0.322334328818
0.313221323314
0.304343036351
0.295718307205
0.287352502659
0.279242173867
0.271378348633
0.26374882925
0.25633977922
0.249136806857
0.242125694671
0.235292879767
0.22862575894
0.222112870035
0.215743985646
0.209510144568
0.203403639039
0.197417970784
0.191547785346
0.185788791821
0.180137673354
0.174591992577
0.169150095221
0.163811014455
0.158574377929
0.153440319049
0.148409393614
0.143482502592
0.138660821556
0.13394573703
0.129338789789
0.124841625005
0.120455948973
0.11618349208
0.112025977566
0.107985095623
0.104062482318
0.100259702842
0.096578238577
0.0930194775126
0.0895847075439
0.0862751122474
0.0830917687414
0.080035647292
0.0771076123551
0.0743084247899
0.0716387450095
0.0690991368707
0.066690072137
0.0644119353741
0.0622650291675
0.0602495795697
0.058365741709
0.0566136055068
0.0549932014681
0.0535045065215
0.0521474498977
0.050921919046
0.0498277655953
0.0488648113739
0.0480328545106
0.0473316756406
0.0467610442479
0.0463207251779
0.0460104853552
0.0458301007485
0.0457793636203
0.0458580901069
0.04606612817
0.0464033659661
0.0468697406794
0.0474652478628
0.0481899513355
0.0490439936845
0.0500276074178
0.0511411268196
0.0523850005585
0.0537598051028
0.0552662589975
0.0569052380655
0.0586777915959
0.0605851595923
0.0626287911598
0.0648103641201
0.0671318059578
0.069595316211
0.0722033904437
0.0749588459519
0.0778648493817
0.0809249464667
0.084143094119
0.0875236951442
0.0910716358887
0.0947923271603
0.0986917488079
0.102776498373
0.107053844254
0.111531783841
0.116219107032
0.12112546553
0.126261448105
0.131638661835
0.137269818822
0.143168827226
0.149350884287
0.15583256718
0.162631914756
0.169768488782
0.177263396436
0.18513924516
0.193419984384
0.202130562828
0.211296289867
0.220941727083
0.231088839686
0.241753990682
0.252943142563
0.264644323226
0.276816020537
0.289369785701
0.302145277345
0.314877117408
0.327157002837
0.338403993298
0.347871253488
0.354729409786
0.35824862071
0.358030771981
0.354162903163
0.347182111455
0.337878433492
0.327068482215
0.315446580457
0.303532257521
0.291680308632
0.280115653756
0.268970425178
0.258314376954
0.248177059741
0.238563003899
0.229461738108
0.220854244656
0.212717044967
0.205024741622
0.197751567486
0.19087230152
0.184362783585
0.178200177537
0.172363078221
0.166831523527
0.161586950491
0.156612120196
0.151891027081
0.147408802382
0.143151617635
0.139106591769
0.13526170375
0.13160571178
0.128128079444
0.124818908834
0.121668880467
0.118669199705
0.11581154933
0.113088047918
0.110491213643
0.108013933194
0.105649435473
0.103391269784
0.101233288224
0.0991696320181
0.0971947215213
0.0953032496227
0.0934901782811
0.0917507378997
0.090080429235
0.0884750275159
0.0869305884233
0.0854434555611
0.0840102690291
0.082627974692
0.0812938337275
0.0800054320347
0.0787606890868
0.0775578658304
0.0763955712536
0.0752727672859
0.0741887717317
0.0731432589985
0.0721362584356
0.0711681501713
0.0702396583985
0.069351842134
0.0685060835408
0.0677040739653
0.0669477978999
0.066239515126
0.0655817413352
0.0649772275475
0.0644289386694
0.0639400315326
0.0635138327571
0.0631538167636
0.0628635842414
0.0626468413498
0.0625073798998
0.0624490587266
0.0624757864279
0.0625915056052
0.0628001787127
0.0631057755807
0.0635122626549
0.0640235939639
0.0646437038034
0.0653765011097
0.066225865478
0.06719564477
0.0682896542501
0.0695116771831
0.070865466826
0.0723547497476
0.073983230414
0.0757545969813
0.0776725282425
0.079740701686
0.0819628026233
0.0843425343552
0.0868836293486
0.0895898613974
0.0924650587443
0.0955131181329
0.098738019753
0.102143843021
0.105734783113
0.109515168127
0.113489476676
0.117662355665
0.122038637827
0.126623358488
0.131421770761
0.13643935807
0.141681842495
0.147155186812
0.152865587347
0.158819453668
0.165023369674
0.171484028623
0.178208131964
0.185202238084
0.192472542102
0.200024561084
0.207862689997
0.215989581817
0.224405289754
0.233106090282
0.242082882828
0.251319037664
0.260787543368
0.2704473015
0.280238452946
0.290076739948
0.299847175193
0.309397786625
0.318534994705
0.327023197431
0.334592029154
0.340954700915
0.345838686165
0.349025207399
0.350387936188
0.349917943764
0.347725096827
0.344015320966
0.339052761917
0.333119822331
0.326485241992
0.319384414579
0.312011074306
0.304517057208
0.297016612449
0.289592575137
0.282302741367
0.275185605877
0.26826514968
0.261554653309
0.255059643377
0.248780123549
0.242712240239
0.236849514163
0.231183744668
0.225705670509
0.220405451039
0.215273015803
0.210298318234
0.205471519699
0.200783123099
0.196224069977
0.191785811171
0.18746035818
0.183240320291
0.179118930964
0.175090065841
0.171148253932
0.167288682998
0.163507199712
0.159800304989
0.156165144716
0.152599496054
0.149101749488
0.145670886845
0.14230645555
0.139008539481
0.135777726831
0.132615075491
0.129522076485
0.126500616049
0.123552936954
0.12068159968
0.117889444008
0.115179551595
0.112555210005
0.110019878637
0.107577156926
0.105230755087
0.102984467651
0.100842149936
0.0988076975462
0.0968850289379
0.0950780710442
0.0933907479008
0.0918269721943
0.0903906396272
0.0890856259798
0.0879157867437
0.0868849592016
0.0859969668327
0.0852556259392
0.0846647543999
0.0842281824843
0.0839497656797
0.0838333995149
0.0838830363953
0.0841027044966
0.0844965288048
0.0850687544317
0.0858237723799
0.086766147986
0.087900652328
0.0892322969486
0.0907663723246
0.0925084906
0.0944646332059
0.0966412041106
0.0990450895922
0.1016837256
0.104565173979
0.107698209096
0.111092416706
0.114758307284
0.118707446523
0.122952606254
0.127507939788
0.132389186521
0.137613911758
0.14320178905
0.149174933955
0.155558300156
0.162380151215
0.169672623958
0.177472402393
0.185821523724
0.194768339402
0.204368651978
0.21468703803
0.225798338298
0.237789227139
0.250759618766
0.264823330063
0.280106687555
0.296742178617
0.31485080899
0.334499486588
0.355604878992
0.377729752241
0.399697964904
0.419050935103
0.431881899145
0.434344441133
0.425680009319
0.408960039564
0.388364564876
0.366905962688
0.346155144182
0.326757363153
0.308890486367
0.292525404605
0.277552826047
0.263840645816
0.251258372072
0.239686509319
0.229019259824
0.219164381987
0.210041951047
0.201582802062
0.193726989716
0.186422394741
0.179623514227
0.173290433047
0.167387958079
0.161884892482
0.156753427788
0.151968633935
0.14750803028
0.143351223436
0.139479600322
0.135876066925
0.132524825077
0.129411181005
0.126521380616
0.12384246744
0.121362159969
0.119068745756
0.116950990185
0.114998058255
0.113199448062
0.11154493498
0.110024525746
0.108628421863
0.107346991858
0.106170752057
0.105090355563
0.104096589203
0.103180378147
0.102332797898
0.101545093265
0.100808703832
0.100115295301
0.0994567959705
0.0988254374294
0.0982137984125
0.0976148506228
0.0970220051956
0.0964291584029
0.0958307351474
0.0952217288092
0.0945977360697
0.0939549854692
0.0932903586338
0.092601403346
0.0918863379066
0.09114404654
0.0903740659072
0.0895765630962
0.0887523057455
0.0879026251972
0.0870293737771
0.0861348774304
0.0852218850253
0.0842935156466
0.0833532051657
0.0824046532853
0.0814517721275
0.0804986372825
0.0795494420621
0.0786084555261
0.0776799846711
0.0767683410119
0.0758778116325
0.0750126346564
0.0741769789793
0.0733749280225
0.0726104672011
0.0718874747617
0.0712097156154
0.0705808377887
0.0700043711142
0.0694837277993
0.0690222045349
0.0686229858315
0.0682891483024
0.0680236656481
0.0678294141282
0.0677091783426
0.0676656571746
0.0677014697787
0.0678191615263
0.0680212098453
0.068310029915
0.068687980197
0.0691573678022
0.0697204537079
0.0703794578566
0.0711365641755
0.0719939255699
0.0729536689518
0.0740179003722
0.0751887103335
0.0764681793671
0.0778583839649
0.0793614029614
0.0809793244724
0.0827142534978
0.0845683203116
0.0865436897651
0.0886425716433
0.0908672322257
0.0932200072157
0.095703316222
0.0983196789892
0.101071733603
0.103962256919
0.106994187488
0.110170651306
0.113494990732
0.116970796998
0.12060194677
0.124392643317
0.128347462899
0.132471407146
0.136769962269
0.141249166147
0.145915684516
0.150776897722
0.15584099982
0.161117112139
0.166615413941
0.172347293359
0.178325522549
0.184564461917
0.191080299479
0.197891332903
0.20501830373
0.212484795713
0.220317712367
0.228547852842
0.237210610288
0.246346823228
0.256003818073
0.266236689664
0.277109875385
0.288699083852
0.301093633369
0.314399219041
0.328741015059
0.344266722367
0.361148433608
0.379580380838
0.399765223852
0.421870812656
0.445913920605
0.471473115624
0.497057732184
0.519083321006
0.531567507031
0.529475348468
0.513988958311
0.491112058106
0.466163109079
0.44191567877
0.419408023232
0.398868285413
0.380209881463
0.363246192414
0.347775165912
0.333609610914
0.320585814704
0.308563903185
0.297425373133
0.28706994687
0.277412556402
0.268380716929
0.259912332796
0.251953899588
0.244459043123
0.237387335406
0.230703334648
0.224375805331
0.2183770827
0.21268255325
0.207270228627
0.202120395047
0.197215323986
0.192539032811
0.188077086225
0.183816431186
0.179745259328
0.175852891997
0.17212968387
0.168566941832
0.165156856308
0.161892442721
0.158767491122
0.155776522322
0.152914749161
0.150178041739
0.147562895667
0.145066402542
0.142686222043
0.140420555144
0.138268118105
0.136228116993
0.134300222574
0.132484545535
0.130781612026
0.129192339607
0.127718013714
0.126360264791
0.125121046285
0.12400261368
0.123007504806
0.122138521601
0.121398713555
0.120791363031
0.120319972653
0.11998825494
0.119800124378
0.119759692082
0.119871263223
0.1201393374
0.120568612113
0.121163989551
0.12193058691
0.122873750473
0.123999073768
0.125312420139
0.126819950156
0.128528154373
0.13044389205
0.132574436596
0.134927528654
0.137511437948
0.140335035278
0.143407876357
0.14674029956
0.150343540196
0.154229864475
0.158412727185
0.162906958092
0.167728983383
0.172897090208
0.178431744612
0.184355976155
0.19069584652
0.19748102486
0.20474550006
0.212528470421
0.220875465721
0.229839777121
0.239484299933
0.249883937226
0.261128775694
0.273328339822
0.286617372576
0.301163804669
0.317179890593
0.334937930452
0.354792499846
0.377211209705
0.402813532628
0.432402719373
0.466908058207
0.506852086304
0.54974651057
0.58192318311
0.578538531382
0.543433254495
0.501457832588
0.463387670282
0.430740927361
0.402820041569
0.37869865819
0.357603707073
0.338942597622
0.322267190054
0.307236083028
0.29358554786
0.281108672987
0.269640628464
0.259048214943
0.249222368439
0.240072710165
0.231523525667
0.223510755845
0.215979714322
0.208883333431
0.202180800071
0.195836482772
0.189819078892
0.184100930094
0.178657467841
0.173466760347
0.168509139473
0.16376689117
0.159223996915
0.154865916391
0.150679403832
0.146652352085
0.142773659664
0.139033117071
0.135421309378
0.131929532659
0.128549722311
0.125274391665
0.122096579555
0.119009805742
0.116008033255
0.113085636833
0.110237376764
0.107458377496
0.104744110423
0.102090380342
0.0994933150534
0.0969493576457
0.0944552609973
0.0920080840603
0.0896051894985
0.0872442422739
0.0849232087926
0.082640356248
0.0803942518217
0.0781837614374
0.0760080477986
0.0738665674791
0.0717590668799
0.0696855769118
0.0676464063079
0.0656421335207
0.0636735971996
0.0617418852926
0.0598483228515
0.0579944586585
0.0561820508185
0.0544130514874
0.0526895909219
0.0510139610494
0.0493885987576
0.0478160691057
0.0462990486506
0.0448403090692
0.043442701247
0.0421091399799
0.0408425894221
0.039646049388
0.0385225425966
0.0374751029266
0.0365067647282
0.0356205532225
0.0348194759989
0.034106515609
0.0334846232412
0.0329567134507
0.0325256599105
0.0321942921435
0.0319653931928
0.031841698182
0.0318258937208
0.0319206181091
0.0321284622982
0.0324519715677
0.0328936478859
0.0334559529237
0.0341413117005
0.0349521168472
0.0358907334797
0.0369595046848
0.0381607576304
0.0394968103201
0.0409699790266
0.0425825864457
0.0443369706279
0.0462354947589
0.0482805578719
0.0504746065948
0.0528201480522
0.0553197640609
0.0579761267851
0.0607920160386
0.0637703384557
0.0669141487844
0.0702266735981
0.0737113377658
0.0773717940793
0.0812119564985
0.0852360375544
0.0894485905418
0.0938545572428
0.0984593220598
0.103268773594
0.108289374912
0.113528243974
0.118993246014
0.124693100022
0.130637501958
0.136837267884
0.143304500982
0.150052787319
0.157097426423
0.164455704278
0.172147218283
0.180194266272
0.188622314993
0.197460567714
0.206742656207
0.216507489592
0.226800301791
0.237673951038
0.249190539039
0.261423432944
0.274459786837
0.288403660394
0.303379794079
0.319537954202
0.337057335637
0.356149366704
0.377054267208
0.400018907251
0.425223277387
0.452572402228
0.481164045216
0.508156645811
0.527463360518
0.531629725524
0.519151146093
0.496411154528
0.470459566818
0.445102443269
0.421716486366
0.400576412061
0.38155674574
0.364418225137
0.348912354325
0.334815159678
0.321934756962
0.31010984008
0.299205529101
0.289108918947
0.279725101522
0.270973842866
0.262786886549
0.255105791612
0.247880205727
0.241066485291
0.234626589619
0.228527191224
0.222738956611
0.217235962067
0.211995216729
0.206996271292
0.20222089537
0.197652810106
0.193277465405
0.189081853295
0.185054350596
0.181184585405
0.177463322928
0.173882367027
0.170434474528
0.167113279874
0.163913228161
0.160829514969
0.15785803169
0.154995315365
0.152238502187
0.149585284086
0.147033867897
0.144582936792
0.142231613726
0.13997942674
0.137826276033
0.135772402759
0.133818359542
0.131964982724
0.13021336638
0.128564838135
0.127020936826
0.125583392035
0.124254105524
0.123035134598
0.121928677377
0.120937060007
0.120062725775
0.119308226108
0.118676213437
0.118169435898
0.117790733815
0.117543037956
0.117429369509
0.117452841774
0.117616663524
0.117924144044
0.118378699841
0.118983863031
0.119743291444
0.12066078047
0.121740276725
0.122985893607
0.124401928837
0.125992884124
0.127763487067
0.129718715492
0.131863824378
0.134204375596
0.136746270667
0.139495786763
0.142459616177
0.145644909444
0.14905932226
0.152711066253
0.156608963474
0.160762504263
0.165181907707
0.169878183328
0.174863191714
0.180149700413
0.185751429357
0.191683076982
0.19796031356
0.204599721369
0.21161865089
0.219034946749
0.226866473765
0.235130338785
0.243841652374
0.253011598896
0.262644475286
0.272733210182
0.283252686807
0.294149994045
0.30533062249
0.316639867832
0.32783985823
0.338585622034
0.348409441275
0.356730819317
0.362914169061
0.366385312371
0.36678161954
0.364067516838
0.358546115876
0.350759362282
0.341338324276
0.330876866052
0.319862835396
0.308660669099
0.297523741952
0.286617669084
0.276043870386
0.265859105052
0.256090162725
0.246744321582
0.237816548729
0.229294351056
0.221160991956
0.213397595437
0.20598450236
0.198902128127
0.192131490021
0.185654516887
0.179454216329
0.173514749492
0.167821446699
0.16236078602
0.157120349357
0.152088765667
0.147255647571
0.142611525405
0.138147781262
0.133856584601
0.129730830334
0.125764079888
0.121950505464
0.118284837523
0.114762315446
0.11137864124
0.10812993613
0.105012699869
0.102023772589
0.0991602990222
0.0964196949445
0.093799615675
0.0912979265087
0.0889126749503
0.0866420646384
0.0844844308567
0.0824382175413
0.0805019557022
0.0786742431892
0.076953725739
0.0753390792534
0.0738289932659
0.0724221555656
0.0711172379566
0.0699128831415
0.0688076927288
0.0678002163747
0.0668889420797
0.0660722876729
0.0653485935249
0.0647161165423
0.0641730255045
0.0637173978103
0.0633472177103
0.0630603761005
0.0628546719583
0.062727815495
0.0626774330964
0.0627010741103
0.0627962195244
0.0629602925604
0.0631906711791
0.0634847024668
0.0638397188298
0.0642530558894
0.0647220719199
0.0652441686264
0.0658168130107
0.066437560023
0.0671040756512
0.0678141600588
0.0685657703458
0.0693570424802
0.0701863119356
0.0710521325644
0.071953293251
0.0728888319125
0.0738580464606
0.0748605023876
0.0758960367111
0.0769647580889
0.0780670429991
0.0792035279706
0.0803750979413
0.0815828709042
0.0828281790871
0.0841125469831
0.0854376666103
0.0868053704293
0.0882176023825
0.089676387544
0.0911838008757
0.0927419355868
0.0943528715815
0.0960186444612
0.097741215522
0.099522443163
0.101364056088
0.103267628654
0.105234558701
0.107266048147
0.109363086643
0.111526438528
0.113756633322
0.116053959962
0.118418464966
0.120849954687
0.123348001749
0.12591195576
0.128540958273
0.131233961938
0.133989753655
0.136806981427
0.139684184483
0.142619826041
0.145612327945
0.148660106152
0.15176160588
0.154915334954
0.158119893696
0.161373999447
0.164676503618
0.168026398955
0.171422814516
0.174864995728
0.178352266738
0.181883972192
0.185459395513
0.189077650697
0.192737544716
0.196437407659
0.20017488802
0.203946710903
0.207748397634
0.211573946408
0.215415475347
0.219262832054
0.223103177546
0.226920557851
0.230695483685
0.234404547652
0.238020119196
0.241510169265
0.24483828775
0.247963964675
0.250843206913
0.253429551367
0.255675508564
0.257534424762
0.258962687576
0.259922127348
0.260382398588
0.260323081823
0.259735244047
0.258622245526
0.256999677209
0.254894436807
0.252343073368
0.249389621438
0.246083188686
0.242475552526
0.238618973131
0.234564360767
0.230359863268
0.226049878454
0.221674453067
0.217269005268
0.212864298846
0.208486599459
0.204157951877
0.199896528722
0.195717013022
0.19163098758
0.18764731309
0.183772483867
0.180010955217
0.176365440112
0.172837175249
0.169426158077
0.16613135724
0.162950899232
0.159882234151
0.156922283278
0.15406757098
0.151314343073
0.14865867347
0.14609656056
0.143624014462
0.141237135968
0.138932187757
0.136705658216
0.134554318055
0.132475269774
0.130465989938
0.12852436423
0.126648715225
0.12483782288
0.123090937825
0.121407787625
0.119788576292
0.118233977448
0.116745121655
0.115323578517
0.113971334265
0.11269076558
0.111484610473
0.110355937023
0.109308110814
0.108344761828
0.107469751532
0.106687140818
0.106001159387
0.105416177051
0.104936677379
0.10456723399
0.104312489727
0.104177138868
0.104165912454
0.104283566758
0.104534874873
0.104924621349
0.105457599798
0.106138613342
0.106972477791
0.107964027423
0.109118123249
0.110439663643
0.111933597233
0.113604937976
0.11545878233
0.11750032848
0.119734897545
0.122167956765
0.124805144591
0.127652297655
0.130715479555
0.134001011314
0.137515503364
0.141265888731
0.145259456976
0.149503888175
0.15400728587
0.158778207429
0.163825689498
0.169159265198
0.174788968253
0.180725317106
0.18697926909
0.193562130465
0.200485402052
0.20776053155
0.215398531395
0.223409403713
0.231801289768
0.240579227952
0.24974335971
0.259286365366
0.269189844038
0.279419284957
0.28991724304
0.30059440047
0.311318507375
0.321901979923
0.332090488791
0.341557350234
0.349911400386
0.35672722136
0.361602331442
0.364233475457
0.364487639578
0.362436353714
0.358335788382
0.35256296794
0.345537900226
0.33765959409
0.329268442855
0.320632997183
0.311952717735
0.303368393195
0.294974601466
0.286831281869
0.278973297522
0.271417836299
0.264169914324
0.257226364662
0.250578678646
0.244215005025
0.238121542834
0.232283503111
0.226685766396
0.221313326668
0.21615158591
0.21118654445
0.206404918799
0.201794209154
0.197342732064
0.193039629087
0.188874858958
0.184839178512
0.180924115995
0.177121939293
0.173425620822
0.169828800308
0.166325746315
0.16291131713
0.159580921481
0.156330479398
0.153156383548
0.150055461226
0.147024937258
0.14406239797
0.141165756422
0.138333219051
0.135563253887
0.132854560477
0.130206041626
0.127616777091
0.125085999278
0.122613071061
0.120197465725
0.117838749114
0.115536563964
0.113290616433
0.111100664805
0.108966510317
0.106887990066
0.104864971912
0.102897351292
0.100985049842
0.0991280157103
0.097326225437
0.0955796872538
0.0938884456625
0.0922525871282
0.090672246727
0.0891476155731
0.0876789488551
0.0862665743029
0.0849109009109
0.0836124277452
0.0823717526661
0.0811895808093
0.0800667326743
0.0790041516866
0.0780029111125
0.0770642202243
0.0761894296321
0.0753800357219
0.0746376841571
0.0739641724277
0.0733614514518
0.072831626255
0.072376955777
0.0719998518729
0.0717028775943
0.0714887448523
0.0713603115765
0.0713205784968
0.0713726856811
0.0715199089691
0.0717656564466
0.0721134651022
0.0725669978141
0.0731300408042
0.0738065017007
0.0746004083396
0.0755159084343
0.0765572702344
0.0777288842893
0.0790352664279
0.080481062058
0.0820710518847
0.0838101591418
0.0857034584248
0.0877561862055
0.0899737531031
0.0923617579732
0.0949260038612
0.097672515843
0.100607560743
0.103737668666
0.107069656219
0.110610651177
0.114368118215
0.118349885107
0.122564168498
0.12701959792
0.131725236125
0.136690592951
0.141925628743
0.147440741631
0.153246730569
0.159354722656
0.165776048412
0.172522041911
0.179603733079
0.187031385967
0.194813818034
0.202957409551
0.211464677303
0.220332241251
0.229547957124
0.23908692769
0.248906058518
0.258936832752
0.269076131082
0.27917537372
0.28902924119
0.2983669671
0.306851624964
0.314095003104
0.319695133405
0.323297008546
0.324663854818
0.323733372533
0.320633192288
0.315647771987
0.309153052128
0.301546750916
0.293195787487
0.284407935365
0.275423830751
0.266421536374
0.257526739707
0.248824132547
0.240367732941
0.232189342317
0.22430507992
0.216720250549
0.209432885015
0.202436273093
0.195720753444
0.189274965341
0.183086714885
0.177143567067
0.171433243742
0.165943884644
0.160664212003
0.155583627522
0.150692262064
0.145980992479
0.141441435803
0.137065928106
0.13284749317
0.128779804691
0.124857144661
0.121074359819
0.117426817543
0.113910362154
0.110521272334
0.107256220145
0.104112232012
0.101086651879
0.0981771067078
0.095381474387
0.092697854097
0.0901245391214
0.0876599920726
0.085302822474
0.0830517666253
0.0809056696629
0.0788634697169
0.0769241840631
0.0750868971598
0.0733507504609
0.0717149338954
0.0701786789028
0.0687412529201
0.0674019552146
0.0661601139634
0.0650150844828
0.0639662485166
0.0630130144927
0.0621548186673
0.0613911270734
0.060721438198
0.0601452863153
0.0596622454038
0.0592719335812
0.0589740179906
0.0587682200759
0.0586543211852
0.0586321684438
0.0587016808406
0.0588628554728
0.0591157738983
0.0594606085467
0.0598976291421
0.0604272090962
0.0610498318338
0.0617660970154
0.0625767266292
0.0634825709289
0.0644846141992
0.0655839803396
0.0667819382604
0.0680799070953
0.0694794612405
0.0709823352379
0.0725904285265
0.074305810095
0.0761307230733
0.0780675893056
0.0801190139561
0.0822877901976
0.0845769040369
0.0869895393315
0.0895290830461
0.0921991307927
0.0950034926869
0.0979461995329
0.101031509329
0.104263914047
0.107648146596
0.111189187805
0.114892273198
0.11876289918
0.122806828139
0.127030091727
0.131438991332
0.13604009436
0.14084022447
0.145846443235
0.151066019801
0.156506383948
0.162175056341
0.16807954764
0.174227215251
0.180625062709
0.187279461636
0.194195769522
0.201377808023
0.208827155439
0.21654219361
0.224516833732
0.232738829105
0.241187569009
0.249831244437
0.258623297547
0.267498137248
0.276366261497
0.285109222735
0.293575352206
0.301577817306
0.308897279857
0.315291758507
0.320515610656
0.324347193957
0.326620854627
0.327255041652
0.326267341085
0.32377087996
0.319953465988
0.315046917207
0.309295913199
0.302933306833
0.296164671202
0.289161426605
0.282060207813
0.274965914255
0.267956420058
0.261087631909
0.254398181076
0.247913443046
0.241648816518
0.235612313524
0.229806560877
0.224230322849
0.218879646406
0.213748714898
0.208830479675
0.204117124084
0.199600401852
0.195271881743
0.191123122604
0.187145796871
0.183331776085
0.179673188533
0.176162456577
0.172792319297
0.169555844682
0.166446434489
0.163457824123
0.160584079276
0.157819590614
0.155159067452
0.152597531113
0.150130308449
0.147753025854
0.145461603988
0.143252253324
0.141121470566
0.139066035912
0.137083011123
0.135169738284
0.133323839133
0.131543214841
0.129826046054
0.128170793072
0.126576195983
0.125041274612
0.123565328134
0.122147934238
0.12078894772
0.119488498428
0.118246988496
0.117065088841
0.115943734895
0.114884121627
0.113887697868
0.112956160034
0.112091445334
0.111295724582
0.110571394746
0.10992107138
0.109347581101
0.108853954283
0.108443418121
0.10811939027
0.107885473202
0.107745449472
0.107703278063
0.107763091964
0.10792919715
0.108206073135
0.108598375228
0.109110938685
0.109748784883
0.110517129709
0.11142139432
0.11246721847
0.113660476598
0.115007296906
0.116514083665
0.118187543036
0.1200347127
0.122062995664
0.124280198607
0.126694575214
0.12931487497
0.132150397901
0.13521105583
0.138507440653
0.142050900147
0.14585362172
0.149928724272
0.154290358021
0.158953811467
0.163935623668
0.16925369831
0.1749274134
0.180977716192
0.187427186313
0.194300039566
0.201622028404
0.209420168988
0.217722183673
0.226555482884
0.235945408629
0.245912303609
0.256466729279
0.267601804942
0.279281169688
0.291420555773
0.303860734525
0.316330588408
0.328403340477
0.339459761507
0.348690880539
0.355188957065
0.358155968399
0.357172231225
0.352367711717
0.344366769529
0.334050009521
0.322298448107
0.30983858558
0.297198091812
0.284726622674
0.272638572363
0.261054581581
0.250033946024
0.239597453679
0.229742603669
0.220453416641
0.211706619504
0.203475473867
0.195732099763
0.188448848833
0.18159908183
0.175157575823
0.169100703695
0.163406475857
0.158054500784
0.153025899861
0.148303198588
0.143870207746
0.139711902685
0.135814305525
0.132164372879
0.12874989041
0.125559374679
0.122581982299
0.119807426108
0.117225897978
0.114827997807
0.112604668268
0.110547134954
0.108646851587
0.106895450088
0.105284695359
0.103806444749
0.102452612246
0.101215137539
0.100085960181
0.0990569991405
0.0981201381155
0.097267217005
0.0964900299761
0.0957803305475
0.095129844085
0.0945302880287
0.0939734000642
0.093450974295
0.0929549052763
0.0924772395352
0.0920102339285
0.0915464198902
0.0910786723171
0.0906002815321
0.0901050264926
0.0895872471831
0.0890419139758
0.088464691677
0.0878519960199
0.0872010405193
0.086509871876
0.0857773924927
0.0850033691289
0.0841884272407
0.0833340311079
0.0824424503887
0.0815167142475
0.0805605546294
0.0795783405915
0.0785750058222
0.0775559715901
0.0765270673567
0.0754944511836
0.0744645318717
0.073443894518
0.0724392308835
0.0714572756484
0.0705047493238
0.0695883082885
0.0687145021566
0.067889738447
0.0671202543383
0.0664120951433
0.0657710990292
0.0652028874384
0.0647128606255
0.0643061977123
0.0639878606756
0.0637626017042
0.0636349734042
0.0636093413734
0.063689898722
0.0638806821644
0.0641855893654
0.0646083972731
0.0651527812204
0.0658223346264
0.0666205891689
0.0675510353439
0.0686171433605
0.0698223843601
0.0711702519765
0.0726642842894
0.0743080862507
0.0761053526964
0.0780598920871
0.0801756511525
0.0824567406526
0.0849074625078
0.0875323385923
0.0903361415424
0.0933239279846
0.096501074667
0.0998733180583
0.103446798081
0.107228106777
0.111224342841
0.115443173171
0.119892902777
0.124582554727
0.129521962113
0.13472187454
0.140194082153
0.145951561008
0.152008644519
0.158381226957
0.16508700662
0.172145778402
0.17957978843
0.187414167264
0.195677463541
0.204402307289
0.213626242532
0.223392783631
0.233752771304
0.244766136036
0.256504224589
0.269052919255
0.282516896598
0.297025563005
0.312741524735
0.329873009014
0.348692669828
0.369567158039
0.393005785177
0.419745221023
0.450907666744
0.488324521339
0.535285665289
0.598605016028
0.695931505568
0.869419054456
0.755194645858
0.638450666814
0.57001809671
0.522576440297
0.486630724366
0.457917324334
0.434168690829
0.414036690365
0.396654262253
0.381430126726
0.367942325725
0.355878576314
0.34500076262
0.335122741913
0.326095907944
0.317799483964
0.310133811891
0.303015602108
0.296374502296
0.290150574784
0.28429241215
0.278755708492
0.273502160196
0.268498607216
0.263716351012
0.259130602682
0.254720027198
0.250466358585
0.246354067522
0.242370067858
0.238503452354
0.234745250882
0.231088206563
0.227526567006
0.224055889027
0.220672856121
0.217375108486
0.214161085742
0.211029882616
0.207981117866
0.20501481662
0.202131306164
0.199331125029
0.196614945061
0.193983505997
0.1914375619
0.188977838752
0.186605002364
0.184319635761
0.182122225149
0.180013153591
0.177992701507
0.176061053181
0.174218308455
0.172464498861
0.17079960747
0.169223591777
0.167736408999
0.166338043179
0.165028533545
0.163808003596
0.162676690431
0.161634973872
0.160683404956
0.159822733445
0.15905393401
0.158378230816
0.157797120286
0.157312391883
0.156926146799
0.156640814509
0.15645916724
0.156384332424
0.156419803322
0.15656944803
0.156837517173
0.15722865061
0.157747883577
0.158400652679
0.159192802232
0.160130591455
0.161220703049
0.162470253732
0.163886807275
0.165478390659
0.167253513895
0.169221194138
0.171390984636
0.173773009101
0.17637800201
0.179217355309
0.182303171861
0.185648325818
0.189266529801
0.193172408318
0.197381576141
0.201910719214
0.20677767399
0.212001498367
0.217602523317
0.223602367947
0.230023890967
0.23689103647
0.244228508646
0.252061174098
0.260413035056
0.2693055319
0.278754805121
0.288767357577
0.299333291841
0.310415958032
0.321936506913
0.333751757941
0.345624631095
0.357189544626
0.367922726712
0.377140271684
0.384058939369
0.387945898637
0.388330350848
0.385173601589
0.378883724527
0.370164017438
0.359799460295
0.348493301054
0.336793092273
0.325085162223
0.313621795223
0.302555979388
0.291972054985
0.281909012274
0.27237689195
0.263367832924
0.254863314358
0.246838814444
0.23926676116
0.232118371321
0.225364773681
0.218977675049
0.212929737644
0.207194776539
0.201747847467
0.196565270209
0.1916246165
0.186904680796
0.182385445244
0.178048045653
0.173874742148
0.169848896189
0.165954954208
0.162178437229
0.158505935183
0.154925104273
0.15142466554
0.147994402718
0.144625157543
0.141308820839
0.138038317985
0.134807587666
0.131611553203
0.128446086125
0.125307962083
0.122194809517
0.119105051885
0.11603784448
0.112993007085
0.109970953857
0.106972621855
0.103999399621
0.101053057146
0.098135678419
0.0952495975664
0.0923973394382
0.089581565252
0.0868050237316
0.084070507975
0.0813808181149
0.078738729686
0.076146967488
0.073608184633
0.0711249463971
0.0686997184415
0.066334858945
0.0640326141762
0.0617951170408
0.0596243881537
0.0575223390147
0.0554907768928
0.0535314110657
0.0516458600944
0.0498356598545
0.0481022720813
0.0464470932235
0.0448714634358
0.0433766755702
0.0419639840572
0.0406346135937
0.0393897675775
0.0382306362506
0.0371584045295
0.0361742595193
0.0352793977174
0.0344750319297
0.0337623979257
0.0331427608717
0.0326174215836
0.0321877226489
0.0318550544698
0.0316208612831
0.0314866472159
0.0314539824368
0.0315245094657
0.0316999497065
0.0319821102695
0.0323728911518
0.0328742928482
0.0334884244677
0.034217512436
0.0350639098689
0.036030106712
0.037118740745
0.038332609568
0.0396746836923
0.0411481208817
0.0427562819043
0.0445027478829
0.0463913394586
0.0484261380155
0.0506115092594
0.0529521294888
0.0554530149581
0.058119554806
0.0609575481078
0.0639732457145
0.0671733976763
0.0705653071996
0.0741568922849
0.0779567564355
0.0819742701211
0.0862196650642
0.0907041438832
0.0954400082341
0.10044080936
0.105721525954
0.111298775523
0.117191067161
0.123419105852
0.130006161479
0.136978519745
0.144366037862
0.152202835569
0.160528163043
0.169387502877
0.178833986119
0.188930236145
0.199750805273
0.211385448289
0.223943602924
0.237560653373
0.252406901237
0.268700779958
0.286728970894
0.306878246399
0.329688315088
0.355944786714
0.386855248923
0.424416624408
0.472290132239
0.538327066728
0.644319432549
0.829642076598
0.660728966786
0.551394756908
0.485741203077
0.439411276165
0.403886499498
0.375268126137
0.351455001073
0.331187105248
0.313649843446
0.298286350832
0.284699165413
0.272594670183
0.261749774206
0.25199094363
0.24318046812
0.235207158898
0.227979864796
0.221422838614
0.215472352548
0.210074177461
0.20518167242
0.200754313591
0.19675654479
0.193156867149
0.189927108979
0.187041833189
0.184477850978
0.182213818617
0.180229899974
0.178507481776
0.17702893179
0.175777392573
0.174736605356
0.173890760088
0.173224368908
0.172722161247
0.172368999566
0.172149815357
0.172049565516
0.172053209543
0.172145708195
0.172312044247
0.17253726585
0.172806552628
0.173105304083
0.173419249153
0.173734574852
0.174038070867
0.174317285939
0.174560690785
0.174757841415
0.174899536072
0.174977958723
0.174986802189
0.174921364631
0.17477861424
0.174557218491
0.174257536152
0.173881572213
0.173432897874
0.172916539474
0.172338841691
0.171707311332
0.171030448549
0.170317572356
0.169578646891
0.168824114176
0.168064738115
0.167311463378
0.166575291699
0.165867177049
0.165197940185
0.1645782023
0.164018336905
0.163528438593
0.163118307105
0.162797444955
0.162575066866
0.162460119327
0.162461308715
0.162587136611
0.162845941131
0.163245943316
0.163795297835
0.16450214747
0.16537468107
0.16642119484
0.167650157017
0.169070276193
0.170690573666
0.172520460404
0.174569819358
0.176849093985
0.179369384043
0.182142549796
0.185181325932
0.188499446526
0.192111782384
0.196034491977
0.200285186753
0.204883110902
0.209849334187
0.215206954011
0.220981298638
0.227200116347
0.233893723401
0.241095063807
0.248839600828
0.257164905049
0.266109711899
0.275712068322
0.286005934271
0.297015189344
0.30874333629
0.321156215849
0.334153806278
0.347526253338
0.360890752905
0.373615146666
0.384760185914
0.393117742574
0.397446776015
0.396909018532
0.391463496206
0.381887493116
0.369404251982
0.355237324018
0.340353505529
0.325410522101
0.3108099157
0.296773611445
0.283408721947
0.270753185154
0.258805201349
0.247541336527
0.236927331827
0.226924409926
0.217492862085
0.208594014468
0.200191238406
0.192250403333
0.18474001064
0.177631150307
0.170897364438
0.16451446715
0.158460349466
0.152714785352
0.147259247579
0.142076737607
0.137151631128
0.132469539361
0.12801718542
0.123782294636
0.119753497538
0.115920244198
0.112272728646
0.108801822185
0.105499014519
0.102356361706
0.0993664400979
0.0965223054648
0.0938174566556
0.0912458031851
0.0888016362376
0.0864796026319
0.0842746813577
0.0821821623441
0.0801976271666
0.0783169314433
0.0765361887066
0.0748517555682
0.0732602180251
0.0717583787814
0.0703432454786
0.0690120197507
0.0677620870358
0.0665910070879
0.0654965051493
0.0644764637486
0.0635289151025
0.0626520341018
0.0618441318693
0.0611036498793
0.060429154631
0.0598193328693
0.0592729873449
0.0587890331071
0.0583664943194
0.0580045015869
0.0577022897815
0.0574591963498
0.057274660084
0.0571482203345
0.0570795166425
0.057068288763
0.0571143770537
0.0572177231988
0.057378371236
0.0575964688573
0.0578722689493
0.0582061313437
0.0585985247433
0.0590500287966
0.0595613362888
0.060133255423
0.0607667121653
0.0614627526301
0.0622225454827
0.0630473843414
0.0639386901595
0.0648980135727
0.0659270371974
0.0670275778669
0.0682015887933
0.0694511616437
0.0707785285169
0.0721860638065
0.0736762859321
0.0752518589171
0.0769155937831
0.0786704497234
0.0805195350065
0.0824661075434
0.0845135750357
0.086665494594
0.0889255716853
0.0912976582288
0.0937857496078
0.0963939803036
0.0991266177754
0.101988054114
0.104982794867
0.108115444281
0.111390686008
0.114813258068
0.118387920572
0.122119414293
0.126012407721
0.130071429618
0.134300783356
0.138704438414
0.143285893284
0.148048002721
0.152992760678
0.158121028443
0.16343219552
0.16892375866
0.174590802601
0.180425364769
0.18641566635
0.192545194912
0.198791631062
0.205125626132
0.211509463054
0.217895672552
0.224225734952
0.230429075358
0.236422650861
0.242111515371
0.247390795817
0.252149470306
0.256276145759
0.259666654964
0.262232765453
0.263910754287
0.264668280115
0.264508093143
0.263467728529
0.261615254792
0.259042047245
0.255854093999
0.252163378958
0.248080516571
0.243709263429
0.239143020124
0.234463086143
0.229738262719
0.225025372601
0.220370322471
0.215809423047
0.211370771616
0.207075576523
0.202939358475
0.198973001083
0.19518364638
0.19157544433
0.18815017178
0.184907738612
0.181846598698
0.178964081827
0.176256660831
0.173720166003
0.171349956939
0.169141060072
0.167088278661
0.165186280635
0.163429668615
0.161813035515
0.160331008429
0.158978282861
0.157749648935
0.156640010823
0.155644400319
0.154757985301
0.153976073599
0.153294112701
0.152707685618
0.152212503177
0.151804392987
0.151479285305
0.151233196055
0.151062207276
0.150962445312
0.150930057113
0.1509611851
0.151051941074
0.151198379778
0.151396472748
0.151642083218
0.151930942878
0.152258631396
0.152620559655
0.153011957701
0.153427868465
0.153863148268
0.154312475133
0.154770365824
0.155231202416
0.155689269002
0.156138798912
0.156574032478
0.156989285035
0.157379024378
0.157737956472
0.158061117674
0.158343971302
0.158582505927
0.158773332434
0.158913776666
0.159001964403
0.159036895521
0.159018504454
0.158947704567
0.158826414649
0.158657566487
0.158445093289
0.15819389956
0.157909813813
0.157599526183
0.157270513558
0.156930955229
0.156589642236
0.156255883627
0.155939412681
0.155650295882
0.15539884704
0.155195548545
0.155050981223
0.154975763865
0.154980503026
0.155075753321
0.155271988137
0.155579580405
0.156008792879
0.156569777258
0.15727258135
0.158127163481
0.159143413288
0.160331178052
0.161700293715
0.163260619708
0.165022076679
0.166994686125
0.16918861076
0.171614194222
0.174281998318
0.177202835439
0.180387792938
0.183848245066
0.187595846362
0.19164249797
0.196000274974
0.200681298041
0.20569752597
0.211060436351
0.216780548489
0.222866724818
0.229325162604
0.236157955546
0.24336106393
0.250921483886
0.258813357988
0.266992739956
0.275390757825
0.2839050948
0.292390164231
0.300647285831
0.308417733083
0.315383580644
0.321182918164
0.325445108585
0.327845772177
0.328169963569
0.326361513793
0.322536815359
0.316956398706
0.309967752782
0.301942988689
0.293230306382
0.284126375644
0.274867091155
0.265630238109
0.256543937778
0.247696709479
0.239146917733
0.230930700131
0.223068208115
0.215568328323
0.20843216266
0.201655547826
0.195230855475
0.189148264538
0.183396651318
0.177964205135
0.172838848093
0.168008515583
0.163461338157
0.159185753762
0.155170571015
0.151404998225
0.147878648631
0.14458152929
0.141504018887
0.138636838222
0.135971016025
0.133497851996
0.131208878402
0.129095821232
0.127150561608
0.125365098018
0.123731509831
0.122241922489
0.120888474767
0.119663288497
0.118558441189
0.117565942007
0.116677711627
0.115885566545
0.115181208448
0.114556219307
0.114002062859
0.113510093149
0.113071570766
0.112677687319
0.112319598606
0.111988466719
0.111675511138
0.11137206857
0.111069660966
0.110760070785
0.1104354222
0.110088266514
0.109711669743
0.109299299962
0.10884551179
0.108345425294
0.107794996547
0.107191077286
0.106531461366
0.10581491619
0.105041197828
0.104211049174
0.103326181218
0.102389238129
0.101403747531
0.10037405786
0.0993052651336
0.0982031317329
0.0970739999176
0.0959247028054
0.0947624753783
0.0935948678479
0.0924296633787
0.0912748018004
0.090138310548
0.0890282436823
0.0879526294879
0.0869194268217
0.0859364901199
0.0850115427528
0.0841521582554
0.0833657488513
0.0826595606189
0.0820406746257
0.0815160133577
0.0810923518071
0.0807763326275
0.080574484832
0.0804932455838
0.080538984705
0.0807180316151
0.0810367044895
0.081501341513
0.0821183341849
0.0828941627128
0.0838354336121
0.0849489197135
0.0862416028599
0.0877207196642
0.0893938107926
0.0912687743345
0.0933539239343
0.0956580524774
0.0981905022612
0.100961242731
0.103980957034
0.107261138822
0.110814200953
0.114653597939
0.1187939642
0.123251270379
0.128043000047
0.133188349115
0.138708449892
0.144626620851
0.150968641334
0.15776304696
0.165041435145
0.172838758956
0.181193567801
0.190148119118
0.199748225391
0.210042596429
0.221081254761
0.232912284507
0.245575625006
0.259091689701
0.273441086668
0.28852954384
0.304129872621
0.319793431795
0.334736332028
0.347749017044
0.357260505491
0.361729467083
0.360319192913
0.353371685922
0.342204844211
0.328446611257
0.313488295105
0.298293851561
0.283443891996
0.269249333697
0.255853251199
0.243301673227
0.231587637342
0.220677090021
0.210523600912
0.201076493013
0.192285186989
0.184101399229
0.176480138498
0.169380041589
0.162763355844
0.156595743134
0.150846003488
0.145485772729
0.140489223321
0.135832783244
0.131494879557
0.127455708779
0.123697033734
0.120202005317
0.116955007017
0.113941519923
0.111148005926
0.108561807009
0.106171058673
0.103964615735
0.101931988955
0.100063291073
0.0983491910119
0.0967808751318
0.095350014517
0.0940487373931
0.0928696058401
0.0918055960459
0.0908500814105
0.0899968178705
0.0892399308714
0.0885739034716
0.0879935651191
0.0874940806974
0.0870709395015
0.0867199438583
0.0864371971768
0.0862190912704
0.0860622928604
0.0859637292334
0.0859205730828
0.0859302266242
0.0859903051276
0.086098620053
0.0862531620208
0.0864520838753
0.0866936841305
0.0869763910962
0.0872987479953
0.0876593993758
0.0880570791165
0.0884906002984
0.0889588471956
0.0894607695968
0.089995379635
0.0905617512492
0.0911590223554
0.0917863997447
0.0924431666681
0.0931286930071
0.093842447868
0.0945840143764
0.0953531063943
0.0961495868264
0.0969734871402
0.097825027684
0.0987046383633
0.0996129792195
0.100550960451
0.101519761436
0.102520848323
0.103555989834
0.104627270914
0.105737103997
0.106888237666
0.108083762602
0.109327114781
0.110622075956
0.111972771546
0.113383666105
0.114859556631
0.116405563986
0.118027122748
0.119729969829
0.121520132192
0.123403913943
0.125387883095
0.12747885816
0.129683894699
0.132010271802
0.134465478364
0.137057198804
0.13979329769
0.142681802423
0.145730882817
0.148948825942
0.152344004051
0.155924832687
0.159699715126
0.163676968113
0.167864722254
0.172270788419
0.176902478819
0.18176636808
0.186867975257
0.192211342327
0.197798478041
0.203628628191
0.209697324643
0.215995157045
0.222506204939
0.229206068541
0.236059450938
0.24301728529
0.25001348556
0.256961551462
0.263751499547
0.270247926742
0.276290394167
0.281697606263
0.286276787458
0.289838889
0.292218599641
0.293295886274
0.293013953243
0.291388404204
0.288504661945
0.284504494238
0.279565837368
0.273881371789
0.267640311688
0.261015695747
0.254157388665
0.24718972542
0.2402122986
0.233302510793
0.226518867126
0.219904355099
0.213489555181
0.207295326534
0.201335032614
0.195616334764
0.190142609628
0.18491405346
0.179928533397
0.175182238205
0.170670172245
0.166386528035
0.162324965408
0.158478819171
0.154841252215
0.151405367142
0.148164286424
0.145111208751
0.142239447438
0.139542455356
0.137013839826
0.134647370073
0.132436979281
0.130376762774
0.128460973531
0.12668401597
0.125040438718
0.123524926952
0.122132294769
0.120857477954
0.119695527453
0.118641603798
0.117690972698
0.116839001967
0.116081159938
0.115413015479
0.114830239705
0.114328609458
0.113904012587
0.113552455048
0.113270069802
0.113053127452
0.112898048549
0.112801417432
0.112759997434
0.112770747292
0.112830838487
0.112937673291
0.113088903209
0.113282447522
0.113516511598
0.113789604658
0.114100556661
0.114448534017
0.114833053847
0.115253996534
0.115711616395
0.116206550312
0.116739824247
0.117312857645
0.117927465752
0.118585860003
0.119290646656
0.120044823931
0.120851777976
0.121715278012
0.122639471078
0.123628876805
0.124688382695
0.12582324038
0.127039063357
0.128341826708
0.129737869298
0.131233898945
0.132837001092
0.134554651456
0.136394733182
0.138365559024
0.140475899092
0.142735014744
0.145152699209
0.147739325599
0.150505902987
0.15346414127
0.156626525563
0.160006400867
0.163618067675
0.167476889036
0.171599409249
0.176003483748
0.180708418708
0.185735117101
0.191106225056
0.196846267599
0.202981755184
0.209541230019
0.216555201135
0.224055884784
0.232076614373
0.240650699501
0.249809377273
0.259578281416
0.269971514521
0.28098189905
0.292565284886
0.304616026429
0.316930473437
0.329157204833
0.340740448143
0.350881929391
0.358575716835
0.362783692706
0.362754776596
0.358336192825
0.350044949908
0.338838354537
0.325770173234
0.311743944458
0.297422924264
0.283244350889
0.269472569326
0.256253405031
0.243656650334
0.231705539428
0.220395958576
0.209708520645
0.199615974201
0.190087659098
0.181092125627
0.172598624478
0.164577908509
0.157002619332
0.149847427021
0.143089026467
0.136706053822
0.13067896168
0.124989876293
0.119622450593
0.114561720937
0.109793971818
0.105306610622
0.101088053141
0.0971276197817
0.0934154419799
0.0899423780861
0.0866999379071
0.0836802150582
0.0808758263088
0.0782798571532
0.0758858128953
0.0736875746017
0.0716793593383
0.0698556841627
0.0682113334014
0.0667413287851
0.0654409020604
0.0643054697326
0.0633306096277
0.0625120389889
0.0618455938485
0.0613272094382
0.0609529014167
0.0607187477146
0.0606208708095
0.0606554202576
0.0608185553278
0.0611064275921
0.0615151633501
0.0620408457767
0.0626794967099
0.0634270580146
0.0642793724942
0.0652321643521
0.0662810192511
0.0674213640687
0.0686484465036
0.0699573147588
0.0713427976057
0.0727994852214
0.0743217112897
0.0759035369652
0.0775387374097
0.0792207917282
0.0809428772437
0.0826978691508
0.0844783466765
0.0862766069286
0.0880846876257
0.0898943998623
0.091697371948
0.0934851051662
0.0952490420064
0.0969806470374
0.0986715000968
0.100313400894
0.10189848348
0.103419338335
0.104869139186
0.106241770985
0.107531955053
0.108735367017
0.109848743105
0.110869970524
0.111798158109
0.112633684146
0.113378219216
0.114034723044
0.114607415496
0.115101723112
0.115524203581
0.115882451537
0.116184989668
0.116441149559
0.116660946782
0.116854954626
0.117034180474
0.117209948335
0.117393790374
0.117597349643
0.117832295516
0.118110252696
0.11844274414
0.118841147771
0.119316666473
0.119880310663
0.120542892521
0.121315030921
0.12220716609
0.123229583089
0.124392443287
0.125705823178
0.127179760012
0.128824303922
0.130649576422
0.132665835362
0.134883546669
0.137313463432
0.139966713181
0.142854894507
0.145990184503
0.149385458928
0.153054427441
0.157011786815
0.161273395726
0.165856475499
0.170779842227
0.176064176843
0.181732341243
0.187809750343
0.194324812031
0.201309449477
0.208799722865
0.21683657012
0.225466687808
0.234743572201
0.244728732966
0.255493070063
0.267118351994
0.2796986162
0.293341057458
0.308165421953
0.324299747256
0.34186775915
0.360957847917
0.381552472277
0.403376527921
0.425598591621
0.446348454674
0.462314331376
0.469431334557
0.465475323767
0.452114287309
0.433335874277
0.412666017501
0.392184798503
0.372848230327
0.354991706174
0.338658281311
0.323768440379
0.310199845879
0.297822663618
0.286514122674
0.27616364032
0.266673791304
0.257959554818
0.249946948152
0.242571539855
0.235777048737
0.229514102904
0.223739173629
0.218413673811
0.213503201696
0.208976908808
0.204806972344
0.200968154765
0.197437435956
0.194193705846
0.191217507508
0.188490822613
0.185996892589
0.183720070058
0.181645696085
0.17975999956
0.178050015631
0.176503520579
0.175108980897
0.173855514607
0.172732863045
0.171731371528
0.17084197737
0.170056203873
0.169366158903
0.168764536783
0.168244622254
0.167800295328
0.167426035942
0.16711692741
0.166868657769
0.166677518278
0.166540398445
0.166454777134
0.166418709483
0.166430809509
0.166490228478
0.166596629256
0.16675015701
0.16695140674
0.167201388238
0.167501489112
0.167853436583
0.16825925876
0.168721246081
0.169241913595
0.169823964687
0.170470256784
0.171183769526
0.171967575762
0.172824815695
0.173758674372
0.174772362676
0.175869101875
0.177052111722
0.178324602059
0.179689767784
0.181150787035
0.182710822353
0.184373024586
0.186140539204
0.188016514677
0.190004112497
0.192106518342
0.19432695383
0.196668688139
0.199135048713
0.201729430011
0.20445529911
0.207316196629
0.210315731111
0.213457564522
0.216745385929
0.220182869679
0.223773613418
0.2275210501
0.23142832657
0.235498139413
0.239732516378
0.244132528783
0.248697916925
0.253426606554
0.258314090349
0.263352644341
0.268530346474
0.273829864728
0.279226988312
0.284688892171
0.290172159077
0.295620643801
0.300963359909
0.306112707943
0.310963539113
0.315393730905
0.319267069304
0.322439168714
0.324766776086
0.326120020112
0.326396083241
0.325531766522
0.323512037888
0.320372317082
0.316193862371
0.311093521948
0.305210447859
0.298692653742
0.291685641278
0.284324230448
0.276727721152
0.268997866448
0.261218877175
0.25345869137
0.245770892454
0.238196845189
0.23076778262
0.22350670064
0.216429999627
0.209548862793
0.202870388146
0.196398503424
0.190134697057
0.184078597128
0.178228426999
0.172581362095
0.167133808257
0.161881618226
0.15682025962
0.151944944989
0.147250732346
0.142732602741
0.138385520031
0.134204476874
0.130184530059
0.126320827594
0.122608629434
0.119043323273
0.115620436511
0.112335645231
0.109184780815
0.106163834667
0.103268961389
0.100496480662
0.0978428779881
0.0953048044294
0.0928790754096
0.0905626686203
0.0883527210627
0.0862465252332
0.0842415244588
0.0823353073862
0.0805256016324
0.0788102666072
0.0771872855296
0.0756547566678
0.0742108838445
0.0728539662601
0.0715823876991
0.0703946051972
0.0692891372561
0.0682645517078
0.0673194533363
0.0664524713776
0.0656622470265
0.0649474210854
0.0643066219001
0.063738453731
0.0632414857163
0.0628142415855
0.0624551902868
0.062162737696
0.0619352195701
0.0617708959169
0.061667946941
0.0616244707298
0.0616384828301
0.0617079178601
0.0618306332847
0.062004415465
0.0622269880702
0.0624960229108
0.0628091532199
0.0631639893698
0.0635581369666
0.0639892172185
0.0644548894188
0.0649528753305
0.065480985205
0.0660371451073
0.0666194251765
0.0672260683949
0.0678555194102
0.0685064529223
0.0691778011362
0.0698687797823
0.0705789122249
0.0713080512121
0.072056397875
0.072824517649
0.073613352872
0.0744242319053
0.0752588747238
0.0761193950231
0.0770082989962
0.0779284810276
0.078883216647
0.0798761531613
0.0809112984508
0.0819930084687
0.0831259740164
0.0843152073908
0.085566029507
0.0868840580971
0.0882751975692
0.0897456310988
0.0913018154951
0.092950479371
0.0946986251248
0.096553535234
0.0985227833647
0.100614250817
0.102836148865
0.1051970476
0.107705911988
0.110372145952
0.113205645458
0.116216861792
0.119416876453
0.122817489469
0.12643132332
0.130271945222
0.134354011227
0.13869343646
0.143307596987
0.148215570302
0.153438423385
0.158999559896
0.164925141572
0.171244603606
0.177991290292
0.185203246175
0.192924210598
0.201204881503
0.210104540426
0.219693168942
0.230054244272
0.241288489386
0.253518989451
0.266898303311
0.281618550422
0.297926034304
0.316142932999
0.336700191918
0.360188241196
0.387434956407
0.419616892763
0.458356774054
0.505378642082
0.558885898281
0.59604286783
0.575249088071
0.522879125975
0.473485173223
0.432647090791
0.398979141832
0.370724528596
0.346567533389
0.325582624842
0.3071145766
0.290689322271
0.275955490248
0.262646629632
0.25055647689
0.239522410076
0.229414122094
0.220125691529
0.211569915079
0.203674178379
0.196377394794
0.189627699752
0.183380688936
0.17759805424
0.172246514925
0.167296970828
0.162723824646
0.158504434453
0.154618667578
0.151048534135
0.147777883723
0.14479215264
0.14207815179
0.139623887646
0.13741841021
0.135451683179
0.133714472503
0.13219825023
0.130895111159
0.129797700257
0.128899149198
0.128193020643
0.127673259151
0.127334147791
0.127170269691
0.127176473893
0.127347844994
0.127679676152
0.128167445103
0.128806792929
0.129593505347
0.130523496369
0.131592794223
0.132797529455
0.134133925194
0.135598289587
0.137187010441
0.138896552156
0.140723455043
0.142664337161
0.144715898837
0.146874930028
0.149138320731
0.151503074654
0.15396632635
0.156525362052
0.15917764443
0.161920841488
0.164752859815
0.167671882389
0.170676411111
0.173765314249
0.176937878931
0.180193868829
0.183533587189
0.186957945348
0.190468536952
0.194067718114
0.197758693909
0.201545611722
0.205433662209
0.209429188929
0.213539808106
0.217774540506
0.222143958084
0.226660348907
0.23133790498
0.236192938978
0.241244137696
0.2465128624
0.252023509278
0.257803947319
0.263886056377
0.270306395698
0.277107043521
0.284336662924
0.292051869911
0.3003190099
0.309216493351
0.318837908169
0.329296228817
0.340729601269
0.353309434925
0.367251937206
0.382834879941
0.400422426692
0.420502387373
0.443741904441
0.471065802244
0.503736062343
0.543245000527
0.589874674631
0.634446823044
0.642086488706
0.601172897817
0.549470289586
0.503733674695
0.46526600081
0.432671612349
0.404581264951
0.379970493479
0.35810235842
0.338443013985
0.320598438719
0.304271692692
0.289234478595
0.275308033017
0.262350056483
0.250245594724
0.238900550464
0.228236980292
0.218189626285
0.208703317419
0.199730994285
0.191232187607
0.183171832079
0.175519331317
0.168247813305
0.161333531965
0.154755382099
0.148494503125
0.142533953039
0.136858438395
0.131454089342
0.126308271172
0.121409425686
0.116746937071
0.112311018046
0.108092612903
0.104083314685
0.100275294265
0.096661239507
0.0932343029991
0.0899880570995
0.086916455261
0.0840137987492
0.0812747080099
0.0786940980513
0.0762671572899
0.0739893293862
0.0718562976505
0.0698639716507
0.0680084756903
0.0662861388607
0.0646934863968
0.0632272320879
0.0618842715183
0.0606616759254
0.0595566864813
0.0585667088174
0.0576893076227
0.0569222011626
0.0562632555742
0.0557104788095
0.0552620141059
0.0549161328822
0.0546712269646
0.0545258000649
0.0544784584427
0.0545279006989
0.05467290666
0.0549123253238
0.0552450618543
0.0556700636228
0.0561863053069
0.0567927730729
0.0574884478805
0.0582722879628
0.0591432105505
0.0601000729267
0.0611416529167
0.062266628938
0.0634735597611
0.0647608641576
0.066126800643
0.0675694475585
0.0690866837722
0.0706761703274
0.0723353334097
0.0740613490583
0.0758511300959
0.0777013158087
0.079608264953
0.0815680527138
0.0835764722719
0.0856290416573
0.087721016566
0.0898474097882
0.0920030178381
0.0941824552739
0.0963801970554
0.0985906290956
0.100808106923
0.10302702209
0.105241875631
0.107447357543
0.109638430865
0.111810418616
0.113959091512
0.116080754123
0.118172326963
0.12023142195
0.122256408717
0.124246469464
0.12620164036
0.128122837969
0.130011869673
0.131871427724
0.133705067109
0.135517168082
0.137312884688
0.139098081096
