-0.0
8.45549030097e-05
0.000338225143099
0.000761027279481
0.00135298879751
0.00211414793832
0.00304455345952
0.00414426432615
0.00541334933067
0.00685188664033
0.00845996326985
0.0102376744763
0.0121851230729
0.0143024186556
0.0165896767382
0.0190470177854
0.0216745661342
0.0244724487917
0.0274407940883
0.0305797301693
0.033889383293
0.0373698759038
0.0410213244349
0.0448438367882
0.0488375094215
0.0530024239613
0.057338643236
0.0618462066012
0.0665251244004
0.0713753713653
0.0763968787206
0.081589524703
0.0869531231414
0.0924874096727
0.0981920250742
0.104066495092
0.11011020601
0.116322375075
0.122702014689
0.129247889119
0.13595846221
0.142831834356
0.149865666673
0.157057090022
0.164402596208
0.171897908337
0.179537827046
0.187316049107
0.195224954817
0.203255360826
0.211396235545
0.219634375518
0.227954043031
0.23633656841
0.244759925024
0.253198291466
0.26162162399
0.269995273082
0.278279690745
0.28643028852
0.294397518469
0.302127256682
0.309561566833
0.316639904317
0.3233007849
0.329483883879
0.335132456536
0.340195889884
0.344632128595
0.348409686843
0.351508980298
0.353922793373
0.355655822664
0.356723379232
0.357149455104
0.356964434665
0.356202747288
0.354900719173
0.353094808436
0.350820320516
0.348110620225
0.344996794214
0.341507677587
0.337670139756
0.333509523095
0.329050138605
0.324315740777
0.319329925349
0.314116415592
0.308699222966
0.303102684854
0.297351394713
0.291470048055
0.285483231374
0.279415181149
0.273289537261
0.267129110604
0.26095567931
0.254789822654
0.248650796879
0.242556453289
0.236523196034
0.230565975138
0.224698309254
0.218932332265
0.213278858027
0.207747457982
0.202346547066
0.197083474068
0.191964613327
0.186995455367
0.182180694685
0.177524313416
0.173029660056
0.168699522766
0.164536197034
0.160541547707
0.156717065521
0.153063918387
0.149582997745
0.146274960335
0.143140265768
0.140179210267
0.137391956962
0.134778563081
0.132339004396
0.130073197219
0.127981018267
0.126062322654
0.12431696027
0.122744790769
0.121345697388
0.120119599786
0.119066466088
0.118186324289
0.117479273191
0.116945492997
0.116585255731
0.116398935578
0.11638701932
0.11655011696
0.116888972689
0.117404476321
0.118097675343
0.118969787724
0.120022215655
0.121256560389
0.12267463838
0.124278498944
0.12607044369
0.128053048003
0.1302291849
0.132602051643
0.135175199533
0.137952567395
0.140938519338
0.144137887494
0.147556020541
0.151198838967
0.155072898239
0.159185461209
0.163544581384
0.168159198998
0.17303925219
0.178195806069
0.183641203016
0.189389238228
0.195455365352
0.201856938002
0.208613494091
0.21574709121
0.223282702639
0.231248684931
0.239677328959
0.248605506254
0.258075419942
0.268135462098
0.278841161417
0.290256166555
0.302453130645
0.315514199994
0.329530481514
0.344599199046
0.360815904698
0.378256408713
0.396937794639
0.416738264277
0.437241661741
0.457468130425
0.475522118941
0.488477155871
0.493233368952
0.488477017317
0.475777339012
0.458288937512
0.438846950816
0.419237364434
0.400363655379
0.382597809233
0.366037557122
0.350652558101
0.336359228694
0.323056976336
0.310644909966
0.299028973828
0.288124483802
0.277856521491
0.268159387574
0.2589756963
0.250255386656
0.241954774232
0.234035693502
0.226464744435
0.21921264089
0.2122536514
0.205565120853
0.199127061594
0.192921803558
0.186933694322
0.181148841371
0.175554890082
0.170140832045
0.164896839222
0.159814120232
0.154884795677
0.150101789903
0.145458737039
0.140949899473
0.136570097197
0.132314646676
0.128179308083
0.124160239871
0.120253959794
0.116457311576
0.112767436523
0.109181749427
0.105697918202
0.10231384671
0.0990276603277
0.0958376937973
0.0927424809972
0.0897407462649
0.0868313969634
0.084013517009
0.0812863611089
0.078649349493
0.0761020629492
0.0736442380034
0.0712757621115
0.0689966687567
0.0668071323694
0.0647074630102
0.0626981007764
0.0607796099123
0.0589526726185
0.0572180825706
0.055576738171
0.0540296355636
0.0525778614532
0.051222585773
0.0499650542489
0.0488065809096
0.0477485405909
0.0467923614809
0.045939517749
0.0451915222968
0.0445499196623
0.044016279104
0.0435921878821
0.0432792447476
0.0430790536405
0.0429932175923
0.0430233328143
0.0431709829507
0.0434377334601
0.0438251260844
0.044334673351
0.0449678530464
0.0457261025879
0.046610813209
0.0476233238627
0.0487649147338
0.0500368002374
0.0514401213667
0.0529759372348
0.0546452156378
0.0564488224466
0.0583875096116
0.0604619015395
0.0626724795771
0.0650195643042
0.0675032953105
0.070123608099
0.0728802077223
0.0757725387334
0.0787997509977
0.0819606608939
0.085253707418
0.0886769027041
0.0922277765017
0.0959033141999
0.0996998880883
0.103613181692
0.107638107243
0.111768716679
0.115998106967
0.120318321163
0.124720247314
0.129193518263
0.133726416509
0.138305789573
0.142916982787
0.14754379792
0.152168487554
0.156771796325
0.161333060912
0.165830380509
0.170240868245
0.174540991167
0.178707001688
0.182715456859
0.186543813551
0.190171078301
0.193578481288
0.196750135928
0.19967364061
0.202340578349
0.204746874636
0.206892983323
0.208783884206
0.210428892114
0.211841293415
0.213037839684
0.214038137848
0.214863980563
0.21553865984
0.216086301914
0.216531253315
0.216897538733
0.217208401867
0.217485932059
0.217750772857
0.218021903812
0.218316483851
0.218649743118
0.219034909938
0.219483160198
0.22000357758
0.220603114526
0.221286545485
0.222056405623
0.222912910004
0.223853850102
0.224874466672
0.225967300477
0.22712202543
0.228325272398
0.229560456477
0.230807625903
0.232043356828
0.233240724576
0.234369387878
0.235395826791
0.23628377574
0.236994888424
0.237489659014
0.237728602722
0.237673668514
0.237289819718
0.236546679921
0.235420109561
0.233893561863
0.231959072604
0.229617769472
0.226879840148
0.223763964013
0.220296277173
0.216508991238
0.212438814053
0.208125322969
0.203609421852
0.198931979649
0.194132709745
0.189249313073
0.184316878796
0.179367516384
0.174430181808
0.169530656723
0.164691640909
0.159932922698
0.155271598088
0.150722315522
0.146297529114
0.142007748135
0.137861774659
0.1338669244
0.130029228168
0.126353612996
0.122844063172
0.119503762128
0.116335216557
0.113340364378
0.110520668216
0.107877196054
0.105410690623
0.103121628995
0.101010273679
0.0990767164193
0.0973209157358
0.0957427291292
0.0943419407563
0.0931182852794
0.0920714684986
0.0912011852944
0.0905071353404
0.0899890369813
0.0896466396225
0.0894797349294
0.0894881670996
0.0896718424382
0.0900307384391
0.0905649125531
0.0912745108069
0.092159776419
0.0932210585509
0.0944588213178
0.0958736531804
0.0974662768305
0.0992375596838
0.101188525087
0.103320364346
0.105634449693
0.108132348286
0.110815837367
0.113686920683
0.116747846279
0.120001125784
0.123449555282
0.127096237877
0.130944608026
0.1349984577
0.139261964383
0.143739720864
0.148436766675
0.153358620897
0.158511315858
0.163901430935
0.16953612528
0.175423167666
0.181570960784
0.187988556106
0.194685653599
0.201672578085
0.208960220326
0.216559925684
0.224483305636
0.232741936565
0.241346894744
0.250308054303
0.259633043809
0.269325713963
0.27938391091
0.289796275709
0.300537705412
0.31156303446
0.322798478677
0.334130542484
0.345392640193
0.356350963787
0.366693502671
0.376029530643
0.383909894538
0.38987728424
0.393545408265
0.394686706118
0.393292173855
0.389572655967
0.383900905184
0.376724252956
0.368484600921
0.359566919698
0.350277955258
0.340846167859
0.331432502705
0.322144534245
0.313049960282
0.30418784194
0.295577303744
0.287223979697
0.279124659958
0.271270580353
0.263649721269
0.256248397181
0.249052343653
0.242047450158
0.235220243639
0.228558196407
0.222049909911
0.215685210479
0.209455182476
0.203352156972
0.197369668963
0.191502392674
0.185746062093
0.180097382124
0.174553934555
0.169114082114
0.163776873157
0.158541949001
0.153409455434
0.148379959536
0.143454372609
0.138633879738
0.13391987623
0.129313911001
0.124817636783
0.12043276691
0.116161038327
0.112004180393
0.107963889014
0.104041805592
0.100239500307
0.0965584591995
0.0930000746132
0.0895656385137
0.0862563382821
0.0830732545936
0.0800173610399
0.0770895251882
0.0742905108089
0.0716209810409
0.0690815022953
0.0666725487306
0.0643945071611
0.0622476822851
0.0602323021435
0.058348523738
0.0565964387583
0.0549760793809
0.0534874241172
0.0521304037001
0.0509049070068
0.0498107870261
0.048847866885
0.0480159459547
0.0473148060616
0.0467442178349
0.046303947223
0.0459937622164
0.0458134398158
0.0457627732862
0.0458415797407
0.0460497080957
0.0463870474448
0.0468535358954
0.0474491699143
0.0481740142305
0.0490282123416
0.0500119976737
0.0511257054429
0.0523697852723
0.0537448146155
0.0552515130452
0.0568907574662
0.058663598318
0.0605712768398
0.062615243477
0.0647971775191
0.0671190080717
0.0695829364784
0.0721914603283
0.0749473992043
0.0778539223499
0.0809145784638
0.0841333278576
0.087514577251
0.091063217511
0.0947846646845
0.0986849047087
0.10277054222
0.10704885391
0.111527846879
0.116216322441
0.121123945742
0.126261321448
0.131640075473
0.137272942333
0.143173856951
0.149358048644
0.155842133194
0.162644196118
0.169783855839
0.177282288624
0.185162186533
0.193447603062
0.20216361535
0.21133569164
0.220988590185
0.231144519164
0.24182013977
0.253021775271
0.264737878315
0.276927411452
0.289502403109
0.302302879607
0.315063498477
0.327375282436
0.338655393326
0.348153440169
0.355035006335
0.358565078263
0.358342556617
0.354455374514
0.347444913269
0.338106671189
0.327261827339
0.315607540651
0.303664622984
0.291788134735
0.280202729347
0.269040058843
0.258369355711
0.248219687066
0.238595166315
0.229484975761
0.22086981553
0.212725979427
0.205027887129
0.197749624584
0.190865852528
0.184352315396
0.178186099718
0.17234573742
0.166811214973
0.16156392721
0.156586600433
0.151863200311
0.147378834194
0.143119653725
0.139072761226
0.135226121763
0.131568481882
0.128089295387
0.124778656145
0.121627237761
0.118626239782
0.115767340101
0.113042653178
0.110444693722
0.107966345506
0.105600834965
0.103341709306
0.101182818834
0.09911830322
0.0971425814462
0.0952503451636
0.0934365551809
0.091696440798
0.0900255016791
0.0884195119386
0.0868745260914
0.0853868864984
0.0839532319177
0.082570506755
0.0812359705976
0.0799472076117
0.0787021353893
0.0774990128437
0.0763364467795
0.0752133967963
0.074129178231
0.0730834628968
0.0720762774363
0.0711079991741
0.0701793494218
0.0692913842556
0.0684454828595
0.0676433335818
0.0668869179183
0.0661784926739
0.0655205706011
0.064915899834
0.0643674424597
0.0638783525681
0.0634519541236
0.0630917189827
0.062801245365
0.0625842370549
0.0624444835804
0.0623858415807
0.0624122175364
0.0625275520015
0.0627358054395
0.0630409457335
0.0634469374092
0.0639577325848
0.064577263636
0.0653094375488
0.0661581319154
0.0671271925176
0.068220432438
0.0694416326293
0.070794543877
0.0722828900874
0.0739103728382
0.0756806771333
0.0775974783098
0.0796644500494
0.0818852734571
0.0842636471707
0.0868032984751
0.0895079953922
0.0923815597226
0.0954278810069
0.098650931367
0.102054781168
0.105643615415
0.109421750754
0.113393652895
0.117563954161
0.121937470799
0.126519219448
0.131314432012
0.136328567801
0.14156732143
0.147036624343
0.152742637071
0.158691728235
0.164890434841
0.171345396418
0.178063252837
0.18505049196
0.192313228274
0.199856886943
0.207685758737
0.21580237946
0.224206672213
0.232894771782
0.24185742793
0.251077860596
0.260528920461
0.270169405508
0.279939421779
0.289754796499
0.299500817901
0.309026068854
0.31813789904
0.32660208102
0.334150063782
0.340497166327
0.345372933216
0.348560146201
0.349933058238
0.349482104068
0.347315422799
0.343636564971
0.338707204908
0.332807616849
0.326204976987
0.319133703202
0.311787045555
0.304316710474
0.296837043119
0.289431099851
0.282156954129
0.275053390891
0.268144669557
0.261444324947
0.254958109055
0.248686221546
0.242624977219
0.236768040372
0.231107332221
0.225633694725
0.220337374549
0.215208375119
0.210236712434
0.205412600911
0.200726588505
0.196169655088
0.191733284162
0.18740951511
0.183190981068
0.179070935923
0.175043272839
0.171102535884
0.167243925776
0.163463300354
0.159757170175
0.156122689469
0.152557642628
0.149060426431
0.145630028195
0.142266000159
0.138968430442
0.135737910998
0.132575503073
0.129482700709
0.12646139288
0.123513824864
0.120642559451
0.117850438579
0.115140545929
0.112516170979
0.109980774956
0.107537959047
0.105191435156
0.102944999451
0.100802508839
0.0987678604732
0.0968449743235
0.0950377788028
0.0933501993968
0.0917861502147
0.0903495283563
0.0890442109765
0.0878740549213
0.0868428988103
0.085954567446
0.0852128784437
0.0846216509903
0.0841847166636
0.0839059322663
0.0837891946576
0.0838384575968
0.0840577506483
0.0844512002344
0.085023052965
0.0857777014211
0.0867197126183
0.0878538594393
0.0891851553866
0.0907188930874
0.0924606870695
0.0944165214324
0.09659280316
0.0989964219697
0.101634817766
0.104516056984
0.107648919354
0.111042996945
0.114708807728
0.118657926346
0.122903135404
0.12745860126
0.132340079227
0.137565154176
0.143153523874
0.149127334098
0.155511576541
0.162334562999
0.169628492074
0.177430127687
0.185781611539
0.194731433314
0.204335580746
0.214658881886
0.225776524024
0.237775666647
0.250756914495
0.264835084331
0.280137975049
0.296800274188
0.314946304086
0.334647945174
0.35582903402
0.378061424573
0.400176100981
0.419706330038
0.432699668993
0.435233252974
0.426515176771
0.409664941029
0.388927063882
0.367346258133
0.346499761835
0.327029207581
0.309107054096
0.292699544944
0.277693908618
0.263955547908
0.251352204035
0.239763123455
0.229081603083
0.219214741022
0.21008212405
0.201614220744
0.19375080706
0.186439549005
0.179634776241
0.17329644163
0.167389246873
0.16188191053
0.156746555477
0.151958195485
0.147494303614
0.14333444806
0.139459983663
0.135853789477
0.132500044607
0.129384036028
0.126491993268
0.123810945894
0.12132860046
0.1190332343
0.116913604053
0.114958867229
0.113158515533
0.111502318894
0.109980279438
0.108582594787
0.107299630238
0.106121899455
0.105040053395
0.10404487719
0.103127294716
0.102278380541
0.101489378852
0.100751728879
0.100057096206
0.0993974092036
0.0987648996871
0.0981521467372
0.0975521224835
0.096958238534
0.0963643916451
0.0957650071845
0.0951550789478
0.0945302039562
0.0938866109911
0.093221181802
0.0925314641629
0.0918156762239
0.0910727019114
0.0903020774402
0.0895039693074
0.0886791444228
0.087828933273
0.0869551872135
0.0860602311203
0.0851468127083
0.0842180498419
0.0832773771212
0.0823284929415
0.0813753080962
0.0804218968378
0.0794724511426
0.0785312387455
0.0776025653368
0.0766907411488
0.0758000520097
0.0749347348172
0.0740989572713
0.0732968016274
0.0725322521643
0.071809186019
0.0711313670184
0.0705024421276
0.0699259401374
0.0694052722314
0.0689437340916
0.0685445092325
0.0682106732821
0.0679451989641
0.0677509615689
0.0676307447326
0.0675872463789
0.067623084706
0.0677408041308
0.0679428811273
0.0682317299201
0.068609708014
0.0690791215589
0.0696422305652
0.0703012539992
0.0710583748006
0.0719157448715
0.0728754901008
0.0739397154914
0.0751105104668
0.0763899544415
0.0777801227443
0.0792830929924
0.0809009520178
0.0826358034602
0.0844897761421
0.0864650333575
0.088563783211
0.0907882901592
0.0931408879187
0.0956239939222
0.0982401255221
0.100991918164
0.103882145778
0.106913743668
0.110089834209
0.113413755719
0.116889094903
0.120519723344
0.124309838591
0.128264010453
0.132387233265
0.136684984964
0.141163294023
0.145828815447
0.150688917311
0.155751779568
0.161026507295
0.166523260936
0.172253406733
0.178229691243
0.184466444771
0.19097981972
0.197788071343
0.204911890298
0.212374798811
0.220203625374
0.228429076805
0.237086431486
0.246216383737
0.255866076662
0.266090369115
0.276953390496
0.288530441473
0.300910291277
0.314197883211
0.328517343177
0.34401488267
0.360860438674
0.379245073501
0.399366747121
0.421386418002
0.445311369717
0.470709832739
0.496090224888
0.517907032261
0.530289147086
0.528304546466
0.513071879873
0.490451806507
0.465697164393
0.441582111469
0.419162449149
0.398681641586
0.380063444226
0.363127765722
0.347676639229
0.333525463068
0.320512199332
0.308498081891
0.297365357094
0.287014265267
0.277360103545
0.268330649228
0.259863997987
0.251906787236
0.244412749434
0.237341537829
0.230657773291
0.224330269179
0.218331399282
0.212636580802
0.207223850087
0.20207351341
0.197167858681
0.192490916848
0.188028263931
0.183766856399
0.179694893934
0.175801704748
0.172077649418
0.168514039926
0.165103071131
0.161837762337
0.158711907003
0.155720028952
0.15285734369
0.150119723691
0.147503666678
0.145006266141
0.142625183447
0.140358621088
0.138205296688
0.136164417539
0.134235655517
0.132419122309
0.130715344977
0.129125241917
0.127650099334
0.126291548388
0.125051543201
0.123932339907
0.122936476964
0.122066756931
0.121326229931
0.120718178971
0.120246107349
0.119913728301
0.119724957083
0.119683905643
0.119794880071
0.120062380976
0.120491106982
0.121085961532
0.121852063224
0.122794759919
0.123919646918
0.125232589573
0.126739750724
0.128447623502
0.130363070102
0.132493367286
0.134846259535
0.137430020991
0.140253527553
0.143326340844
0.146658806128
0.150262166775
0.154148698485
0.158331867286
0.162826516332
0.16764908787
0.172817888454
0.178353407755
0.184278704337
0.190619875809
0.197406636258
0.204673031357
0.212458331994
0.220808161884
0.229775935421
0.239424712019
0.249829616937
0.261081043339
0.27328894734
0.286588694314
0.301149136936
0.317183938159
0.334967627814
0.354858460389
0.377330415119
0.40301461181
0.432736921918
0.467473018138
0.507840698947
0.551496599504
0.584590764578
0.581130196214
0.545117833319
0.502449536995
0.463989089836
0.43112266765
0.40307066278
0.378866062155
0.357715420579
0.339015371898
0.322311738179
0.307259551151
0.293592875536
0.281103379158
0.269625285364
0.25902474471
0.249192234919
0.240037046578
0.231483221773
0.223466518834
0.215932112221
0.208832826632
0.202127764615
0.195781227815
0.189761859998
0.184041959481
0.178596922383
0.173404787892
0.168445863888
0.163702416412
0.159158410344
0.154799291488
0.150611802454
0.146583826339
0.14270425348
0.138962867528
0.135350247824
0.131857685659
0.128477112451
0.125201038235
0.122022499125
0.118935012647
0.115932539998
0.113009454424
0.110160514992
0.10738084515
0.104665915468
0.102011530047
0.0994138160914
0.0968692161574
0.0943744826318
0.0919266739926
0.0895231524307
0.0871615824222
0.0848399298656
0.0825564614179
0.080309743693
0.0780986420157
0.0759223184614
0.0737802289519
0.0716721192185
0.0695980194927
0.0675582378283
0.0655533520077
0.0635842000307
0.0616518692253
0.0597576840642
0.0579031927999
0.0560901530663
0.0543205166146
0.0525964133698
0.0509201350057
0.049294118239
0.0477209280433
0.0462032409765
0.0447438288046
0.0433455425883
0.0420112973843
0.0407440576901
0.0395468237428
0.0384226187601
0.0373744771904
0.0364054340209
0.0355185151716
0.0347167289881
0.0340030588308
0.0333804567449
0.0328518381854
0.0324200777643
0.0320880059789
0.0318584068781
0.0317340166196
0.0317175228727
0.0318115650205
0.0320187351178
0.0323415795676
0.0327826014799
0.0333442636846
0.0340289923771
0.0348391813812
0.0357771970231
0.0368453836177
0.0380460695802
0.0393815741821
0.0408542149866
0.0424663160048
0.0442202166308
0.0461182814249
0.0481629108308
0.0503565529279
0.0527017163386
0.0552009844321
0.0578570309869
0.0606726375044
0.0636507123917
0.06679431227
0.0701066657043
0.0735911996955
0.077251569335
0.081091691082
0.0851157802075
0.0893283930355
0.0937344747278
0.0983394134913
0.10314910225
0.108170009027
0.113409257513
0.118874719633
0.124575122251
0.130520170667
0.136720692118
0.143188803259
0.149938106522
0.156983921472
0.164343558808
0.172036646657
0.180085521368
0.188515698369
0.197356443014
0.206641467019
0.216409783516
0.226706763292
0.237585446921
0.249108182371
0.261348674461
0.27439454808
0.28835053164
0.303342335177
0.319521162807
0.337068394267
0.35619886419
0.377158237816
0.400202266314
0.425525475927
0.453055649129
0.481919650811
0.509284620747
0.528966168794
0.533268045196
0.520589339536
0.497511642345
0.471259904739
0.445681899863
0.422141087593
0.400892166629
0.381794441554
0.364598538251
0.349049431031
0.334918904019
0.322012265959
0.310166311719
0.299244847146
0.289134037675
0.279738304346
0.270976919871
0.262781258784
0.255092599704
0.247860374146
0.241040769671
0.234595612117
0.228491467287
0.222698915488
0.217191962705
0.211947560226
0.206945210749
0.202166643762
0.197595546621
0.193217340604
0.189018993333
0.184988860721
0.181116552871
0.177392819439
0.173809450809
0.170359192094
0.167035667539
0.163833313354
0.160747317364
0.157773564208
0.154908585035
0.152149510917
0.149494029328
0.14694034324
0.144487132482
0.142133517113
0.139879022672
0.137723547194
0.135667329952
0.133710921929
0.131855158019
0.130101130997
0.128450167302
0.126903804654
0.125463771554
0.124131968686
0.122910452236
0.121801419145
0.120807194277
0.119930219501
0.119173044665
0.11853832042
0.118028792891
0.117647300118
0.117396770281
0.117280221635
0.117300764148
0.117461602826
0.117766042688
0.118217495421
0.118819487697
0.119575671196
0.120489834368
0.121565915996
0.122808020626
0.124220435982
0.12580765246
0.127574384852
0.129525596455
0.131666525746
0.134002715814
0.136540046757
0.139284771257
0.142243553536
0.145423511867
0.148832264763
0.152477980854
0.15636943232
0.160516051451
0.16492798952
0.169616176546
0.174592379542
0.179869255501
0.185460393223
0.191380335004
0.197644564501
0.20426944017
0.211272043233
0.218669893625
0.22648046415
0.23472038855
0.243404208157
0.252542427242
0.262138541076
0.272184555896
0.282654338622
0.293493946751
0.304607998579
0.315841410541
0.326956993994
0.337612365601
0.347345289828
0.355584288503
0.361705678144
0.365147235029
0.36555378461
0.36288904505
0.357447368966
0.349757784425
0.340439001108
0.330075921045
0.319151325606
0.308027641251
0.296958145871
0.286109344872
0.275583937807
0.265440021858
0.255705624743
0.246389102668
0.23748633076
0.228985566671
0.220870688348
0.21312332043
0.205724210984
0.198654106806
0.191894295385
0.185426926474
0.179235188858
0.1733033928
0.167616991793
0.162162566012
0.156927782314
0.151901340593
0.147072912918
0.14243307962
0.137973264996
0.133685674257
0.129563232727
0.125599527807
0.121788753979
0.118125660913
0.114605504636
0.111224001668
0.107977285966
0.104861868535
0.101874599524
0.0990126326646
0.0962733918803
0.0936545399418
0.0911539490213
0.0887696730323
0.0864999216428
0.084343035862
0.0822974651114
0.0803617457007
0.0785344806406
0.0768143207292
0.0751999468649
0.0736900535433
0.072283333507
0.0709784635282
0.0697740913129
0.0686688235274
0.0676612149564
0.0667497588155
0.0659328782492
0.0652089190569
0.064576143699
0.0640327266436
0.0635767511227
0.0632062073715
0.0629189924284
0.0627129115742
0.0625856814868
0.0625349351813
0.0625582287936
0.062653050253
0.0628168298666
0.0630469528124
0.0633407735099
0.0636956317956
0.0641088707964
0.0645778563417
0.0650999977144
0.0656727694861
0.0662937341375
0.0669605651154
0.0676710699377
0.0684232129224
0.0692151370894
0.0700451847703
0.0709119164584
0.071814127442
0.0727508617923
0.0737214233167
0.074725383144
0.0757625836742
0.0768331387049
0.0779374296296
0.0790760976925
0.080250032374
0.0814603560692
0.0827084053021
0.0839957087908
0.0853239627413
0.0866950037964
0.0881107801025
0.0895733209796
0.0910847056914
0.0926470318077
0.0942623836456
0.095932801251
0.0976602503648
0.0994465937825
0.101293564494
0.103202740958
0.105175524832
0.107213121466
0.109316523432
0.111486497343
0.113723574198
0.116028043461
0.118399951065
0.120839101491
0.123345064046
0.125917183405
0.128554594435
0.131256241203
0.134020900028
0.136847206252
0.13973368432
0.142678780548
0.145680897799
0.14873843108
0.151849802836
0.1550134965
0.158228086636
0.161492263757
0.164804851701
0.168164815232
0.171571255363
0.175023389721
0.178520515165
0.182061949752
0.185646951086
0.189274608054
0.19294370298
0.19665254132
0.200398746258
0.204179015952
0.2079888419
0.211822188032
0.215671131933
0.219525472276
0.223372310452
0.227195619776
0.230975822876
0.23468940699
0.238308617778
0.24180128408
0.245130837265
0.248256596743
0.25113439391
0.253717595771
0.255958561982
0.257810522617
0.259229800095
0.26017822523
0.26062552913
0.260551448822
0.259947283264
0.258816687326
0.257175589518
0.255051244335
0.252480552603
0.24950787422
0.246182599596
0.242556736446
0.238682719244
0.234611578219
0.230391532228
0.22606700873
0.221678051105
0.217260049334
0.212843721576
0.208455276615
0.204116696092
0.199846087037
0.195658067197
0.191564156312
0.187573155468
0.18369150354
0.179923604905
0.176272126177
0.172738262158
0.16932197263
0.166022192502
0.162837018127
0.159763872713
0.156799653565
0.153940863656
0.151183729695
0.14852430849
0.145958583079
0.14348254975
0.14109229679
0.138784075514
0.13655436393
0.134399923223
0.132317847095
0.130305603947
0.128361071844
0.126482566213
0.124668860272
0.122919198274
0.121233301724
0.119611368851
0.118054067748
0.11656252367
0.115138301116
0.113783381394
0.112500136422
0.111291299587
0.110159934471
0.10910940226
0.108143328613
0.107265570731
0.106480185269
0.105791397684
0.105203573515
0.104721191985
0.10434882226
0.10409110258
0.103952722424
0.103938407783
0.104052909581
0.104300995194
0.104687443025
0.10521704003
0.105894582081
0.106724877054
0.1077127505
0.108863053791
0.110180674611
0.111670549695
0.113337679721
0.115187146284
0.117224130867
0.119453935794
0.12188200707
0.124513959109
0.127355601256
0.130412966043
0.133692339033
0.137200290071
0.140943705592
0.144929821515
0.149166255981
0.153661040799
0.158422650002
0.163460023124
0.168782579775
0.174400220589
0.18032330751
0.186562613344
0.193129226245
0.200034388728
0.207289242179
0.214904435684
0.222889540853
0.231252190503
0.239996826368
0.249122897463
0.2586222953
0.268475747697
0.27864783121
0.289080235371
0.299682990311
0.310323688917
0.32081551709
0.330906425814
0.340274160103
0.348534548278
0.355271441597
0.360092437526
0.362702545045
0.362972389741
0.360971100003
0.356947316668
0.351268046763
0.344343601918
0.336565393754
0.328268838771
0.319719816802
0.311116789585
0.302600597147
0.294266442801
0.286175148737
0.278362528819
0.270846686832
0.263633471316
0.256720446792
0.250099734388
0.243760018418
0.23768794996
0.231869119973
0.226288727609
0.220932033824
0.215784664305
0.210832806932
0.206063335569
0.201463882547
0.197022875462
0.19272954926
0.188573941265
0.184546874469
0.180639932835
0.176845431182
0.173156381479
0.169566456802
0.166069953863
0.162661754747
0.159337288346
0.156092491849
0.152923772594
0.149827970521
0.146802321449
0.143844421383
0.14095219202
0.13812384763
0.135357863472
0.132652945879
0.130008004141
0.127422124304
0.124894544964
0.122424635145
0.120011874311
0.11765583454
0.115356164894
0.113112577962
0.110924838573
0.108792754628
0.10671617
0.104694959429
0.102729025324
0.100818296369
0.0989627278181
0.0971623033579
0.0954170383853
0.0937269845662
0.0920922355092
0.090512933392
0.0889892763707
0.0875215265972
0.0861100186702
0.0847551683436
0.08345748132
0.0822175619642
0.0810361217751
0.079913987469
0.0788521085398
0.0778515641737
0.0769135694182
0.0760394805212
0.0752307993792
0.0744891770527
0.073816416333
0.0732144733641
0.072685458347
0.0722316353741
0.0718554214619
0.0715593848674
0.0713462427895
0.0712188585706
0.0711802385243
0.0712335285226
0.0713820104845
0.0716290989074
0.0719783375884
0.0724333966779
0.0729980702091
0.073676274241
0.0744720457486
0.0753895423898
0.0764330432721
0.0776069508357
0.0789157939669
0.080364232447
0.0819570628403
0.0836992259173
0.0855958157053
0.0876520902529
0.0898734841884
0.0922656231381
0.0948343400627
0.0975856935414
0.100525988007
0.103661795881
0.106999981506
0.110547726636
0.114312557154
0.118302370428
0.122525462444
0.126990553447
0.131706810197
0.13668386211
0.141931807388
0.147461203487
0.15328303393
0.159408640031
0.165849601272
0.172617541236
0.179723826306
0.187179110677
0.1949926621
0.20317137629
0.211718352039
0.220630851887
0.229897415008
0.239493824751
0.249377580815
0.259480527836
0.269699437864
0.279884796073
0.289829041621
0.299257318803
0.307826354674
0.315139427026
0.320784942889
0.324399353464
0.325741214336
0.324749434282
0.321558647193
0.316463865506
0.309852045441
0.302129987419
0.293670744293
0.284785403636
0.275715781928
0.266639758213
0.257682095277
0.248926242465
0.240424911002
0.23220866549
0.224292518514
0.216680816317
0.209370775288
0.20235500097
0.195623260668
0.18916371782
0.182963782393
0.1770106892
0.171291884274
0.165795276265
0.160509393161
0.155423472819
0.150527507415
0.145812256008
0.141269235277
0.136890695546
0.132669587152
0.128599520759
0.124674724177
0.120889997526
0.117240668054
0.113722545538
0.110331878945
0.107065314817
0.103919857696
0.100892832817
0.0979818511985
0.0951847772037
0.0924996985957
0.0899248990824
0.0874588333065
0.0851001042197
0.0828474427656
0.080699689777
0.0786557799905
0.0767147280705
0.074875616534
0.0731375854642
0.0714998239014
0.0699615628014
0.0685220694533
0.0671806432522
0.0659366127258
0.0647893337171
0.0637381886319
0.0627825866604
0.0619219648892
0.061155790223
0.0604835620378
0.0599048154928
0.0594191254288
0.0590261107857
0.0587254394739
0.0585168336346
0.0584000752302
0.0583750119035
0.0584415630508
0.0585997260533
0.058849582615
0.0591913051582
0.05962516323
0.0601515298775
0.0607708879523
0.0614838363113
0.0622910958833
0.0631935155788
0.0641920780239
0.0652879051079
0.06648226334
0.0677765690162
0.0691723932081
0.070671466588
0.0722756841163
0.0739871096208
0.075807980305
0.0777407112283
0.0797878998047
0.0819523303706
0.0842369788722
0.0866450177247
0.0891798208881
0.0918449692009
0.0946442559971
0.0975816930175
0.100661516596
0.103888194073
0.107266430327
0.110801174265
0.114497625009
0.118361237408
0.12239772634
0.126613069058
0.131013504567
0.135605528609
0.140395882387
0.145391532431
0.150599638167
0.156027502515
0.16168249928
0.167571968936
0.173703071569
0.18008258196
0.186716606788
0.193610197372
0.200766822927
0.208187658617
0.215870629656
0.223809137706
0.231990380346
0.240393162142
0.248985094397
0.25771910435
0.266529247569
0.275325976376
0.283991309445
0.292374813944
0.300291941251
0.30752690378
0.313842560731
0.318999066538
0.322780742574
0.325026908553
0.325658816141
0.324693960066
0.322242550997
0.3184874718
0.313654784802
0.307983660797
0.3017023849
0.295013171881
0.288085248582
0.281054013966
0.274023837034
0.267072536447
0.260256256203
0.253614026409
0.247171694776
0.24094514997
0.234942878899
0.229167950484
0.223619530282
0.218294023493
0.213185929793
0.208288477838
0.203594092968
0.199094739495
0.194782169181
0.190648099818
0.186684341926
0.182882887094
0.179235968091
0.175736098328
0.172376096353
0.169149099617
0.16604857069
0.163068298305
0.160202394985
0.157445292579
0.154791736669
0.152236780552
0.149775779296
0.147404384224
0.145118538036
0.142914470708
0.140788696217
0.138738010076
0.136759487642
0.134850483087
0.133008628927
0.131231835966
0.129518293507
0.127866469663
0.126275111633
0.124743245768
0.123270177303
0.121855489618
0.120499042929
0.119200972325
0.117961685081
0.116781857227
0.115662429351
0.114604601681
0.11360982846
0.112679811724
0.11181649455
0.111022053906
0.110298893235
0.109649634914
0.109077112765
0.108584364768
0.108174626157
0.107851323078
0.107618066977
0.1074786499
0.107437040865
0.107497383488
0.107663995013
0.107941366918
0.108334167254
0.108847244872
0.109485635713
0.110254571314
0.111159489729
0.112206049029
0.113400143613
0.114747923545
0.116255817174
0.117930557326
0.11977921139
0.121809215653
0.124028414311
0.126445103582
0.129068081461
0.131906703628
0.134970946127
0.1382714754
0.141819726258
0.145627988317
0.149709501218
0.154078558647
0.158750620607
0.16374243241
0.16907214731
0.174759447173
0.180825651532
0.187293798975
0.194188674659
0.201536741579
0.209365907621
0.217705019722
0.226582911769
0.236026730526
0.246059103184
0.256693462661
0.267926479599
0.279726045165
0.292012667135
0.30463179304
0.317315393642
0.329635294691
0.340961841342
0.350461694149
0.357187859847
0.360297417482
0.35933975186
0.35444472968
0.346266039556
0.335725517615
0.323739873436
0.311058419243
0.298219784212
0.285576738083
0.273342607694
0.261635185758
0.250510450171
0.239986018841
0.230056607519
0.22070389381
0.211902674788
0.203624639587
0.195840632541
0.188521970874
0.181641174999
0.175172337041
0.169091269256
0.163375521037
0.158004319898
0.152958470855
0.148220235407
0.143773202988
0.139602162539
0.135692978523
0.132032473703
0.128608319685
0.12540893554
0.1224233943
0.119641336979
0.117052893591
0.114648610667
0.112419384777
0.11035640163
0.108451080419
0.106695023134
0.105079968709
0.103597751919
0.102240267084
0.100999436688
0.0998671851392
0.0988354179633
0.0978960067728
0.0970407804253
0.0962615227899
0.0955499775486
0.0948978604242
0.0942968791558
0.093738761436
0.0932152908702
0.0927183508217
0.0922399757726
0.0917724095557
0.0913081695171
0.0908401153593
0.0903615211105
0.08986614839
0.0893483189086
0.0888029839869
0.088225788806
0.0876131291447
0.0869621985109
0.0862710238436
0.0855384883371
0.0847643404005
0.0839491882887
0.0830944804923
0.0822024725196
0.0812761812058
0.0803193281203
0.079336273976
0.0783319461755
0.0773117617359
0.0762815478319
0.0752474620945
0.0742159146096
0.0731934933111
0.0721868941678
0.0712028572507
0.0702481094537
0.0693293143453
0.0684530293581
0.0676256702941
0.0668534829296
0.0661425213571
0.0654986325898
0.0649274468838
0.0644343731938
0.0640245991627
0.0637030950581
0.0634746210921
0.0633437376003
0.0633148176014
0.0633920613102
0.0635795122318
0.0638810745146
0.064300531296
0.0648415638218
0.0655077711683
0.0663026904398
0.0672298173545
0.0682926271694
0.0694945959307
0.0708392220683
0.0723300483852
0.0739706845217
0.0757648300093
0.077716298055
0.0798290402335
0.0821071723013
0.0845550013837
0.0871770548325
0.0899781111045
0.0929632330711
0.0961378042403
0.0995075684592
0.103078673769
0.106857721207
0.110851819508
0.115068646837
0.119516520935
0.124204479322
0.129142371596
0.134340966302
0.139812075434
0.145568700382
0.151625204088
0.157997515431
0.16470337349
0.171762621524
0.179197563374
0.187033398972
0.195298760976
0.204026382039
0.213253932712
0.223025084981
0.233390878216
0.244411496554
0.256158615439
0.268718550253
0.282196559273
0.296722847667
0.312461147106
0.329621319049
0.348478477538
0.369403141322
0.392911038414
0.41975022897
0.451064999507
0.4887350264
0.536175641427
0.600629200387
0.70217179274
0.920520375889
0.761739810468
0.63882015608
0.569531090358
0.52186990487
0.485854189825
0.457118319087
0.43336492899
0.413235330743
0.395858263656
0.38064066155
0.367159789851
0.355103040688
0.344232183668
0.334361061033
0.325341097443
0.317051566171
0.309392864444
0.302281755979
0.295647935966
0.289431506403
0.2835810907
0.278052404556
0.272807156727
0.267812190571
0.26303880246
0.258462190569
0.254060999915
0.249816938449
0.245714445675
0.241740400242
0.237883856779
0.234135805198
0.230488947872
0.226937491861
0.223476954508
0.220103981678
0.216816178412
0.213611952146
0.21049036876
0.20745102173
0.204493914582
0.201619356681
0.198827872241
0.196120122235
0.19349683875
0.190958771177
0.18850664351
0.186141121969
0.18386279208
0.181672144356
0.179569567685
0.17755534958
0.175629682441
0.17379267504
0.172044368474
0.170384755849
0.168813805042
0.167331483898
0.165937787255
0.164632765256
0.163416552407
0.162289396903
0.161251689761
0.160303993355
0.159447068975
0.158681903072
0.158009731938
0.157432064561
0.156950703516
0.156567763781
0.15628568943
0.156107268246
0.156035644349
0.156074328994
0.156227209786
0.156498558591
0.156893038504
0.157415710264
0.158072038577
0.158867898828
0.1598095847
0.160903817259
0.162157756072
0.163579012942
0.165175668881
0.166956294919
0.168929977389
0.171106348295
0.173495621389
0.176108634559
0.178956899051
0.182052656027
0.185408940744
0.189039654449
0.192959643635
0.197184785703
0.201732079002
0.206619733625
0.211867256838
0.217495523056
0.223526812199
0.229984790789
0.236894395329
0.244281554547
0.252172651169
0.260593568078
0.269568077127
0.27911519624
0.289244941215
0.299951611809
0.311203371479
0.32292646518
0.334982214331
0.347135615984
0.359017461918
0.370089825417
0.379639146069
0.386836175739
0.390895104268
0.391305882119
0.388024584816
0.381490738651
0.3724584355
0.361760962044
0.350135209905
0.338146561748
0.326187617272
0.314510238205
0.303263850556
0.292528190702
0.282337665092
0.27269820412
0.263598446963
0.255016973368
0.246926893631
0.239298714955
0.232102099422
0.225306916392
0.218883849826
0.212804727971
0.207042682665
0.20157220684
0.196369153872
0.191410706431
0.186675332098
0.182142736273
0.177793818501
0.173610635406
0.169576371508
0.165675317888
0.161892857808
0.158215457835
0.154630662673
0.151127091726
0.147694435398
0.144323449215
0.141005944025
0.137734770812
0.134503799
0.131307887468
0.128142847931
0.125005400721
0.121893123384
0.118804392844
0.115738322159
0.112694693111
0.109673885987
0.106676807978
0.103704821605
0.100759674487
0.097843431669
0.0949584115166
0.0921071260354
0.0892922262407
0.0865164530148
0.0837825936956
0.0810934444651
0.078451778456
0.07586031937
0.0733217202993
0.0708385473725
0.0684132677918
0.0660482418041
0.0637457181324
0.0615078324049
0.0593366081276
0.0572339597789
0.0552016976304
0.0532415339372
0.0513550901769
0.0495439050565
0.0478094430433
0.0461531032126
0.0445762282409
0.0430801134028
0.0416660154632
0.0403351613772
0.0390887567409
0.0379279939508
0.036854060051
0.0358681442638
0.0349714452102
0.0341651778405
0.0334505801041
0.0328289193934
0.0323014988079
0.0318696632838
0.0315348056432
0.0312983726185
0.0311618709095
0.0311268733345
0.0311950251381
0.0313680505198
0.0316477594501
0.0320360548433
0.0325349401593
0.0331465275086
0.033873046343
0.0347168528152
0.035680439903
0.0367664483989
0.0379776788778
0.0393171047708
0.0407878866868
0.0423933881446
0.0441371929024
0.0460231240984
0.0480552654535
0.0502379848241
0.0525759604472
0.0550742102755
0.057738124875
0.0605735044425
0.0635866006087
0.0667841638172
0.0701734972335
0.0737625183261
0.0775598295071
0.0815747995165
0.08581765761
0.0902996030828
0.0950329332633
0.100031193876
0.105309356665
0.110884030464
0.116773713565
0.122999097524
0.129583435478
0.136552992178
0.143937598445
0.15177134052
0.160093425648
0.168949280781
0.178391963917
0.188484001107
0.199299812827
0.210928971867
0.223480659303
0.23708988842
0.251926409468
0.268207808909
0.286219415353
0.306345737073
0.329122469064
0.355327571297
0.386152608507
0.423556345309
0.471090575187
0.536184921219
0.637821114086
0.783617875323
0.652661276466
0.548767542923
0.484263806223
0.438350708411
0.403022495193
0.374512156614
0.35076459436
0.330539296407
0.313031092841
0.297688133548
0.284115828684
0.272022304975
0.261185581437
0.25143285905
0.242626930416
0.234656961
0.22743205552
0.22087665586
0.21492717689
0.209529499282
0.204637068273
0.200209428966
0.196211081453
0.192610573769
0.189379774197
0.186493280502
0.183927935016
0.181662422485
0.179676933436
0.177952880088
0.176472655054
0.175219425495
0.174176957301
0.173329465367
0.172661487196
0.172157778059
0.171803226713
0.171582791296
0.171481455506
0.171484205517
0.171576028254
0.171741931692
0.171966987658
0.172236397299
0.172535578805
0.172850276248
0.17316668749
0.173471608098
0.1737525871
0.173998089414
0.174197658819
0.174342074761
0.174423495919
0.174435583661
0.174373599094
0.174234468538
0.17401681375
0.173720945044
0.173348817418
0.17290395175
0.172391324894
0.171817233944
0.17118914094
0.170515504822
0.169805607474
0.169069380319
0.168317237208
0.167559918362
0.16680834906
0.166073515598
0.165366360034
0.16469769424
0.16407813302
0.163518045423
0.163027522951
0.162616363065
0.162294066278
0.162069845067
0.161952642931
0.161951162036
0.162073898051
0.162329181014
0.16272522124
0.163270159523
0.163972121085
0.164839272939
0.165879884511
0.167102391557
0.168515463595
0.1701280752
0.171949581723
0.173989800078
0.176259095437
0.178768474775
0.181529688318
0.184555340045
0.187859008399
0.191455378329
0.195360385529
0.199591373301
0.204167261543
0.209108725794
0.21443838154
0.22018096443
0.226363489494
0.233015359999
0.240168376008
0.24785655888
0.256115652132
0.264982066956
0.274490888942
0.284672314394
0.295545485279
0.307108072284
0.319319064902
0.332071163484
0.345148557183
0.358167769237
0.370508574832
0.381266359161
0.389296729852
0.393439787393
0.392917540195
0.387687763286
0.378464899778
0.366388921223
0.352618823256
0.338087336372
0.323441573104
0.309085180502
0.295247249621
0.282043070972
0.269518056819
0.257676651621
0.246500422738
0.235959038838
0.226016782374
0.216636325145
0.207780849963
0.199415182976
0.191506340306
0.18402373307
0.176939177887
0.1702268012
0.163862890163
0.157825721175
0.152095384077
0.146653612013
0.141483622209
0.136569970025
0.131898416946
0.127455812265
0.123229987622
0.119209663386
0.115384365734
0.111744353292
0.108280552266
0.104984499054
0.101848289447
0.098864533586
0.0960263159466
0.0933271597247
0.0907609950348
0.0883221304348
0.0860052273386
0.0838052769366
0.0817175792979
0.0797377243671
0.0778615746142
0.0760852491284
0.0744051089786
0.0728177436932
0.0713199587334
0.0699087638597
0.068581362307
0.0673351407015
0.0661676596678
0.0650766450833
0.0640599799505
0.063115696863
0.0622419710488
0.0614371139783
0.0606995675274
0.0600278986901
0.0594207948325
0.0588770594842
0.0583956086573
0.0579754676865
0.0576157685793
0.0573157478622
0.057074744909
0.0568922007317
0.0567676572145
0.0567007567666
0.0566912423687
0.0567389579863
0.056843849319
0.0570059648574
0.0572254572154
0.0575025847055
0.0578377131274
0.0582313177371
0.0586839853673
0.0591964166698
0.0597694284528
0.0604039560868
0.0611010559571
0.06186190794
0.0626878178848
0.0635802200837
0.0645406797156
0.0655708952505
0.0666727008016
0.0678480684165
0.0690991102951
0.0704280809244
0.0718373791166
0.0733295499375
0.0749072865025
0.0765734316178
0.078330979231
0.0801830756473
0.0821330204505
0.0841842670519
0.0863404227634
0.0886052482623
0.0909826562756
0.0934767092623
0.0960916158122
0.0988317253967
0.101701521016
0.104705609158
0.107848706325
0.111135621205
0.11457123129
0.118160452465
0.121908199682
0.125819336344
0.129898609438
0.134150566676
0.138579450975
0.143189066458
0.147982608763
0.152962450783
0.158129872994
0.163484725386
0.169025005618
0.174746335816
0.180641318693
0.186698753222
0.192902692183
0.199231330482
0.205655726962
0.212138387434
0.218631777295
0.225076892822
0.231402103068
0.237522574481
0.243340690819
0.248747944975
0.253628749265
0.257866418419
0.261351179155
0.263989480597
0.265713269092
0.266487504333
0.266314285684
0.265232614135
0.263313846991
0.260653911389
0.257363944402
0.253561061284
0.249360530197
0.244870013713
0.240185971713
0.235391942121
0.230558243372
0.225742625468
0.220991466682
0.216341214712
0.211819870015
0.207448389633
0.203241948282
0.199211032278
0.195362365462
0.191699679252
0.188224344852
0.184935887463
0.181832401627
0.17891088508
0.17616750614
0.173597817368
0.171196926
0.168959629756
0.166880524946
0.16495409241
0.1631747657
0.161536984952
0.160035239165
0.158664098975
0.157418241553
0.156292468858
0.155281720179
0.154381079675
0.153585779442
0.152891198518
0.152292858134
0.151786413472
0.151367642168
0.151032429769
0.150776752401
0.150596656897
0.150488238708
0.150447617954
0.150470914048
0.15055421939
0.150693572708
0.150884932701
0.151124152723
0.151406957315
0.151728921483
0.15208545367
0.152471783426
0.152882954809
0.153313826549
0.153759079987
0.154213235712
0.15467067969
0.155125699516
0.155572531156
0.156005416226
0.156418669505
0.156806755934
0.157164375886
0.157486557011
0.157768750496
0.158006929132
0.158197684257
0.158338318393
0.158426930347
0.158462489599
0.158444897132
0.158375030254
0.158254769639
0.158087007503
0.157875636662
0.15762552105
0.157342449037
0.157033071596
0.156704827918
0.156365861438
0.156024929452
0.155691309536
0.155374705801
0.155085157795
0.154832954448
0.154628555042
0.154482518711
0.154405443534
0.154407915833
0.154500469921
0.154693558203
0.154997531297
0.155422627616
0.155978971727
0.156676580702
0.157525377624
0.158535211397
0.159715881963
0.161077170062
0.162628870622
0.164380828811
0.166342977712
0.168525376388
0.170938246846
0.173592008013
0.176497304232
0.179665024916
0.183106310807
0.186832540496
0.19085528847
0.195186242491
0.19983706333
0.204819163169
0.210143369723
0.215819430251
0.221855292156
0.228256073293
0.235022604439
0.242149388088
0.249621774132
0.257412111756
0.265474618134
0.273738750351
0.282101057189
0.290415951547
0.298486751356
0.306059805871
0.312826375845
0.318438263617
0.322542065247
0.32483115183
0.325104292815
0.323310732645
0.319562302122
0.314106867382
0.307275353351
0.299423674366
0.290886933134
0.281952719919
0.272851537573
0.263758598105
0.254801345761
0.246068765006
0.237620292054
0.229493396898
0.221709617857
0.214279169972
0.207204370325
0.200482137167
0.194105788734
0.188066323977
0.18235332537
0.176955588531
0.171861555603
0.167059608255
0.162538260618
0.158286281122
0.154292763986
0.150547165209
0.147039313696
0.143759405095
0.14069798377
0.137845916779
0.135194362622
0.132734736736
0.130458675158
0.128357997403
0.126424669314
0.124650766496
0.123028438817
0.121549876404
0.120207277551
0.11899281895
0.117898628684
0.116916762465
0.116039183656
0.115257747631
0.114564191131
0.113950127248
0.113407046741
0.112926326352
0.112499244769
0.11211700681
0.111770776278
0.111451717768
0.111151047493
0.110860092911
0.110570360606
0.110273611523
0.109961942267
0.109627870763
0.109264424235
0.108865227116
0.108424586259
0.10793757072
0.107400083326
0.106808921445
0.106161824618
0.105457507186
0.104695674582
0.1038770226
0.103003219653
0.102076872704
0.101101478206
0.100081359942
0.0990215960624
0.097927937945
0.0968067236072
0.0956647884142
0.0945093756815
0.0933480495291
0.09218861202
0.0910390262424
0.089907346605
0.0888016572214
0.0877300189019
0.0867004249424
0.0857207656299
0.0847988011624
0.0839421425161
0.083158239677
0.0824543765886
0.081837672136
0.081315086492
0.0808934321842
0.0805793892875
0.0803795242148
0.0803003116524
0.080348159263
0.080529434868
0.0808504958977
0.0813177209893
0.0819375436896
0.0827164883067
0.0836612080365
0.0847785255739
0.0860754765058
0.0875593558755
0.0892377684018
0.0911186829455
0.0932104919314
0.0955220765632
0.098062878816
0.100842981361
0.10387319676
0.107165167483
0.11073147854
0.114585784774
0.11874295512
0.123219236413
0.12803243953
0.133202150722
0.138749970879
0.144699784809
0.151078061176
0.157914180718
0.16524078476
0.173094125654
0.181514382287
0.19054587083
0.200237022577
0.210639897313
0.221808817294
0.233797381739
0.24665254802
0.26040346977
0.275041120499
0.290482208185
0.30650793021
0.32266771672
0.338150505501
0.351673812109
0.361539513834
0.366065405052
0.364355221063
0.356831974878
0.344975879363
0.330553517977
0.315026195067
0.299373570986
0.284165417564
0.269693845887
0.256083602103
0.243365571647
0.231521104164
0.220507386322
0.210271492966
0.200757937014
0.191912562206
0.183684406745
0.176026457535
0.168895811428
0.162253532293
0.156064364396
0.150296390173
0.14492067964
0.139910955618
0.135243286073
0.130895807748
0.12684848142
0.123082877211
0.119581987439
0.116330064235
0.113312479139
0.110515602031
0.107926697042
0.105533833269
0.103325808405
0.10129208361
0.0994227281246
0.0977083723187
0.0961401680016
0.0947097549444
0.0934092326743
0.0922311366833
0.0911684182797
0.090214427373
0.0893628975509
0.0886079328645
0.0879439957968
0.0873658959465
0.0868687790188
0.0864481157735
0.0860996906442
0.0858195898033
0.0856041885137
0.0854501376697
0.0853543494957
0.0853139824297
0.0853264252773
0.0853892807758
0.0855003487532
0.0856576091106
0.0858592048865
0.0861034256884
0.0863886917922
0.0867135392185
0.087076606091
0.0874766205753
0.0879123906734
0.0883827961276
0.0888867826483
0.0894233586426
0.0899915945737
0.0905906250262
0.0912196535005
0.0918779598963
0.0925649105864
0.0932799709209
0.0940227199399
0.0947928670168
0.0955902701018
0.0964149551884
0.0972671365891
0.0981472375779
0.0990559109443
0.0999940589977
0.100962852574
0.101963748624
0.102998505993
0.104069199069
0.105178229019
0.106328332416
0.107522587144
0.108764415519
0.110057584682
0.111406204361
0.112814722188
0.114287916804
0.115830889039
0.117449051469
0.119148116688
0.120934084591
0.122813228994
0.124792083797
0.126877428914
0.129076276025
0.131395854138
0.133843594784
0.136427116487
0.139154207916
0.142032808861
0.145070987804
0.148276914408
0.15165882469
0.155224975895
0.158983587165
0.162942760852
0.167110377794
0.171493957792
0.17610047394
0.180936106115
0.186005914676
0.1913134102
0.196859988706
0.202644194428
0.208660764306
0.214899400913
0.221343216039
0.227966789838
0.234733807746
0.241594281261
0.248481446011
0.255308582212
0.26196623669
0.268320640579
0.274214461287
0.279471260452
0.283904901696
0.287334365807
0.289602847437
0.290597952041
0.290268221133
0.288631254379
0.285770870074
0.281824216239
0.276962742552
0.271372047281
0.265234697
0.258718142076
0.251967955397
0.245105439146
0.238228226692
0.231412599295
0.224716551509
0.218182979681
0.211842644235
0.20571674697
0.199819080989
0.194157773608
0.188736671219
0.183556423769
0.178615324805
0.173909956685
0.169435682652
0.165187019734
0.161157919559
0.157341978354
0.153732592709
0.150323073921
0.147106730778
0.144076928383
0.141227128815
0.138550918113
0.136042022987
0.1336943199
0.131501838542
0.12945876126
0.127559419667
0.125798289362
0.124169983525
0.12266924596
0.121290944069
0.120030062138
0.118881695243
0.117841044052
0.116903410719
0.116064196079
0.11531889827
0.114663112933
0.114092535073
0.11360296266
0.113190302019
0.112850575024
0.112579928084
0.112374642873
0.112231148721
0.112146036557
0.112116074236
0.112138223071
0.112209655331
0.11232777246
0.112490223722
0.112694924961
0.112940077167
0.113224184515
0.113546071543
0.113904899183
0.114300179347
0.114731787828
0.11519997531
0.115705376362
0.116249016298
0.11683231592
0.117457094178
0.118125568875
0.118840355606
0.119604465199
0.120421299949
0.121294649047
0.122228683576
0.12322795156
0.124297373507
0.125442238962
0.126668204563
0.127981294127
0.129387901264
0.130894795067
0.132509129377
0.134238456174
0.136090743626
0.138074399361
0.140198299547
0.142471824414
0.144904900868
0.147508052942
0.150292460863
0.153270029577
0.156453467662
0.15985637756
0.163493358085
0.167380120065
0.171533615735
0.175972182064
0.18071569727
0.185785748306
0.191205804447
0.197001387784
0.203200224246
0.209832346951
0.216930104285
0.22452799331
0.232662186768
0.241369536008
0.250685691098
0.260641749425
0.271258475289
0.282536561306
0.294440578581
0.306873262617
0.319636135909
0.332373944634
0.344508294865
0.355187234995
0.363314034746
0.367740005679
0.36763355034
0.362844446431
0.353978256585
0.342113930368
0.328403907329
0.313806499624
0.299003433189
0.284429561547
0.270338025624
0.256861376984
0.244057078525
0.23193798123
0.220491625311
0.209692065045
0.199506945789
0.189901647313
0.180841642281
0.172293780044
0.164226929675
0.15661224585
0.149423217249
0.142635593854
0.13622725105
0.130178024965
0.124469539198
0.119085034397
0.114009206837
0.109228058998
0.104728763236
0.100499538558
0.0965295398974
0.0928087590019
0.0893279358805
0.0860784797683
0.0830523985785
0.0802422358858
0.0776410145646
0.0752421862854
0.0730395861582
0.0710273918838
0.0692000868458
0.067552426637
0.0660794085677
0.064776243753
0.0636383314159
0.06266123508
0.0618406603565
0.061172434056
0.0606524843797
0.0602768219643
0.0600415215734
0.0599427042433
0.0599765197074
0.0601391289387
0.0604266866642
0.0608353237224
0.0613611291534
0.0620001319327
0.0627482822847
0.0636014325413
0.0645553175477
0.0656055346577
0.0667475234141
0.0679765450645
0.0692876621359
0.0706757183648
0.0721353193724
0.0736608145717
0.0752462808974
0.0768855090689
0.0785719932047
0.0802989247287
0.0820591916058
0.0838453840363
0.0856498077922
0.0874645063994
0.0892812933258
0.0910917952334
0.0928875071561
0.0946598601847
0.096400301852
0.098100388927
0.0997518917488
0.101346908581
0.102877987786
0.104338254918
0.105721541234
0.107022509584
0.10823677332
0.10936100377
0.11039302195
0.111331870654
0.112177863771
0.112932610596
0.113599014063
0.114181242983
0.114684679595
0.115115844842
0.115482304683
0.115792561455
0.116055934701
0.116282436015
0.116482642314
0.116667571592
0.116848564717
0.117037176144
0.117245075802
0.117483963682
0.117765498032
0.118101237529
0.118502597302
0.118980818329
0.119546949487
0.12021184135
0.120986150767
0.121880355243
0.122904776197
0.124069610281
0.12538496807
0.1268609196
0.128507546421
0.130335000018
0.132353566684
0.134573739138
0.137006295449
0.139662386067
0.142553630102
0.145692222272
0.149091052384
0.152763839614
0.156725284416
0.160991241511
0.165578918181
0.170507103
0.175796431258
0.181469694658
0.187552204408
0.194072218622
0.201061446861
0.20855564647
0.216595326621
0.225226575534
0.234502021965
0.244481929177
0.255235388941
0.266841515787
0.279390399083
0.292983272349
0.307730738195
0.323746592438
0.341132097563
0.359940042722
0.380097242327
0.401246567925
0.422455576608
0.441794647726
0.456100515863
0.46182032723
0.457312883902
0.444297569512
0.426341229165
0.406577925092
0.386905350536
0.368235124683
0.350913048363
0.33500648724
0.320459598698
0.307169351646
0.295020730684
0.283902109301
0.273711259058
0.264357047646
0.255759235481
0.247847510134
0.240560288511
0.233843524181
0.227649617321
0.221936458752
0.216666609545
0.211806605104
0.207326368416
0.203198716813
0.19939894785
0.195904491764
0.192694619872
0.189750200058
0.187053492007
0.184587976136
0.18233821125
0.180289716812
0.178428876375
0.176742859327
0.175219558487
0.173847541427
0.172616013673
0.171514792072
0.170534286817
0.169665490647
0.168899973874
0.168229883909
0.167647948016
0.167147478083
0.166722376247
0.166367140296
0.166076867828
0.16584725832
0.165674612304
0.165555827073
0.165488388442
0.165470358292
0.165500357783
0.165577546295
0.165701596311
0.165872664621
0.166091360306
0.166358710116
0.166676121868
0.167045346588
0.167468440087
0.167947724691
0.168485751776
0.16908526575
0.169749170001
0.170480495316
0.171282371151
0.172158000049
0.17311063547
0.17414356313
0.175260085976
0.17646351276
0.177757150189
0.179144298522
0.180628250477
0.182212293221
0.183899713209
0.18569380358
0.187597873749
0.189615260814
0.191749342288
0.194003549618
0.196381381816
0.198886418405
0.201522330708
0.20429289028
0.207201972991
0.2102535569
0.213451711585
0.216800575966
0.220304320883
0.223967091658
0.227792924576
0.231785629556
0.235948629187
0.240284741622
0.244795891593
0.249482729794
0.254344136214
0.259376577793
0.264573285425
0.269923210899
0.275409722565
0.281009002723
0.286688125148
0.292402825934
0.29809504609
0.303690433005
0.309096150771
0.314199564465
0.318868598932
0.322954743756
0.32629963277
0.32874568137
0.330150297942
0.33040181792
0.329434029506
0.327235708426
0.323852494482
0.319380555579
0.313953862014
0.307728421408
0.300866954656
0.293526493365
0.285849968876
0.277961679834
0.269965850171
0.261947287875
0.253973251715
0.246095853973
0.238354558055
0.230778517758
0.223388637108
0.216199312858
0.209219868612
0.202455712497
0.195909258676
0.189580653391
0.183468342614
0.177569513294
0.171880434762
0.166396721921
0.161113537493
0.156025746995
0.151128037177
0.146415006292
0.141881232704
0.137521326875
0.133329970635
0.129301946719
0.12543216088
0.121715658348
0.118147635972
0.114723451054
0.111438627659
0.10828886094
0.105270019909
0.102378148956
0.0996094682936
0.0969603735027
0.0944274342308
0.0920073921144
0.0896971579371
0.0874938080308
0.0853945799149
0.0833968671641
0.0814982134946
0.0796963060654
0.0779889679966
0.0763741501168
0.0748499219617
0.0734144620604
0.072066047556
0.0708030432208
0.06962388994
0.0685270927484
0.0675112085184
0.0665748334053
0.0657165901706
0.0649351155088
0.0642290475136
0.0635970134273
0.0630376178236
0.062549431377
0.0621309803818
0.0617807371824
0.0614971116832
0.0612784441048
0.0611229991553
0.0610289617831
0.0609944346724
0.061017437636
0.0610959090521
0.0612277094746
0.0614106275306
0.0616423881963
0.0619206635116
0.0622430857649
0.0626072631358
0.0630107977435
0.0634513059965
0.0639264410893
0.0644339174327
0.0649715367515
0.0655372155248
0.0661290133931
0.066745162108
0.0673840945642
0.0680444734234
0.0687252188259
0.0694255346876
0.070144933095
0.0708832563479
0.0716406962477
0.0724178102997
0.0732155345756
0.0740351930779
0.074878503546
0.0757475797481
0.0766449304081
0.0775734550151
0.078536436855
0.0795375336875
0.0805807665542
0.0816705072617
0.0828114651172
0.0840086735192
0.0852674770115
0.0865935194075
0.0879927335795
0.0894713334866
0.0910358089959
0.0926929240281
0.0944497185452
0.0963135148852
0.0982919289545
0.100392886805
0.102624647157
0.104995830493
0.107515455431
0.110192983197
0.113038371201
0.116062136885
0.119275433327
0.122690138371
0.126318959539
0.130175557472
0.134274691398
0.138632390982
0.143266160108
0.148195219623
0.153440798062
0.159026482014
0.16497864126
0.171326948579
0.178105020588
0.185351214936
0.19310963176
0.201431385112
0.210376235856
0.220014715155
0.230430923739
0.241726276951
0.254024596023
0.267479150087
0.282282576555
0.298681122465
0.316995459341
0.33765151934
0.361226157063
0.388511855891
0.420590231642
0.458811751533
0.504062152883
0.552168947259
0.579180169516
0.556548760311
0.509322078843
0.463848705423
0.425370208193
0.393166515408
0.365878170976
0.342395356663
0.321902766517
0.303807661871
0.287673430273
0.273172276107
0.260053225164
0.248120544726
0.237219002079
0.22722361435
0.218032385883
0.209561066971
0.201739305262
0.194507774007
0.187815997238
0.181620680183
0.175884411437
0.170574642448
0.165662876526
0.161124018028
0.156935845334
0.15307858047
0.149534534887
0.146287815774
0.1433240809
0.140630332621
0.138194743752
0.136006509517
0.134055720987
0.132333256318
0.13083068683
0.129540195515
0.128454506017
0.127566820488
0.126870764986
0.126360341342
0.126029884596
0.125874025251
0.125887655752
0.126065900662
0.126404090147
0.126897736415
0.127542512854
0.128334235663
0.129268847811
0.130342405231
0.131551065171
0.132891076682
0.134358773258
0.135950567661
0.137662949018
0.139492482284
0.141435810212
0.143489657969
0.145650840585
0.147916273434
0.150282985924
0.152748138651
0.155309044203
0.157963191868
0.160708276434
0.163542231309
0.166463266158
0.169469909226
0.172561054515
0.175736013983
0.178994574873
0.182337062353
0.185764407584
0.189278221441
0.192880874138
0.196575581116
0.200366495733
0.204258809492
0.208258860851
0.212374254043
0.216613989855
0.22098861097
0.225510365291
0.230193391761
0.23505393453
0.240110593071
0.245384618088
0.25090026601
0.256685228737
0.262771160495
0.269194330703
0.275996441423
0.283225661454
0.290937948181
0.299198755588
0.308085266499
0.317689345475
0.328121495677
0.339516233614
0.352039492379
0.365898957164
0.381358654637
0.398759632625
0.418548861892
0.441317004503
0.467835586718
0.499035582368
0.535650262966
0.576323391124
0.610744478618
0.614093593482
0.581168001176
0.536780864779
0.495166428936
0.45899381725
0.427765673741
0.400547085378
0.376526290697
0.355077109155
0.335727186348
0.318118654003
0.301976903617
0.287088025991
0.273282869032
0.260425756789
0.24840642468
0.237134175448
0.226533582689
0.216541286655
0.207103571705
0.198174511036
0.189714528704
0.181689272635
0.174068722233
0.166826475025
0.159939171389
0.153386026886
0.147148449221
0.141209722366
0.135554744428
0.130169808862
0.125042420896
0.120161142791
0.115515462827
0.111095683978
0.106892829006
0.102898559313
0.0991051054149
0.0955052072564
0.0920920629022
0.0888592844019
0.0858008598036
0.0829111204646
0.0801847129325
0.0776165747748
0.0752019138222
0.0729361903588
0.0708151018502
0.0688345698454
0.0669907287301
0.065279916036
0.0636986640409
0.0622436924146
0.0609119016856
0.0597003673193
0.058606334214
0.0576272114346
0.0567605670168
0.0560041226851
0.0553557483441
0.0548134562102
0.0543753944662
0.0540398403321
0.0538051924597
0.0536699625678
0.0536327662539
0.0536923129236
0.0538473947994
0.0540968749781
0.0544396745222
0.054874758583
0.0554011215655
0.0560177713591
0.0567237126738
0.0575179295309
0.0583993669796
0.0593669121212
0.0604193745454
0.0615554663027
0.0627737815596
0.0640727761129
0.0654507469662
0.0669058122112
0.0684358914912
0.0700386873715
0.071711667985
0.0734520513773
0.0752567920235
0.0771225700452
0.0790457837092
0.0810225458312
0.0830486847477
0.0851197505421
0.0872310272109
0.0893775514335
0.0915541385546
0.0937554162898
0.0959758665287
0.0982098754212
0.100451791698
0.102695992892
0.104936958801
0.107169351193
0.109388098349
0.111588482741
0.113766229743
0.11591759506
0.118039448323
0.120129350277
0.122185620977
0.12420739663
0.126194673036
0.128148333997
0.130070163645
0.131962842194
0.133829925303
0.135675807803
0.137505673122
0.139325430202
