8.04911692853e-18
2.49687531085e-07
9.98750496766e-07
2.24719001477e-06
3.99500794783e-06
6.24220690386e-06
8.98879023593e-06
1.22347620423e-05
1.59801271663e-05
2.02248911966e-05
2.4969060467e-05
3.02126420569e-05
3.59556437907e-05
4.21980742385e-05
4.89399427155e-05
5.61812592829e-05
6.3922034747e-05
7.21622806601e-05
8.09020093202e-05
9.0141233771e-05
9.98799678021e-05
0.000110118225949
0.000120856023494
0.000132093376465
0.000143830301635
0.000156066816526
0.000168802939405
0.000182038689285
0.000195774085928
0.00021000914984
0.000224743902277
0.00023997836524
0.000255712561478
0.000271946514487
0.000288680248513
0.000305913788546
0.000323647160327
0.000341880390344
0.000360613505833
0.00037984653478
0.000399579505917
0.000419812448727
0.000440545393442
0.000461778371043
0.000483511413259
0.000505744552571
0.000528477822209
0.000551711256152
0.00057544488913
0.000599678756625
0.000624412894868
0.000649647340843
0.000675382132282
0.000701617307671
0.000728352906249
0.000755588968004
0.000783325533677
0.000811562644765
0.000840300343513
0.000869538672922
0.000899277676746
0.000929517399492
0.000960257886423
0.000991499183554
0.00102324133766
0.00105548439625
0.00108822840763
0.00112147342082
0.00115521948561
0.00118946665256
0.00122421497297
0.0012594644989
0.00129521528317
0.00133146737936
0.00136822084181
0.0014054757256
0.00144323208659
0.00148148998139
0.00152024946737
0.00155951060266
0.00159927344615
0.00163953805749
0.00168030449711
0.00172157282616
0.00176334310658
0.00180561540108
0.00184838977312
0.00189166628691
0.00193544500744
0.00197972600047
0.00202450933252
0.00206979507085
0.00211558328353
0.00216187403935
0.00220866740791
0.00225596345953
0.00230376226534
0.00235206389721
0.00240086842779
0.0024501759305
0.00249998647952
0.00255030014981
0.00260111701709
0.00265243715785
0.00270426064937
0.00275658756968
0.0028094179976
0.0028627520127
0.00291658969534
0.00297093112665
0.00302577638855
0.00308112556369
0.00313697873555
0.00319333598835
0.0032501974071
0.00330756307758
0.00336543308636
0.00342380752077
0.00348268646894
0.00354207001976
0.00360195826292
0.00366235128887
0.00372324918886
0.0037846520549
0.0038465599798
0.00390897305716
0.00397189138134
0.0040353150475
0.00409924415158
0.00416367879032
0.00422861906121
0.00429406506258
0.0043600168935
0.00442647465384
0.00449343844429
0.00456090836629
0.00462888452209
0.00469736701473
0.00476635594804
0.00483585142664
0.00490585355594
0.00497636244215
0.00504737819229
0.00511890091414
0.0051909307163
0.00526346770817
0.00533651199994
0.00541006370259
0.00548412292791
0.00555868978849
0.00563376439772
0.00570934686978
0.00578543731968
0.00586203586319
0.00593914261693
0.0060167576983
0.0060948812255
0.00617351331755
0.00625265409427
0.0063323036763
0.00641246218506
0.00649312974281
0.00657430647261
0.00665599249833
0.00673818794464
0.00682089293705
0.00690410760186
0.00698783206619
0.00707206645799
0.007156810906
0.00724206553981
0.00732783048979
0.00741410588717
0.00750089186396
0.00758818855303
0.00767599608803
0.00776431460348
0.00785314423468
0.00794248511778
0.00803233738974
0.00812270118837
0.00821357665229
0.00830496392094
0.00839686313461
0.00848927443441
0.00858219796228
0.00867563386099
0.00876958227415
0.00886404334621
0.00895901722244
0.00905450404895
0.0091505039727
0.00924701714147
0.0093440437039
0.00944158380945
0.00953963760843
0.009638205252
0.00973728689215
0.00983688268172
0.0099369927744
0.0100376173247
0.0101387564881
0.0102404104207
0.0103425792796
0.0104452632228
0.0105484624091
0.010652176998
0.0107564071502
0.0108611530268
0.0109664147902
0.0110721926034
0.0111784866303
0.0112852970356
0.0113926239852
0.0115004676453
0.0116088281835
0.0117177057679
0.0118271005676
0.0119370127526
0.0120474424938
0.0121583899629
0.0122698553323
0.0123818387756
0.0124943404671
0.012607360582
0.0127208992963
0.0128349567871
0.0129495332321
0.01306462881
0.0131802437004
0.0132963780838
0.0134130321415
0.0135302060558
0.0136479000099
0.0137661141876
0.0138848487739
0.0140041039547
0.0141238799165
0.0142441768469
0.0143649949345
0.0144863343685
0.0146081953393
0.0147305780379
0.0148534826565
0.014976909388
0.0151008584262
0.015225329966
0.0153503242029
0.0154758413336
0.0156018815555
0.0157284450671
0.0158555320675
0.0159831427571
0.016111277337
0.0162399360092
0.0163691189766
0.0164988264431
0.0166290586136
0.0167598156937
0.0168910978901
0.0170229054103
0.0171552384629
0.0172880972572
0.0174214820035
0.0175553929132
0.0176898301985
0.0178247940724
0.0179602847491
0.0180963024436
0.0182328473717
0.0183699197504
0.0185075197976
0.0186456477319
0.0187843037731
0.0189234881418
0.0190632010597
0.0192034427492
0.019344213434
0.0194855133384
0.0196273426878
0.0197697017087
0.0199125906283
0.0200560096749
0.0201999590777
0.020344439067
0.020489449874
0.0206349917306
0.0207810648702
0.0209276695266
0.021074805935
0.0212224743313
0.0213706749526
0.0215194080368
0.0216686738228
0.0218184725506
0.0219688044611
0.0221196697961
0.0222710687985
0.0224230017121
0.0225754687819
0.0227284702536
0.022882006374
0.023036077391
0.0231906835535
0.0233458251111
0.0235015023147
0.0236577154162
0.0238144646683
0.0239717503248
0.0241295726407
0.0242879318717
0.0244468282747
0.0246062621075
0.024766233629
0.0249267430992
0.0250877907789
0.02524937693
0.0254115018156
0.0255741656996
0.025737368847
0.0259011115238
0.0260653939972
0.0262302165351
0.0263955794069
0.0265614828825
0.0267279272333
0.0268949127315
0.0270624396504
0.0272305082643
0.0273991188486
0.0275682716798
0.0277379670354
0.0279082051938
0.0280789864348
0.0282503110389
0.0284221792879
0.0285945914645
0.0287675478526
0.0289410487372
0.0291150944041
0.0292896851405
0.0294648212344
0.0296405029752
0.029816730653
0.0299935045592
0.0301708249863
0.0303486922277
0.0305271065782
0.0307060683333
0.03088557779
0.031065635246
0.0312462410004
0.0314273953533
0.0316090986058
0.0317913510602
0.03197415302
0.0321575047895
0.0323414066745
0.0325258589817
0.0327108620189
0.032896416095
0.0330825215201
0.0332691786055
0.0334563876635
0.0336441490074
0.033832462952
0.0340213298128
0.0342107499068
0.034400723552
0.0345912510675
0.0347823327734
0.0349739689914
0.0351661600439
0.0353589062546
0.0355522079484
0.0357460654513
0.0359404790906
0.0361354491945
0.0363309760925
0.0365270601153
0.0367237015949
0.036920900864
0.0371186582571
0.0373169741093
0.0375158487573
0.0377152825387
0.0379152757926
0.0381158288589
0.0383169420789
0.0385186157952
0.0387208503514
0.0389236460924
0.0391270033642
0.0393309225142
0.0395354038907
0.0397404478436
0.0399460547237
0.0401522248832
0.0403589586753
0.0405662564546
0.040774118577
0.0409825453995
0.0411915372802
0.0414010945787
0.0416112176558
0.0418219068732
0.0420331625943
0.0422449851835
0.0424573750064
0.0426703324301
0.0428838578226
0.0430979515535
0.0433126139935
0.0435278455146
0.0437436464899
0.0439600172941
0.0441769583028
0.0443944698932
0.0446125524435
0.0448312063335
0.0450504319441
0.0452702296573
0.0454905998568
0.0457115429272
0.0459330592547
0.0461551492267
0.0463778132319
0.0466010516602
0.0468248649029
0.0470492533528
0.0472742174036
0.0474997574508
0.0477258738908
0.0479525671217
0.0481798375425
0.048407685554
0.0486361115581
0.048865115958
0.0490946991583
0.0493248615649
0.0495556035853
0.0497869256281
0.0500188281032
0.0502513114221
0.0504843759975
0.0507180222436
0.0509522505758
0.0511870614111
0.0514224551677
0.0516584322652
0.0518949931247
0.0521321381685
0.0523698678206
0.052608182506
0.0528470826515
0.0530865686851
0.0533266410362
0.0535673001356
0.0538085464157
0.05405038031
0.0542928022538
0.0545358126836
0.0547794120373
0.0550236007544
0.0552683792757
0.0555137480435
0.0557597075016
0.0560062580952
0.0562534002709
0.0565011344769
0.0567494611628
0.0569983807795
0.0572478937797
0.0574980006172
0.0577487017478
0.0579999976282
0.0582518887169
0.058504375474
0.0587574583607
0.0590111378402
0.0592654143769
0.0595202884366
0.059775760487
0.060031830997
0.0602885004371
0.0605457692794
0.0608036379974
0.0610621070663
0.0613211769627
0.0615808481648
0.0618411211524
0.0621019964068
0.0623634744108
0.0626255556488
0.0628882406069
0.0631515297726
0.063415423635
0.0636799226849
0.0639450274144
0.0642107383177
0.06447705589
0.0647439806284
0.0650115130318
0.0652796536002
0.0655484028358
0.0658177612419
0.0660877293236
0.0663583075879
0.066629496543
0.0669012966989
0.0671737085675
0.0674467326619
0.0677203694971
0.0679946195898
0.0682694834582
0.0685449616223
0.0688210546037
0.0690977629257
0.0693750871133
0.069653027693
0.0699315851933
0.0702107601442
0.0704905530775
0.0707709645265
0.0710519950264
0.0713336451141
0.0716159153283
0.0718988062091
0.0721823182986
0.0724664521407
0.0727512082808
0.0730365872663
0.073322589646
0.0736092159709
0.0738964667934
0.0741843426679
0.0744728441504
0.0747619717988
0.0750517261728
0.0753421078337
0.0756331173449
0.0759247552712
0.0762170221796
0.0765099186388
0.0768034452191
0.0770976024929
0.0773923910342
0.0776878114191
0.0779838642254
0.0782805500325
0.0785778694222
0.0788758229776
0.079174411284
0.0794736349285
0.0797734945001
0.0800739905895
0.0803751237896
0.0806768946948
0.0809793039017
0.0812823520088
0.0815860396164
0.0818903673267
0.0821953357439
0.0825009454741
0.0828071971252
0.0831140913074
0.0834216286325
0.0837298097145
0.084038635169
0.084348105614
0.0846582216692
0.0849689839564
0.0852803930994
0.0855924497238
0.0859051544573
0.0862185079299
0.0865325107731
0.0868471636208
0.0871624671087
0.0874784218747
0.0877950285587
0.0881122878026
0.0884302002502
0.0887487665477
0.0890679873431
0.0893878632867
0.0897083950305
0.090029583229
0.0903514285386
0.0906739316177
0.090997093127
0.0913209137293
0.0916453940894
0.0919705348742
0.0922963367529
0.0926228003968
0.0929499264793
0.0932777156758
0.0936061686643
0.0939352861245
0.0942650687385
0.0945955171906
0.0949266321673
0.0952584143573
0.0955908644513
0.0959239831425
0.0962577711261
0.0965922290998
0.0969273577633
0.0972631578185
0.0975996299699
0.0979367749238
0.0982745933892
0.0986130860771
0.0989522537009
0.0992920969761
0.0996326166209
0.0999738133554
0.100315687902
0.100658240986
0.101001473335
0.101345385678
0.101689978746
0.102035253275
0.102381210001
0.102727849663
0.103075173002
0.103423180763
0.10377187369
0.104121252534
0.104471318045
0.104822070976
0.105173512084
0.105525642126
0.105878461864
0.10623197206
0.106586173481
0.106941066894
0.10729665307
0.107652932783
0.108009906808
0.108367575923
0.108725940908
0.109085002548
0.109444761628
0.109805218935
0.110166375262
0.110528231401
0.110890788149
0.111254046303
0.111618006666
0.111982670041
0.112348037234
0.112714109054
0.113080886314
0.113448369827
0.11381656041
0.114185458884
0.114555066069
0.114925382792
0.11529640988
0.115668148162
0.116040598474
0.116413761649
0.116787638527
0.117162229948
0.117537536758
0.117913559803
0.118290299931
0.118667757996
0.119045934853
0.11942483136
0.119804448377
0.120184786767
0.120565847399
0.120947631139
0.121330138862
0.121713371441
0.122097329754
0.122482014683
0.122867427111
0.123253567924
0.123640438012
0.124028038268
0.124416369586
0.124805432865
0.125195229006
0.125585758914
0.125977023496
0.126369023661
0.126761760324
0.1271552344
0.127549446809
0.127944398473
0.128340090317
0.128736523271
0.129133698265
0.129531616235
0.129930278117
0.130329684854
0.130729837388
0.131130736668
0.131532383643
0.131934779267
0.132337924496
0.132741820291
0.133146467614
0.133551867433
0.133958020715
0.134364928435
0.134772591567
0.135181011092
0.135590187992
0.136000123252
0.136410817863
0.136822272816
0.137234489107
0.137647467736
0.138061209704
0.138475716018
0.138890987688
0.139307025725
0.139723831146
0.140141404971
0.140559748222
0.140978861925
0.141398747112
0.141819404815
0.142240836071
0.14266304192
0.143086023407
0.143509781578
0.143934317486
0.144359632184
0.14478572673
0.145212602187
0.14564025962
0.146068700098
0.146497924694
0.146927934483
0.147358730546
0.147790313967
0.148222685832
0.148655847234
0.149089799267
0.149524543029
0.149960079623
0.150396410156
0.150833535736
0.151271457478
0.1517101765
0.152149693922
0.152590010871
0.153031128474
0.153473047867
0.153915770184
0.154359296568
0.154803628163
0.155248766118
0.155694711586
0.156141465723
0.156589029691
0.157037404654
0.157486591781
0.157936592245
0.158387407223
0.158839037896
0.159291485449
0.159744751072
0.160198835958
0.160653741306
0.161109468316
0.161566018194
0.162023392152
0.162481591404
0.162940617168
0.163400470667
0.163861153129
0.164322665786
0.164785009873
0.165248186632
0.165712197305
0.166177043144
0.166642725401
0.167109245334
0.167576604205
0.168044803283
0.168513843837
0.168983727143
0.169454454483
0.169926027141
0.170398446407
0.170871713574
0.171345829942
0.171820796813
0.172296615496
0.172773287303
0.173250813552
0.173729195565
0.174208434668
0.174688532193
0.175169489477
0.17565130786
0.176133988688
0.176617533313
0.177101943089
0.177587219378
0.178073363544
0.178560376958
0.179048260996
0.179537017037
0.180026646467
0.180517150677
0.181008531061
0.181500789019
0.181993925958
0.182487943288
0.182982842424
0.183478624788
0.183975291806
0.184472844908
0.184971285531
0.185470615118
0.185970835115
0.186471946974
0.186973952153
0.187476852115
0.187980648328
0.188485342267
0.18899093541
0.189497429243
0.190004825254
0.19051312494
0.191022329803
0.191532441348
0.192043461088
0.192555390541
0.193068231231
0.193581984687
0.194096652443
0.194612236041
0.195128737026
0.195646156951
0.196164497374
0.196683759858
0.197203945973
0.197725057295
0.198247095405
0.19877006189
0.199293958344
0.199818786366
0.200344547561
0.200871243541
0.201398875922
0.20192744633
0.202456956393
0.202987407747
0.203518802034
0.204051140903
0.204584426009
0.205118659011
0.205653841578
0.206189975382
0.206727062105
0.207265103431
0.207804101054
0.208344056674
0.208884971996
0.209426848732
0.209969688601
0.210513493329
0.211058264649
0.211604004298
0.212150714022
0.212698395574
0.213247050713
0.213796681204
0.214347288821
0.214898875343
0.215451442557
0.216004992255
0.216559526239
0.217115046316
0.2176715543
0.218229052014
0.218787541285
0.21934702395
0.219907501852
0.220468976841
0.221031450775
0.221594925519
0.222159402945
0.222724884932
0.223291373369
0.223858870148
0.224427377173
0.224996896353
0.225567429605
0.226138978854
0.226711546033
0.227285133081
0.227859741946
0.228435374584
0.229012032959
0.229589719041
0.230168434811
0.230748182254
0.231328963367
0.231910780152
0.232493634622
0.233077528794
0.233662464696
0.234248444365
0.234835469844
0.235423543186
0.23601266645
0.236602841706
0.237194071032
0.237786356512
0.238379700241
0.238974104323
0.239569570868
0.240166101996
0.240763699837
0.241362366528
0.241962104215
0.242562915053
0.243164801207
0.243767764849
0.244371808161
0.244976933334
0.245583142568
0.246190438072
0.246798822065
0.247408296774
0.248018864436
0.248630527296
0.249243287612
0.249857147646
0.250472109675
0.251088175981
0.251705348859
0.252323630611
0.252943023551
0.253563530001
0.254185152293
0.25480789277
0.255431753784
0.256056737697
0.256682846881
0.257310083718
0.257938450602
0.258567949934
0.259198584128
0.259830355606
0.260463266802
0.26109732016
0.261732518134
0.26236886319
0.263006357803
0.263645004459
0.264284805655
0.264925763899
0.26556788171
0.266211161616
0.26685560616
0.267501217891
0.268147999373
0.26879595318
0.269445081897
0.27009538812
0.270746874456
0.271399543525
0.272053397958
0.272708440397
0.273364673495
0.274022099918
0.274680722344
0.275340543461
0.276001565971
0.276663792587
0.277327226033
0.277991869048
0.278657724379
0.27932479479
0.279993083054
0.280662591957
0.281333324298
0.28200528289
0.282678470555
0.283352890131
0.284028544468
0.284705436427
0.285383568885
0.286062944729
0.286743566862
0.287425438197
0.288108561664
0.288792940203
0.289478576769
0.290165474331
0.290853635869
0.291543064381
0.292233762874
0.292925734373
0.293618981914
0.294313508548
0.295009317341
0.295706411372
0.296404793734
0.297104467535
0.297805435899
0.298507701962
0.299211268875
0.299916139805
0.300622317934
0.301329806456
0.302038608585
0.302748727544
0.303460166577
0.30417292894
0.304887017904
0.305602436758
0.306319188805
0.307037277363
0.307756705767
0.308477477368
0.309199595532
0.309923063642
0.310647885097
0.311374063312
0.312101601718
0.312830503764
0.313560772914
0.31429241265
0.315025426469
0.315759817887
0.316495590437
0.317232747668
0.317971293146
0.318711230455
0.319452563198
0.320195294994
0.320939429479
0.321684970308
0.322431921155
0.32318028571
0.323930067683
0.3246812708
0.325433898808
0.326187955472
0.326943444575
0.327700369918
0.328458735324
0.329218544632
0.329979801701
0.330742510411
0.33150667466
0.332272298365
0.333039385465
0.333807939916
0.334577965697
0.335349466805
0.336122447258
0.336896911094
0.337672862374
0.338450305175
0.339229243599
0.340009681769
0.340791623825
0.341575073933
0.342360036278
0.343146515068
0.34393451453
0.344724038917
0.3455150925
0.346307679576
0.347101804461
0.347897471495
0.348694685042
0.349493449486
0.350293769237
0.351095648726
0.351899092408
0.352704104762
0.35351069029
0.354318853518
0.355128598996
0.3559399313
0.356752855027
0.357567374801
0.35838349527
0.359201221106
0.360020557009
0.360841507701
0.36166407793
0.362488272472
0.363314096127
0.36414155372
0.364970650104
0.365801390159
0.36663377879
0.367467820928
0.368303521533
0.369140885593
0.36997991812
0.370820624156
0.371663008771
0.372507077061
0.373352834153
0.374200285201
0.375049435387
0.375900289923
0.37675285405
0.377607133038
0.378463132186
0.379320856824
0.380180312311
0.381041504036
0.381904437421
0.382769117916
0.383635551002
0.384503742193
0.385373697033
0.386245421097
0.387118919995
0.387994199366
0.388871264882
0.389750122249
0.390630777206
0.391513235523
0.392397503005
0.39328358549
0.394171488852
0.395061218997
0.395952781867
0.396846183437
0.397741429719
0.398638526758
0.399537480639
0.400438297478
0.40134098343
0.402245544686
0.403151987474
0.404060318059
0.404970542742
0.405882667864
0.406796699803
0.407712644975
0.408630509836
0.409550300879
0.410472024639
0.411395687687
0.412321296636
0.413248858141
0.414178378895
0.415109865632
0.41604332513
0.416978764205
0.417916189719
0.418855608572
0.41979702771
0.420740454121
0.421685894836
0.422633356932
0.423582847527
0.424534373785
0.425487942916
0.426443562174
0.427401238859
0.428360980318
0.429322793944
0.430286687175
0.431252667501
0.432220742454
0.433190919619
0.434163206627
0.43513761116
0.436114140946
0.437092803767
0.438073607453
0.439056559884
0.440041668995
0.441028942768
0.442018389241
0.443010016502
0.444003832693
0.444999846011
0.445998064704
0.446998497078
0.448001151492
0.44900603636
0.450013160154
0.451022531402
0.452034158688
0.453048050655
0.454064216002
0.45508266349
0.456103401937
0.457126440221
0.45815178728
0.459179452114
0.460209443785
0.461241771415
0.46227644419
0.463313471358
0.464352862233
0.465394626192
0.466438772678
0.467485311197
0.468534251324
0.469585602701
0.470639375037
0.471695578108
0.47275422176
0.473815315908
0.47487887054
0.47594489571
0.477013401548
0.478084398254
0.479157896101
0.480233905438
0.481312436686
0.482393500341
0.483477106978
0.484563267246
0.485651991871
0.486743291661
0.487837177499
0.488933660349
0.490032751258
0.491134461351
0.492238801838
0.49334578401
0.494455419244
0.495567719
0.496682694825
0.497800358353
0.498920721304
0.500043795487
0.501169592801
0.502298125234
0.503429404867
0.504563443871
0.505700254512
0.50683984915
0.507982240239
0.509127440328
0.510275462067
0.511426318202
0.512580021576
0.513736585137
0.51489602193
0.516058345105
0.517223567914
0.518391703717
0.519562765976
0.520736768261
0.521913724251
0.523093647735
0.52427655261
0.525462452888
0.526651362691
0.527843296258
0.529038267942
0.530236292213
0.531437383659
0.532641556989
0.533848827031
0.535059208737
0.53627271718
0.53748936756
0.538709175205
0.539932155567
0.541158324231
0.542387696911
0.543620289453
0.544856117838
0.546095198184
0.547337546742
0.548583179906
0.549832114207
0.55108436632
0.552339953064
0.553598891402
0.554861198445
0.556126891452
0.557395987834
0.558668505153
0.559944461127
0.561223873629
0.562506760691
0.563793140505
0.565083031424
0.566376451966
0.567673420815
0.568973956822
0.57027807901
0.571585806573
0.57289715888
0.574212155477
0.575530816088
0.576853160619
0.578179209159
0.579508981982
0.580842499553
0.582179782523
0.583520851742
0.58486572825
0.586214433287
0.587566988296
0.58892341492
0.590283735009
0.591647970623
0.593016144031
0.594388277718
0.595764394386
0.597144516955
0.598528668571
0.599916872603
0.601309152651
0.602705532547
0.604106036355
0.605510688382
0.606919513173
0.608332535521
0.609749780464
0.611171273296
0.612597039562
0.614027105069
0.615461495885
0.616900238345
0.618343359054
0.619790884889
0.621242843007
0.622699260846
0.624160166129
0.625625586869
0.627095551374
0.62857008825
0.630049226404
0.631532995052
0.633021423721
0.634514542254
0.636012380814
0.637514969892
0.639022340306
0.640534523214
0.64205155011
0.643573452836
0.645100263585
0.646632014905
0.648168739707
0.649710471269
0.651257243241
0.652809089653
0.654366044918
0.655928143841
0.657495421624
0.65906791387
0.660645656595
0.662228686227
0.663817039619
0.665410754052
0.667009867244
0.668614417358
0.670224443004
0.671839983252
0.673461077638
0.675087766169
0.676720089336
0.678358088116
0.680001803984
0.681651278922
0.683306555424
0.684967676508
0.686634685722
0.688307627156
0.68998654545
0.691671485804
0.693362493985
0.69505961634
0.696762899808
0.698472391922
0.700188140832
0.701910195302
0.703638604734
0.70537341917
0.707114689308
0.708862466514
0.710616802831
0.712377750995
0.714145364445
0.715919697339
0.717700804564
0.719488741752
0.721283565292
0.723085332346
0.724894100865
0.726709929598
0.728532878115
0.730363006818
0.732200376957
0.73404505065
0.735897090895
0.737756561593
0.739623527562
0.741498054554
0.743380209277
0.745270059415
0.747167673644
0.749073121652
0.750986474164
0.75290780296
0.754837180898
0.756774681935
0.758720381151
0.760674354773
0.762636680198
0.76460743602
0.766586702052
0.768574559355
0.770571090265
0.772576378418
0.774590508784
0.776613567687
0.778645642847
0.780686823399
0.782737199934
0.784796864526
0.786865910769
0.788944433811
0.791032530385
0.793130298855
0.795237839244
0.79735525328
0.799482644431
0.80162011795
0.803767780915
0.805925742273
0.808094112887
0.810273005581
0.812462535185
0.814662818592
0.8168739748
0.819096124972
0.821329392484
0.823573902985
0.825829784455
0.828097167261
0.830376184221
0.832666970667
0.834969664512
0.837284406315
0.839611339353
0.841950609693
0.844302366265
0.846666760945
0.849043948627
0.851434087313
0.853837338193
0.856253865739
0.858683837792
0.86112742566
0.863584804217
0.866056152002
0.868541651327
0.871041488385
0.873555853367
0.876084940575
0.878628948548
0.881188080187
0.883762542887
0.886352548673
0.888958314344
0.891580061618
0.894218017285
0.896872413369
0.899543487289
0.902231482036
0.904936646347
0.907659234895
0.91039950848
0.913157734232
0.915934185822
0.918729143677
0.921542895214
0.924375735069
0.927227965356
0.930099895914
0.932991844584
0.935904137488
0.938837109322
0.941791103663
0.944766473292
0.947763580524
0.950782797562
0.95382450686
0.956889101507
0.959976985631
0.963088574809
0.966224296517
0.969384590581
0.972569909662
0.975780719762
0.97901750075
0.982280746918
0.985570967566
0.988888687607
0.992234448213
0.995608807485
0.999012341163
1.00244564336
1.00590932737
1.00940402643
1.01293039465
1.01648910789
1.02008086468
1.02370638729
1.02736642274
1.03106174391
1.03479315071
1.03856147135
1.04236756357
1.04621231602
1.05009664973
1.05402151955
1.05798791576
1.06199686575
1.06604943572
1.07014673254
1.07428990565
1.07848014904
1.08271870342
1.0870068583
1.09134595435
1.09573738572
1.10018260248
1.10468311314
1.10924048726
1.11385635802
1.11853242492
1.12327045642
1.12807229258
1.13293984758
1.13787511216
1.14288015581
1.14795712869
1.15310826309
1.1583358744
1.16364236132
1.16903020508
1.17450196762
1.1800602881
1.18570787774
1.19144751238
1.1972820225
1.20321428022
1.20924718312
1.21538363462
1.22162652133
1.22797868813
1.23444291283
1.24102188363
1.24771818457
1.25453429661
1.26147262472
1.2685355645
1.275725624
1.28304561877
1.29049896355
1.29809010582
1.30582522616
1.31371357608
1.32177039434
1.33002190497
1.33848148935
1.34660689153
1.3534340727
1.35959731433
1.36540224766
1.37094924004
1.37623416874
1.38121863005
1.38592306519
1.39036203661
1.39453127919
1.39839380265
1.4018808336
1.40496163054
1.40766515498
1.41000447911
1.41199389417
1.41363889603
1.4149048567
1.41573815892
1.41617901447
1.41637086683
1.4164545315
1.41650524455
1.41657805919
1.41670476856
1.4168976309
1.41715435557
1.41747090535
1.41779225752
1.41803526816
1.41816353888
1.4181725156
1.41810252867
1.41801219915
1.41795001519
1.41794489803
1.41801090081
1.41813523858
1.41824547668
1.41829456834
1.41827060332
1.41812321976
1.41783043024
1.41740348503
1.41688634978
1.41633436212
1.4157861103
1.41525795616
1.41475329481
1.41427330304
1.41381720846
1.41334532369
1.41289358298
1.41248495935
1.41211564248
1.41172181502
1.41125283818
1.41069826614
1.41006638761
1.40935547477
1.40858653262
1.40774643509
1.4067597159
1.40564604422
1.40450063531
1.40334319776
1.40217375862
1.40100887012
1.3998966467
1.39886471988
1.39792066802
1.39705821297
1.39626987179
1.39553739988
1.39483082331
1.39412790861
1.39340888606
1.3926567754
1.39184844304
1.39097884037
1.3900883446
1.38920640366
1.38834320679
1.38749820863
1.38666904468
1.38585746668
1.38506885151
1.38431064073
1.38357820731
1.38284728395
1.38208287626
1.38129721757
1.38050818361
1.37971385747
1.37889959568
1.37807100344
1.37723197368
1.37641758407
1.37564872814
1.37492258431
1.37421426432
1.37348721002
1.37275324175
1.37200466912
1.37123102618
1.37037669344
1.36948003564
1.36855420838
1.36762606298
1.36670910122
1.36574185355
1.36471875841
1.36367988423
1.36265392119
1.36164848389
1.36066841442
1.35971312949
1.35877827742
1.35786280456
1.35696986676
1.35610341796
1.35527330023
1.35445631707
1.35362705758
1.35279677823
1.35195566482
1.35106893462
1.35013464261
1.3491716207
1.34820400007
1.34723765513
1.34627678036
1.34533340856
1.34439363252
1.34346290831
1.34253646837
1.34162328175
1.34072981827
1.33985103763
1.33897346051
1.33809169435
1.33720803826
1.33629115724
1.33536018656
1.33444088462
1.33353894951
1.33266817711
1.33183259775
1.33102886827
1.33024470284
1.32946486262
1.32867853411
1.32787183998
1.32700989329
1.32611076687
1.3251998409
1.3242690042
1.3233350069
1.32238917555
1.32143997142
1.32048927103
1.31952462539
1.31856539984
1.31760468155
1.31664316269
1.3156875423
1.31474568131
1.3138243298
1.31292813136
1.31205221578
1.31119314927
1.31035094693
1.30951932965
1.30867755804
1.30780610648
1.30692124828
1.30604810975
1.30519839919
1.3043668074
1.30354152848
1.3027088627
1.30185008855
1.30093939398
1.29997853258
1.29901023294
1.29804334545
1.29706963418
1.29610056522
1.29511523032
1.29411161382
1.2931052275
1.29211401745
1.29113722597
1.29017580582
1.28922231141
1.28827304021
1.28733356547
1.2864014292
1.28546856484
1.28455304809
1.28365420738
1.28276537461
1.28188893493
1.28101854651
1.28015282864
1.27927919878
1.27838063105
1.27745229896
1.27649403925
1.27552210363
1.27454790784
1.27357160851
1.27259053135
1.27159743687
1.27060031762
1.26961246334
1.26865382079
1.26772571977
1.26682276822
1.26593974432
1.26506965276
1.26421652531
1.26337415665
1.26254805464
1.26172742913
1.26091919946
1.2601237159
1.25933138452
1.25853645378
1.25772490532
1.25691108924
1.25609759571
1.25528263847
1.25446415195
1.25363230168
1.25278928252
1.25193511678
1.25107939341
1.25020663407
1.24928635006
1.2483513414
1.24741436554
1.24647500588
1.24552775781
1.24457908767
1.24362724729
1.24267848355
1.24174387987
1.24083324544
1.23994127839
1.23905973693
1.2381844443
1.23730297209
1.23641078464
1.2355138692
1.23461665597
1.23371671601
1.23282405373
1.23194151624
1.23107455739
1.23020553946
1.22933796143
1.22848785765
1.22764422175
1.22678957866
1.22592417442
1.22505067704
1.2241840231
1.22332207725
1.22246325169
1.22160307037
1.22072651595
1.21983825342
1.21897038759
1.21811350865
1.21726335556
1.21640973204
1.21555409945
1.21469015262
1.21382679097
1.21297437645
1.21212340737
1.21125865303
1.21039773358
1.20954823683
1.20871114207
1.20788828465
1.20707383007
1.20625231386
1.20539921823
1.20453034487
1.20364021945
1.20275250471
1.20187136509
1.20100082228
1.20014092147
1.19929295325
1.19845202982
1.19761845965
1.19678462022
1.19594659552
1.19511233158
1.1942861246
1.1934591156
1.19264493042
1.19184701662
1.191060688
1.19025811764
1.18943570152
1.18860452109
1.18776553597
1.18692383368
1.18608530569
1.18525541586
1.18444141528
1.18363872759
1.18283015439
1.18198318463
1.18110330901
1.18020422671
1.17929834089
1.17840272918
1.17752222494
1.17665323511
1.17579641364
1.17494760965
1.17409915274
1.17325459599
1.17241432674
1.17157336927
1.17072530528
1.16986697116
1.16900401828
1.16814908025
1.16730328484
1.16646865351
1.16563528034
1.16479885834
1.16396127734
1.16312285533
1.16228797559
1.16146001712
1.16064236975
1.15983612942
1.15904187056
1.15825238768
1.15745663731
1.15665989638
1.15586179875
1.15505059147
1.15422871514
1.1533992152
1.15255651007
1.15168895306
1.15081236705
1.14994758133
1.14908908889
1.14824020484
1.14740360978
1.14658639724
1.1457861931
1.14497877521
1.14415293834
1.14330880991
1.14245639461
1.14160216678
1.14074358775
1.13988179653
1.13902280328
1.13816672136
1.13731172185
1.1364591038
1.13560461695
1.13475101985
1.13391385944
1.1330948521
1.13228977587
1.13149473285
1.13070437361
1.12991906251
1.12913096226
1.12833370787
1.12753800785
1.12674139185
1.12594254992
1.12514986509
1.1243649822
1.12359056222
1.12282787799
1.12208182236
1.12134556214
1.12060825899
1.11984663901
1.11907287511
1.1182937929
1.11751204746
1.11672009316
1.11590658599
1.11505545073
1.11418812969
1.11331753123
1.11245728765
1.11161157954
1.11076214176
1.10991371537
1.10908418259
1.10827587493
1.10748514885
1.10671037202
1.10594785053
1.10519153197
1.10444082311
1.10369479771
1.10294403226
1.10219607648
1.10144950305
1.1007022372
1.09995505653
1.09921086409
1.09846076222
1.0977032636
1.09693985469
1.09617436707
1.09540845147
1.0946377044
1.09385998824
1.09307243058
1.09227464195
1.09147162363
1.09067390423
1.08988386316
1.08909488078
1.08830590983
1.08751836541
1.08673225076
1.0859517934
1.08517371174
1.08439211755
1.08360887971
1.08282725962
1.08204248626
1.0812599458
1.08048377617
1.0797181624
1.07895979546
1.07820796261
1.07746322378
1.07672342849
1.07598820753
1.07525062174
1.07450274064
1.07374181106
1.07297573043
1.07220744071
1.07143724875
1.07067228167
1.06991664036
1.06916943704
1.06841997755
1.06767213464
1.06692063735
1.06616178157
1.06539650593
1.06463185483
1.06386284936
1.06308383142
1.06230342441
1.06152290482
1.06074199096
1.05997039245
1.05920668605
1.05845133625
1.05769829524
1.05694463282
1.0561857663
1.05543147289
1.05468708848
1.05394909766
1.05321871483
1.05248687934
1.05175476797
1.05102633644
1.05029962423
1.04957800357
1.04885712692
1.0481370233
1.04741243684
1.04668054901
1.04594501841
1.04520664619
1.04446854079
1.04372600736
1.0429730928
1.04221539031
1.04144389014
1.04065974485
1.03987695055
1.03910288798
1.03833795175
1.03758155088
1.03683436148
1.03608509043
1.03532660828
1.03457577599
1.03383495076
1.03310378158
1.03237519481
1.03164495275
1.03090958768
1.03017121652
1.02943977853
1.02871733901
1.02800538874
1.02729115407
1.02656886805
1.02585499043
1.02514766231
1.02444095747
1.0237283762
1.02300842085
1.02227904598
1.02154127289
1.02079690369
1.02005304902
1.01931615243
1.01858552791
1.01785876695
1.01712428125
1.0163844266
1.01563292543
1.01487747019
1.01412417289
1.01338060193
1.012648419
1.01192753467
1.01121265651
1.0105019775
1.00979073774
1.00907412532
1.00836291147
1.00766060695
1.00696338351
1.00625804582
1.00554529346
1.00483024344
1.00411417659
1.0033961964
1.00267975452
1.00195719704
1.00123764625
1.00051733721
0.99979691165
0.999077291313
0.99836488182
0.997663084018
0.99696545973
0.996268782927
0.995572285459
0.994879894989
0.99419358159
0.993512344747
0.992830633165
0.992143698166
0.991452380658
0.990758810149
0.990056600474
0.989335163979
0.988601494949
0.987867600665
0.987137886104
0.986407351822
0.985677409162
0.984950332659
0.98422731543
0.983506618488
0.982779886538
0.982042776581
0.981314118731
0.980597484855
0.979890306199
0.979192314395
0.978498232705
0.977802778166
0.977112401023
0.976433037024
0.975761562543
0.975096027091
0.974426537408
0.973756732833
0.97308605949
0.972402913737
0.971703935866
0.97099653156
0.970289631215
0.969593241345
0.968911608204
0.968243773209
0.967585208458
0.966929239651
0.966270698998
0.965604731762
0.96493488031
0.964261759487
0.963589630672
0.962917123251
0.962243287658
0.961566272785
0.960887892814
0.960209577094
0.959536074911
0.958869101927
0.958205357226
0.95753811125
0.956867007684
0.956195368277
0.955520667658
0.954848347965
0.954181230618
0.953520401256
0.952863509788
0.952208847612
0.951550386019
0.950884406225
0.950206020909
0.949511031227
0.948803070609
0.948086242893
0.947371350078
0.946666343738
0.945971852475
0.945282892582
0.944601533498
0.943927814839
0.943263903225
0.942606451094
0.941946381002
0.941281379855
0.940616606966
0.939955230448
0.939294563508
0.938631457808
0.937961767336
0.937290662794
0.936619528697
0.935950519995
0.935281887907
0.934613938112
0.933943953974
0.933268534576
0.93259029915
0.93191170205
0.931232092342
0.930552613141
0.929878556954
0.929213729307
0.928556193083
0.927905100565
0.927259449232
0.926617808776
0.925979512444
0.925344994445
0.924715909351
0.924092528866
0.923474460431
0.922864506211
0.922255694547
0.921639764261
0.921019713956
0.920393062823
0.919753894958
0.919108760121
0.918469097426
0.91783258467
0.917194294551
0.916552501785
0.915903191077
0.915250302512
0.914593602941
0.913941779319
0.913299113001
0.912668211438
0.912044266629
0.911420974688
0.91079474596
0.910160428913
0.909512990823
0.908851843703
0.908184653181
0.907509822233
0.906833559557
0.906166024582
0.905509851497
0.904863739883
0.904222253876
0.903580839879
0.902941170642
0.902305513519
0.901675926988
0.901051592892
0.900435314032
0.899825182383
0.899220678899
0.89861597488
0.898004454407
0.897380795553
0.896748162975
0.8961090322
0.895468879557
0.894831743346
0.894194174099
0.89355913691
0.892928830583
0.892297591447
0.89166752489
0.891039077209
0.890412243249
0.889784261036
0.88915791596
0.888536056354
0.887916245621
0.887299845773
0.886685863875
0.886069648169
0.885446641081
0.884817425498
0.884181018178
0.883541311663
0.882900358352
0.882256917406
0.881610551435
0.88096414152
0.880320041228
0.879679749956
0.879043189355
0.878410874214
0.877779681206
0.877151852781
0.876530139682
0.875916274799
0.875306959714
0.874701781001
0.874097929011
0.873489347493
0.872871381237
0.872248624807
0.871626118264
0.871008110241
0.870397894936
0.869793350448
0.869193345451
0.868593827056
0.867990407588
0.867381579048
0.866770078831
0.866156766107
0.865547343357
0.864946136326
0.864352985774
0.863763469968
0.863174926837
0.862587166871
0.86199480283
0.861390988489
0.860780502461
0.860164590753
0.859550106277
0.858942503601
0.858343227854
0.857753699035
0.857174831076
0.856605402581
0.856042853619
0.85548217337
0.854921384881
0.854355465525
0.85378651433
0.853215557892
0.85264203824
0.852070725931
0.851501656097
0.850935692586
0.850371184069
0.849802780073
0.849230210224
0.848652975636
0.848071976054
0.847485576325
0.846891600999
0.846291586665
0.845689661954
0.845093019863
0.844500847894
0.843913012909
0.843328182697
0.84274129457
0.842153509751
0.841560375457
0.840963457004
0.840367236847
0.839774171959
0.839187334345
0.838608409281
0.838031488054
0.837456773531
0.836881648159
0.836299338944
0.835715229201
0.835139074411
0.834573711626
0.83401877815
0.833468435019
0.832918682114
0.832362312215
0.831802841474
0.831237559408
0.830665101648
0.83008563862
0.829499748655
0.828908604758
0.828314501314
0.827723885746
0.827140649122
0.826564290344
0.825990374582
0.825415246385
0.824836865007
0.824257557234
0.823678214772
0.823098158021
0.822519779937
0.821945067792
0.821375581759
0.820809444516
0.820241601995
0.819673329935
0.81910023123
0.81851915641
0.81793128985
0.817340698286
0.816749459445
0.81615982667
0.815571756931
0.814985490538
0.814405787772
0.81383394431
0.813266513693
0.812702809059
0.812141449382
0.811581256998
0.811022395411
0.81046732815
0.809916491033
0.809372005262
0.808834239803
0.808299107081
0.80776515077
0.807229320897
0.806683257674
0.806129119876
0.805573353918
0.805014562669
0.804451547763
0.803889802295
0.80333406674
0.802784631522
0.802240030562
0.801700284155
0.801164393416
0.800631121824
0.800097392919
0.799562578728
0.799026338118
0.798487288362
0.797945703065
0.797406249396
0.796866858411
0.796326551127
0.795788590737
0.795253875638
0.794719424357
0.794180330293
0.793630656806
0.793077698787
0.792523741975
0.791971107755
0.791419905505
0.790870323077
0.790325788894
0.789787494283
0.789255395263
0.788726529995
0.788198279685
0.787667220568
0.787129817247
0.786584583147
0.786031913513
0.785477076539
0.784928079191
0.784386861929
0.783852227401
0.783319359384
0.782784036435
0.782245061155
0.781703148762
0.781157091592
0.780606034796
0.780049620056
0.779493368314
0.778941012218
0.778392743024
0.777849815362
0.777310660081
0.776775298745
0.776244148615
0.775715202276
0.775183372288
0.774648080939
0.77410978636
0.773568585781
0.773029579871
0.772495443416
0.771969298463
0.771453945693
0.77094985798
0.770454605181
0.769963074572
0.769472551923
0.768980693163
0.768482118465
0.767975720462
0.767463819093
0.766945709314
0.766424465561
0.765902917319
0.765386191941
0.764875963647
0.764371134396
0.763872104295
0.763378140761
0.762883479993
0.762388045471
0.761888906449
0.761379329184
0.760864515385
0.760350317822
0.759837002608
0.759325113389
0.758815825161
0.758307468493
0.757798751451
0.757294036202
0.756793061377
0.756292483823
0.755790137317
0.755280687758
0.75476565909
0.754251763979
0.753736051024
0.753221093325
0.752713244579
0.752213414898
0.751720344333
0.751229954457
0.7507421527
0.750253578494
0.749759898842
0.749257936418
0.748748251684
0.748233837207
0.747717279979
0.747202866967
0.74669268554
0.746187792026
0.745689407052
0.745196159741
0.744702646428
0.744203785013
0.743704407968
0.743203323937
0.742699772039
0.742192519521
0.741680941685
0.741170247247
0.740660148411
0.740154107301
0.739655478811
0.739165810908
0.738684377505
0.738207492742
0.737733420761
0.737255699775
0.73677012785
0.736277490921
0.735776784764
0.735267591286
0.734753120528
0.734235225122
0.733720458884
0.733211892476
0.732711612976
0.732219970134
0.731732198641
0.73124464732
0.730757710851
0.730267335688
0.729768469176
0.729262592823
0.728752020824
0.728239960002
0.727731169944
0.727226484417
0.726727725641
0.726236450523
0.725753233735
0.725277798129
0.724808536833
0.724341818546
0.723873793878
0.723401487034
0.722922706791
0.722442307488
0.721960251632
0.721480181746
0.72100623788
0.72053964922
0.720078892698
0.719623432907
0.719170873719
0.718717526017
0.718259335625
0.717796956635
0.717328092197
0.716853300068
0.716372941984
0.715887472807
0.715399152825
0.714909577904
0.714422554281
0.713939120322
0.713458153898
0.712980801824
0.71250862916
0.712040974189
0.711576074036
0.711110205971
0.710641912618
0.710171349395
0.709698150938
0.709224277148
0.708750017371
0.708277793493
0.707806360924
0.707340366134
0.706879330776
0.706423377594
0.705967283585
0.705509290355
0.705044422242
0.704569026493
0.704084881247
0.703593312946
0.703100444601
0.702606900374
0.702113259595
0.701623344259
0.701139787746
0.700663488862
0.700193185459
0.699726532578
0.69925962094
0.698793164654
0.69832672304
0.697857751226
0.697386105434
0.69691362033
0.696441428349
0.695971302686
0.695507619048
0.695051668921
0.694602982228
0.694160696652
0.693723344117
0.69329056476
0.692861093198
0.692430732625
0.691997831328
0.691562765302
0.691123933181
0.690678050398
0.690227956768
0.689775603413
0.689322140134
0.68886918567
0.688416440814
0.687966288452
0.687521203991
0.687082275043
0.68664927903
0.68622023008
0.685794071777
0.685368157528
0.68494291699
0.68451699619
0.684089299738
0.683659868376
0.683229478647
0.682799879508
0.682373875558
0.681953057326
0.681537305686
0.681123805176
0.680709934756
0.680293760666
0.67987458813
0.67945196151
0.679023550053
0.678587101417
0.678138625934
0.677680118937
0.677216448546
0.67675030502
0.676287268813
0.67582955723
0.675377636846
0.674932310256
0.674493057145
0.674058132271
0.673625749675
0.673192316767
0.672754683976
0.672313518536
0.671869841931
0.671424077671
0.670977535687
0.67053317487
0.670094234389
0.669661998063
0.669236067873
0.668819436332
0.668413199838
0.66801619598
0.667623766854
0.667231480525
0.666838838995
0.66644492361
0.666044456325
0.665633407808
0.665213094174
0.664785034684
0.664350947887
0.663913280397
0.663474920908
0.663037153516
0.662601789332
0.662172562
0.661750113812
0.661334219858
0.660920771109
0.660509762328
0.660100868698
0.659691856911
0.659281025353
0.658862776473
0.658438608965
0.658007428184
0.657567779735
0.657126013912
0.656686040952
0.65625199146
0.655825188647
0.655405423221
0.654991254361
0.654581979267
0.654172685081
0.65376422788
0.653353663282
0.652936348643
0.652514454616
0.652088565831
0.651660379306
0.651231591683
0.650804908004
0.650381596446
0.649961325497
0.649546156133
0.649135885365
0.64873027281
0.64832803109
0.647927240909
0.647527131331
0.647124760359
0.64672104307
0.64631423411
0.64590274049
0.645486845412
0.645069758602
0.644653370621
0.644235933609
0.643818444715
0.64340266462
0.642990584351
0.642581963886
0.642177939207
0.641779520492
0.641385357256
0.640993947346
0.640603413159
0.640210731996
0.639816136279
0.63941765476
0.63901763935
0.638616946014
0.638214866098
0.637814710012
0.637417600624
0.637024035883
0.636634895898
0.636249542821
0.635867466663
0.635487639973
0.635109250925
0.634731334559
0.634351118411
0.633965877901
0.633574039464
0.633178280158
0.632778567432
0.632376793042
0.631974867083
0.631572671033
0.631172170039
0.630774479862
0.630382135368
0.629996283323
0.629617102578
0.629244554403
0.628877648518
0.628513800909
0.628151809412
0.627790640348
0.627428016704
0.627059522263
0.626682207721
0.626300461905
0.625915403856
0.625529415795
0.625144190394
0.624761070096
0.624381057316
0.624005581883
0.623634979907
0.623268172594
0.622901418914
0.622533431889
0.622165328046
0.6217956151
0.62142391219
0.6210485574
0.620669909184
0.620285718491
0.619896823526
0.619508695938
0.619124197198
0.618743808236
0.618368173853
0.617998809756
0.617635824294
0.617277970543
0.616925216453
0.616576725097
0.616231704631
0.615884970458
0.61553531568
0.615181198113
0.614815200216
0.614440430194
0.614061159481
0.613678970434
0.613295460388
0.612912174753
0.612530421721
0.612151188526
0.611775028125
0.61140234298
0.611032491259
0.610664870638
0.610296283867
0.609927747695
0.609558105366
0.609188235633
0.608818374972
0.608446594642
0.608072355835
0.607695902906
0.607317859803
0.606938692491
0.606561345219
0.606187525288
0.605817786227
0.605453161601
0.605093851774
0.604738571716
0.604384754239
0.604032413397
0.603679860424
0.603326058531
0.602970734466
0.602612569993
0.602250929708
0.601886447944
0.601519799612
0.601152026793
0.60078492547
0.600419983794
0.600057771213
0.599699395475
0.599346228553
0.598999028102
0.598657489237
0.5983203691
0.597987346779
0.597655360135
0.597321921751
0.596984473439
0.596640647267
0.59628959208
0.595934904033
0.595577539841
0.595218247376
0.594859638019
0.594502890866
0.594149397978
0.593800632998
0.593457099801
0.593116801552
0.592781734248
0.592451655409
0.59212612522
0.591803623622
0.591482883626
0.591162565255
0.590841646338
0.59051638388
0.59018677924
0.589853239634
0.589516413301
0.58917571085
0.588834499174
0.588493270235
0.588152407063
0.587811208975
0.587472594225
0.587137901921
0.586805956844
0.586477355993
0.586150564276
0.585825114844
0.585500601563
0.585173591691
0.584843713125
0.584511024086
0.58417230072
0.583828515224
0.583479928509
0.583128532802
0.582776422891
0.582420345874
0.582064129073
0.581711133144
0.5813622436
0.581016159328
0.580674279257
0.580336929258
0.580004584619
0.579676793682
0.579352736369
0.579028287122
0.578701977219
0.578373632358
0.578042901062
0.577709215477
0.577371543059
0.57703098128
0.576685650567
0.576339227289
0.575995273677
0.57565311788
0.575313712763
0.574978717877
0.57464850423
0.574322903389
0.574001808383
0.573684635391
0.573370158417
0.573057069417
0.572745261477
0.572433292593
0.572119012632
0.571801867209
0.571481438934
0.571160173896
0.570839769304
0.57052121203
0.570204739778
0.56988994893
0.569577877187
0.56927033937
0.568968325605
0.568671998091
0.568380769813
0.568093174091
0.567807283686
0.5675214413
0.567233294044
0.566938117442
0.566633663063
0.566318031326
0.565993156364
0.565660743718
0.565324359528
0.56498597103
0.564647360123
0.564309602123
0.563973362058
0.535003843139
0.510415344914
0.489554933912
0.473265385497
0.461166416487
0.453543801986
0.450641206714
0.452702767817
0.460014896734
0.47375023466
0.49451854027
0.523257376266
0.562600756432
0.615346607937
0.68850859197
0.797925401894
1.0132260678
1.08860128989
1.04638512629
0.999594851459
0.952909923915
0.90819415045
0.862690407352
0.825446458805
0.787324145014
0.75090726174
0.717041894436
0.683886011069
0.657077472878
0.630663877505
0.606325724101
0.58494302385
0.566189607225
0.550011629495
0.536087597066
0.526156013872
0.51886326046
0.513630725224
0.513531204225
0.516546587374
0.524566799565
0.537739428126
0.556559824812
0.582874492883
0.619166956889
0.668583476598
0.7401973319
0.862048502861
0.993367503094
0.972718338735
0.938566345197
0.903593797558
0.870554759093
0.836403805158
0.805699657439
0.774870033141
0.745986830677
0.719297627084
0.694150246544
0.669533793904
0.648624160803
0.628090444765
0.609392736659
0.593077424324
0.579362302473
0.56716853931
0.558147440972
0.549941776703
0.542736266166
0.542163302557
