1.0
0.99966080351
0.998643855904
0.996951080901
0.994585678436
0.991552115307
0.987856112113
0.983504626555
0.978505833152
0.972869099453
0.966604958835
0.959725079986
0.952242233192
0.944170253555
0.935524001273
0.926319319145
0.916572987438
0.906302676308
0.895526895928
0.884264944528
0.872536854514
0.860363336891
0.847765724163
0.834765911941
0.821386299444
0.807649729131
0.793579425657
0.779198934379
0.764532059616
0.749602802888
0.734435301332
0.719053766522
0.703482423865
0.687745452811
0.671866928045
0.655870761853
0.639780647856
0.623620006269
0.607411930869
0.591179137804
0.57494391642
0.558728082223
0.542552932102
0.526439201954
0.51040702678
0.494475903383
0.478664655719
0.462991403001
0.447473530584
0.432127663712
0.416969644129
0.402014509602
0.387276476355
0.37276892442
0.358504385882
0.344494536013
0.330750187241
0.317281285931
0.3040969119
0.291205280622
0.278613748039
0.266328817895
0.254356151508
0.242700579877
0.231366118026
0.22035598146
0.20967260463
0.199317661276
0.189292086522
0.179596100596
0.17022923404
0.161190354261
0.152477693312
0.144088876735
0.136020953341
0.128270425788
0.120833281813
0.11370502598
0.106880711814
0.100354974185
0.094122061806
0.0881758697341
0.0825099717349
0.077117652404
0.0719919389291
0.0671256323849
0.0625113384597
0.0581414975172
0.0540084139045
0.0501042844222
0.0464212258799
0.0429513016684
0.0396865472837
0.0366189947478
0.033740695877
0.031043744355
0.0285202965762
0.0261625912302
0.0239629676057
0.0219138825996
0.0200079264216
0.0182378369924
0.0165965130392
0.0150770258972
0.0136726300337
0.0123767723119
0.0111831000229
0.0100854677128
0.0090779428399
0.00815481029956
0.00731057585819
0.00653996854036
0.00583794201682
0.00519967504284
0.00462057099898
0.00409625658767
0.00362257974062
0.00319560679306
0.00281161898134
0.00246710832099
0.00215877292214
0.00188351179897
0.00163841922951
0.00142077872077
0.00122805663354
0.00105789551951
0.000908107221975
0.000776665789439
0.000661700249514
0.000561487288413
0.000474443878967
0.000399119897704
0.000334190769046
0.000278450172024
0.000230802842286
0.00019025749945
0.000155919927127
0.000126986230189
0.000102736291143
8.25274447827e-05
6.57883876001e-05
5.20133358886e-05
4.07564439187e-05
3.16264911434e-05
2.42818450524e-05
1.84257040613e-05
1.38016227138e-05
1.01893194819e-05
7.40076559886e-06
5.27655163568e-06
3.68252695704e-06
2.50670575867e-06
1.65643210016e-06
1.055795207e-06
6.4328532103e-07
3.69679528804e-07
1.96146289696e-07
9.25568169413e-08
3.59910301861e-08
9.425493028e-09
5.90567133425e-10
9.83949504755e-10
5.02780413376e-09
9.35684604987e-09
1.22249766128e-08
1.30183954601e-08
1.18635181962e-08
9.31850092791e-09
6.1377042477e-09
3.09901136386e-09
8.84538963466e-10
5.93638150313e-12
7.66150259743e-10
3.25022988792e-09
7.33845493038e-09
1.27357747299e-08
1.90122497478e-08
2.56498743162e-08
3.20918296154e-08
3.77908610631e-08
4.22540900852e-08
4.50821520914e-08
4.60010965598e-08
4.48859882138e-08
4.1775607719e-08
3.68780641319e-08
3.05674980721e-08
2.33723734349e-08
1.59561261569e-08
9.09116136878e-09
3.62736602566e-09
4.56434082312e-10
4.73387228189e-10
4.5367182685e-09
1.34285889753e-08
2.78164825033e-08
4.82176454275e-08
7.49675595208e-08
1.08193562144e-07
1.47794590324e-07
1.93427861097e-07
2.44503123412e-07
3.00184928744e-07
3.59403172427e-07
4.20871959446e-07
4.83116650662e-07
5.44508751778e-07
6.03308121099e-07
6.57711796455e-07
7.059085794e-07
7.46138368577e-07
7.76755106214e-07
7.96292094154e-07
8.03528350097e-07
7.97554612334e-07
7.7783756295e-07
7.44280825929e-07
6.97281308052e-07
6.37779486699e-07
5.67302309337e-07
4.87997453603e-07
4.02657803548e-07
3.14735125162e-07
2.28342071255e-07
1.48241809964e-07
7.98247506127e-08
2.90720327504e-08
2.50564662104e-09
7.12526316433e-09
5.03320662571e-08
1.39840096329e-07
2.83575829846e-07
4.89566930507e-07
7.6582131252e-07
1.12019785107e-06
1.56027025753e-06
2.09318580424e-06
2.72552073366e-06
3.46313431683e-06
4.31102363458e-06
5.27318123957e-06
6.35245791743e-06
7.55043279809e-06
8.86729307484e-06
1.03017255663e-05
1.18508223059e-05
1.3510002265e-05
1.52729512077e-05
1.71315815408e-05
1.9076013862e-05
2.10945817195e-05
2.31738608881e-05
2.52987242318e-05
2.74524229684e-05
2.96166948841e-05
3.17718997543e-05
3.38971819316e-05
3.59706597514e-05
3.79696410908e-05
3.98708640972e-05
4.16507617846e-05
4.32857488813e-05
4.47525290015e-05
4.60284199174e-05
4.70916944212e-05
4.79219339986e-05
4.85003922854e-05
4.8810365055e-05
4.88375632808e-05
4.85704856478e-05
4.80007867431e-05
4.71236370497e-05
4.59380707891e-05
4.4447317623e-05
4.26591142222e-05
4.05859917466e-05
3.82455353607e-05
3.56606120181e-05
3.28595629073e-05
2.98763571413e-05
2.67507035041e-05
2.35281173317e-05
2.02599399085e-05
1.70033080897e-05
1.38210722268e-05
1.07816608626e-05
7.95889107802e-06
5.43172381164e-06
3.28396392727e-06
1.6039052754e-06
4.83921474881e-07
2.00036287505e-08
3.11246677348e-07
1.45928658028e-06
3.56769100041e-06
6.74130663471e-06
1.10855667936e-05
1.67057632684e-05
2.37062869418e-05
3.21898419834e-05
4.22566388301e-05
5.40035714743e-05
6.7523384865e-05
8.29038384743e-05
0.000100226872278
0.000119567781554
0.00014099440701
0.000164566346794
0.000190334196972
0.000218338826967
0.000248610696386
0.000281169219498
0.000316022183389
0.000353165225607
0.000392581376748
0.000434240673117
0.000478099844149
0.000524102078857
0.000572176875043
0.000622239974512
0.000674193386933
0.000727925504391
0.000783311308064
0.000840212667804
0.000898478734722
0.000957946426212
0.00101844100216
0.00107977673041
0.0011417576388
0.00120417835055
0.00126682499899
0.001329476217
0.00139190419595
0.00145387580836
0.00151515378785
0.00157549795954
0.00163466651355
0.00169241731373
0.00174850923365
0.00180270351116
0.001854765113
0.0019044641004
0.00195157698671
0.00199588807786
0.00203719078658
0.00207528891127
0.00210999787068
0.00214114588548
0.00216857509854
0.00219214262545
0.00221172152775
0.00222720170153
0.00223849067455
0.00224551430569
0.00224821738107
0.00224656410198
0.00224053846026
0.0022301444977
0.00221540644658
0.0021963687496
0.00217309595791
0.00214567250697
0.00211420237083
0.00207880859614
0.00203963271824
0.00199683406219
0.00195058893274
0.0019010896979
0.00184854377139
0.00179317250029
0.00173520996454
0.00167490169585
0.00161250332417
0.00154827916001
0.00148250072209
0.00141544521943
0.00134739399797
0.0012786309617
0.00120944097864
0.00114010828215
0.00107091487807
0.00100213896808
0.000934053399929
0.000866924154382
0.000801008879266
0.000736555479998
0.000673800776022
0.000612969231937
0.000554271771639
0.000497904683216
0.000444048621682
0.00039286771596
0.000344508785794
0.000299100673481
0.000256753694497
0.000217559210272
0.000181589325465
0.000148896711243
0.000119514555143
9.34566372071e-05
7.07175312058e-05
5.12729288277e-05
3.50800838984e-05
2.20783728045e-05
1.21899664999e-05
5.32060867836e-06
1.36049396047e-06
1.85239244413e-07
1.65694072865e-06
5.62530852847e-06
1.19288702844e-05
2.03962347011e-05
3.08474055675e-05
4.30951364871e-05
5.69463163093e-05
7.22033750804e-05
8.86657002445e-05
0.000106131052813
0.000124396973287
0.000143262167254
0.000162527860813
0.000181999116261
0.000201486098844
0.000220805285818
0.000239780609547
0.000258244526957
0.00027603900824
0.000293016438413
0.000309040426041
0.000323986514175
0.000337742789366
0.000350210385451
0.000361303879609
0.000370951579094
0.000379095697876
0.000385692423331
0.000390711873949
0.000394137949913
0.000395968079198
0.000396212862704
0.000394895622638
0.000392051859167
0.000387728621018
0.00038198379635
0.00037488533082
0.000366510380302
0.000356944406151
0.000346280221352
0.000334616996178
0.000322059232262
0.000308715714165
0.000294698447615
0.000280121593641
0.000265100407751
0.000249750193196
0.00023418527716
0.000218518018418
0.000202857854698
0.000187310397522
0.000171976581869
0.000156951877413
0.000142325567546
0.000128180101705
0.000114590525852
0.000101623995227
8.93393727077e-05
7.7786915352e-05
6.70080508473e-05
5.7035244802e-05
4.78919589592e-05
3.95926995959e-05
3.2143154544e-05
2.55404164652e-05
1.97732892278e-05
1.48226734795e-05
1.06620267905e-05
7.25789306652e-06
4.57049530001e-06
2.55438515672e-06
1.15914237559e-06
3.30116509695e-07
9.20315049358e-09
1.35646464374e-07
6.46859631787e-07
1.47925461682e-06
2.56907261146e-06
3.85320649452e-06
5.27000672141e-06
6.76006221608e-06
8.26694807132e-06
9.73793217502e-06
1.11246332664e-05
1.2383623385e-05
1.34769682009e-05
1.43726993072e-05
1.50452132039e-05
1.54755924082e-05
1.56518448775e-05
1.55690587249e-05
1.52294700383e-05
1.46424424695e-05
1.38243581382e-05
1.27984202864e-05
1.15943690171e-05
1.024811234e-05
8.80127563605e-06
7.30067351016e-06
5.79770884489e-06
4.34770466714e-06
3.00917520341e-06
1.84304321099e-06
9.11811328653e-07
2.78695784341e-07
6.73132236215e-09
1.57856663332e-07
7.91990181844e-07
1.96610577472e-06
3.7333190933e-06
6.14199442334e-06
9.23488251357e-06
1.30482995769e-05
1.76113575162e-05
2.29452551593e-05
2.90626399265e-05
3.59670488991e-05
4.36524377121e-05
5.21028050646e-05
6.12919199223e-05
7.11831576956e-05
8.1729450809e-05
9.28733581422e-05
0.00010454725683
0.00011667365886
0.000129165653817
0.000141927477984
0.000154855208874
0.000167837583064
0.000180756934038
0.000193490245553
0.000205910314873
0.000217887019054
0.000229288676353
0.000239983493735
0.000249841090435
0.000258734086554
0.000266539744745
0.000273141652253
0.000278431429797
0.000282310453152
0.000284691572732
0.000285500816045
0.000284679057544
0.000282183640207
0.00027798993307
0.000272092808997
0.000264508027105
0.000255273504575
0.000244450462991
0.000232124434907
0.000218406116999
0.000203432056981
0.000187365162368
0.000170395020211
0.00015273801808
0.000134637257814
0.000116362254903
9.82084178061e-05
8.04963030383e-05
6.35706433987e-05
4.77991484072e-05
3.35710776706e-05
2.12955896365e-05
1.13998699443e-05
4.32704533726e-06
5.33890862445e-07
4.88339827889e-07
4.66680770104e-06
1.35513428092e-05
2.7626618322e-05
4.7376781551e-05
7.32821780729e-05
0.000105815969567
0.000145440665537
0.00019260459024
0.000247738307203
0.000311251024583
0.000383527005411
0.000464922007336
0.00055575977696
0.000656328624105
0.000766878101484
0.000887615815154
0.00101870439092
0.00116025862141
0.00131234281787
0.00147496839017
0.00164809167722
0.00183161204913
0.0020253703011
0.00222914735734
0.00244266330215
0.00266557675297
0.00289748458884
0.00313792204524
0.00338636318454
0.00364222174863
0.00390485239838
0.00417355234186
0.00444756335094
0.00472607416339
0.00500822326502
0.00529310204377
0.00557975830539
0.00586720013756
0.00615440010694
0.00644029977129
0.00672381448633
0.00700383848487
0.00727925020354
0.00754891783052
0.00781170504557
0.00806647692236
0.00831210596091
0.00854747821735
0.00877149949627
0.00898310157043
0.00918124839168
0.00936494225631
0.00953322988778
0.00968520839975
0.00982003110213
0.0099369131138
0.0100351367456
0.0101140566186
0.0101731044828
0.010211793705
0.0102297233914
0.0102265821193
0.0102021512458
0.0101563077721
0.0100890267358
0.0100003831147
0.00989055322027
0.00975981556735
0.00960855120736
0.00943724351495
0.00924647742215
0.00903693809678
0.0088094090651
0.0085647697821
0.00830399265593
0.00802813953653
0.00773835768134
0.00743587521475
0.0071219961004
0.00679809464917
0.006465609588
0.00612603771801
0.00578092719274
0.00543187044976
0.00508049683166
0.00472846493391
0.00437745471952
0.00402915944185
0.00368527741834
0.00334750369925
0.00301752167645
0.00269699467774
0.00238755759292
0.00209080857769
0.0018083008815
0.00154153484488
0.00129195011135
0.0010609180977
0.000849734765471
0.000659613734898
0.000491679780792
0.000346962747859
0.00022639192077
0.000130790881844
6.08728865356e-05
1.72367841204e-05
3.63507947388e-07
1.061315647e-05
4.82226829778e-05
0.000113304208537
0.000205843969139
0.000325701904487
0.000472611892205
0.000646182627609
0.000845899145493
0.00107112497676
0.00132110492907
0.00159496847717
0.00189173374506
0.00221031205879
0.00254951304544
0.00290805025081
0.00328454724511
0.00367754418375
0.00408550478706
0.00450682370102
0.00493983419871
0.00538281618017
0.00583400442708
0.00629159706703
0.00675376420112
0.00721865664793
0.00768441475614
0.00814917723807
0.00861108997629
0.00906831475577
0.0095190378747
0.00996147858793
0.0103938973382
0.0108146037315
0.0112219642152
0.0116144094181
0.0119904411161
0.0123486387865
0.0126876657185
0.013006274651
0.0133033129086
0.0135777270125
0.013828566745
0.014054988651
0.0142562589596
0.0144317559175
0.0145809715256
0.0147035126737
0.0147991016756
0.0148675762045
0.0149088886376
0.0149231048179
0.0149104022481
0.0148710677307
0.0148054944758
0.0147141786972
0.0145977157229
0.0144567956464
0.0142921985504
0.0141047893333
0.0138955121734
0.0136653846669
0.0134154916766
0.0131469789298
0.0128610464053
0.0125589415494
0.012241952362
0.0119114003945
0.0115686336985
0.0112150197687
0.0108519385182
0.0104807753261
0.010102914197
0.00971973106754
0.00933258729783
0.00894282338029
0.00855175289891
0.00816065676891
0.00777077778488
0.00738331550295
0.00699942148022
0.00662019489209
0.00624667854535
0.00587985530221
0.00552064492752
0.00516990136886
0.00482841047591
0.00449688816293
0.00417597901528
0.00386625533798
0.00356821664173
0.0032822895589
0.00300882817972
0.00274811479612
0.00250036103847
0.00226570938829
0.00204423504776
0.0018359481451
0.0016407962532
0.00145866719706
0.00128939212462
0.00113274881407
0.000988465189965
0.000856223019659
0.000735661760968
0.000626382531778
0.000527952172044
0.000439907368785
0.000361758814933
0.000292995373394
0.000233088218323
0.000181494926494
0.000137663492649
0.000101036243922
7.10536297757e-05
4.71578653599e-05
2.8796407834e-05
1.5425246917e-05
6.51199275512e-06
1.53874611632e-06
4.73790113358e-09
1.42872700049e-06
5.35114760505e-06
1.13359991706e-05
1.89724743478e-05
2.7876322282e-05
3.76909467551e-05
4.80882406773e-05
5.87691604068e-05
6.94640452851e-05
7.99326895991e-05
8.99641759115e-05
9.93764803217e-05
0.00010801586173
0.000115756048549
0.000122497237566
0.000128164920729
0.000132708556623
0.000136100104159
0.000138332436659
0.000139417655002
0.000139385318778
0.000138280614598
0.000136162480659
0.000133101706521
0.00012917902671
0.000124483226324
0.000119109276162
0.000113156514183
0.000106726889187
9.99232816495e-05
9.28479154944e-05
8.56008734011e-05
7.82787269501e-05
7.09732915265e-05
6.37705144747e-05
5.67495035131e-05
4.99817008898e-05
4.35302072226e-05
3.74492574015e-05
3.17838493867e-05
2.65695251909e-05
2.18323018305e-05
1.75887485634e-05
1.38462053155e-05
1.06031358557e-05
7.84960800486e-06
5.56789198309e-06
3.7331669126e-06
2.31432451158e-06
1.2748581467e-06
5.73824662843e-07
1.66865786079e-07
7.27540285987e-09
4.7098659676e-08
2.38248604704e-07
5.33626007858e-07
8.88228048177e-07
1.26023174669e-06
1.61203834652e-06
1.91126529684e-06
2.13167307896e-06
2.25401481586e-06
2.26679742445e-06
2.16694399539e-06
1.96034811011e-06
1.66231191966e-06
1.29786100524e-06
9.01930305457e-07
5.19416718829e-07
2.05095361207e-07
2.33978632661e-08
4.80525220796e-08
3.61587559495e-07
1.05470017653e-06
2.22549551449e-06
3.97860102731e-06
6.42416312402e-06
9.6767342421e-06
1.38540597516e-05
1.9075775254e-05
2.54620259182e-05
3.31320204814e-05
4.2202533421e-05
5.27863695705e-05
6.49908061028e-05
7.89160273204e-05
9.46535680857e-05
0.000112284781974
0.000131879350346
0.000153493848508
0.000177170384959
0.000202935329398
0.000230798144725
0.000260750337668
0.00029276454192
0.000326793746844
0.000362770683773
0.000400607380865
0.000440194896238
0.000481403237776
0.000524081476626
0.000568058059868
0.000613141326313
0.000659120227726
0.000705765256139
0.000752829576167
0.000800050359566
0.000847150317496
0.000893839424244
0.00093981682446
0.000984772914269
0.001028391585
0.0010703526167
0.00111033420719
0.00114801562074
0.0011830799396
0.0012152168999
0.00124412579269
0.00126951840992
0.00129112201404
0.00130868230968
0.00132196639498
0.00133076566992
0.00133489867886
0.00133421386432
0.00132859220935
0.0013179497459
0.00130223990735
0.00128145570381
0.00125563169966
0.00122484577379
0.00118922064408
0.00114892513911
0.00110417520108
0.00105523460607
0.00100241538891
0.00094607796206
0.000886630919635
0.000824530519702
0.000760279840132
0.000694427605296
0.000627566683132
0.000560332254301
0.000493399657369
0.000427481916199
0.000363326957925
0.000301714532117
0.000243452843841
0.000189374915458
0.000140334694001
9.72029229027e-05
6.08627986876e-05
3.22054349509e-05
1.21251575472e-05
1.51465635515e-06
1.26002029121e-06
1.22356833872e-05
3.52993107199e-05
7.12866537768e-05
0.000121006405458
0.000185235085332
0.000264711986005
0.000360134211487
0.000472151838274
0.000601363229519
0.000748310532086
0.000913475385542
0.00109727487118
0.00130005772806
0.00152210086172
0.00176360616971
0.00202469770657
0.00230541920878
0.00260573199874
0.00292551328423
0.003264554868
0.00362256227962
0.00399915433955
0.00439386316254
0.00480613460543
0.00523532916143
0.00568072330062
0.00614151125373
0.00661680723353
0.0071056480858
0.00760699635913
0.00811974378047
0.00864271512059
0.00917467243188
0.00971431963794
0.0102603074531
0.0108112386069
0.0113656733488
0.0119221352033
0.0124791169478
0.0130350867822
0.0135884946576
0.0141377787318
0.0146813719183
0.0152177084941
0.0157452307316
0.0162623955198
0.0167676809413
0.0172595927684
0.0177366708463
0.0181974953284
0.0186406927327
0.0190649417861
0.0194689790277
0.0198516041414
0.0202116849908
0.0205481623306
0.0208600541713
0.0211464597741
0.0214065632585
0.0216396368037
0.0218450434286
0.0220222393391
0.0221707758321
0.0222903007472
0.0223805594633
0.0224413954356
0.0224727502747
0.0224746633691
0.022447271057
0.0223908053545
0.0223055922513
0.0221920495843
0.022050684506
0.0218820905628
0.0216869444021
0.0214660021296
0.0212200953393
0.0209501268384
0.0206570660951
0.0203419444338
0.0200058500075
0.0196499225742
0.0192753481085
0.0188833532775
0.0184751998119
0.0180521788028
0.0176156049547
0.0171668108261
0.0167071410866
0.0162379468206
0.0157605799073
0.0152763875038
0.0147867066595
0.014292859086
0.0137961461097
0.0132978438274
0.0127991984883
0.0123014221214
0.0118056884272
0.0113131289491
0.0108248295397
0.0103418271333
0.00986510683692
0.00939559934571
0.00893417869143
0.00848166032659
0.0080387995472
0.0076062902542
0.00718476405168
0.00677478967823
0.00637687276572
0.00599145591824
0.00561891910183
0.00525958033447
0.00491369666386
0.00458146541937
0.00426302572311
0.00395846024395
0.00366779717717
0.00339101243173
0.00312803200607
0.00287873453305
0.0026429539737
0.0024204824397
0.00221107312359
0.00201444331628
0.00183027749111
0.00165823043391
0.00149793039911
0.00134898227211
0.0012109707188
0.0010834633039
0.000966013560357
0.000858163993162
0.00075944900175
0.000669397706267
0.000587536664138
0.00051339246449
0.00044649418929
0.000386375731295
0.000332577960232
0.000284650729969
0.000242154720778
0.000204663112118
0.000171763082735
0.00014305713616
0.00011816425101
9.67208567176e-05
7.83816365585e-05
6.28201609775e-05
4.97293553298e-05
3.88218071802e-05
2.98299192611e-05
2.25059150801e-05
1.66217049611e-05
1.19686210241e-05
8.35703023017e-06
5.61583515415e-06
3.59187258834e-06
2.14922042703e-06
1.16842353447e-06
5.45649458231e-07
1.9178491704e-07
3.14839689377e-08
2.17865549914e-09
5.30627233857e-08
1.44058750235e-07
2.44778652078e-07
3.33487129241e-07
3.9607712253e-07
4.25065807302e-07
4.1861905606e-07
3.79611657055e-07
3.14729893763e-07
2.33622375082e-07
1.48104265659e-07
7.14193071127e-08
1.75632511591e-08
6.71551864414e-10
3.44733933633e-08
1.31813368191e-07
3.04241376383e-07
5.61670592977e-07
9.12102657411e-07
1.36141857808e-06
1.91323322417e-06
2.56881069941e-06
3.32703736288e-06
4.18444878391e-06
5.1353064951e-06
6.1717200411e-06
7.28380951437e-06
8.459903523e-06
9.68676735097e-06
1.09498559489e-05
1.22335863317e-05
1.35216239585e-05
1.47971777307e-05
1.60432983555e-05
1.72431749983e-05
1.83804253638e-05
1.94393746204e-05
2.0405318896e-05
2.12647694286e-05
2.20056738474e-05
2.26176114841e-05
2.30919600608e-05
2.34220315726e-05
2.36031756712e-05
2.36328493474e-05
2.35106522168e-05
2.32383272114e-05
2.28197269762e-05
2.22607467533e-05
2.15692250053e-05
2.07548134772e-05
1.98288188173e-05
1.88040182694e-05
1.76944523085e-05
1.65151974114e-05
1.52821224341e-05
1.4011632306e-05
1.272040294e-05
1.14251114024e-05
1.01421654791e-05
8.88743682194e-06
7.67600184847e-06
6.52189451649e-06
5.43787498538e-06
4.43521802351e-06
3.52352481848e-06
2.71056160057e-06
2.00212820093e-06
1.40195933683e-06
9.1166105217e-07
5.30684343155e-07
2.56337573715e-07
8.38388343888e-08
6.40892862887e-09
1.5405185307e-08
1.00495801163e-07
2.49873916841e-07
4.5051013021e-07
6.88441655982e-07
9.49095856404e-07
1.21764539898e-06
1.47939184889e-06
1.72017408059e-06
1.92679749979e-06
2.08747970791e-06
2.19230792004e-06
2.23370316848e-06
2.20688609024e-06
2.11033891128e-06
1.94625810572e-06
1.72099212633e-06
1.44545857539e-06
1.1355352134e-06
8.1241928761e-07
5.02949803428e-07
2.39887558608e-07
6.21480122689e-08
1.49823662518e-08
1.50102593682e-07
5.25746556104e-07
1.2066798034e-06
2.26413114652e-06
3.77565962803e-06
5.8249510856e-06
8.50154310374e-06
1.19004777755e-05
1.6121882342e-05
2.1270478439e-05
2.74550213509e-05
3.47876713469e-05
4.33832998457e-05
5.33587338194e-05
6.48319424977e-05
7.79211710624e-05
9.27440266253e-05
0.000109416522358
0.000128052086174
0.000148760540857
0.000171647062983
0.000196811128357
0.000224345452059
0.000254334931429
0.000286855600575
0.000321973605109
0.000359744205915
0.000400210820749
0.000443404112428
0.0004893411322
0.000538024526726
0.000589441816778
0.000643564755446
0.00070034877321
0.00075973251675
0.000821637487818
0.000885967787892
0.000952609973646
0.00102143302758
0.00109228844734
0.00116501045653
0.00123941633882
0.00131530689647
0.00139246703335
0.00147066646164
0.00154966053047
0.00162919117393
0.00170898797471
0.00178876933894
0.00186824377683
0.00194711128275
0.00202506480767
0.00210179181595
0.00217697591787
0.00225029856836
0.00232144082203
0.00239008513364
0.00245591719313
0.00251862778327
0.00257791464824
0.00263348436077
0.00268505417531
0.0027323538549
0.00277512745883
0.00281313507892
0.00284615451179
0.0028739828552
0.00289643801662
0.00291336012267
0.00292461281873
0.00293008444838
0.00292968910327
0.00292336753449
0.00291108791762
0.00289284646436
0.00286866787463
0.00283860562402
0.00280274208261
0.00276118846217
0.00271408458987
0.00266159850792
0.00260392589959
0.00254128934317
0.00247393739687
0.00240214351855
0.00232620482543
0.00224644070009
0.00216319125001
0.00207681562916
0.00198769023097
0.00189620676291
0.00180277021408
0.00170779672757
0.00161171139048
0.00151494595488
0.00141793650361
0.00132112107532
0.00122493726348
0.00112981980435
0.00103619816902
0.000944494174856
0.000855119631376
0.000768474035691
0.000684942332217
0.000604892751089
0.000528674739202
0.000456616997306
0.000389025635854
0.000326182461641
0.000268343406386
0.000215737107526
0.000168563650514
0.000126993480872
9.11664931082e-05
6.11913025097e-05
3.71447045565e-05
1.90713255167e-05
6.98346648627e-06
8.61141870927e-07
6.52312010023e-07
6.2733083553e-06
1.7609448335e-05
3.45158357716e-05
5.6818341488e-05
8.43147575362e-05
0.000116776117332
0.00015394817288
0.000195553019225
0.000241290855311
0.000290841869525
0.000343868237378
0.000400016218085
0.000458918336127
0.000520195633379
0.000583459976949
0.000648316407512
0.000714365512753
0.000781205810362
0.000848436125063
0.000915657944233
0.000982477736891
0.00104850922114
0.00111337556559
0.00117671151079
0.00123816539731
0.00129740108781
0.0013540997714
0.001407961639
0.00145870742015
0.00150607977179
0.00154984451146
0.00158979168795
0.0016257364838
0.00165751994536
0.00168500953703
0.00170809951794
0.00172671114037
0.00174079267037
0.0017503192326
0.00175529248232
0.0017557401088
0.00175171517561
0.00174329530425
0.00173058170876
0.0017136980898
0.00169278939777
0.00166802047528
0.00163957459008
0.00160765187023
0.00157246765402
0.00153425076725
0.00149324174145
0.0014496909864
0.00140385693074
0.00135600414456
0.00130640145779
0.00125532008795
0.00120303179099
0.00114980704807
0.00109591330123
0.00104161325006
0.000987163220963
0.000932811619983
0.000878797479304
0.00082534910674
0.000772682846633
0.000721001959603
0.000670495627583
0.000621338089533
0.000573687912126
0.000527687398605
0.000483462137872
0.000441120694743
0.00040075444118
0.000362437527179
0.000326226988901
0.000292162990566
0.000260269195594
0.000230553261481
0.000203007451973
0.000177609359219
0.000154322727777
0.000133098371604
0.000113875174511
9.65811639864e-05
8.1134647789e-05
6.74454023473e-05
5.54159016604e-05
4.49425752188e-05
3.5917083339e-05
2.82275982974e-05
2.17600797355e-05
1.63995329884e-05
1.20312392669e-05
8.54194698929e-06
5.82101401663e-06
3.7614910866e-06
2.26113735948e-06
1.22335968559e-06
5.58067965244e-07
1.82439796096e-07
2.15884809392e-08
9.12939392647e-09
8.76406670794e-08
2.09015153482e-07
3.34701640297e-07
4.35834315019e-07
4.93250523432e-07
4.97397888678e-07
4.48132879027e-07
3.54413908464e-07
2.33893020855e-07
1.12411136638e-07
2.34027230246e-08
7.21657687608e-09
1.10360176596e-07
3.84675759028e-07
8.86456903261e-07
1.67551495006e-06
2.81420504849e-06
4.36642199603e-06
6.39657632182e-06
8.96856125191e-06
1.21447212886e-05
1.59848331326e-05
2.05451095747e-05
2.5877236789e-05
3.2027455163e-05
3.90356934187e-05
4.69347652996e-05
5.57496375401e-05
6.54967771885e-05
7.61835856365e-05
8.78079259173e-05
0.000100357748983
0.000113810823758
0.000128134574811
0.000143286030476
0.000159211883248
0.000175848663177
0.000193123023959
0.000210952140323
0.000229244214237
0.000247899086418
0.000266808948563
0.00028585915076
0.000304929097527
0.000323893225043
0.000342622051286
0.000360983289975
0.000378843018528
0.000396066889601
0.000412521375231
0.000428075032139
0.000442599776417
0.00045597215554
0.000468074605515
0.000478796680924
0.000488036245685
0.000495700612549
0.000501707619593
0.000505986632414
0.000508479461194
0.000509141182419
0.00050794085573
0.000504862127203
0.000499903711209
0.00049307974399
0.000484420003137
0.000473969988252
0.000461790859253
0.000447959230006
0.000432566816214
0.000415719937809
0.000397538877373
0.000378157097459
0.000357720320982
0.000336385480181
0.00031431954089
0.000291698210158
0.000268704536401
0.000245527412456
0.000222359992963
0.000199398038483
0.000176838199713
0.00015487625593
0.000133705322544
0.000113514043204
9.44847824171e-05
7.67918349756e-05
6.05996687187e-05
4.60612172543e-05
3.33162392203e-05
2.24897604823e-05
1.36906153485e-05
7.01010241731e-06
2.5207700789e-06
2.75345955826e-07
3.05823702014e-07
2.62271958513e-06
7.21451016102e-06
1.40472611169e-05
2.30644560202e-05
3.41870322709e-05
4.73136300269e-05
6.23210582636e-05
7.90649804521e-05
9.73808206103e-05
0.000117084888702
0.000137975722554
0.000159835641636
0.000182432506222
0.000205521673632
0.000228848141459
0.000252148865937
0.000275155241907
0.000297595729188
0.000319198608632
0.000339694849661
0.000358821069747
0.000376322565051
0.000391956390348
0.00040549446539
0.000416726684054
0.000425464001988
0.000431541477944
0.000434821243734
0.000435195377569
0.000432588655632
0.000426961156948
0.000418310697082
0.000406675066785
0.000392134052543
0.000374811216958
0.000354875418089
0.000332542048209
0.000308073973994
0.000281782161802
0.000254025973578
0.000225213120874
0.000195799266608
0.000166287266392
0.000137226043615
0.000109209094874
8.28726248595e-05
5.88933123377e-05
3.79857114844e-05
2.08992954378e-05
8.41515155872e-06
1.34234050045e-06
5.13933770313e-07
6.78274699106e-06
2.10167885333e-05
4.40944455632e-05
7.68994318188e-05
0.000120315523578
0.00017522111229
0.000242483604191
0.000322953698927
0.000417459580684
0.000526801056658
0.000651743678758
0.00079301288536
0.000951288200522
0.00112719752853
0.00132131158177
0.0015341384799
0.00176611855788
0.00201761941989
0.00228893127541
0.00258026259242
0.00289173610157
0.00322338518362
0.00357515067026
0.003946878087
0.00433831536399
0.00474911103861
0.00517881297068
0.00562686758863
0.00609261968185
0.00657531275128
0.00707408992711
0.0075879954593
0.00811597678273
0.00865688715601
0.00920948886867
0.00977245700857
0.0103443837775
0.0109237833394
0.0115090971824
0.0120986999725
0.0126909058726
0.0132839752995
0.0138761220853
0.0144655210106
0.0150503156698
0.0156286266317
0.0161985598497
0.0167582152816
0.0173056956692
0.0178391154333
0.0183566096342
0.0188563429485
0.0193365186113
0.0197953872748
0.0202312557312
0.0206424954506
0.0210275508834
0.0213849474798
0.0217132993767
0.0220113167076
0.0222778124911
0.0225117090546
0.0227120439543
0.0228779753546
0.0230087868314
0.023103891569
0.0231628359225
0.0231853023211
0.0231711114916
0.0231202239852
0.0230327409953
0.0229089044567
0.0227490964216
0.0225538377122
0.0223237858545
0.0220597322991
0.0217625989435
0.0214334339714
0.0210734070288
0.0206838037631
0.0202660197515
0.0198215538523
0.0193520010139
0.0188590445808
0.0183444481381
0.0178100469393
0.017257738966
0.016689475668
0.0161072524352
0.0155130988572
0.0149090688225
0.0142972305155
0.0136796563668
0.0130584130145
0.0124355513336
0.0118130965894
0.0111930387727
0.0105773231705
0.00996784122667
0.00936642174493
0.00877482248355
0.00819472219041
0.00762771312315
0.00707529409695
0.00653886409912
0.00601971650622
0.00551903393605
0.00503788376268
0.00457721431904
0.00413785180715
0.00372049793201
0.00332572827056
0.00295399138296
0.00260560866853
0.00228077496459
0.00197955988165
0.00170190986398
0.00144765096018
0.00121649228421
0.00100803014287
0.000821752801812
0.000657045858465
0.000513198186166
0.000389408410778
0.000284791877545
0.000198388063153
0.000129168385222
7.60443591155e-05
3.78760498956e-05
1.34807654997e-05
1.64193584898e-06
1.11812153195e-06
1.06520950203e-05
2.89799370314e-05
5.4840090675e-05
8.69823163978e-05
0.000124176491477
0.000165221198895
0.000208952051871
0.000254249702062
0.000300047481572
0.000345338631282
0.000389183070701
0.00043071366755
0.000469141968461
0.000503763355707
0.000533961598507
0.000559212771365
0.000579088515939
0.000593258627095
0.000601492948166
0.000603662564757
0.000599740290937
0.000589800446133
0.000574017925518
0.000552666571161
0.000526116855622
0.000494832893991
0.000459368804617
0.000420364442849
0.000378540536041
0.000334693251847
0.000289688235331
0.000244454153772
0.000199975791079
0.000157286736534
0.000117461715097
8.16086087067e-05
5.08602199072e-05
2.63658307075e-05
9.28261080794e-06
7.66930229371e-07
1.96563192444e-06
1.40073201529e-05
3.79937202526e-05
7.4991164941e-05
0.000126022261442
0.000192057792559
0.000274008903298
0.000372719622835
0.000488959769489
0.000623418283908
0.000776697033041
0.000949305124433
0.00114165376725
0.00135405171298
0.00158670130519
0.00183969516388
0.00211301352607
0.00240652226021
0.0027199715679
0.00305299538194
0.00340511146587
0.0037757222154
0.00416411615831
0.00456947014471
0.00499085221574
0.00542722513442
0.00587745055859
0.00634029383179
0.00681442936447
0.00729844657429
0.00779085635093
0.0082900980079
0.00879454668076
0.00930252112887
0.00981229189519
0.0103220897768
0.0108301145568
0.0113345439481
0.0118335426949
0.0123252717833
0.0128078977037
0.0132796017158
0.0137385890604
0.0141830980676
0.0146114091077
0.0150218533367
0.0154128211851
0.0157827705434
0.0161302345992
0.0164538292817
0.0167522602742
0.0170243295544
0.0172689414294
0.0174851080323
0.0176719542518
0.0178287220691
0.0179547742809
0.0180495975898
0.0181128050483
0.0181441378448
0.0181434664262
0.0181107909528
0.0180462410872
0.0179500751223
0.0178226784557
0.0176645614236
0.0174763565099
0.0172588149488
0.0170128027442
0.0167392961317
0.0164393765103
0.0161142248765
0.0157651157947
0.015393410939
0.0150005522451
0.0145880547137
0.0141574989046
0.0137105231673
0.0132488156505
0.0127741061352
0.0122881577387
0.0117927585331
0.0112897131255
0.0107808342438
0.0102679343749
0.00975281749742
0.00923727095284
0.00872305749688
0.00821190757069
0.00770551183068
0.00720551397324
0.00671350388884
0.00623101117735
0.00575949905436
0.00530035867521
0.00485490390119
0.00442436652922
0.00400989200344
0.00361253562437
0.00323325926801
0.00287292862438
0.00253231096184
0.00221207342047
0.00191278183493
0.00163490008392
0.00137878996079
0.00114471155676
0.000932824145653
0.000743187556185
0.000575764015687
0.000430420446421
0.000306931193683
0.000204981162724
0.000124169339686
6.40126700336e-05
2.3950266446e-05
3.34791684926e-06
1.50286211726e-06
1.76488120746e-05
5.09611677156e-05
0.000100562417047
0.000165527671659
0.00024489031102
0.000337647701595
0.000442766958178
0.000559190715284
0.000685842877145
0.000821634315641
0.000965468486544
0.00111624693556
0.00127287466699
0.00143426534925
0.00159934633299
0.00176706345944
0.0019363856379
0.00210630917383
0.00227586183017
0.00244410660709
0.00261014522701
0.00277312131404
0.00293222325879
0.0030866867618
0.00323579705076
0.00337889076885
0.00351535753324
0.00364464116521
0.0037662405947
0.00387971044446
0.00398466130016
0.00408075967508
0.00416772767893
0.00424534240235
0.00431343502963
0.00437188969356
0.00442064208741
0.00445967785002
0.00448903074082
0.00450878062229
0.00451905126808
0.00452000801534
0.00451185528012
0.00449483395518
0.00446921870914
0.00443531520633
0.00439345726619
0.00434400398104
0.00428733681037
0.00422385666956
0.00415398103013
0.00407814104822
0.00399677873676
0.00391034419643
0.00381929291942
0.00372408317874
0.00362517351534
0.00352302033386
0.00341807561667
0.00331078476517
0.00320158457564
0.00309090135624
0.00297914919014
0.00286672834928
0.00275402386127
0.00264140423171
0.00252922032245
0.0024178043857
0.00230746925265
0.00219850767452
0.00209119181282
0.00198577287507
0.00188248089106
0.00178152462443
0.00168309161334
0.00158734833378
0.00149444047807
0.00140449334127
0.00131761230729
0.00123388342664
0.00115337407713
0.00107613369912
0.00100219459641
0.00093157279408
0.000864268944729
0.00080026927427
0.000739546559068
0.000682061126104
0.000627761868246
0.00057658726699
0.000528466415384
0.000483320034248
0.000441061475212
0.000401597704555
0.000364830262288
0.000330656191427
0.000298968932904
0.000269659182062
0.00024261570322
0.000217726099294
0.000194877533986
0.000173957404551
0.000154853963648
0.000137456889263
0.000121657802151
0.000107350730681
9.44325233917e-05
8.2803209945e-05
7.23663115359e-05
6.30291021435e-05
5.47028223106e-05
4.73028474113e-05
4.07488125977e-05
3.4964696825e-05
2.98788685234e-05
2.54240956217e-05
2.15375227362e-05
