-9.51619735393e-16
0.0230411037532
0.0890422702921
0.185889465756
0.291375249951
0.388038173535
0.462517262077
0.46732728228
0.44575679928
0.421725123514
0.375631462767
0.327712422411
0.2967346021
0.287597789504
0.307840703476
0.360077482213
0.34795810445
0.283085780589
0.248174018256
0.237669638198
0.245518417641
0.266745793933
0.271281692467
0.270699654646
0.28231685306
0.289023754967
0.282891495235
0.266302144909
0.251654977375
0.252051914778
0.259600943836
0.261368534562
0.268178689512
0.282717728669
0.287784599997
0.283184837911
0.265988160086
0.250420838596
0.243885361394
0.241054360889
0.243568113941
0.251374668048
0.256755838552
0.255126871897
0.25401886715
0.254094073568
0.256796669389
0.267246795981
0.282465626168
0.280759429494
0.266180139301
0.258450493135
0.260870667664
0.269995508383
0.27586903027
0.275203947171
0.274202462402
0.276786198353
0.279900391703
0.278308753408
0.272475201379
0.26862936683
0.26722003417
0.26923531215
0.268660854549
0.27111158301
0.27385181759
0.274727391879
0.274131488109
0.268995475894
0.26164298837
0.254887393716
0.251348707184
0.249832431966
0.245875649355
0.24395405982
0.24981277119
0.26190771465
0.271447997873
0.278481061251
0.276672699678
0.27183370718
0.267258682914
0.263445243657
0.258178306697
0.258914854372
0.268289183492
0.282643725284
0.287215616209
0.283420967796
0.275695608366
0.270072771641
0.267653325831
0.263741321107
0.260088705696
0.258927099685
0.264749109396
0.274306103018
0.27669663275
0.268663494629
0.257615279986
0.249955699944
0.245122104932
0.243768455704
0.247191015321
0.252861187007
0.260201351697
0.267361881804
0.272479276924
0.271525565622
0.267784620727
0.263414390166
0.260539226777
0.263647646663
0.272581228389
0.276535518299
0.277550062933
0.276648368284
0.274017661236
0.270180216249
0.267668572586
0.267129656764
0.266863087861
0.266543468261
0.267192373662
0.270049521847
0.273028949887
0.274740062118
0.275255991776
0.271095504712
0.266274482321
0.266894849867
0.268299623566
0.270176402858
0.273372478165
0.273095207647
0.270045308572
0.271192163365
0.272429565301
0.271093185917
0.269378692621
0.266709525687
0.267765421587
0.269420485758
0.269283673091
0.266665182735
0.263401958897
0.260386790423
0.260833176672
0.261944436874
0.264612733727
0.266477805792
0.266123386164
0.265548826523
0.267516142966
0.266113032337
0.26206036279
0.260388537543
0.262698093545
0.267842685399
0.271449308359
0.272992995561
0.272337918527
0.267744402383
0.262774808852
0.261280454664
0.261373169525
0.262370959063
0.263440249971
0.264441685054
0.267100493429
0.269613361115
0.269925614613
0.267702902195
0.264659754676
0.259414576354
0.255143856794
0.250714515094
0.251571412823
0.259594548259
0.270566137388
0.275029739837
0.273504824541
0.269723121026
0.26769778345
0.263869622282
0.262537545822
0.263778137773
0.263408155884
0.262445921932
0.265458339882
0.271863652663
0.273856617258
0.272539010607
0.273474995253
0.27606585923
0.279459499913
0.278283010274
0.273129153206
0.26661447333
0.26215160672
