-1.74463618155e-15
0.0228623165322
0.0878417055108
0.181804805876
0.283306214815
0.372121533333
0.424471047574
0.428887875433
0.405320032975
0.376006441871
0.343286010486
0.318335450362
0.303765221026
0.30237114163
0.32455430854
0.365304228223
0.356550800813
0.300172846314
0.265432173588
0.253463009743
0.256856907348
0.26605384521
0.273306399649
0.283323148584
0.298153967144
0.307634393858
0.304073777555
0.289330671814
0.274793205087
0.269392908035
0.269668858941
0.271759053998
0.276009303232
0.280813666112
0.282146826988
0.283006565646
0.279337215798
0.273946196423
0.27596840931
0.281128302599
0.282229876273
0.282541538854
0.284818121164
0.288800893259
0.290130052407
0.286543338606
0.282394709662
0.283780203218
0.286081709245
0.283425152399
0.277055786999
0.272478388475
0.271162877168
0.27537487274
0.280483174201
0.284760211331
0.288509720776
0.2931227822
0.293830152297
0.285521161086
0.277417974028
0.272902809877
0.272674711363
0.273956760744
0.27543150575
0.275631382793
0.276914738166
0.281025852688
0.283677897824
0.283363595882
0.279339875304
0.272710021952
0.268464537121
0.268262839473
0.268903906812
0.270991774183
0.272297934409
0.273944581071
0.278845446296
0.282697793682
0.279911014782
0.276899485137
0.275534065248
0.276008222315
0.278577756733
0.284155365161
0.288270549435
0.28933632721
0.289842267781
0.288806999503
0.283601678756
0.276114961687
0.269322609108
0.265690518092
0.26513916438
0.268115808764
0.275869728002
0.282946071928
0.285373330246
0.284262519169
0.279472929623
0.274516936719
0.27201303333
0.270752940263
0.272474997676
0.274858072386
0.280998986667
0.28681735711
0.284537123241
0.27791018229
0.27113724916
0.268323542503
0.269832558414
0.273362482447
0.276712039776
0.279812420982
0.282306723581
0.281947650334
0.282183061238
0.283525726507
0.282805936054
0.280773272854
0.277359642759
0.273125024826
0.271822762832
0.273314483152
0.277152222114
0.281565876607
0.284395026898
0.286103035511
0.286884965784
0.283370256743
0.275378405292
0.269922992587
0.269685448923
0.271740183676
0.272801765625
0.273020284461
0.273461966035
0.274475571454
0.276453406909
0.277922799063
0.277516838452
0.276295135308
0.274575979931
0.273631992947
0.273197857358
0.273272467454
0.271439309068
0.270187241336
0.272644284597
0.272225254575
0.269457660131
0.26889583709
0.270686556711
0.271572437839
0.270646662071
0.270386287339
0.273329233708
0.27410731196
0.274036915146
0.276875507013
0.283450145167
0.285888402495
0.285635779569
0.285732035654
0.284589940085
0.278259113359
0.273255295905
0.271369106575
0.273332457117
0.278274977375
0.282963584221
0.283777653152
0.281448982772
0.276292961785
0.273331565695
0.273495718395
0.273838664057
0.272895928948
0.272170843166
0.272988597599
0.274392176224
0.276420880278
0.278354181042
0.277330591047
0.273472979527
0.26980020241
0.266837499709
0.268653098303
0.273965464715
0.278680537818
0.279543704383
0.277289438835
0.274981304566
0.272585809732
0.271544372863
0.269921955134
0.268134939874
0.270671497353
0.274613772021
