-0.0
2.02994723713e-05
8.1198758e-05
0.000182700462349
0.000324808927578
0.000507530232132
0.000730872190152
0.000994844350712
0.00129945799689
0.00164472614462
0.00203066354141
0.0024572866648
0.00292461372063
0.00343266464114
0.0039814610827
0.00457102642349
0.00520138576074
0.00587256590777
0.00658459539077
0.00733750444523
0.00813132501199
0.00896609073302
0.0098418369468
0.0107586006832
0.0117164206582
0.0127153372677
0.0137553925813
0.0148366303353
0.0159590959252
0.0171228363975
0.0183279004412
0.0195743383783
0.0208622021536
0.0221915453238
0.0235624230458
0.0249748920643
0.0264290106982
0.0279248388257
0.0294624378694
0.0310418707792
0.0326632020147
0.0343264975256
0.036031824732
0.0377792525019
0.0395688511278
0.0414006923021
0.04327484909
0.0451913959013
0.0471504084597
0.0491519637701
0.0511961400846
0.053283016865
0.0554126747436
0.0575851954812
0.0598006619226
0.0620591579489
0.064360768427
0.0667055791555
0.0690936768078
0.0715251488708
0.0740000835806
0.0765185698532
0.079080697212
0.0816865557097
0.084336235846
0.0870298284803
0.0897674247386
0.0925491159153
0.0953749933683
0.0982451484086
0.101159672182
0.104118655547
0.107122188938
0.110170362232
0.113263264595
0.116400984328
0.1195836087
0.122811223772
0.126083914214
0.129401763105
0.132764851726
0.136173259341
0.139627062963
0.143126337111
0.146671153547
0.150261581007
0.153897684906
0.157579527037
0.161307165247
0.165080653098
0.168900039507
0.17276536837
0.176676678167
0.180634001535
0.184637364835
0.188686787685
0.192782282471
0.196923853833
0.201111498131
0.205345202872
0.209624946122
0.213950695879
0.218322409422
0.222740032627
0.227203499251
0.231712730183
0.236267632664
0.240868099469
0.245514008057
0.250205219685
0.254941578486
0.259722910507
0.26454902272
0.269419701986
0.274334713991
0.279293802145
0.284296686441
0.289343062288
0.29443259931
0.299564940113
0.304739699026
0.309956460817
0.315214779391
0.320514176464
0.325854140232
0.331234124028
0.336653544977
0.342111782665
0.34760817781
0.35314203096
0.358712601227
0.364319105055
0.369960715043
0.375636558839
0.381345718105
0.387087227575
0.392860074228
0.398663196574
0.404495484087
0.410355776794
0.416242865029
0.422155489393
0.428092340911
0.434052061422
0.440033244209
0.44603443489
0.452054132584
0.458090791355
0.464142821966
0.470208593927
0.476286437856
0.482374648154
0.488471485987
0.494575182562
0.500683942704
0.506795948694
0.512909364357
0.519022339374
0.525133013772
0.531239522563
0.537340000475
0.543432586739
0.549515429858
0.555586692316
0.561644555157
0.567687222367
0.573712925002
0.579719925003
0.585706518622
0.591671039423
0.597611860794
0.603527397941
0.609416109318
0.615276497483
0.621107109372
0.626906535981
0.632673411494
0.638406411879
0.644104253001
0.649765688319
0.655389506247
0.660974527265
0.666519600883
0.672023602582
0.677485430834
0.682904004358
0.688278259709
0.693607149359
0.698889640378
0.704124713851
0.709311365126
0.714448605001
0.71953546192
0.724570985248
0.729554249639
0.734484360524
0.739360460684
0.744181737855
0.748947433281
0.753656851094
0.758309368363
0.762904445643
0.76744163779
0.771920604816
0.776341122531
0.780703092674
0.785006552266
0.789251681886
0.793438812575
0.797568431107
0.80164118333
0.805657875372
0.809619472459
0.813527095179
0.817382013025
0.821185635094
0.824939497854
0.828645249912
0.832304633753
0.835919464432
0.839491605229
0.843022940267
0.846515344126
0.849970648462
0.853390605623
0.856776849289
0.860130852091
0.863453880193
0.866746944808
0.870010750601
0.873245640961
0.876451540173
0.879627892536
0.88277359862
0.885886948948
0.888965555606
0.892006282504
0.89500517536
0.897957392846
0.900857140829
0.903697612188
0.90647093531
0.909168135059
0.911779110673
0.914292635693
0.916696385549
0.918976998668
0.921120176927
0.923110830678
0.92493327235
0.926571460737
0.928009295288
0.929230956321
0.930221282983
0.930966176546
0.93145301249
0.931671041529
0.931611757672
0.931269211265
0.930640246831
0.929724649665
0.928525190984
0.927047568579
0.925300247388
0.923294211343
0.92104264347
0.918560554865
0.915864384747
0.912971593168
0.909900265685
0.906668745763
0.903295306502
0.899797869013
0.896193770818
0.8924995843
0.888730982653
0.884902648977
0.881028223078
0.877120280053
0.873190334749
0.86924886649
0.865305359037
0.861368351365
0.857445495561
0.853543618812
0.849668787062
0.845826368492
0.84202109544
0.838257123759
0.834538088974
0.830867158813
0.827247081902
0.823680232579
0.820168651867
0.816714084743
0.813318013883
0.809981690102
0.80670615972
0.803492289102
0.800340786608
0.797252222183
0.794227044817
0.79126559808
0.788368133925
0.78553482494
0.782765775217
0.780061029984
0.777420584128
0.774844389753
0.772332362853
0.769884389229
0.767500329708
0.765180024777
0.762923298664
0.760729962957
0.758599819809
0.75653266477
0.754528289296
0.752586482974
0.750707035496
0.748889738409
0.747134386673
0.745440780041
0.743808724297
0.74223803235
0.740728525216
0.739280032893
0.737892395147
0.736565462205
0.73529909539
0.73409316767
0.732947564166
0.731862182585
0.730836933618
0.729871741277
0.728966543189
0.72812129085
0.727335949822
0.726610499895
0.725944935195
0.725339264248
0.724793509986
0.724307709705
0.723881914954
0.723516191364
0.723210618403
0.722965289054
0.722780309394
0.72265579809
0.722591885772
0.722588714292
0.722646435843
0.722765211923
0.722945212135
0.72318661279
0.723489595301
0.723854344339
0.72428104572
0.724769883997
0.725321039724
0.725934686349
0.726610986692
0.727350088969
0.728152122312
0.729017191709
0.72994537233
0.730936703151
0.731991179806
0.733108746593
0.734289287534
0.735532616419
0.736838465698
0.738206474155
0.739636173225
0.741126971855
0.742678139792
0.744288789176
0.745957854352
0.747684069773
0.749465945945
0.75130174333
0.753189444214
0.755126722547
0.757110911856
0.759138971406
0.761207450885
0.763312454019
0.765449601678
0.767613995229
0.769800181094
0.772002117726
0.774213146503
0.776425968307
0.778632627888
0.780824508373
0.782992338564
0.785126215829
0.787215647499
0.78924961356
0.791216653202
0.793104977206
0.794902607343
0.79659754284
0.798177952514
0.799632389499
0.800950023652
0.80212088485
0.803136108693
0.803988174765
0.804671126849
0.805180764412
0.805514795501
0.805672942804
0.805656997056
0.805470814936
0.805120261822
0.804613103031
0.803958849987
0.803168570039
0.8022546701
0.801230664868
0.80011094018
0.798910521124
0.797644853065
0.796329602021
0.794980478898
0.793613090307
0.792242817027
0.790884719792
0.789553471024
0.788263310326
0.78702802107
0.785860925125
0.784774892689
0.783782364201
0.782895381446
0.782125625056
0.781484455768
0.780982956831
0.780631974928
0.780442156825
0.780423978597
0.780587763726
0.780943685476
0.781501747691
0.782271736376
0.783263131959
0.784484968788
0.7859456239
0.787652511092
0.789611648417
0.791827056999
0.794299936216
0.797027544784
0.80000169985
0.803206789345
0.806617182061
0.810193926584
0.813880674763
0.817598881674
0.821242570634
0.824673364192
0.827717100063
0.830164104778
0.831775799506
0.832300165224
0.831496923805
0.82916974138
0.825198322597
0.819560579432
0.812336870114
0.803694678614
0.793859480764
0.783081492659
0.77160695984
0.759658557751
0.747425325777
0.735060083824
0.722681583126
0.710379020251
0.698217285207
0.686242007724
0.674483964362
0.662962713133
0.651689482454
0.64066941093
0.629903253867
0.619388667151
0.609121163875
0.59909482147
0.58930280062
0.579737723221
0.570391945334
0.561257752209
0.552327495676
0.543593689043
0.535049070761
0.526686645247
0.518499707067
0.510481853099
0.502626986099
0.494929312194
0.48738333417
0.479983841942
0.472725901213
0.465604841059
0.458616240975
0.45175591778
0.445019912632
0.438404478356
0.431906067218
0.425521319196
0.419247050838
0.413080244694
0.407018039344
0.401057720023
0.395196709803
0.389432561339
0.383762949138
0.378185662322
0.37269859787
0.367299754304
0.361987225783
0.356759196598
0.351613936022
0.3465497935
0.341565194165
0.336658634629
0.331828679069
0.327073955548
0.322393152588
0.317785015949
0.313248345626
0.30878199302
0.304384858302
0.300055887928
0.295794072311
0.291598443638
0.287468073818
0.283402072547
0.279399585496
0.2754597926
0.271581906454
0.267765170792
0.26400885906
0.26031227307
0.256674741727
0.253095619829
0.249574286931
0.246110146277
0.242702623783
0.239351167077
0.236055244596
0.232814344723
0.229627974973
0.226495661222
0.223416946972
0.220391392663
0.217418575007
0.214498086366
0.211629534158
0.208812540288
0.206046740618
0.20333178445
0.200667334043
0.198053064154
0.195488661592
0.192973824803
0.190508263474
0.188091698144
0.185723859853
0.183404489789
0.181133338961
0.178910167888
0.176734746295
0.174606852833
0.172526274801
0.170492807891
0.168506255936
0.166566430678
0.164673151537
0.162826245399
0.161025546406
0.159270895766
0.157562141559
0.155899138559
0.154281748069
0.152709837749
0.151183281466
0.149701959143
0.148265756619
0.146874565512
0.145528283092
0.144226812155
0.14297006091
0.141757942864
0.140590376716
0.139467286259
0.138388600279
0.13735425247
0.13636418134
0.135418330134
0.134516646754
0.133659083685
0.132845597923
0.132076150914
0.131350708487
0.130669240796
0.130031722265
0.129438131538
0.128888451425
0.128382668864
0.127920774871
0.127502764505
0.127128636829
0.126798394878
0.126512045628
0.126269599964
0.12607107266
0.125916482351
0.125805851511
0.12573920644
0.125716577244
0.12573799782
0.125803505847
0.125913142774
0.126066953814
0.126264987936
0.126507297864
0.126793940073
0.127124974788
0.127500465989
0.127920481411
0.128385092548
0.128894374664
0.129448406794
0.130047271759
0.130691056173
0.131379850452
0.132113748832
0.132892849379
0.133717254001
0.134587068467
0.135502402418
0.136463369384
0.137470086802
0.138522676028
0.139621262354
0.140765975022
0.14195694724
0.143194316194
0.144478223062
0.145808813018
0.147186235251
0.148610642962
0.150082193371
0.151601047718
0.153167371259
0.154781333256
0.156443106967
0.158152869627
0.159910802422
0.161717090457
0.163571922717
0.165475492019
0.167427994949
0.169429631793
0.171480606455
0.173581126357
0.175731402325
0.177931648459
0.180182081984
0.182482923073
0.184834394654
0.187236722188
0.189690133413
0.192194858063
0.194751127545
0.197359174581
0.200019232801
0.202731536297
0.205496319111
0.208313814678
0.211184255194
0.21410787092
0.217084889406
0.220115534626
0.223200026028
0.226338577467
0.229531396039
0.23277868078
0.236080621234
0.239437395868
0.242849170327
0.246316095503
0.249838305418
0.253415914884
0.25704901693
0.260737679982
0.264481944752
0.268281820841
0.272137283001
0.276048267045
0.280014665382
0.284036322122
0.28811302775
0.292244513308
0.296430444074
0.300670412686
0.304963931699
0.309310425512
0.313709221672
0.318159541491
0.322660489985
0.327211045098
0.331810046212
0.336456181948
0.341147977275
0.345883779962
0.350661746434
0.355479827116
0.36033575138
0.365227012257
0.370150851097
0.375104242449
0.380083879444
0.38508616006
0.39010717471
0.395142695649
0.4001881688
0.405238708643
0.410289096908
0.415333785849
0.42036690694
0.425382285838
0.430373464478
0.435333731064
0.440256158696
0.445133653145
0.449959010137
0.45472498218
0.459424354666
0.464050030544
0.468595122445
0.473053050665
0.477417644948
0.481683247594
0.485844815048
0.489898014916
0.493839315214
0.497666062746
0.50137654774
0.504970052299
0.508446880807
0.511808371124
0.515056886227
0.518195786732
0.52122938555
0.524162886617
0.527002310209
0.529754407764
0.532426569367
0.535026727103
0.537563257367
0.540044884966
0.54248059152
0.54487953019
0.547250948358
0.549604119383
0.551948284152
0.554292602721
0.556646116054
0.559017717567
0.561416133989
0.563849914928
0.566327430441
0.568856875858
0.571446283146
0.574103538114
0.576836402832
0.579652542721
0.582559557854
0.585565018109
0.588676501925
0.591901638489
0.595248153319
0.598723917256
0.602336999019
0.606095721509
0.610008722171
0.614085017746
0.618334073803
0.622765879455
0.62739102763
0.63222080117
0.637267264835
0.642543362939
0.648063021759
0.653841254889
0.659894268203
0.666239558714
0.672895997895
0.679883884232
0.687224940828
0.694942219858
0.703059853949
0.711602560662
0.72059475357
0.730059031766
0.74001369445
0.750468738949
0.761419528103
0.772836947943
0.784652465921
0.79673625465
0.8088670718
0.820695252232
0.831707291178
0.841213959721
0.84839938199
0.852466017444
0.852859977167
0.849472852279
0.84268518441
0.833218764917
0.821904106355
0.809494321254
0.796577806615
0.78356930436
0.770738943048
0.75825024224
0.746193623989
0.734611735634
0.723517132969
0.712904086383
0.702756247313
0.693051530482
0.683765171159
0.674871604057
0.666345588613
0.658162855925
0.650300454451
0.642736908021
0.635452258769
0.628428041344
0.621647217833
0.615094092025
0.608754214634
0.602614286619
0.596662064858
0.590886272585
0.585276515823
0.579823206329
0.574517491091
0.569351188159
0.564316728469
0.55940710319
0.554615816145
0.549936840841
0.545364581659
0.540893838782
0.536519776492
0.532237894469
0.528044001782
0.523934193301
0.519904828247
0.515952510688
0.51207407175
0.508266553379
0.504527193492
0.500853412375
0.497242800197
0.493693105542
0.49020222484
0.486768192627
0.48338917255
0.480063449037
0.476789419588
0.473565587613
0.470390555785
0.467263019846
0.46418176284
0.461145649735
0.458153622389
0.455204694856
0.452297948978
0.449432530261
0.446607644005
0.443822551665
0.441076567439
0.438369055046
0.435699424705
0.433067130279
0.430471666585
0.427912566857
0.425389400347
0.422901770058
0.420449310604
0.418031686181
0.41564858865
0.413299735712
0.410984869191
0.408703753396
0.406456173565
0.404241934397
0.402060858644
0.399912785783
0.397797570748
0.395715082719
0.393665203972
0.391647828785
0.389662862388
0.387710219961
0.385789825682
0.38390161181
0.382045517809
0.380221489509
0.378429478304
0.376669440375
0.374941335947
0.373245128579
0.371580784472
0.369948271803
0.36834756009
0.366778619568
0.365241420592
0.363735933053
0.362262125819
0.360819966183
0.359409419334
0.358030447835
0.356683011119
0.355367064993
0.354082561156
0.352829446723
0.351607663762
0.350417148835
0.349257832553
0.34812963913
0.347032485949
0.345966283131
0.344930933111
0.343926330215
0.342952360246
0.342008900073
0.341095817217
0.340212969451
0.339360204396
0.338537359123
0.337744259754
0.336980721074
0.336246546137
0.335541525886
0.334865438765
0.334218050345
0.333599112952
0.333008365297
0.332445532117
0.33191032382
0.33140243614
0.330921549798
0.330467330177
0.33003942701
0.329637474072
0.329261088901
0.328909872523
0.328583409204
0.32828126622
0.328002993652
0.327748124202
0.327516173045
0.327306637704
0.327118997971
0.326952715849
0.326807235549
0.326681983525
0.326576368557
0.326489781882
0.326421597388
0.326371171855
0.326337845271
0.326320941201
0.326319767234
0.326333615501
0.326361763269
0.326403473612
0.326457996173
0.326524567998
0.326602414475
0.326690750348
0.32678878083
0.326895702808
0.327010706138
0.327132975037
0.327261689564
0.32739602719
0.327535164461
0.327678278735
0.327824550011
0.327973162823
0.328123308208
0.328274185729
0.328425005557
0.328574990589
0.328723378607
0.328869424453
0.329012402215
0.32915160741
0.329286359152
0.329416002289
0.329539909492
0.32965748329
0.329768158024
0.329871401717
0.329966717834
0.33005364693
0.330131768159
0.330200700644
0.330260104681
0.330309682782
0.330349180534
0.330378387275
0.330397136569
0.330405306485
0.330402819674
0.330389643233
0.330365788369
0.330331309851
0.330286305266
0.330230914067
0.330165316441
0.330089731978
0.33000441818
0.329909668786
0.32980581196
0.329693208322
0.329572248858
0.329443352709
0.329306964855
0.329163553714
0.329013608664
0.328857637499
0.328696163839
0.328529724507
0.328358866878
0.328184146218
0.328006123021
0.327825360361
0.327642421254
0.327457866053
0.327272249879
0.32708612009
0.326900013796
0.326714455431
0.326529954377
0.32634700265
0.326166072645
0.325987614948
0.325812056211
0.325639797094
0.325471210274
0.32530663852
0.325146392838
0.324990750678
0.32483995421
0.324694208674
0.324553680787
0.324418497222
0.324288743162
0.324164460917
0.324045648619
0.32393225899
0.323824198193
0.323721324762
0.323623448629
0.323530330236
0.32344167976
0.323357156445
0.32327636805
0.323198870436
0.323124167292
0.323051710009
0.322980897735
0.3229110776
0.322841545144
0.322771544958
0.322700271551
0.322626870463
0.322550439641
0.322470031087
0.322384652806
0.322293271052
0.322194812901
0.32208816915
0.321972197563
0.321845726453
0.321707558626
0.321556475664
0.321391242564
0.321210612705
0.321013333143
0.320798150209
0.320563815388
0.32030909145
0.320032758787
0.31973362194
0.319410516231
0.319062314492
0.318687933793
0.318286342136
0.317856565045
0.317397691976
0.316908882487
0.316389372103
0.315838477804
0.315255603068
0.314640242416
0.313991985406
0.313310520004
0.312595635324
0.311847223667
0.311065281864
0.310249911878
0.309401320693
0.308519819456
0.307605821919
0.306659842184
0.305682491796
0.304674476216
0.303636590727
0.302569715835
0.301474812209
0.300352915237
0.299205129264
0.298032621575
0.296836616188
0.295618387537
0.294379254095
0.29312057201
0.291843728804
0.290550137189
0.289241229054
0.287918449655
0.286583252061
0.285237091861
0.283881422189
0.282517689057
0.281147327032
0.279771755255
0.278392373807
0.277010560431
0.27562766759
0.274245019877
0.272863911743
0.271485605555
0.270111329944
0.268742278457
0.267379608467
0.266024440349
0.264677856881
0.263340902877
0.262014585008
0.260699871813
0.259397693873
0.258108944129
0.256834478342
0.255575115657
0.254331639281
0.253104797237
0.251895303207
0.250703837427
0.249531047639
0.248377550088
0.247243930549
0.24613074538
0.24503852259
0.243967762926
0.242918940953
0.241892506145
0.240888883958
0.239908476909
0.238951665625
0.238018809892
0.237110249672
0.236226306108
0.235367282502
0.23453346527
0.233725124872
0.232942516713
0.232185882024
0.231455448706
0.230751432154
0.23007403605
0.229423453131
0.228799865924
0.228203447463
0.227634361968
0.227092765511
0.226578806642
0.226092627003
0.225634361911
0.225204140916
0.224802088342
0.224428323799
0.224082962679
0.22376611663
0.223477894009
0.223218400314
0.222987738605
0.222786009899
0.222613313551
0.222469747624
0.222355409237
0.222270394902
0.222214800844
0.222188723313
0.222192258881
0.222225504724
0.222288558899
0.222381520607
0.222504490444
0.22265757065
0.222840865342
0.223054480743
0.223298525402
0.223573110408
0.223878349599
0.224214359761
0.224581260824
0.224979176059
0.225408232258
0.225868559922
0.226360293441
0.226883571268
0.2274385361
0.228025335045
0.228644119796
0.229295046804
0.229978277442
0.230693978181
0.231442320754
0.232223482332
0.233037645689
0.233884999382
0.234765737918
0.235680061938
0.23662817839
0.237610300715
0.238626649033
0.239677450329
0.240762938651
0.241883355303
0.243038949053
0.244229976336
0.245456701472
0.246719396885
0.248018343327
0.249353830115
0.250726155365
0.25213562625
0.253582559244
0.255067280396
0.256590125597
0.258151440866
0.259751582639
0.261390918071
0.26306982535
0.264788694015
0.266547925293
0.268347932442
0.270189141108
0.272071989691
0.273996929725
0.275964426272
0.277974958325
0.280029019222
0.282127117083
0.284269775242
0.286457532707
0.288690944622
0.290970582749
0.293297035946
0.295670910675
0.298092831499
0.300563441602
0.303083403303
0.305653398581
0.308274129596
0.310946319209
0.313670711501
0.31644807227
0.31927918952
0.322164873927
0.32510595927
0.328103302822
0.331157785697
0.334270313122
0.33744181464
0.34067324421
0.343965580187
0.347319825166
0.350737005644
0.354218171481
0.357764395108
0.361376770447
0.365056411465
0.368804450328
0.372622035041
0.376510326518
0.380470494947
0.38450371534
0.388611162125
0.392794002581
0.397053388956
0.401390448984
0.405806274561
0.410301908234
0.414878327125
0.419536423858
0.424276983957
0.429100659132
0.434007935747
0.43899909768
0.444074182664
0.449232931058
0.454474725887
0.459798522848
0.465202768826
0.470685307408
0.47624326975
0.481872949192
0.487569658091
0.493327565586
0.4991395155
0.504996824335
0.510889060558
0.516803808068
0.522726419201
0.528639765831
0.53452400128
0.540356350776
0.546110953981
0.551758789221
0.557267714739
0.562602666292
0.567726051116
0.572598373615
0.577179116139
0.581427877432
0.585305741789
0.588776816017
0.591809833905
0.594379696666
0.596468801323
0.598068014261
0.599177177223
0.599805084624
0.599968935003
0.599693322765
0.599008886448
0.597950757698
0.596556958373
0.594866875105
0.592919908573
0.590754357213
0.58840655949
0.585910290073
0.583296385179
0.5805925611
0.577823385756
0.575010364204
0.572172103229
0.569324525881
0.566481112972
0.563653154223
0.560849996762
0.558079282678
0.555347170545
0.552658538147
0.550017165334
0.547425897117
0.544886787833
0.542401227667
0.539970053052
0.537593642565
0.535271999879
0.53300482532
0.530791577395
0.528631525587
0.526523795541
0.524467407652
0.522461309932
0.520504405926
0.518595578341
0.516733708959
0.514917695337
0.513146464701
0.511418985418
0.509734276345
0.508091414331
0.5064895401
0.504927862721
0.503405662831
0.501922294779
0.500477187797
0.499069846347
0.497699849724
0.496366851017
0.495070575513
0.493810818617
0.492587443352
0.491400377502
0.490249610463
0.489135189841
0.488057217842
0.487015847515
0.48601127886
0.485043754857
0.484113557432
0.4832210034
0.482366440395
0.48155024282
0.480772807829
0.480034551357
0.479335904208
0.478677308212
0.478059212465
0.477482069635
0.476946332368
0.476452449761
0.476000863927
0.475592006633
0.475226296007
0.474904133316
0.474625899803
0.474391953563
0.47420262647
0.474058221126
0.473959007826
0.473905221534
0.47389705885
0.473934674955
0.474018180532
0.474147638646
0.474323061559
0.474544407499
0.474811577342
0.475124411219
0.475482685032
0.475886106877
0.476334313372
0.476826865878
0.477363246633
0.47794285479
0.47856500237
0.479228910148
0.479933703481
0.480678408116
0.481461945977
0.48228313101
0.48314066508
0.484033134007
0.48495900378
0.485916617024
0.486904189787
0.487919808746
0.488961428913
0.490026871958
0.491113825253
0.492219841765
0.49334234092
0.494478610588
0.495625810299
0.49678097586
0.49794102548
0.499102767542
0.500262910142
0.501418072479
0.502564798175
0.503699570579
0.504818830041
0.505918993149
0.506996473821
0.508047706133
0.509069168696
0.510057410309
0.511009076604
0.511920937309
0.512789913703
0.513613105822
0.514387818902
0.515111588561
0.515782204192
0.516397730057
0.516956523612
0.51745725062
0.51789889669
0.518280774942
0.518602529606
0.518864135441
0.519065892977
0.519208419681
0.519292637252
0.519319755319
0.519291251931
0.519208851258
0.519074498988
0.518890335927
0.518658670331
0.518381949479
0.518062730992
0.517703654365
0.517307413126
0.51687672801
0.516414321445
0.515922893627
0.515405100371
0.514863532888
0.514300699573
0.513719009859
0.513120760125
0.512508121629
0.511883130406
0.511247679034
0.510603510174
0.509952211751
0.509295213668
0.508633785913
0.507969037931
0.50730191914
0.506633220466
0.505963576778
0.505293470129
0.504623233685
0.503953056269
0.503282987424
0.502612942926
0.501942710679
0.501271956939
0.500600232798
0.49992698089
0.499251542286
0.498573163511
0.497891003679
0.497204141692
0.496511583477
0.495812269249
0.495105080738
0.494388848393
0.493662358514
0.492924360289
0.492173572719
0.491408691413
0.49062839521
0.48983135263
0.489016228121
0.488181688085
0.48732640667
0.486449071311
0.485548388004
0.484623086312
0.483671924089
0.482693691918
0.481687217261
0.480651368335
0.479585057699
0.478487245568
0.477356942878
0.476193214083
0.474995179733
0.473762018816
0.472492970905
0.471187338109
0.469844486852
0.468463849494
0.467044925803
0.465587284291
0.46409056343
0.462554472741
0.46097879377
0.459363380942
0.457708162309
0.456013140154
0.454278391476
0.45250406832
0.450690397953
0.448837682868
0.446946300587
0.445016703274
0.443049417111
0.441045041444
0.439004247677
0.436927777896
0.434816443229
0.432671121919
0.430492757123
0.428282354424
0.426040979072
0.423769752957
0.421469851328
0.419142499275
0.416788967998
0.414410570874
0.412008659363
0.409584618772
0.407139863911
0.404675834662
0.40219399151
0.399695811052
0.397182781526
0.394656398375
0.392118159901
0.389569563003
0.387012099055
0.384447249925
0.381876484166
0.379301253395
0.376722988866
0.374143098268
0.371562962732
0.368983934082
0.366407332306
0.363834443267
0.361266516655
0.358704764159
0.356150357878
0.353604428948
0.351068066383
0.348542316133
0.346028180328
0.343526616713
0.341038538268
0.338564812986
0.336106263809
0.333663668713
0.331237760921
0.328829229245
0.326438718535
0.324066830234
0.321714123022
0.31938111355
0.317068277241
0.314776049159
0.312504824939
0.310254961763
0.308026779386
0.305820561195
0.303636555299
0.301474975652
0.299336003194
0.297219787008
0.295126445495
0.293056067558
0.291008713792
0.288984417677
0.286983186783
0.285005003958
0.283049828532
0.281117597502
0.279208226722
0.277321612082
0.275457630678
0.27361614198
0.271796988977
0.269999999326
0.268224986478
0.266471750796
0.26474008066
0.263029753559
0.261340537158
0.259672190365
0.25802446437
0.256397103666
0.254789847062
0.253202428663
0.251634578838
0.250086025167
0.24855649336
0.247045708158
0.245553394206
0.244079276902
0.242623083216
0.241184542487
0.239763387187
0.238359353651
0.236972182784
0.235601620728
0.234247419501
0.232909337596
0.231587140551
0.230280601475
0.228989501543
0.227713630451
0.22645278683
0.225206778629
0.223975423446
0.222758548832
0.221555992547
0.220367602781
0.219193238333
0.218032768748
0.216886074426
0.215753046678
0.214633587756
0.213527610843
0.212435040001
0.211355810097
0.210289866685
0.20923716586
0.208197674083
0.207171367973
0.206158234075
0.205158268605
0.204171477163
0.203197874432
0.202237483851
0.201290337279
0.20035647463
0.199435943504
0.198528798803
0.197635102335
0.19675492241
0.195888333431
0.195035415481
0.194196253906
0.193370938891
0.192559565052
0.191762231012
0.190979038993
0.190210094408
0.189455505462
0.188715382757
0.187989838911
0.187278988181
0.186582946101
0.185901829134
0.185235754327
0.18458483899
0.183949200383
0.183328955419
0.182724220381
0.182135110654
0.181561740473
0.181004222686
0.180462668534
0.179937187445
0.179427886843
0.178934871975
0.17845824575
0.177998108598
0.177554558339
0.17712769007
0.176717596061
0.176324365676
0.175948085293
0.175588838248
0.175246704788
0.174921762035
0.174614083965
0.174323741393
0.174050801972
0.173795330205
0.17355738746
0.173337032
0.173134319014
0.17294930067
0.172782026158
0.172632541751
0.172500890874
0.172387114169
0.172291249578
0.172213332416
0.172153395468
0.17211146907
0.172087581207
0.172081757611
0.172094021858
0.172124395474
0.172172898035
0.17223954728
0.172324359212
0.17242734821
0.172548527137
0.172687907454
0.172845499322
0.17302131172
0.173215352552
0.173427628751
0.173658146395
0.17390691081
0.174173926677
0.174459198136
0.174762728889
0.175084522304
0.175424581514
0.175782909511
0.176159509248
0.176554383731
0.176967536109
0.177398969766
0.177848688408
0.178316696148
0.178802997588
0.179307597903
0.179830502916
0.180371719177
0.180931254033
0.181509115704
0.18210531335
0.182719857136
0.183352758303
0.184004029224
0.184673683468
0.185361735858
0.186068202529
0.186793100979
0.187536450126
0.188298270355
0.18907858357
0.189877413241
0.190694784448
0.191530723929
0.192385260116
0.193258423186
0.194150245094
0.195060759611
0.195990002369
0.196938010889
0.197904824622
0.19889048498
0.199895035373
0.200918521235
0.201960990062
0.20302249144
0.204103077073
0.205202800816
0.206321718699
0.207459888956
0.208617372055
0.209794230717
0.21099052995
0.212206337064
0.213441721703
0.214696755865
0.21597151392
0.21726607264
0.218580511211
0.219914911256
0.221269356855
0.222643934558
0.224038733405
0.225453844937
0.22688936321
0.228345384807
0.229822008848
0.231319336992
0.232837473451
0.234376524985
0.235936600903
0.237517813062
0.239120275861
0.240744106225
0.242389423597
0.244056349913
0.245745009585
0.247455529465
0.249188038811
0.250942669247
0.252719554712
0.254518831404
0.256340637709
0.258185114132
0.260052403205
0.26194264939
0.263855998969
0.265792599921
0.267752601777
0.269736155465
0.271743413137
0.273774527971
0.275829653952
0.277908945635
0.280012557872
0.28214064552
0.284293363108
0.286470864477
0.288673302379
0.290900828036
0.293153590652
0.295431736877
0.297735410222
0.300064750406
0.302419892648
0.304800966885
0.307208096914
0.309641399454
0.312100983118
0.31458694728
0.317099380845
0.319638360898
0.322203951228
0.324796200709
0.327415141546
0.330060787344
0.332733131017
0.335432142491
0.338157766223
0.34090991848
0.343688484394
0.346493314756
0.349324222532
0.352180979096
0.355063310132
0.357970891216
0.360903343033
0.363860226221
0.366841035813
0.369845195265
0.372872050048
0.375920860786
0.378990795931
0.382080923965
0.385190205121
0.388317482632
0.391461473515
0.394620758912
0.397793774024
0.400978797686
0.404173941645
0.407377139636
0.410586136359
0.413798476504
0.417011493985
0.420222301591
0.423427781297
0.426624575509
0.429809079572
0.432977435918
0.436125530232
0.439248990129
0.442343186785
0.445403240065
0.448424027647
0.451400198695
0.454326192554
0.457196262952
0.460004508077
0.462744906816
0.465411361286
0.467997745631
0.470497960822
0.472905994996
0.475215988575
0.47742230316
0.479519592919
0.481502876947
0.483367610864
0.485109755759
0.486725842529
0.488213029655
0.489569152562
0.490792762913
0.491883156493
0.492840388686
0.493665277011
0.49435939061
0.494925027093
0.495365177558
0.495683481015
0.495884169771
0.495972007558
0.495952222329
0.495830435704
0.495612590971
0.495304881453
0.494913680837
0.494445476836
0.493906809303
0.493304213628
0.49264417
0.491933058857
0.491177122645
0.490382433792
0.489554868682
0.48870008727
0.4878235179
0.486930346853
0.486025512076
0.485113700601
0.484199349107
0.48328664714
0.48237954254
0.481481748632
0.480596752809
0.479727826173
0.478878033927
0.478050246269
0.477247149575
0.476471257682
0.475724923129
0.475010348238
0.474329595931
0.47368460022
0.473077176311
0.472509030289
0.471981768348
0.471496905566
0.471055874219
0.47066003162
0.470310667518
0.470009011044
0.469756237246
0.469553473204
0.469401803775
0.469302276963
0.469255908959
0.469263688856
0.469326583074
0.469445539514
0.469621491455
0.469855361229
0.470148063687
0.470500509471
0.470913608121
0.471388271031
0.471925414272
0.472525961292
0.473190845519
0.473921012883
0.474717424259
0.475581057853
0.476512911554
0.477514005243
0.478585383096
0.479728115872
0.480943303214
0.482232075972
0.483595598543
0.485035071273
0.486551732896
0.488146863048
0.489821784861
0.49157786764
0.493416529649
0.495339241009
0.497347526725
0.49944296986
0.501627214858
0.503901971041
0.506269016298
0.508730200965
0.511287451937
0.513942777001
0.516698269442
0.519556112903
0.522518586551
0.525588070552
0.528767051872
0.532058130443
0.53546402569
0.538987583463
0.542631783367
0.546399746536
0.550294743832
0.554320204504
0.558479725297
0.562777080006
0.567216229453
0.571801331859
0.576536753546
0.581427079888
0.586477126371
0.591691949607
0.597076858034
0.602637421973
0.608379482595
0.614309159185
0.620432853886
0.626757252856
0.6332893224
0.640036298199
0.647005665122
0.654205124347
0.661642543443
0.669325883688
0.677263097124
0.685461983456
0.693929993861
0.702673964847
0.711699760225
0.721011793032
0.730612391544
0.740500964651
0.750672912254
0.761118217522
0.771819652771
0.78275053516
0.793871992154
0.805129755436
0.81645061787
0.827738887483
0.838873474946
0.8497066447
0.860065857247
0.869760318572
0.878593489288
0.886381546841
0.892975620033
0.898283208565
0.902282931336
0.905027875888
0.90663630861
0.907272651919
0.907124237377
0.906379355632
0.905210184477
0.903761738669
0.902146177848
0.900440985152
0.898689485933
0.89690254678
0.89506079035
0.89311712579
0.890999765635
0.888616151785
0.885858313293
0.882610077579
0.878756208237
0.87419295815
0.868838835192
0.862643840804
0.855595364647
0.847719469451
0.839077352676
0.829757921872
0.819868208616
0.80952351892
0.798838837824
0.787922345297
0.776871252169
0.765769707197
0.75468830067
0.743684648623
0.732804608501
0.72208378633
0.711549105331
0.701220296666
0.691111239318
0.681231120298
0.671585413205
0.662176687922
0.653005271032
0.644069778566
0.635367542004
0.626894946469
0.618647697545
0.610621030563
0.602809873826
0.595208975148
0.587812999284
0.580616602331
0.573614487973
0.56680144945
0.560172400319
0.55372239646
0.547446651249
0.54134054543
0.535399632895
0.529619643324
0.523996482425
0.518526230392
0.513205139012
0.508029627816
0.502996279539
0.498101835129
0.493343188461
0.488717380908
0.484221595859
0.47985315327
0.475609504302
0.471488226094
0.467487016709
0.463603690251
0.459836172206
0.456182494978
0.452640793658
0.449209301999
0.445886348618
0.442670353411
0.439559824182
0.436553353471
0.433649615587
0.430847363838
0.42814542794
0.425542711612
0.423038190343
0.420630909321
0.418319981535
0.416104586016
0.413983966232
0.411957428632
0.410024341313
0.408184132827
0.406436291113
0.404780362542
0.403215951084
0.401742717585
0.400360379143
0.399068708588
0.397867534055
0.396756738644
0.395736260166
0.394806090956
0.393966277763
0.393216921696
0.392558178218
0.391990257178
0.391513422877
0.391127994134
0.390834344354
0.390632901568
0.39052414842
0.39050862207
0.390586913995
0.390759669626
0.391027587778
0.391391419834
0.391851968584
0.392410086662
0.393066674469
0.393822677474
0.394679082745
0.39563691455
0.396697228834
0.397861106314
0.399129643942
0.400503944364
0.401985102999
0.403574192244
0.405272242229
0.407080217463
0.40899898854
0.411029297955
0.413171718916
0.415426605793
0.417794034669
0.420273732177
0.42286499052
0.425566566289
0.428376560398
0.431292276145
0.434310052221
0.437425067348
0.440631113348
0.443920333839
0.447282926686
0.450706809958
0.454177253786
0.457676484495
0.461183273134
0.46467252825
0.468114922838
0.471476597492
0.474718995322
0.477798897348
0.480668736961
0.483277274352
0.48557070106
0.487494215625
0.488994060446
0.490019938532
0.490527645879
0.490481677365
0.489857513994
0.488643298078
0.486840661875
0.484464587925
0.481542321875
0.478111495913
0.474217720154
0.469911940933
0.46524784811
0.460279553181
0.455059678559
0.449637917316
0.444060056603
0.43836741333
0.43259660724
0.426779590085
0.420943854533
0.415112757653
0.409305907333
0.403539573214
0.397827095297
0.392179272812
0.386604723034
0.38111020498
0.37570090645
0.370380695216
0.365152336558
0.360017680103
0.354977819223
0.350033226297
0.345183866956
0.34042929622
0.335768739142
0.331201158233
0.326725309716
0.32233979031
0.318043076063
0.313833554487
0.309709551073
0.305669351112
0.301711217566
0.297833405661
0.294034174733
0.290311797775
0.286664569089
0.283090810343
0.279588875311
0.27615715352
0.272794072986
0.269498102209
0.266267751539
0.263101574044
0.259998165954
0.256956166768
0.253974259089
0.25105116823
0.248185661645
0.245376548226
0.242622677476
0.239922938615
0.237276259609
0.23468160616
0.232137980671
0.22964442118
0.227200000293
0.224803824119
0.222455031204
0.220152791475
0.217896305208
0.215684802005
0.213517539797
0.211393803866
0.209312905897
0.207274183043
0.205276997035
0.203320733298
0.201404800103
0.199528627751
0.197691667767
0.195893392136
0.194133292553
0.192410879703
0.190725682564
0.189077247734
0.187465138778
0.185888935602
0.184348233846
0.182842644294
0.181371792316
0.179935317315
0.178532872205
0.177164122896
0.17582874781
0.174526437401
0.173256893701
0.172019829877
0.170814969801
0.169642047643
0.168500807469
0.167391002857
0.166312396528
0.165264759984
0.16424787316
0.163261524093
0.162305508592
0.161379629928
0.160483698528
0.159617531681
0.158780953253
0.157973793412
0.157195888361
0.156447080073
0.155727216046
0.155036149057
0.15437373692
0.153739842259
0.153134332284
0.152557078568
0.152007956837
0.151486846762
0.150993631755
0.15052819877
0.150090438111
0.149680243241
0.149297510594
0.148942139395
0.148614031479
0.148313091114
0.148039224829
0.14779234124
0.147572350882
0.147379166039
0.147212700582
0.147072869802
0.146959590246
0.146872779556
0.146812356305
0.146778239838
0.146770350111
0.146788607526
0.146832932774
0.146903246672
0.146999469999
0.147121523334
0.147269326891
0.147442800358
0.147641862721
0.147866432104
0.148116425597
0.148391759081
0.148692347056
0.149018102464
0.149368936511
0.149744758484
0.150145475567
0.150570992657
0.151021212171
0.151496033851
0.151995354574
0.152519068146
0.153067065104
0.153639232504
0.154235453719
0.154855608218
0.15549957135
0.15616721413
0.156858403005
0.157572999632
0.158310860647
0.159071837425
0.159855775849
0.16066251606
0.16149189222
0.162343732259
0.163217857629
0.164114083048
0.165032216246
0.165972057711
0.166933400427
0.167916029619
0.16891972249
0.169944247966
0.170989366435
0.172054829487
0.173140379666
0.17424575021
0.175370664809
0.176514837357
0.177677971714
0.178859761477
0.180059889755
0.181278028955
0.182513840576
0.18376697502
0.185037071413
0.186323757439
0.187626649197
0.188945351068
0.19027945561
0.191628543468
0.192992183317
0.19436993182
0.195761333624
0.197165921378
0.198583215792
0.20001272572
0.201453948293
0.202906369073
0.204369462269
0.205842690977
0.207325507476
0.20881735357
0.210317660973
0.211825851752
0.213341338815
0.214863526459
0.216391810964
0.21792558125
0.219464219585
0.221007102352
0.222553600865
0.224103082249
0.225654910367
0.227208446806
0.228763051903
0.230318085835
0.231872909739
0.233426886886
0.234979383886
0.236529771931
0.238077428064
0.239621736473
0.241162089804
0.242697890481
0.244228552036
0.245753500428
0.247272175359
0.248784031569
0.250288540102
0.25178518954
0.25327348719
0.254752960226
0.256223156763
0.257683646869
0.259134023496
0.260573903335
0.26200292757
0.263420762544
0.264827100318
0.266221659121
0.267604183689
0.268974445487
0.270332242809
0.271677400763
0.273009771128
0.274329232087
0.275635687848
0.276929068136
0.278209327574
0.279476444947
0.280730422363
0.281971284306
0.283199076596
0.284413865261
0.285615735322
0.286804789505
0.287981146897
0.289144941531
0.290296320937
0.291435444646
0.292562482673
0.293677613978
0.29478102492
0.295872907706
0.296953458861
0.298022877704
0.299081364861
0.300129120807
0.301166344457
0.302193231802
0.30320997461
0.304216759181
0.305213765182
0.306201164552
0.307179120486
0.308147786508
0.309107305625
0.310057809583
0.310999418199
0.311932238811
0.312856365804
0.313771880248
0.31467884963
0.315577327687
0.316467354331
0.317348955679
0.318222144179
0.31908691882
0.319943265452
0.320791157179
0.321630554847
0.322461407615
0.323283653603
0.324097220621
0.324902026959
0.325697982255
0.326484988413
0.327262940588
0.32803172821
0.328791236057
0.32954134537
0.330281934988
0.331012882518
0.331734065514
0.332445362674
0.333146655035
0.333837827166
0.334518768349
0.335189373745
0.335849545529
0.336499193998
0.337138238639
0.337766609148
0.338384246404
0.338991103379
0.33958714599
0.340172353877
0.340746721114
0.341310256843
0.34186298582
0.342404948888
0.342936203357
0.343456823298
0.34396689975
0.344466540835
0.344955871788
0.345435034889
0.34590418932
0.346363510929
0.346813191909
0.347253440406
0.347684480038
0.348106549351
0.348519901204
0.348924802086
0.349321531376
0.349710380552
0.350091652343
0.350465659849
0.350832725614
0.351193180664
0.351547363534
0.351895619251
0.35223829832
0.352575755688
0.352908349708
0.353236441095
0.353560391893
0.353880564446
0.354197320379
0.354511019599
0.354822019311
0.355130673059
0.355437329793
0.355742332959
0.356046019624
0.35634871963
0.356650754786
0.356952438093
0.357254073002
0.357555952718
0.357858359539
0.358161564228
0.358465825442
0.35877138918
0.359078488289
0.359387342003
0.359698155524
0.360011119645
0.36032641041
0.360644188825
0.360964600594
0.36128777591
0.361613829278
0.361942859379
0.362274948978
0.362610164864
0.362948557838
0.363290162734
0.363634998479
0.363983068199
0.364334359355
0.36468884392
0.365046478598
0.365407205077
0.36577095032
0.366137626898
0.366507133351
0.366879354597
0.36725416237
0.367631415693
0.368010961391
0.368392634635
0.368776259518
0.369161649668
0.369548608885
0.369936931815
0.370326404644
0.370716805828
0.371107906835
0.371499472921
0.371891263915
0.372283035031
0.372674537687
0.373065520339
0.37345572932
0.373844909691
0.374232806084
0.374619163549
0.375003728395
0.375386249022
0.375766476735
0.376144166544
0.376519077945
0.376890975674
0.377259630427
0.377624819557
0.37798632773
0.378343947537
0.378697480072
0.379046735459
0.379391533331
0.379731703258
0.380067085126
0.380397529453
0.380722897662
0.381043062284
0.381357907112
0.381667327296
0.381971229381
0.382269531288
0.382562162244
0.382849062652
0.383130183917
0.383405488221
0.383674948251
0.383938546886
0.384196276843
0.384448140292
0.38469414843
0.384934321039
0.385168686014
0.385397278867
0.385620142227
0.385837325321
0.386048883447
0.386254877454
0.386455373209
0.386650441079
0.386840155418
0.387024594062
0.38720383784
0.387377970101
0.387547076255
0.387711243341
0.387870559605
0.388025114109
0.388174996354
0.388320295926
0.388461102162
0.388597503839
0.388729588871
0.388857444034
0.388981154692
0.38910080454
0.389216475355
0.389328246748
0.389436195914
0.389540397389
0.389640922786
0.38973784053
0.389831215572
0.389921109089
0.390007578155
0.390090675387
0.390170448564
0.390246940204
0.390320187113
0.390390219888
0.390457062379
0.390520731113
0.390581234664
0.390638572985
0.390692736696
0.390743706319
0.390791451483
0.390835930079
0.390877087386
0.390914855159
0.390949150692
0.390979875864
0.391006916167
0.391030139726
0.39104939633
0.391064516468
0.391075310396
0.391081567235
0.391083054118
0.391079515405
0.391070671965
0.391056220561
0.391035833331
0.391009157402
0.390975814639
0.390935401553
0.39088748938
0.390831624355
0.390767328189
0.390694098774
0.390611411117
0.390518718538
0.390415454122
0.390301032449
0.390174851614
0.390036295531
0.389884736534
0.389719538273
0.389540058904
0.389345654568
0.389135683139
0.388909508247
0.38866650354
0.388406057163
0.388127576449
0.387830492754
0.387514266444
0.387178391954
0.386822402906
0.386445877225
0.386048442213
0.385629779521
0.385189629984
0.384727798241
0.384244157127
0.383738651743
0.383211303195
0.382662211935
0.382091560668
0.381499616799
0.380886734377
0.380253355522
0.379600011311
0.378927322124
0.378235997432
0.377526835048
0.376800719841
0.376058621935
0.375301594426
0.374530770635
0.373747360945
0.372952649258
0.37214798912
0.371334799551
0.370514560654
0.36968880902
0.368859133012
0.368027167957
0.367194591298
0.366363117769
0.365534494607
0.364710496874
0.363892922898
0.363083589891
0.362284329752
0.36149698509
0.360723405494
0.359965444053
0.359224954143
0.358503786503
0.357803786583
0.357126792181
0.356474631365
0.355849120674
0.355252063592
0.354685249285
0.35415045159
0.353649428253
0.353183920381
0.352755652115
0.352366330497
0.352017645507
0.35171127027
0.351448861392
0.351232059423
0.351062489412
0.350941761545
0.350871471829
0.350853202809
0.350888524279
0.350978993977
0.351126158214
0.351331552409
0.351596701508
0.351923120214
0.352312313017
0.352765773941
0.353284985972
0.353871420078
0.354526533759
0.355251769027
0.356048549716
0.356918277999
0.357862329974
0.358882050153
0.359978744667
0.361153672974
0.362408037803
0.363742973046
0.365159529258
0.366658656358
0.368241183081
0.369907792654
0.37165899408
0.373495088345
0.375416128761
0.37742187456
0.379511736739
0.38168471508
0.383939325142
0.386273513986
0.38868456332
0.391168978807
0.393722364357
0.396339280504
0.399013086346
0.401735765258
0.404497735558
0.407287648765
0.410092180052
0.41289581806
0.415680664537
0.418426258145
0.421109441296
0.423704293551
0.426182159552
0.428511802614
0.430659715963
0.432590620584
0.434268170346
0.435655870339
0.436718192946
0.437421849395
0.437737145448
0.437639323606
0.437109776838
0.436137016102
0.434717289383
0.432854783152
0.430561383171
0.427856022057
0.424763686203
0.421314186439
0.417540810601
0.413478972016
0.409164949489
0.404634787604
0.399923397142
0.39506386894
0.390086993729
0.3850209663
0.379891244576
0.374720531578
0.36952884931
0.364333677001
0.359150130528
0.353991164619
0.348867783805
0.343789252012
0.338763293863
0.333796283286
0.328893416928
0.324058871306
0.319295943558
0.314607176362
0.309994467942
0.305459168368
0.3010021634
0.296623947198
0.292324685127
0.288104267852
0.283962357792
0.279898428934
0.275911800856
0.272001667772
0.26816712325
0.264407181225
0.260720793816
0.257106866412
0.253564270396
0.250091853869
0.246688450651
0.243352887808
0.240083991926
0.236880594313
0.233741535286
0.23066566768
0.227651859693
0.224698997166
0.22180598539
0.218971750498
0.216195240522
0.213475426149
0.210811301241
0.208201883144
0.205646212824
0.203143354857
0.200692397303
0.198292451476
0.195942651633
0.193642154595
0.191390139319
0.18918580642
0.187028377666
0.184917095439
0.182851222188
0.180830039857
0.178852849315
0.176918969772
0.175027738203
0.173178508765
0.171370652229
0.169603555404
0.167876620585
0.166189264996
0.164540920253
0.162931031833
0.161359058556
0.159824472081
0.158326756414
0.156865407429
0.155439932398
0.154049849547
0.152694687607
0.1513739854
0.150087291416
0.148834163424
0.147614168083
0.146426880569
0.145271884221
0.144148770192
0.143057137117
0.141996590796
0.140966743881
0.139967215588
0.138997631406
0.138057622833
0.137146827112
0.136264886988
0.135411450465
0.134586170588
0.133788705225
0.133018716864
0.132275872422
0.131559843065
0.130870304033
0.130206934479
0.129569417322
0.128957439102
0.128370689851
0.127808862969
0.127271655113
0.126758766094
0.126269898781
0.125804759019
0.125363055549
0.124944499942
0.124548806537
0.124175692394
0.123824877243
0.123496083455
0.123189036009
0.122903462472
0.122639092986
0.122395660255
0.122172899553
0.121970548718
0.121788348173
0.121626040935
0.121483372642
0.121360091577
0.1212559487
0.121170697687
0.121104094964
0.121055899756
0.121025874134
0.121013783059
0.121019394441
0.121042479191
0.121082811276
0.121140167777
0.121214328949
0.12130507828
0.121412202546
0.121535491874
0.1216747398
0.121829743319
0.122000302949
0.122186222777
0.12238731051
0.122603377526
0.122834238913
0.123079713513
0.123339623954
0.123613796684
0.123902061996
0.124204254051
0.124520210888
0.124849774441
0.125192790534
0.125549108885
0.125918583089
0.126301070603
0.126696432725
0.127104534553
0.127525244954
0.127958436509
0.128403985464
0.12886177166
0.129331678463
0.129813592686
0.130307404502
0.130813007341
0.131330297793
0.131859175496
0.13239954301
0.132951305697
0.13351437158
0.134088651208
0.134674057501
0.135270505598
0.135877912694
0.136496197871
0.137125281928
0.137765087198
0.138415537366
0.13907655728
0.139748072759
0.140430010398
0.141122297363
0.141824861198
0.142537629611
0.143260530276
0.143993490619
0.144736437616
0.145489297583
0.146251995964
0.147024457132
0.147806604179
0.148598358712
0.149399640659
0.150210368064
0.151030456899
0.151859820873
0.152698371249
0.153546016662
0.154402662953
0.155268212995
0.156142566539
0.157025620063
0.157917266625
0.15881739573
0.159725893207
0.16064264109
0.161567517514
0.162500396621
0.163441148474
0.164389638985
0.165345729856
0.166309278532
0.167280138165
0.168258157589
0.169243181318
0.170235049547
0.171233598176
0.17223865884
0.173250058962
0.174267621817
0.175291166611
0.17632050858
0.177355459096
0.178395825797
0.179441412734
0.180492020524
0.181547446528
0.182607485045
0.183671927516
0.18474056275
0.185813177162
0.18688955503
0.187969478762
0.189052729186
0.190139085849
0.191228327328
0.192320231564
0.193414576202
0.194511138946
0.195609697927
0.196710032079
0.197811921533
0.198915148014
0.200019495251
0.201124749392
0.202230699431
0.203337137637
0.204443859989
0.205550666616
0.206657362241
0.207763756623
0.208869665
0.209974908537
0.21107931476
0.212182718
0.213284959821
0.214385889444
0.215485364169
0.216583249782
0.217679420947
0.218773761602
0.21986616532
0.220956535674
0.222044786574
0.223130842592
0.224214639268
0.225296123392
0.226375253273
0.227451998978
0.228526342555
0.229598278225
0.230667812558
0.23173496462
0.232799766088
0.233862261354
0.234922507584
0.235980574767
0.237036545727
0.238090516109
0.239142594344
0.240192901578
0.241241571583
0.242288750638
0.243334597385
0.244379282658
0.245422989291
0.246465911901
0.247508256647
0.24855024097
0.249592093309
0.250634052799
0.251676368951
0.25271930131
0.253763119106
0.254808100879
0.255854534098
0.256902714763
0.257952947
0.259005542642
0.260060820804
0.261119107447
0.262180734943
0.263246041628
0.264315371357
0.265389073047
0.266467500236
0.267551010623
0.26863996562
0.269734729902
0.270835670966
0.271943158681
0.273057564853
0.274179262797
0.275308626901
0.276446032215
0.277591854032
0.278746467482
0.27991024714
0.281083566632
0.282266798254
0.283460312606
0.284664478222
0.285879661222
0.287106224967
0.28834452972
0.289594932327
0.290857785892
0.292133439476
0.293422237792
0.294724520918
0.296040624009
0.297370877027
0.298715604467
0.300075125098
0.301449751708
0.302839790853
0.304245542614
0.305667300355
0.307105350493
0.308559972259
0.310031437474
0.311520010321
0.313025947123
0.314549496113
0.316090897217
0.317650381827
0.319228172578
0.320824483123
0.322439517902
0.324073471914
0.325726530483
0.327398869016
0.329090652768
0.330802036586
0.332533164662
0.334284170272
0.336055175509
0.337846291015
0.339657615698
0.341489236446
0.343341227837
0.345213651833
0.347106557474
0.34901998056
0.35095394333
0.352908454129
0.354883507073
0.356879081706
0.358895142651
0.360931639259
0.362988505253
0.365065658371
0.367163000006
0.369280414851
0.371417770542
0.37357491731
0.375751687636
0.37794789592
0.380163338156
0.38239779163
0.384651014632
0.386922746187
0.389212705819
0.391520593342
0.393846088684
0.39618885175
0.398548522332
0.400924720067
0.403317044445
0.405725074886
0.408148370875
0.410586472172
0.413038899099
0.415505152911
0.41798471626
0.420477053747
0.422981612581
0.425497823348
0.428025100884
0.430562845275
0.433110442965
0.435667268008
0.43823268343
0.440806042732
0.443386691522
0.44597396928
0.44856721125
0.451165750464
0.453768919889
0.456376054698
0.458986494642
0.461599586541
0.464214686859
0.466831164367
0.469448402872
0.472065804003
0.474682790033
0.47729880672
0.479913326153
0.48252584957
0.485135910145
0.487743075699
0.490346951335
0.492947181959
0.495543454665
0.498135500973
0.500723098881
0.503306074731
0.505884304843
0.508457716928
0.511026291238
0.513590061465
0.516149115349
0.518703595011
0.521253696994
0.523799672008
0.52634182438
0.528880511217
0.531416141277
0.533949173569
0.53648011568
0.539009521848
0.5415379908
0.544066163364
0.54659471988
0.549124377419
0.551655886848
0.554190029743
0.556727615178
0.559269476412
0.561816467493
0.564369459786
0.566929338457
0.569496998911
0.57207334321
0.574659276465
0.577255703216
0.579863523799
0.582483630692
0.585116904841
0.587764211946
0.590426398689
0.593104288878
0.595798679488
0.598510336533
0.601239990753
0.603988333027
0.606756009479
0.609543616161
0.612351693257
0.615180718677
0.618031100933
0.620903171158
0.62379717411
0.626713257983
0.62965146283
0.632611707378
0.635593773972
0.638597291398
0.641621715257
0.644666305578
0.647730101314
0.650811891329
0.653910181502
0.657023157519
0.660148642977
0.663284052399
0.666426338838
0.66957193581
0.672716693439
0.675855808849
0.678983751117
0.682094181436
0.685179869573
0.688232608302
0.691243128161
0.69420101578
0.697094639989
0.699911091031
0.70263613939
0.705254221904
0.707748463845
0.710100746343
0.712291828666
0.714301534207
0.71610900728
0.71769304475
0.719032502082
0.720106767502
0.720896291105
0.721383148391
0.721551610858
0.721388690965
0.720884626107
0.720033267155
0.71883234191
0.717283572413
0.715392636394
0.713168975838
0.71062546797
0.707777984133
0.704644868977
0.701246375335
0.697604089358
0.693740376411
0.6896778721
0.685439035571
0.68104577499
0.67651914864
0.671879139849
0.667144500119
0.662332652406
0.657459645267
0.652540148359
0.647587480136
0.642613659523
0.637629474384
0.632644560826
0.627667488506
0.62270584817
0.617766338591
0.612854850855
0.607976548564
0.603135943065
0.598336963199
0.593583019347
0.588877061794
0.584221633564
0.579618918003
0.575070781414
0.570578811143
0.566144349459
0.561768523631
0.557452272544
0.553196370221
0.549001446553
0.544868005553
0.540796441391
0.536787052466
0.532840053735
0.528955587498
0.525133732815
0.521374513719
0.517677906359
0.514043845202
0.5104722284
0.506962922423
0.503515766039
0.500130573715
0.496807138513
0.493545234522
0.490344618895
0.487205033521
0.484126206375
0.48110785258
0.478149675208
0.475251365847
0.472412604956
0.469633062019
0.466912395528
0.464250252799
0.461646269632
0.459100069834
0.456611264603
0.454179451787
0.451804215025
0.449485122767
0.447221727187
0.445013562988
0.442860146101
0.440760972281
0.43871551561
0.436723226893
0.434783531965
0.432895829907
0.431059491165
0.429273855586
0.427538230366
0.425851887926
0.424214063699
0.422623953857
0.421080712973
0.419583451626
0.418131233962
0.416723075224
0.415357939258
0.414034736016
0.412752319078
0.411509483204
0.410304961944
0.409137425341
0.408005477742
0.406907655769
0.405842426466
0.404808185681
0.403803256724
0.402825889341
0.401874259064
0.400946466988
0.400040540035
0.399154431766
0.398286023796
0.397433127881
0.396593488731
0.395764787617
0.394944646819
0.394130634969
0.393320273333
0.392511043064
0.391700393446
0.390885751152
0.390064530479
0.389234144573
0.38839201757
0.387535597594
0.386662370534
0.385769874477
0.38485571466
0.383917578789
0.382953252551
0.381960635106
0.380937754363
0.379882781804
0.378794046637
0.377670049036
0.376509472258
0.375311193404
0.374074292645
0.372798060738
0.371482004675
0.370125851369
0.368729549308
0.367293268125
0.365817396108
0.364302535699
0.362749497053
0.361159289797
0.359533113138
0.357872344495
0.356178526873
0.354453355185
0.352698661751
0.350916401213
0.349108635088
0.34727751618
0.345425273053
0.343554194768
0.341666616043
0.339764902992
0.337851439568
0.335928614808
0.333998810976
0.332064392642
0.330127696747
0.328191023669
0.326256629292
0.324326718059
0.322403436989
0.320488870611
0.318585036786
0.31669388334
0.314817285475
0.312957043886
0.311114883516
0.309292452911
0.307491324086
0.305712992861
0.303958879612
0.302230330368
0.300528618219
0.298854944979
0.297210443072
0.295596177583
0.294013148462
0.292462292824
0.290944487341
0.289460550681
0.288011245986
0.286597283355
0.285219322335
0.283877974384
0.282573805318
0.281307337702
0.280079053215
0.27888939494
0.277738769616
0.276627549811
0.275556076042
0.274524658823
0.273533580648
0.272583097902
0.271673442713
0.270804824731
0.269977432844
0.269191436833
0.268446988964
0.26774422552
0.267083268277
0.26646422593
0.265887195461
0.26535226346
0.264859507402
0.264408996876
0.264000794778
0.263634958459
0.263311540839
0.263030591493
0.262792157691
0.262596285427
0.262443020403
0.262332409002
0.262264499227
0.262239341625
0.262256990191
0.262317503248
0.262420944316
0.262567382968
0.262756895661
0.26298956657
0.263265488393
0.263584763164
0.263947503039
0.264353831084
0.264803882053
0.265297803153
0.26583575481
0.266417911418
0.267044462094
0.267715611413
0.268431580143
0.269192605977
0.269998944247
0.27085086864
0.271748671898
0.272692666512
0.273683185403
0.274720582593
0.275805233854
0.27693753735
0.278117914249
0.279346809317
0.280624691484
0.281952054379
0.283329416819
0.284757323268
0.286236344231
0.287767076594
0.289350143896
0.290986196507
0.292675911725
0.294419993741
0.29621917349
0.298074208333
0.299985881566
0.301955001714
0.303982401587
0.306068937035
0.308215485384
0.310422943472
0.312692225236
0.315024258767
0.31741998275
0.31988034219
0.322406283301
0.324998747419
0.327658663797
0.330386941077
0.333184457242
0.336052047793
0.338990491876
0.342000496025
0.345082675142
0.348237530299
0.351465422848
0.354766544299
0.358140881331
0.361588175215
0.365107874882
0.368699082766
0.372360492485
0.376090317378
0.379886208893
0.383745163808
0.387663419381
0.391636335684
0.395658264666
0.399722405985
0.403820650362
0.407943412203
0.412079454627
0.416215711836
0.42033711607
0.424426439162
0.428464161984
0.432428388565
0.4362948252
0.440036847834
0.443625682715
0.447030724856
0.45022001508
0.45316088847
0.45582079419
0.458168269054
0.460174026191
0.461812098161
0.463060954935
0.463904505377
0.464332890491
0.464342989656
0.463938586952
0.463130179754
0.461934450088
0.460373453817
0.458473607814
0.456264567263
0.453778083926
0.451046923842
0.448103903574
0.444981082115
0.441709124695
0.438316837441
0.434830859379
0.431275490568
0.42767263174
0.424041810482
0.420400270878
0.41676310651
0.413143420308
0.409552498186
0.405999986672
0.402494067456
0.399041624082
0.395648397738
0.392319130493
0.389057695277
0.385867212625
0.382750154643
0.379708436966
0.376743499633
0.373856377888
0.3710477639
0.368318060418
0.365667427256
0.363095821487
0.360603032121
0.358188709966
0.355852393302
0.35359352992
0.35141149602
0.349305612383
0.347275158202
0.345319382894
0.343437516161
0.34162877657
0.339892378837
0.33822754001
0.336633484714
0.335109449573
0.33365468695
0.332268468088
0.330950085749
0.329698856418
0.328514122141
0.327395252053
0.326341643638
0.325352723771
0.324427949561
0.323566809047
0.322768821758
0.322033539157
0.321360545006
0.320749455643
0.320199920211
0.319711620831
0.319284272743
0.318917624413
0.318611457618
0.318365587527
0.318179862758
0.318054165436
0.317988411256
0.317982549533
0.318036563272
0.31815046923
0.318324317996
0.318558194065
0.318852215936
0.319206536203
0.319621341656
0.320096853389
0.32063332691
0.321231052241
0.321890354026
0.322611591619
0.323395159161
0.324241485636
0.32515103489
0.32612430562
0.327161831301
0.328264180052
0.329431954423
0.330665791076
0.33196636035
0.333334365674
0.3347705428
0.336275658826
0.337850510964
0.339495924997
0.341212753387
0.343001872941
0.344864181986
0.346800596942
0.348812048188
0.350899475116
0.353063820199
0.355306021932
0.357627006429
0.36002767746
0.362508904646
0.365071509519
0.367716249071
0.370443796383
0.373254717844
0.376149446411
0.379128250266
0.382191196149
0.38533810653
0.388568509704
0.391881581768
0.395276079351
0.398750261862
0.402301801977
0.405927683052
0.409624082188
0.413386237843
0.41720830116
0.421083170704
0.425002311067
0.428955556973
0.432930906104
0.436914306088
0.440889443882
0.444837549347
0.448737228966
0.452564350342
0.456292002829
0.459890563842
0.46332790297
0.466569755735
0.46958029415
0.472322910697
0.474761215119
0.476860219604
0.478587659538
0.479915367882
0.480820596952
0.481287168374
0.481306335399
0.480877264007
0.480007078238
0.47871046449
0.477008879926
0.474929451843
0.472503680802
0.469766067552
0.466752773684
0.463500403504
0.460044965973
0.456421046601
0.452661194267
0.448795509267
0.444851407074
0.440853526506
0.436823749956
0.432781305451
0.428742924261
0.424723032447
0.420733959485
0.416786151366
0.412888379279
0.409047937914
0.405270829774
0.401561933576
0.397925156067
0.394363567458
0.390879521189
0.387474759105
0.384150503297
0.380907535897
0.377746268144
0.37466679995
0.371668971125
0.368752405312
0.365916547585
0.363160696557
0.36048403174
0.357885636816
0.355364519394
0.352919627741
0.350549864932
0.348254100773
0.346031181832
0.343879939852
0.34179919877
0.339787780566
0.337844510095
0.335968219069
0.334157749307
0.332411955362
0.330729706627
0.329109888989
0.327551406115
0.326053180404
0.32461415369
0.323233287699
0.321909564332
0.320641985786
0.319429574539
0.318271373236
0.317166444478
0.316113870545
0.315112753061
0.314162212609
0.313261388316
0.31240943741
0.311605534757
0.310848872387
0.31013865901
0.309474119535
0.308854494582
0.308279040008
0.307747026431
0.307257738768
0.306810475785
0.306404549654
0.306039285533
0.305714021154
0.305428106428
0.305180903068
0.304971784231
0.30480013417
