5.55111512313e-17
6.80441112176e-06
2.72148787931e-05
6.12231074526e-05
0.000108815276229
0.000169972046542
0.000244668572739
0.000332874515782
0.000434554059973
0.000549665932735
0.00067816342744
0.000819994429294
0.00097510144428
0.00114342163117
0.00132488683659
0.00151942363317
0.00172695336078
0.00194739217082
0.00218065107359
0.00242663598879
0.00268524779908
0.00295638240671
0.00323993079328
0.00353577908258
0.00384380860653
0.00416389597419
0.00449591314385
0.00483972749828
0.00519520192291
0.00556219488724
0.00594056052918
0.00633014874249
0.00673080526726
0.00714237178332
0.00756468600672
0.00799758178918
0.00844088922038
0.00889443473325
0.0093580412121
0.00983152810356
0.0103147115304
0.0108074044079
0.0113094165633
0.0118205548574
0.012340623309
0.0128694232222
0.0134067533154
0.0139524098533
0.0145061867811
0.0150678758607
0.0156372668092
0.0162141474395
0.016798303803
0.0173895203333
0.017987579993
0.0185922644211
0.0192033540824
0.0198206284177
0.0204438659965
0.0210728446693
0.0217073417221
0.0223471340312
0.0229919982189
0.0236417108096
0.0242960483866
0.0249547877487
0.0256177060676
0.0262845810445
0.0269551910671
0.0276293153653
0.0283067341677
0.0289872288559
0.0296705821189
0.030356578106
0.0310450025781
0.0317356430582
0.0324282889798
0.0331227318336
0.0338187653119
0.0345161854514
0.0352147907731
0.0359143824197
0.0366147642905
0.0373157431731
0.0380171288725
0.0387187343361
0.0394203757762
0.0401218727884
0.0408230484662
0.0415237295122
0.0422237463444
0.0429229331995
0.0436211282308
0.0443181736022
0.0450139155774
0.0457082046049
0.0464008953974
0.0470918470069
0.0477809228949
0.0484679909968
0.0491529237822
0.049835598309
0.0505158962728
0.0511937040506
0.05186891274
0.0525414181914
0.0532111210367
0.0538779267107
0.0545417454688
0.0552024923978
0.055860087422
0.0565144553042
0.0571655256404
0.0578132328502
0.058457516161
0.0590983195876
0.0597355919067
0.0603692866258
0.0609993619473
0.0616257807283
0.0622485104346
0.0628675230907
0.0634827952253
0.0640943078114
0.0647020462036
0.0653060000694
0.0659061633181
0.0665025340246
0.0670951143501
0.0676839104585
0.0682689324303
0.0688501941722
0.0694277133242
0.0700015111634
0.070571612505
0.0711380456009
0.0717008420356
0.0722600366198
0.0728156672818
0.0733677749576
0.0739164034779
0.074461599455
0.0750034121673
0.0755418934427
0.0760770975415
0.0766090810376
0.0771379026992
0.0776636233696
0.0781863058467
0.0787060147628
0.0792228164641
0.0797367788908
0.0802479714565
0.0807564649289
0.0812623313109
0.0817656437219
0.0822664762807
0.0827649039887
0.0832610026148
0.0837548485813
0.0842465188512
0.084736090817
0.0852236421913
0.085709250899
0.0861929949716
0.0866749524429
0.0871552012477
0.0876338191219
0.0881108835051
0.0885864714456
0.089060659508
0.0895335236829
0.0900051392993
0.0904755809401
0.0909449223595
0.091413236404
0.0918805949352
0.0923470687567
0.0928127275425
0.0932776397693
0.0937418726512
0.0942054920775
0.0946685625535
0.0951311471437
0.0955933074187
0.0960551034043
0.096516593534
0.0969778346036
0.0974388817292
0.0978997883081
0.0983606059814
0.0988213845999
0.0992821721926
0.099743014937
0.100203957133
0.100665041175
0.101126307536
0.101587794737
0.102049539337
0.102511575912
0.102973937037
0.103436653276
0.103899753166
0.104363263205
0.104827207842
0.105291609465
0.105756488391
0.106221862856
0.106687749004
0.107154160879
0.107621110411
0.108088607406
0.108556659536
0.109025272319
0.109494449113
0.109964191092
0.110434497231
0.110905364284
0.111376786765
0.111848756917
0.11232126469
0.112794297703
0.113267841219
0.113741878099
0.114216388766
0.114691351159
0.115166740684
0.115642530163
0.116118689775
0.116595186997
0.11707198654
0.117549050277
0.118026337171
0.118503803196
0.118981401256
0.119459081097
0.119936789217
0.120414468771
0.120892059473
0.121369497492
0.121846715348
0.122323641802
0.122800201745
0.123276316086
0.123751901632
0.124226870974
0.124701132369
0.125174589619
0.125647141955
0.126118683921
0.126589105256
0.127058290787
0.127526120313
0.127992468511
0.128457204828
0.128920193398
0.129381292955
0.129840356759
0.130297232535
0.130751762422
0.131203782931
0.131653124929
0.132099613626
0.132543068591
0.132983303781
0.133420127593
0.133853342941
0.134282747353
0.134708133096
0.135129287332
0.135545992295
0.135958025506
0.136365160019
0.136767164691
0.1371638045
0.137554840889
0.137940032145
0.138319133821
0.138691899189
0.139058079731
0.13941742567
0.139769686531
0.140114611742
0.140451951268
0.140781456273
0.141102879821
0.141415977596
0.141720508656
0.142016236199
0.142302928358
0.142580359006
0.142848308567
0.143106564846
0.143354923844
0.143593190582
0.143821179908
0.14403871729
0.144245639591
0.144441795817
0.144627047824
0.144801271005
0.144964354911
0.145116203841
0.145256737369
0.145385890815
0.145503615647
0.145609879829
0.145704668081
0.145787982083
0.145859840591
0.145920279484
0.145969351726
0.146007127263
0.146033692828
0.146049151682
0.146053623276
0.146047242841
0.146030160916
0.146002542803
0.14596456797
0.145916429397
0.145858332867
0.145790496215
0.145713148543
0.145626529392
0.145530887893
0.145426481891
0.14531357706
0.145192445997
0.145063367325
0.144926624778
0.144782506311
0.144631303206
0.144473309198
0.144308819618
0.144138130562
0.14396153808
0.143779337396
0.143591822162
0.143399283738
0.143202010517
0.143000287274
0.142794394564
0.142584608149
0.142371198473
0.142154430162
0.141934561576
0.141711844393
0.141486523229
0.141258835298
0.141029010104
0.140797269174
0.140563825818
0.140328884923
0.140092642784
0.139855286954
0.139616996128
0.139377940059
0.139138279489
0.138898166107
0.138657742538
0.138417142339
0.138176490027
0.137935901116
0.137695482181
0.137455330928
0.137215536284
0.136976178502
0.136737329279
0.136499051877
0.136261401267
0.136024424279
0.135788159755
0.135552638719
0.135317884551
0.135083913171
0.134850733223
0.134618346273
0.134386747011
0.134155923453
0.133925857157
0.133696523433
0.13346789157
0.13323992505
0.133012581788
0.132785814351
0.132559570201
0.132333791928
0.132108417492
0.131883380465
0.131658610275
0.131434032458
0.1312095689
0.130985138095
0.130760655395
0.130536033264
0.130311181533
0.130086007661
0.129860416984
0.129634312981
0.129407597527
0.129180171153
0.128951933301
0.128722782582
0.128492617035
0.128261334375
0.128028832249
0.127795008488
0.127559761352
0.127322989775
0.127084593609
0.126844473858
0.126602532916
0.126358674791
0.126112805333
0.125864832448
0.125614666313
0.125362219577
0.125107407567
0.12485014847
0.124590363523
0.124327977183
0.124062917295
0.123795115249
0.12352450613
0.123251028848
0.122974626276
0.122695245359
0.122412837224
0.122127357275
0.121838765282
0.121547025446
0.12125210647
0.120953981606
0.120652628694
0.120348030193
0.120040173195
0.119729049435
0.119414655282
0.119096991725
0.118776064344
0.118451883275
0.118124463165
0.117793823106
0.117459986579
0.117122981371
0.116782839491
0.116439597081
0.11609329431
0.115743975271
0.115391687861
0.115036483661
0.114678417811
0.114317548872
0.113953938692
0.113587652264
0.113218757574
0.11284732546
0.11247342945
0.112097145616
0.111718552411
0.111337730513
0.110954762667
0.110569733523
0.110182729478
0.109793838516
0.109403150052
0.109010754771
0.108616744473
0.108221211924
0.107824250696
0.107425955026
0.107026419666
0.106625739738
0.106224010599
0.105821327702
0.10541778646
0.105013482125
0.104608509658
0.104202963608
0.103796938001
0.103390526224
0.102983820921
0.102576913888
0.102169895979
0.101762857009
0.101355885671
0.10094906945
0.100542494544
0.100136245792
0.0997304066077
0.0993250589109
0.0989202830721
0.0985161578573
0.0981127603781
0.0977101660477
0.0973084485395
0.0969076797524
0.0965079297786
0.0961092668767
0.0957117574496
0.0953154660247
0.0949204552404
0.0945267858351
0.0941345166402
0.0937437045776
0.0933544046601
0.0929666699954
0.0925805517941
0.0921960993802
0.0918133602051
0.0914323798648
0.0910532021197
0.0906758689173
0.0903004204174
0.0899268950202
0.0895553293962
0.0891857585186
0.0888182156982
0.0884527326192
0.088089339378
0.0877280645229
0.0873689350957
0.0870119766742
0.086657213417
0.0863046681081
0.0859543622034
0.085606315878
0.0852605480734
0.0849170765465
0.084575917918
0.0842370877217
0.0839006004537
0.0835664696217
0.0832347077944
0.0829053266507
0.0825783370281
0.0822537489712
0.0819315717797
0.0816118140554
0.0812944837482
0.0809795882023
0.0806671342002
0.0803571280064
0.0800495754094
0.0797444817633
0.0794418520272
0.0791416908035
0.0788440023748
0.0785487907395
0.0782560596449
0.0779658126199
0.0776780530048
0.07739278398
0.0771100085927
0.0768297297818
0.0765519504006
0.0762766732382
0.0760039010383
0.0757336365162
0.0754658823743
0.0752006413151
0.0749379160522
0.0746777093196
0.0744200238791
0.074164862525
0.0739122280878
0.0736621234357
0.0734145514734
0.0731695151403
0.072927017406
0.0726870612641
0.0724496497245
0.0722147858041
0.0719824725153
0.0717527128534
0.071525509782
0.0713008662178
0.0710787850128
0.070859268936
0.0706423206535
0.0704279427077
0.0702161374946
0.0700069072413
0.0698002539814
0.06959617953
0.0693946854579
0.0691957730652
0.0689994433536
0.0688056969996
0.0686145343254
0.068425955271
0.0682399593651
0.0680565456964
0.0678757128841
0.0676974590496
0.0675217817869
0.0673486781341
0.0671781445452
0.0670101768614
0.066844770284
0.0666819193472
0.0665216178912
0.0663638590372
0.0662086351617
0.0660559378727
0.0659057579867
0.0657580855063
0.0656129095995
0.0654702185795
0.0653299998863
0.0651922400695
0.0650569247721
0.0649240387162
0.0647935656901
0.0646654885365
0.0645397891429
0.0644164484333
0.0642954463618
0.0641767619076
0.0640603730719
0.063946256877
0.0638343893666
0.0637247456083
0.0636172996982
0.0635120247667
0.0634088929872
0.0633078755856
0.0632089428528
0.0631120641587
0.0630172079677
0.062924341857
0.0628334325365
0.0627444458701
0.0626573468998
0.0625720998711
0.0624886682606
0.062407014805
0.0623271015328
0.0622488897965
0.0621723403081
0.0620974131748
0.0620240679375
0.0619522636104
0.0618819587223
0.0618131113593
0.0617456792091
0.0616796196066
0.0616148895809
0.0615514459035
0.0614892451379
0.0614282436894
0.0613683978575
0.0613096638877
0.061251998025
0.0611953565676
0.0611396959223
0.0610849726589
0.0610311435662
0.060978165708
0.0609259964794
0.0608745936629
0.060823915485
0.0607739206725
0.0607245685082
0.0606758188868
0.0606276323705
0.0605799702431
0.0605327945641
0.0604860682223
0.0604397549875
0.0603938195622
0.0603482276311
0.0603029459104
0.0602579421946
0.0602131854031
0.0601686456236
0.0601242941557
0.0600801035507
0.0600360476511
0.0599921016275
0.0599482420132
0.059904446737
0.0598606951539
0.0598169680734
0.0597732477853
0.0597295180834
0.0596857642865
0.0596419732577
0.0595981334202
0.0595542347716
0.059510268895
0.0594662289682
0.0594221097698
0.0593779076839
0.0593336207014
0.0592892484191
0.0592447920372
0.0592002543537
0.0591556397572
0.0591109542171
0.0590662052719
0.0590214020159
0.0589765550834
0.0589316766317
0.0588867803218
0.0588418812982
0.0587969961662
0.0587521429694
0.0587073411642
0.0586626115943
0.0586179764635
0.0585734593083
0.0585290849691
0.0584848795605
0.0584408704419
0.0583970861865
0.0583535565513
0.0583103124451
0.058267385898
0.0582248100297
0.0581826190183
0.0581408480694
0.0580995333845
0.0580587121309
0.0580184224108
0.0579787032316
0.0579395944763
0.0579011368742
0.0578633719728
0.0578263421098
0.0577900903853
0.057754660636
0.0577200974088
0.0576864459354
0.0576537521079
0.0576220624552
0.0575914241192
0.0575618848327
0.0575334928978
0.0575062971639
0.0574803470082
0.057455692315
0.0574323834565
0.0574104712744
0.057390007061
0.0573710425417
0.0573536298576
0.0573378215483
0.0573236705354
0.0573112301059
0.0573005538961
0.0572916958759
0.0572847103325
0.057279651855
0.0572765753188
0.0572755358697
0.0572765889082
0.0572797900738
0.057285195229
0.0572928604432
0.0573028419762
0.0573151962616
0.0573299798897
0.0573472495904
0.0573670622154
0.0573894747199
0.0574145441438
0.0574423275931
0.0574728822198
0.0575062652015
0.0575425337209
0.0575817449441
0.0576239559985
0.0576692239499
0.0577176057792
0.0577691583575
0.0578239384219
0.0578820025489
0.0579434071284
0.0580082083359
0.0580764621042
0.0581482240946
0.0582235496665
0.0583024938466
0.0583851112973
0.0584714562837
0.0585615826398
0.0586555437343
0.0587533924344
0.0588551810695
0.0589609613934
0.0590707845457
0.0591847010118
0.0593027605825
0.0594250123119
0.0595515044744
0.0596822845205
0.059817399032
0.0599568936754
0.0601008131543
0.0602492011609
0.0604021003263
0.0605595521691
0.0607215970436
0.0608882740861
0.0610596211602
0.0612356748011
0.0614164701585
0.0616020409378
0.0617924193409
0.0619876360052
0.062187719941
0.0623926984687
0.0626025971536
0.0628174397398
0.0630372480833
0.063262042083
0.0634918396108
0.0637266564408
0.0639665061763
0.0642114001764
0.0644613474808
0.0647163547335
0.0649764261051
0.0652415632141
0.0655117650464
0.0657870278743
0.0660673451736
0.0663527075397
0.0666431026025
0.0669385149402
0.0672389259914
0.0675443139665
0.0678546537581
0.0681699168493
0.0684900712219
0.0688150812628
0.06914490767
0.0694795073565
0.0698188333543
0.0701628347168
0.07051145642
0.0708646392637
0.0712223197713
0.0715844300885
0.0719508978821
0.0723216462378
0.0726965935574
0.0730756534559
0.0734587346581
0.073845740895
0.0742365708011
0.0746311178104
0.0750292700542
0.0754309102591
0.0758359156453
0.0762441578274
0.0766555027152
0.0770698104174
0.0774869351473
0.0779067251303
0.078329022516
0.0787536632925
0.0791804772052
0.0796092876807
0.0800399117558
0.080472160012
0.0809058365174
0.0813407387762
0.0817766576858
0.0822133775041
0.0826506758267
0.0830883235751
0.0835260849977
0.083963717684
0.0844009725941
0.0848375941028
0.0852733200627
0.0857078818841
0.086141004636
0.0865724071679
0.0870018022543
0.0874288967633
0.0878533918511
0.0882749831828
0.0886933611819
0.0891082113093
0.0895192143736
0.0899260468723
0.0903283813678
0.0907258868957
0.0911182294096
0.09150507226
0.0918860767102
0.0922609024874
0.0926292083708
0.0929906528146
0.0933448946067
0.0936915935615
0.0940304112452
0.0943610117331
0.0946830623959
0.0949962347127
0.0953002051085
0.0955946558125
0.0958792757342
0.0961537613525
0.0964178176144
0.0966711588384
0.096913509617
0.0971446057147
0.097364194954
0.0975720380851
0.0977679096334
0.0979515987186
0.0981229098395
0.0982816636192
0.0984276975043
0.0985608664135
0.0986810433297
0.0987881198304
0.0988820065537
0.0989626335931
0.0990299508208
0.0990839281337
0.0991245556217
0.0991518436563
0.0991658228979
0.0991665442223
0.0991540785664
0.0991285166947
0.0990899688877
0.0990385645558
0.0989744517802
0.0988977967861
0.0988087833512
0.0987076121549
0.0985945000726
0.0984696794206
0.0983333971577
0.0981859140485
0.098027503795
0.0978584521423
0.0976790559632
0.0974896223296
0.0972904675747
0.0970819163521
0.0968643006968
0.0966379590936
0.0964032355568
0.0961604787259
0.0959100409814
0.0956522775832
0.0953875458365
0.095116204286
0.094838611942
0.0945551275403
0.0942661088367
0.0939719119379
0.0936728906701
0.0933693959845
0.0930617754019
0.0927503724941
0.0924355264046
0.0921175714049
0.0917968364892
0.0914736450038
0.0911483143113
0.0908211554897
0.0904924730623
0.0901625647604
0.0898317213151
0.0895002262774
0.0891683558657
0.0888363788391
0.0885045563939
0.0881731420839
0.0878423817612
0.0875125135371
0.0871837677618
0.0868563670204
0.0865305261463
0.0862064522475
0.0858843447483
0.0855643954418
0.0852467885548
0.0849317008227
0.084619301574
0.0843097528229
0.0840032093705
0.0836998189117
0.0833997221498
0.0831030529154
0.0828099382907
0.0825204987386
0.0822348482347
0.0819530944035
0.0816753386569
0.0814016763355
0.0811321968519
