-5.77315972805e-17
0.00941355235519
0.0378329736466
0.0858079805766
0.154301576466
0.244767968196
0.359278923244
0.500720550867
0.673095881397
0.881984436745
1.08189926413
0.97667700094
0.882693487413
0.802290199039
0.752990938842
0.724912454696
0.712572961972
0.708880121153
0.73655223105
0.772124620574
0.848740139694
0.925213340533
1.03559472367
0.9376518716
0.719000348163
0.538651738814
0.390473866931
0.270097075022
0.174381367649
0.101070118699
0.0485663251435
0.0157884500109
0.00207935630563
0.00715244204133
0.0310656731249
0.0742182488655
0.137366829157
0.221658376112
0.328672849248
0.460455567926
0.619480971425
0.808390997594
1.02910577142
0.977280486827
0.910941084513
0.813890778322
0.753231873848
0.715150963294
0.697381044522
0.699446492392
0.720714639099
0.758089416418
0.820187847422
0.89705510897
0.992565272093
0.962294368967
0.750397118126
0.57059329004
0.420223941338
0.296482106604
0.196926695621
0.119604068114
0.0630323697066
0.0261503994737
0.00826702176057
0.00902177456096
0.0283578947854
0.0665049320503
0.123964671378
0.201487947117
0.300016946432
0.420541309734
0.563770282392
0.729471624907
0.915382592599
0.986367178524
0.897604331753
0.828464685409
0.762720808666
0.720757216856
0.698493568649
0.693301519303
0.710655686878
0.745252302082
0.796352106995
0.869526944932
0.958357931405
0.952632385117
0.762198449933
0.592602165307
0.4459003519
0.322252789286
0.220890682258
0.140754073866
0.0808192086675
0.0402413419098
0.0184057080651
0.0149368251169
0.0296887230465
0.0627225200843
0.114266462565
