4.4408920985e-16
3.33066907388e-16
3.88578058619e-16
3.33066907388e-16
3.88578058619e-16
6.10622663544e-16
5.55111512313e-16
6.66133814775e-16
7.21644966006e-16
6.10622663544e-16
7.21644966006e-16
7.21644966006e-16
7.77156117238e-16
8.32667268469e-16
8.881784197e-16
7.77156117238e-16
9.99200722163e-16
9.43689570931e-16
1.22124532709e-15
7.77156117238e-16
8.32667268469e-16
9.43689570931e-16
9.43689570931e-16
9.43689570931e-16
7.77156117238e-16
1.05471187339e-15
9.43689570931e-16
8.881784197e-16
7.77156117238e-16
5.55111512313e-16
5.55111512313e-16
7.21644966006e-16
4.99600361081e-16
6.10622663544e-16
7.77156117238e-16
5.55111512313e-16
2.77555756156e-16
4.99600361081e-16
4.99600361081e-16
4.4408920985e-16
4.99600361081e-16
6.10622663544e-16
4.4408920985e-16
4.4408920985e-16
4.4408920985e-16
6.66133814775e-16
8.32667268469e-16
6.10622663544e-16
7.77156117238e-16
7.77156117238e-16
1.05471187339e-15
8.32667268469e-16
9.43689570931e-16
9.99200722163e-16
9.99200722163e-16
1.05471187339e-15
1.11022302463e-15
9.99200722163e-16
1.16573417586e-15
9.99200722163e-16
1.33226762955e-15
8.32667268469e-16
1.05471187339e-15
8.32667268469e-16
7.77156117238e-16
8.32667268469e-16
7.21644966006e-16
8.32667268469e-16
6.66133814775e-16
6.66133814775e-16
6.10622663544e-16
4.99600361081e-16
5.55111512313e-16
4.99600361081e-16
6.10622663544e-16
4.4408920985e-16
3.88578058619e-16
5.55111512313e-16
4.4408920985e-16
2.77555756156e-16
5.55111512313e-16
4.4408920985e-16
6.66133814775e-16
6.66133814775e-16
5.55111512313e-16
7.77156117238e-16
7.21644966006e-16
1.05471187339e-15
9.43689570931e-16
8.881784197e-16
8.881784197e-16
9.99200722163e-16
9.43689570931e-16
7.21644966006e-16
1.22124532709e-15
9.43689570931e-16
9.43689570931e-16
1.27675647832e-15
9.99200722163e-16
8.881784197e-16
9.99200722163e-16
8.881784197e-16
8.881784197e-16
7.21644966006e-16
7.21644966006e-16
8.881784197e-16
7.77156117238e-16
8.32667268469e-16
7.21644966006e-16
6.10622663544e-16
5.55111512313e-16
5.55111512313e-16
5.55111512313e-16
6.10622663544e-16
4.99600361081e-16
5.55111512313e-16
7.21644966006e-16
5.55111512313e-16
6.66133814775e-16
6.10622663544e-16
7.77156117238e-16
6.66133814775e-16
7.21644966006e-16
8.32667268469e-16
8.32667268469e-16
7.77156117238e-16
8.32667268469e-16
9.99200722163e-16
1.11022302463e-15
9.43689570931e-16
9.99200722163e-16
1.11022302463e-15
1.11022302463e-15
1.16573417586e-15
1.05471187339e-15
1.11022302463e-15
9.99200722163e-16
9.43689570931e-16
9.99200722163e-16
1.11022302463e-15
9.43689570931e-16
7.77156117238e-16
9.99200722163e-16
8.32667268469e-16
8.881784197e-16
8.881784197e-16
6.66133814775e-16
7.21644966006e-16
6.10622663544e-16
5.55111512313e-16
5.55111512313e-16
4.99600361081e-16
5.55111512313e-16
6.66133814775e-16
6.66133814775e-16
5.55111512313e-16
5.55111512313e-16
7.21644966006e-16
7.21644966006e-16
6.10622663544e-16
8.881784197e-16
7.77156117238e-16
1.05471187339e-15
8.881784197e-16
1.05471187339e-15
9.99200722163e-16
1.05471187339e-15
9.99200722163e-16
8.881784197e-16
1.27675647832e-15
1.22124532709e-15
9.43689570931e-16
1.16573417586e-15
9.99200722163e-16
1.16573417586e-15
1.16573417586e-15
1.16573417586e-15
1.11022302463e-15
1.11022302463e-15
7.77156117238e-16
7.77156117238e-16
7.77156117238e-16
7.77156117238e-16
6.10622663544e-16
7.21644966006e-16
7.77156117238e-16
5.55111512313e-16
6.66133814775e-16
5.55111512313e-16
4.99600361081e-16
5.55111512313e-16
6.66133814775e-16
5.55111512313e-16
7.21644966006e-16
4.99600361081e-16
7.21644966006e-16
8.32667268469e-16
7.77156117238e-16
7.77156117238e-16
8.881784197e-16
8.881784197e-16
8.881784197e-16
1.05471187339e-15
1.22124532709e-15
1.11022302463e-15
9.43689570931e-16
1.16573417586e-15
1.11022302463e-15
1.05471187339e-15
1.05471187339e-15
1.11022302463e-15
1.16573417586e-15
1.11022302463e-15
9.99200722163e-16
1.11022302463e-15
9.99200722163e-16
9.43689570931e-16
1.16573417586e-15
8.32667268469e-16
7.77156117238e-16
8.32667268469e-16
9.43689570931e-16
8.32667268469e-16
6.66133814775e-16
4.99600361081e-16
6.66133814775e-16
7.21644966006e-16
6.10622663544e-16
4.99600361081e-16
5.55111512313e-16
4.4408920985e-16
4.4408920985e-16
6.10622663544e-16
6.66133814775e-16
7.21644966006e-16
8.32667268469e-16
8.881784197e-16
7.77156117238e-16
8.32667268469e-16
9.43689570931e-16
1.11022302463e-15
1.05471187339e-15
1.16573417586e-15
9.43689570931e-16
9.99200722163e-16
1.16573417586e-15
1.22124532709e-15
1.16573417586e-15
1.11022302463e-15
1.11022302463e-15
1.22124532709e-15
1.11022302463e-15
1.05471187339e-15
1.27675647832e-15
8.881784197e-16
9.43689570931e-16
8.881784197e-16
8.32667268469e-16
8.32667268469e-16
7.77156117238e-16
8.881784197e-16
6.10622663544e-16
7.21644966006e-16
6.66133814775e-16
4.4408920985e-16
6.10622663544e-16
5.55111512313e-16
6.66133814775e-16
6.10622663544e-16
6.10622663544e-16
4.99600361081e-16
5.55111512313e-16
4.99600361081e-16
7.77156117238e-16
7.21644966006e-16
7.77156117238e-16
9.43689570931e-16
7.21644966006e-16
1.11022302463e-15
7.21644966006e-16
1.05471187339e-15
9.43689570931e-16
1.11022302463e-15
8.881784197e-16
1.16573417586e-15
1.16573417586e-15
9.43689570931e-16
8.32667268469e-16
9.99200722163e-16
1.16573417586e-15
1.05471187339e-15
9.43689570931e-16
8.32667268469e-16
8.32667268469e-16
9.43689570931e-16
7.21644966006e-16
8.32667268469e-16
6.66133814775e-16
7.21644966006e-16
6.66133814775e-16
7.21644966006e-16
4.99600361081e-16
5.55111512313e-16
6.10622663544e-16
8.32667268469e-16
5.55111512313e-16
4.4408920985e-16
5.55111512313e-16
6.66133814775e-16
4.99600361081e-16
5.55111512313e-16
7.77156117238e-16
7.77156117238e-16
9.43689570931e-16
7.77156117238e-16
6.66133814775e-16
7.77156117238e-16
7.21644966006e-16
8.881784197e-16
8.881784197e-16
1.22124532709e-15
1.05471187339e-15
1.11022302463e-15
1.22124532709e-15
1.33226762955e-15
8.881784197e-16
1.05471187339e-15
9.99200722163e-16
8.881784197e-16
1.05471187339e-15
8.32667268469e-16
8.32667268469e-16
9.43689570931e-16
6.66133814775e-16
7.21644966006e-16
6.10622663544e-16
6.10622663544e-16
5.55111512313e-16
6.10622663544e-16
4.99600361081e-16
6.10622663544e-16
6.66133814775e-16
4.99600361081e-16
4.99600361081e-16
4.4408920985e-16
6.66133814775e-16
3.33066907388e-16
7.21644966006e-16
4.99600361081e-16
6.10622663544e-16
6.10622663544e-16
7.77156117238e-16
7.77156117238e-16
8.881784197e-16
9.43689570931e-16
9.43689570931e-16
9.43689570931e-16
8.881784197e-16
1.11022302463e-15
9.99200722163e-16
1.05471187339e-15
9.99200722163e-16
1.11022302463e-15
8.881784197e-16
9.43689570931e-16
9.43689570931e-16
9.43689570931e-16
7.77156117238e-16
8.32667268469e-16
8.32667268469e-16
7.77156117238e-16
5.55111512313e-16
7.77156117238e-16
6.66133814775e-16
6.10622663544e-16
4.99600361081e-16
7.21644966006e-16
4.99600361081e-16
4.99600361081e-16
3.88578058619e-16
3.33066907388e-16
4.4408920985e-16
4.4408920985e-16
5.55111512313e-16
4.4408920985e-16
4.99600361081e-16
5.55111512313e-16
4.99600361081e-16
7.77156117238e-16
6.10622663544e-16
7.77156117238e-16
7.77156117238e-16
6.66133814775e-16
8.881784197e-16
9.43689570931e-16
9.43689570931e-16
8.881784197e-16
1.16573417586e-15
9.43689570931e-16
9.43689570931e-16
9.43689570931e-16
1.05471187339e-15
9.99200722163e-16
1.05471187339e-15
8.32667268469e-16
8.32667268469e-16
8.881784197e-16
8.32667268469e-16
7.77156117238e-16
8.32667268469e-16
7.77156117238e-16
6.10622663544e-16
4.4408920985e-16
5.55111512313e-16
6.10622663544e-16
3.33066907388e-16
4.4408920985e-16
6.66133814775e-16
2.77555756156e-16
4.4408920985e-16
3.33066907388e-16
3.88578058619e-16
6.10622663544e-16
6.66133814775e-16
4.4408920985e-16
6.66133814775e-16
5.55111512313e-16
6.66133814775e-16
7.77156117238e-16
7.77156117238e-16
6.66133814775e-16
7.77156117238e-16
7.77156117238e-16
9.99200722163e-16
8.32667268469e-16
6.66133814775e-16
9.99200722163e-16
1.11022302463e-15
8.881784197e-16
1.05471187339e-15
9.43689570931e-16
8.881784197e-16
7.21644966006e-16
8.32667268469e-16
7.21644966006e-16
8.881784197e-16
7.21644966006e-16
4.99600361081e-16
8.881784197e-16
5.55111512313e-16
5.55111512313e-16
4.99600361081e-16
5.55111512313e-16
6.66133814775e-16
4.99600361081e-16
6.10622663544e-16
4.4408920985e-16
3.88578058619e-16
5.55111512313e-16
7.21644966006e-16
4.99600361081e-16
4.99600361081e-16
4.99600361081e-16
7.77156117238e-16
5.55111512313e-16
6.66133814775e-16
7.77156117238e-16
6.10622663544e-16
7.77156117238e-16
8.32667268469e-16
9.43689570931e-16
9.43689570931e-16
7.21644966006e-16
8.32667268469e-16
9.99200722163e-16
1.11022302463e-15
8.881784197e-16
8.32667268469e-16
9.43689570931e-16
1.16573417586e-15
8.881784197e-16
7.77156117238e-16
6.66133814775e-16
8.881784197e-16
9.99200722163e-16
7.77156117238e-16
6.10622663544e-16
6.66133814775e-16
6.66133814775e-16
7.21644966006e-16
6.66133814775e-16
4.4408920985e-16
4.4408920985e-16
4.4408920985e-16
3.88578058619e-16
4.99600361081e-16
6.10622663544e-16
6.10622663544e-16
6.10622663544e-16
6.10622663544e-16
5.55111512313e-16
4.4408920985e-16
7.21644966006e-16
7.21644966006e-16
7.77156117238e-16
8.32667268469e-16
8.32667268469e-16
9.43689570931e-16
9.43689570931e-16
1.05471187339e-15
9.99200722163e-16
9.99200722163e-16
1.05471187339e-15
9.99200722163e-16
9.43689570931e-16
1.16573417586e-15
1.05471187339e-15
8.881784197e-16
8.881784197e-16
8.881784197e-16
8.32667268469e-16
6.66133814775e-16
9.43689570931e-16
7.21644966006e-16
6.66133814775e-16
7.21644966006e-16
4.99600361081e-16
5.55111512313e-16
5.55111512313e-16
4.99600361081e-16
5.55111512313e-16
3.33066907388e-16
5.55111512313e-16
6.10622663544e-16
6.10622663544e-16
4.4408920985e-16
5.55111512313e-16
5.55111512313e-16
5.55111512313e-16
5.55111512313e-16
7.21644966006e-16
8.881784197e-16
6.66133814775e-16
9.43689570931e-16
8.32667268469e-16
9.99200722163e-16
8.881784197e-16
1.05471187339e-15
1.11022302463e-15
9.99200722163e-16
9.99200722163e-16
1.22124532709e-15
8.32667268469e-16
1.05471187339e-15
1.16573417586e-15
1.05471187339e-15
9.99200722163e-16
1.11022302463e-15
1.11022302463e-15
8.32667268469e-16
7.77156117238e-16
7.77156117238e-16
8.32667268469e-16
8.32667268469e-16
7.77156117238e-16
7.21644966006e-16
5.55111512313e-16
6.10622663544e-16
4.99600361081e-16
6.66133814775e-16
4.99600361081e-16
5.55111512313e-16
6.10622663544e-16
4.99600361081e-16
8.881784197e-16
7.21644966006e-16
6.66133814775e-16
6.66133814775e-16
8.32667268469e-16
8.881784197e-16
7.77156117238e-16
6.66133814775e-16
9.99200722163e-16
9.99200722163e-16
8.32667268469e-16
1.11022302463e-15
1.16573417586e-15
9.99200722163e-16
9.43689570931e-16
1.05471187339e-15
1.22124532709e-15
1.11022302463e-15
1.16573417586e-15
8.881784197e-16
1.05471187339e-15
9.43689570931e-16
8.881784197e-16
9.99200722163e-16
8.32667268469e-16
8.881784197e-16
9.43689570931e-16
8.881784197e-16
9.43689570931e-16
8.881784197e-16
7.77156117238e-16
6.10622663544e-16
5.55111512313e-16
7.77156117238e-16
6.66133814775e-16
6.10622663544e-16
5.55111512313e-16
7.21644966006e-16
5.55111512313e-16
8.32667268469e-16
6.10622663544e-16
7.77156117238e-16
7.77156117238e-16
6.66133814775e-16
7.77156117238e-16
9.99200722163e-16
1.05471187339e-15
1.05471187339e-15
1.05471187339e-15
9.99200722163e-16
1.05471187339e-15
8.881784197e-16
1.22124532709e-15
1.22124532709e-15
1.27675647832e-15
1.05471187339e-15
1.05471187339e-15
1.11022302463e-15
1.11022302463e-15
9.43689570931e-16
1.05471187339e-15
8.881784197e-16
9.99200722163e-16
8.32667268469e-16
6.66133814775e-16
8.881784197e-16
8.881784197e-16
6.66133814775e-16
6.10622663544e-16
7.21644966006e-16
7.77156117238e-16
6.10622663544e-16
6.10622663544e-16
6.10622663544e-16
6.10622663544e-16
6.66133814775e-16
5.55111512313e-16
6.10622663544e-16
6.66133814775e-16
7.77156117238e-16
7.21644966006e-16
7.21644966006e-16
8.32667268469e-16
9.43689570931e-16
8.881784197e-16
1.05471187339e-15
9.99200722163e-16
1.05471187339e-15
9.99200722163e-16
1.22124532709e-15
1.22124532709e-15
1.05471187339e-15
1.05471187339e-15
1.38777878078e-15
9.99200722163e-16
1.11022302463e-15
9.99200722163e-16
9.99200722163e-16
9.99200722163e-16
8.881784197e-16
9.43689570931e-16
8.32667268469e-16
9.43689570931e-16
7.77156117238e-16
6.66133814775e-16
8.32667268469e-16
5.55111512313e-16
7.21644966006e-16
7.21644966006e-16
6.10622663544e-16
4.99600361081e-16
4.99600361081e-16
4.4408920985e-16
5.55111512313e-16
7.21644966006e-16
6.66133814775e-16
4.99600361081e-16
7.21644966006e-16
6.66133814775e-16
7.21644966006e-16
8.32667268469e-16
1.11022302463e-15
1.05471187339e-15
9.99200722163e-16
8.32667268469e-16
9.99200722163e-16
9.99200722163e-16
1.05471187339e-15
1.11022302463e-15
9.99200722163e-16
9.99200722163e-16
1.05471187339e-15
1.05471187339e-15
9.99200722163e-16
1.16573417586e-15
1.22124532709e-15
9.99200722163e-16
8.881784197e-16
8.881784197e-16
7.21644966006e-16
8.32667268469e-16
7.21644966006e-16
8.881784197e-16
4.4408920985e-16
8.881784197e-16
6.10622663544e-16
6.66133814775e-16
5.55111512313e-16
7.21644966006e-16
5.55111512313e-16
5.55111512313e-16
5.55111512313e-16
3.33066907388e-16
4.4408920985e-16
5.55111512313e-16
6.10622663544e-16
8.32667268469e-16
6.66133814775e-16
8.881784197e-16
9.99200722163e-16
7.77156117238e-16
9.43689570931e-16
8.881784197e-16
9.43689570931e-16
8.881784197e-16
8.881784197e-16
9.43689570931e-16
8.32667268469e-16
9.99200722163e-16
9.43689570931e-16
9.43689570931e-16
1.11022302463e-15
9.43689570931e-16
8.881784197e-16
9.43689570931e-16
8.32667268469e-16
8.881784197e-16
7.21644966006e-16
7.21644966006e-16
8.881784197e-16
5.55111512313e-16
6.10622663544e-16
6.66133814775e-16
4.99600361081e-16
4.99600361081e-16
5.55111512313e-16
4.4408920985e-16
4.4408920985e-16
4.4408920985e-16
6.66133814775e-16
4.99600361081e-16
4.99600361081e-16
6.10622663544e-16
6.10622663544e-16
5.55111512313e-16
7.21644966006e-16
7.77156117238e-16
7.77156117238e-16
8.881784197e-16
9.43689570931e-16
8.32667268469e-16
8.32667268469e-16
8.881784197e-16
9.43689570931e-16
1.27675647832e-15
1.11022302463e-15
1.16573417586e-15
9.43689570931e-16
8.32667268469e-16
9.43689570931e-16
8.881784197e-16
1.05471187339e-15
7.77156117238e-16
6.66133814775e-16
7.21644966006e-16
6.10622663544e-16
6.66133814775e-16
4.99600361081e-16
6.10622663544e-16
6.10622663544e-16
6.10622663544e-16
4.99600361081e-16
3.33066907388e-16
4.99600361081e-16
6.10622663544e-16
6.10622663544e-16
4.4408920985e-16
2.22044604925e-16
5.55111512313e-16
3.88578058619e-16
3.88578058619e-16
7.21644966006e-16
5.55111512313e-16
7.77156117238e-16
6.10622663544e-16
7.21644966006e-16
7.21644966006e-16
8.32667268469e-16
7.77156117238e-16
8.881784197e-16
1.11022302463e-15
9.99200722163e-16
8.32667268469e-16
9.99200722163e-16
8.881784197e-16
1.05471187339e-15
9.99200722163e-16
8.881784197e-16
9.43689570931e-16
9.99200722163e-16
8.881784197e-16
9.43689570931e-16
7.21644966006e-16
6.66133814775e-16
7.21644966006e-16
6.66133814775e-16
6.66133814775e-16
7.21644966006e-16
6.66133814775e-16
4.4408920985e-16
3.33066907388e-16
6.66133814775e-16
6.10622663544e-16
3.33066907388e-16
4.4408920985e-16
3.88578058619e-16
4.99600361081e-16
3.33066907388e-16
5.55111512313e-16
5.55111512313e-16
6.10622663544e-16
6.66133814775e-16
7.21644966006e-16
5.55111512313e-16
7.21644966006e-16
7.21644966006e-16
8.32667268469e-16
9.43689570931e-16
7.77156117238e-16
9.99200722163e-16
1.11022302463e-15
1.11022302463e-15
8.881784197e-16
8.32667268469e-16
1.11022302463e-15
8.32667268469e-16
9.99200722163e-16
9.43689570931e-16
7.21644966006e-16
7.77156117238e-16
7.77156117238e-16
7.21644966006e-16
6.66133814775e-16
6.66133814775e-16
6.10622663544e-16
5.55111512313e-16
6.66133814775e-16
6.10622663544e-16
3.88578058619e-16
6.66133814775e-16
4.4408920985e-16
4.4408920985e-16
3.88578058619e-16
6.66133814775e-16
2.77555756156e-16
3.88578058619e-16
6.10622663544e-16
6.10622663544e-16
6.10622663544e-16
6.66133814775e-16
6.66133814775e-16
6.66133814775e-16
7.77156117238e-16
8.32667268469e-16
9.99200722163e-16
8.881784197e-16
9.99200722163e-16
1.05471187339e-15
1.05471187339e-15
1.11022302463e-15
1.05471187339e-15
8.32667268469e-16
1.16573417586e-15
9.43689570931e-16
8.881784197e-16
8.32667268469e-16
8.32667268469e-16
7.77156117238e-16
9.43689570931e-16
6.66133814775e-16
7.77156117238e-16
6.66133814775e-16
7.21644966006e-16
4.99600361081e-16
6.10622663544e-16
7.77156117238e-16
7.21644966006e-16
3.33066907388e-16
5.55111512313e-16
4.99600361081e-16
5.55111512313e-16
3.88578058619e-16
5.55111512313e-16
3.88578058619e-16
6.10622663544e-16
8.881784197e-16
5.55111512313e-16
7.77156117238e-16
7.77156117238e-16
8.32667268469e-16
7.21644966006e-16
8.881784197e-16
8.32667268469e-16
7.21644966006e-16
8.881784197e-16
1.11022302463e-15
9.43689570931e-16
1.05471187339e-15
9.99200722163e-16
1.16573417586e-15
8.881784197e-16
9.99200722163e-16
9.43689570931e-16
9.99200722163e-16
9.43689570931e-16
8.881784197e-16
9.99200722163e-16
7.77156117238e-16
8.32667268469e-16
6.66133814775e-16
7.77156117238e-16
7.21644966006e-16
4.99600361081e-16
4.4408920985e-16
6.66133814775e-16
7.77156117238e-16
6.10622663544e-16
6.66133814775e-16
4.99600361081e-16
6.10622663544e-16
4.99600361081e-16
6.10622663544e-16
5.55111512313e-16
7.77156117238e-16
7.21644966006e-16
7.77156117238e-16
8.32667268469e-16
7.77156117238e-16
6.66133814775e-16
7.77156117238e-16
1.05471187339e-15
1.27675647832e-15
1.05471187339e-15
1.11022302463e-15
9.99200722163e-16
1.16573417586e-15
1.11022302463e-15
1.16573417586e-15
9.43689570931e-16
1.16573417586e-15
1.16573417586e-15
1.11022302463e-15
1.05471187339e-15
9.99200722163e-16
9.99200722163e-16
8.881784197e-16
7.21644966006e-16
7.21644966006e-16
7.21644966006e-16
7.21644966006e-16
6.10622663544e-16
5.55111512313e-16
6.10622663544e-16
7.21644966006e-16
6.66133814775e-16
6.10622663544e-16
5.55111512313e-16
4.99600361081e-16
7.77156117238e-16
6.10622663544e-16
7.77156117238e-16
5.55111512313e-16
6.66133814775e-16
7.77156117238e-16
8.881784197e-16
9.43689570931e-16
1.05471187339e-15
