8.60422844084e-17
0.00949444257813
0.0381614819845
0.0865654670249
0.155691884524
0.247012674998
0.362524347356
0.504308636179
0.677850742535
0.621170271874
0.490631059382
0.372670482135
0.277439027966
0.205476381949
0.15558288094
0.126688006144
0.118173483595
0.129916173494
0.162313017548
0.216338114592
0.293618491699
0.396168295541
0.520507378784
0.627251025651
0.705123127191
0.548197207349
0.431438447582
0.317224289332
0.226506755398
0.15940441163
0.113836558229
0.0887079089994
0.0835545119115
0.0983605646932
0.133469498894
0.189281793781
0.263856284145
0.347784784601
0.44200467663
0.553967266076
0.672243188094
0.671580309575
0.542247872561
0.450859022011
0.376964776044
0.316760108167
0.270446303088
0.243485623596
0.237251593437
0.251211385887
0.283868472487
0.332107299507
0.393146313555
0.46752680801
0.556007461849
0.655994677016
0.709653497209
0.61738504514
0.5208662217
0.449072767311
0.39627349465
0.359666545352
0.337642619427
0.327543297393
0.327782196379
0.336947442464
0.352200518483
0.376464396822
0.414830709484
0.469676025921
0.54444559194
0.66460175594
0.669339172641
0.658326490468
0.588315050696
0.531914541011
0.497095946962
0.479678317621
0.433427294398
0.409415554715
0.401323828971
0.408089783899
0.434983931383
0.505971170405
0.51336227309
0.558410140482
0.66349540914
0.700148059731
0.684933652146
0.626041877562
0.543827924415
0.495694383306
0.466751123943
0.445192063726
0.424155111209
0.406692260862
0.398175320946
0.40129194875
0.418945709128
0.454038036144
0.500011778063
