1.0
0.995388133246
0.98170853934
0.959423813387
0.929287105172
0.892316184447
0.849758773203
0.803050739985
0.753769112457
0.703582083357
0.654198113928
0.60731563157
0.564573379015
0.527499134255
0.497452133513
0.475554679445
0.462614777593
0.459054540128
0.464869663498
0.479639540367
0.502584336226
0.532643945593
0.568552336
0.608895510914
0.652155897584
0.696751438295
0.741075873276
0.783542704266
0.82263217314
0.856938967785
0.885217895464
0.90642491664
0.919751354426
0.924649609066
0.920849245422
0.908362870101
0.887481781436
0.858761978531
0.823001781052
0.781213074824
0.734589102446
0.684472797745
0.632330887445
0.579740089185
0.528391795803
0.480118116674
0.436929428097
0.401023120136
0.37467488029
0.359903245678
0.357919922315
0.368661033847
0.390791269642
0.422188015903
0.460511953865
0.503553646756
0.549338865895
0.596108375873
0.642267728058
0.686350574115
0.727005852114
0.763005391599
0.793264777565
0.816870530211
0.833107999867
0.841485823641
0.841754056624
0.833914153075
0.818219885779
0.795169123151
0.765487199815
0.730103479362
0.690123673353
0.646801577563
0.601515052887
0.555751987993
0.511111645975
0.469322823034
0.432268023805
0.401977007272
0.380518207967
0.36971267445
0.370698038484
0.383565953489
0.407345193094
0.440339052523
0.480553579332
0.525988427307
0.574754250812
0.625087046537
0.675329829231
0.723918910471
0.769386520601
0.810379092967
0.845686262695
0.874275040521
0.895324329933
0.908255962378
0.91275938337
0.908807946052
0.896665459135
0.876882211955
0.850280174552
0.817927449675
0.781102337872
0.741247580369
0.699915524785
0.658705265414
0.619193533471
0.582862662862
0.551031605792
0.524799205547
0.505010649876
0.492254761504
0.486889467602
0.489079062021
0.498819465877
0.515934785695
0.540047167925
0.570539000124
0.606530382279
0.646885612054
0.69024933473
0.735104354044
0.779840953237
0.822829470115
0.862490756551
0.897361395011
0.926151828303
0.947796157873
0.961492627753
0.966733969742
0.963326953075
0.951400690489
0.931403490326
0.904088277433
0.870486790004
0.831872848581
0.789714954899
0.745618331382
0.701256406819
0.658292089947
0.618290694068
0.582629993775
0.552418834595
0.528441894221
0.51114920789
0.500698830623
0.497039775748
0.500001437907
0.509350752029
0.524795143581
0.545937617036
0.572212452086
0.60283456795
0.636784110559
0.672830515398
0.709587308776
0.745584087277
0.779343525062
0.809455111929
0.834640935984
0.853811227628
0.866108672384
0.870941104785
0.868002488717
0.857282297941
0.839063637979
0.813910727878
0.782646680842
0.746322860754
0.70618140542
0.663612728666
0.620109826359
0.577220828756
0.536500216941
0.499457295664
0.467498268889
0.441857297507
0.423515562298
0.413118213693
0.410912976986
0.416737355592
0.430063058437
0.450077441852
0.475767973291
0.505986558565
0.539491056196
0.57497403
0.611090001953
0.646487711289
0.679848766475
0.709930881484
0.735612594689
0.755936242959
0.770146366627
0.777721286724
0.778396163254
0.772176359099
0.759340386215
0.740432095466
