1.11022302463e-16
4.47357964411e-05
0.000178937894328
0.00040259040852
0.000715666827663
0.00111812995994
0.00160993185697
0.00219101371575
0.00286130575836
0.00362072708935
0.00446918553035
0.00540657743168
0.00643278746052
0.00754768836516
0.00875114071485
0.0100429926146
0.011423079394
0.0128912232701
0.0144472329821
0.0160909033978
0.0178220150908
0.0196403338864
0.0215456103751
0.0235375793919
0.0256159594604
0.027780452198
0.0300307416814
0.0323664937693
0.0347873553786
0.0372929537122
0.0398828954341
0.0425567657876
0.0453141276521
0.0481545205345
0.0510774594882
0.0540824339549
0.0571689065213
0.0603363115843
0.0635840539158
0.0669115071179
0.0703180119593
0.0738028745812
0.0773653645609
0.0810047128205
0.0847201093661
0.0885107008415
0.0923755878809
0.0963138222414
0.100324403696
0.104406276667
0.108558326575
0.112779375885
0.117068179814
0.12142342169
0.125843707914
0.130327562517
0.134873421263
0.139479625286
0.144144414212
0.148865918756
0.153642152744
0.158471004549
0.16335022791
0.168277432108
0.173250071492
0.178265434344
0.183320631067
0.188412581736
0.193538002998
0.198693394395
0.203875024134
0.20907891441
0.214300826376
0.219536244892
0.224780363232
0.230028067958
0.235273924197
0.240512161652
0.245736661663
0.250940945748
0.256118166077
0.261261098394
0.266362137958
0.271413299136
0.276406219288
0.281332167663
0.286182059985
0.290946479452
0.295615704788
0.300179745963
0.304628388055
0.308951243623
0.313137813737
0.317177557606
0.321059970466
0.324774669071
0.328311483831
0.331660556252
0.334812440024
0.337758203771
0.340489533206
0.342998830219
0.345279306323
0.34732506785
0.349131190407
0.350693780305
0.352010021039
0.353078203312
0.353897737652
0.35446914923
0.354794055097
0.354875124668
0.354716024794
0.35432135127
0.353696548968
0.352847823062
0.351782043936
0.350506648386
0.349029539639
0.347358988525
0.345503537857
0.343471911813
0.341272931706
0.338915439234
0.336408227932
0.333759983221
0.330979231194
0.328074295992
0.325053265457
0.321923964567
0.318693936034
0.315370427408
0.311960383926
0.308470446384
0.304906953281
0.301275946532
0.29758318007
0.293834130732
0.290034010849
0.286187782051
0.282300169839
0.278375678529
0.274418606272
0.27043305985
0.266422969034
0.262392100345
0.258344070054
0.254282356351
0.250210310599
0.246131167633
0.242048055107
0.237964001869
0.233881945406
0.229804738378
0.225735154296
0.22167589239
0.217629581726
0.213598784639
0.209585999539
0.205593663159
0.201624152306
0.197679785181
0.193762822324
0.189875467239
0.186019866765
0.182198111225
0.178412234406
0.174664213418
0.170955968456
0.167289362507
0.163666201023
0.160088231599
0.156557143654
0.153074568156
0.149642077388
0.146261184774
0.142933344777
0.139659952868
0.136442345567
0.133281800573
0.130179536975
0.127136715531
0.12415443904
0.121233752782
0.11837564503
0.115581047633
0.11285083666
0.110185833101
0.10758680363
0.105054461409
0.102589466935
0.100192428937
0.0978639052958
0.0956044040016
0.0934143841346
0.0912942568702
0.0892443865025
0.087265091484
0.0853566454792
0.0835192784294
0.0817531776263
0.0800584887938
0.0784353171755
0.0768837286286
0.0754037507218
0.0739953738382
0.0726585522827
0.0713932053944
0.0701992186637
0.0690764448559
0.0680247051413
0.0670437902336
0.0661334615365
0.0652934523015
0.0645234687959
0.0638231914851
0.0631922762281
0.0626303554884
0.0621370395622
0.0617119178236
0.0613545599894
0.061064517402
0.060841324334
0.0606844993117
0.06059354646
0.0605679568665
0.0606072099658
0.0607107749408
0.0608781121422
0.0611086745214
0.0614019090759
0.0617572583045
0.0621741616663
0.0626520570425
0.0631903821929
0.0637885762045
0.0644460809232
0.0651623423637
0.0659368120889
0.0667689485516
0.0676582183868
0.068604097649
0.0696060729793
0.0706636426947
0.0717763177861
0.0729436228121
0.0741650966758
0.0754402932713
0.0767687819832
0.078150148027
0.0795839926114
0.0810699329089
0.0826076018161
0.0841966474871
0.0858367326232
0.0875275334985
0.0892687387053
0.0910600475993
0.0929011684259
0.0947918161072
0.0967317096723
0.0987205693086
0.100758113017
0.102844052846
0.104978090696
0.107159913657
0.109389188877
0.11166555793
0.113988630676
0.11635797858
0.118773127492
0.12123354986
0.123738656365
0.126287786969
0.128880201373
0.131515068876
0.13419145763
0.136908323315
0.139664497234
0.142458673858
0.145289397846
0.148155050605
0.151053836416
0.153983768244
0.156942653291
0.159928078428
0.162937395647
0.165967707697
0.169015854106
0.172078397827
0.17515161277
0.178231472527
0.18131364065
0.184393462841
0.187465961506
0.190525833104
0.193567448802
0.196584858933
0.199571801784
0.202521717241
0.205427765791
0.20828285335
0.211079662327
0.213810689234
0.216468289052
0.219044726406
0.221532233421
0.223923073958
0.226209613652
0.228384394996
0.230440216407
0.232370214015
0.234167944643
0.235827468312
0.237343428382
0.238711127421
0.239926596835
0.240986658362
0.241888975696
0.242632094703
0.243215471024
0.243639484194
0.243905437834
0.244015545883
0.243972905296
0.243781456002
0.243445929333
0.242971786394
0.242365148111
0.241632718838
0.240781705456
0.23981973392
0.238754765095
0.237595011603
0.2363488572
0.235024779981
0.233631280464
0.232176815374
0.230669737673
0.2291182432
0.22753032403
0.225913728527
0.224275927895
0.222624088911
0.220965052454
0.219305317354
0.217651029061
0.216007972628
0.214381569464
0.21277687736
0.211198593301
0.209651058602
0.208138265949
0.20666386796
0.205231186932
0.203843225454
0.202502677642
0.201211940749
0.199973126975
0.198788075295
0.197658363198
0.196585318201
0.19557002908
0.194613356729
0.193715944628
0.192878228864
0.192100447701
0.191382650683
0.190724707288
0.190126315116
0.189587007659
0.189106161648
0.188683004022
0.188316618538
0.188005952055
0.187749820537
0.187546914796
0.187395806025
0.187294951147
0.187242698029
0.187237290596
0.187276873875
0.187359499012
0.187483128303
0.187645640264
0.187844834772
0.188078438323
0.188344109418
0.188639444115
0.188961981762
0.189309210948
0.189678575661
0.1900674817
0.190473303324
0.190893390157
0.191325074343
0.191765677953
0.192212520629
0.192662927455
0.19311423703
0.193563809728
0.194009036099
0.194447345399
0.19487621418
0.195293174928
0.19569582467
0.196081833521
0.196448953107
0.196795024805
0.197117987745
0.197415886519
0.197686878529
0.197929240925
0.198141377078
0.198321822525
0.198469250358
0.19858247599
0.198660461284
0.198702317995
0.198707310511
0.198674857875
0.198604535069
0.198496073572
0.198349361187
0.198164441151
0.19794151055
0.197680918065
0.19738316108
0.197048882188
0.196678865148
0.196274030317
0.195835429633
0.195364241181
0.194861763404
0.194329409006
0.193768698612
0.193181254218
0.192568792502
0.191933118032
0.191276116415
0.190599747441
0.189906038252
0.189197076569
0.188475004021
0.18774200959
0.187000323206
0.186252209505
0.185499961774
0.184745896084
0.183992345636
0.183241655312
0.182496176443
0.181758261787
0.181030260726
0.180314514665
0.179613352634
0.178929087085
0.178264009871
0.177620388398
0.177000461933
0.176406438064
0.175840489284
0.175304749696
0.174801311817
0.174332223459
0.173899484684
0.173505044795
0.173150799362
0.172838587256
0.17257018767
0.172347317109
0.172171626329
0.172044697207
0.171968039507
0.171943087542
0.17197119669
0.172053639751
0.172191603122
0.172386182765
0.172638379943
0.172949096705
0.173319131097
0.173749172071
0.174239794072
0.174791451293
0.175404471555
0.176079049817
0.176815241292
0.177612954149
0.178471941802
0.179391794784
0.180371932189
0.181411592716
0.182509825312
0.183665479446
0.184877195057
0.186143392215
0.18746226057
0.188831748669
0.190249553244
0.191713108592
0.193219576199
0.194765834785
0.196348470967
0.197963770775
0.199607712302
0.201275959753
0.202963859265
0.204666436817
0.206378398647
0.208094134583
0.209807724698
0.211512949747
0.213203305805
0.214872023522
0.21651209238
0.21811629027
0.219677218644
0.221187343398
0.222639041513
0.224024653347
0.225336540296
0.22656714736
0.22770906997
0.228755124194
0.229698419299
0.230532431384
0.231251076724
0.231848783273
0.232320558724
0.232662053502
0.232869617098
0.232940346253
0.232872123674
0.232663646203
0.232314441609
0.23182487354
0.231196134482
0.230430226921
0.229529933288
0.228498775531
0.22734096545
0.226061347172
0.224665333259
0.223158836059
0.221548195944
0.219840108012
0.218041548775
0.216159704208
0.21420190037
0.212175537613
0.210088029209
0.207946745026
0.205758960652
0.203531812255
0.201272257229
0.198987040595
0.196682666974
0.194365377877
0.192041133962
0.189715601888
0.18739414534
0.185081819803
0.182783370633
0.180503234025
0.178245540455
0.176014120224
0.173812510743
0.17164396524
0.169511462598
0.167417718067
0.165365194614
0.163356114725
0.161392472475
0.159476045738
0.157608408394
0.155790942461
0.154024850039
0.152311165026
0.150650764546
0.149044380042
0.147492608019
0.145995920412
0.144554674561
0.143169122797
0.141839421624
0.140565640515
0.139347770311
0.138185731236
0.137079380544
0.136028519793
0.135032901762
0.13409223703
0.133206200207
0.132374435845
0.131596564031
0.130872185663
0.130200887429
0.12958224649
0.129015834873
0.128501223576
0.128037986403
0.127625703511
0.1272639647
0.126952372426
0.126690544547
0.126478116819
0.126314745118
0.126200107412
0.126133905478
0.126115866362
0.126145743596
0.126223318162
0.126348399214
0.126520824563
0.126740460922
0.127007203922
0.127320977902
0.127681735476
0.128089456886
0.128544149152
0.129045845007
0.129594601657
0.130190499339
0.13083363971
0.131524144063
0.13226215139
0.133047816282
0.133881306701
0.134762801614
0.135692488505
0.136670560774
0.137697215043
0.138772648356
0.139897055312
0.141070625111
0.142293538552
0.143565964966
0.144888059115
0.146259958053
0.147681777964
0.149153610986
0.150675522036
0.152247545627
0.153869682714
0.155541897559
0.157264114629
0.159036215544
0.16085803608
0.162729363241
0.164649932412
0.1666194246
0.168637463792
0.17070361442
0.172817378972
0.174978195749
0.17718543679
0.179438405985
0.181736337385
0.184078393746
0.186463665301
0.188891168812
0.19135984689
0.193868567635
0.196416124596
0.199001237082
0.201622550843
0.204278639142
0.206968004235
0.209689079277
0.212440230665
0.215219760845
0.21802591156
0.220856867579
0.223710760883
0.226585675308
0.22947965163
0.232390693083
0.235316771271
0.23825583244
0.241205804086
0.244164601816
0.247130136434
0.250100321158
0.253073078913
0.256046349592
0.25901809721
0.261986316845
0.26494904126
0.267904347095
0.270850360523
0.273785262248
0.276707291746
0.279614750618
0.282506004968
0.285379486703
0.288233693657
0.291067188471
0.293878596154
0.296666600285
0.299429937811
0.302167392421
0.304877786523
0.307559971808
0.31021281848
0.31283520319
0.315425995781
0.317984044933
0.320508162848
0.322997109132
0.325449574025
0.327864161201
0.330239370323
0.332573579613
0.334865028668
0.33711180181
0.339311812252
0.341462787386
0.34356225552
0.345607534386
0.347595721782
0.349523688671
0.351388075117
0.353185289384
0.354911510538
0.356562694879
0.358134586474
0.359622732038
0.361022500366
0.362329106423
0.363537640151
0.364643099924
0.365640430522
0.366524565312
0.367290472265
0.367933203257
0.368447945999
0.368830077798
0.369075220239
0.369179293795
0.36913857127
0.368949728968
0.368609894439
0.368116689714
0.367468268981
0.36666334979
0.365701237002
0.364581838886
0.363305674962
0.361873875433
0.360288172243
0.358550882051
0.356664881617
0.354633576266
0.352460862291
0.35015108425
0.347708988207
0.345139672016
0.342448533751
0.339641219346
0.336723570451
0.333701573436
0.33058131033
0.327368912398
0.32407051691
0.320692227526
0.317240078599
0.31372000358
0.310137807592
0.306499144162
0.302809495989
0.299074159594
0.295298233627
0.291486610554
0.287643971452
0.283774783595
0.279883300522
0.27597356427
0.272049409487
0.268114469096
0.264172181281
0.260225797502
0.256278391318
0.252332867807
0.248391973384
0.244458305851
0.24053432452
0.236622360296
0.232724625591
0.228843223984
0.22498015955
0.221137345793
0.217316614129
0.213519721892
0.209748359826
0.206004159053
0.202288697496
0.19860350578
0.194950072579
0.191329849459
0.187744255199
0.184194679627
0.180682486987
0.177209018857
0.173775596655
0.170383523744
0.167034087179
0.163728559114
0.160468197907
0.15725424894
0.15408794519
0.150970507583
0.147903145135
0.144887054938
0.141923421981
0.139013418858
0.136158205363
0.133358927998
0.130616719419
0.127932697829
0.125307966326
0.122743612244
0.120240706466
0.117800302752
0.11542343706
0.113111126897
0.110864370689
0.108684147171
0.106571414826
0.104527111349
0.10255215315
0.100647434907
0.0988138291508
0.0970521858977
0.0953633323221
0.0937480724703
0.0922071870139
0.0907414330418
0.0893515438877
0.0880382289915
0.0868021737922
0.0856440396489
0.0845644637887
0.0835640592756
0.0826434150015
0.0818030956922
0.0810436419284
0.0803655701768
0.0797693728296
0.0792555182485
0.0788244508108
0.0784765909546
0.0782123352211
0.0780320562897
0.0779361030057
0.0779248003957
0.0779984496706
0.0781573282126
0.0784016895445
0.0787317632795
0.0791477550494
0.0796498464095
0.0802381947189
0.080912932994
0.0816741697342
0.0825219887188
0.0834564487732
0.0844775835037
0.0855854010002
0.0867798835052
0.0880609870492
0.0894286410514
0.0908827478844
0.0924231824049
0.0940497914468
0.0957623932793
0.0975607770286
0.0994447020633
0.101413897344
0.103468060737
0.105606858295
0.107829923498
0.110136856467
0.112527223138
0.115000554412
0.117556345263
0.120194053826
0.122913100453
0.125712866739
0.128592694528
0.131551884888
0.134589697072
0.137705347454
0.140898008442
0.144166807387
0.14751082546
0.15092909653
0.154420606027
0.157984289786
0.161619032895
0.165323668528
0.169096976771
0.172937683448
0.176844458931
0.180815916953
0.184850613405
0.188947045131
0.193103648704
0.197318799192
0.201590808902
0.205917926102
0.210298333707
0.214730147935
0.21921141691
0.223740119211
0.22831416236
0.232931381221
0.237589536316
0.242286312039
0.247019314737
0.251786070672
0.256584023819
0.261410533512
0.26626287189
0.271138221167
0.276033670676
0.280946213702
0.285872744083
0.29081005257
0.295754822966
0.300703628012
0.305652925077
0.310599051621
0.3155382205
0.320466515124
0.325379884521
0.330274138374
0.335144942097
0.339987812038
0.344798110918
0.349571043617
0.354301653452
0.358984819087
0.363615252262
0.368187496506
0.372695927043
0.377134752105
0.381498015857
0.385779603182
0.389973246523
0.394072535032
0.398070926217
0.401961760289
0.405738277372
0.409393637706
0.412920944939
0.416313272535
0.419563693279
0.422665311778
0.425611299806
0.428394934219
0.431009637131
0.433449017923
0.435706916594
0.43777744789
0.439655045577
0.441334506181
0.44281103148
0.444080269025
0.445138349968
0.44598192351
0.44660818733
0.447014913437
0.447200468961
0.44716383153
0.44690459898
0.446422993286
0.445719858714
0.444796654336
0.443655441151
0.442298864174
0.440730129932
0.438952979878
0.436971660302
0.434790889319
0.432415821551
0.429852011104
0.42710537342
0.424182146546
0.421088852327
0.417832257958
0.414419338305
0.4108572393
0.40715324272
0.403314732529
0.399349162983
0.395264028603
0.391066836089
0.386765078236
0.382366209838
0.377877625596
