2.17603712827e-16
0.00245102151441
0.00981637702154
0.0221331870386
0.0394641551827
0.061898860445
0.0895556456151
0.122584188346
0.161168877387
0.205533162896
0.25594511127
0.312724478504
0.376251732062
0.446979615274
0.525448084833
0.612303799882
0.70832586375
0.814460322418
0.931867189428
1.06198581878
1.20662788196
1.36811316797
1.54935891389
1.61693822259
1.5746011844
1.53015991946
1.50420320473
1.47733419353
1.46388700051
1.44261894548
1.43471888446
1.42678573645
1.43704927041
1.43405335791
1.44500452479
1.45699196162
1.47630719375
1.50730782498
1.52944633613
1.57788371858
1.62026420804
1.5174173374
1.33966321339
1.18119953272
1.03914584946
0.911279815585
0.795860445952
0.691500958797
0.597081298721
0.511686379414
0.434561503235
0.365079556777
0.302716469236
0.24703259061
0.197658392569
0.154283382094
0.116647443573
0.0845340471911
0.0577649159913
0.0361958535538
0.0197135135444
0.00823295091244
0.00169583889302
6.9270620242e-05
0.00334509231974
0.011539739122
0.0246945664265
0.0428766911093
0.0661803792985
0.0947290426539
0.128677935138
0.168217679768
0.21357880339
0.265037522204
0.32292310892
0.387627295234
0.459616337489
0.539446625475
0.62778508628
0.725436195905
0.833378276621
0.952813127951
1.08523527142
1.23253084751
1.39712276799
1.58159704436
1.60761363195
1.57288298762
1.52417347321
1.49080685828
1.47217538525
1.4513154545
1.43567463609
1.44036408052
1.43592555727
1.43049490099
1.44376676019
1.44614389793
1.45797040101
1.48454730112
1.51316468428
1.54322002344
1.58808301081
1.62300311205
1.48603816808
1.31175689146
1.15623364175
1.01670592938
0.891043551766
0.777572666729
0.67495662223
0.582113593843
0.498158206491
0.422359248567
0.354108463768
0.292897144258
0.23829833157
0.189953124828
0.147560050466
0.110866752552
0.0796634715133
0.0537779247105
0.0330713059846
0.0174351964833
0.00678923486891
0.00107943746656
0.00027709227435
0.00437817808141
0.0134032835212
0.0273980225759
0.0464339644775
0.0706101187238
0.100055041799
0.134929663285
0.175430968131
0.221796722703
0.274311500272
0.333314354691
0.399208621042
0.472474507185
0.553685408833
0.643529278743
0.742836982815
0.852620508905
0.974125378113
1.10890403913
1.25892114308
1.42670880544
1.60864102511
1.60099661719
1.55942693492
1.51614371205
1.49123058903
1.46262689866
1.45356141326
1.4364971805
1.42981140815
1.42843201625
1.43320363018
1.43509677168
1.44387482452
1.47094731651
1.48547644191
1.52510713035
1.54888987506
1.59527658343
1.62915613999
1.45527956484
1.2843789385
1.1317185752
0.994657001456
0.871151221527
0.759591214257
0.658688156929
0.56739682302
0.484860364282
0.410370180089
0.343336214361
0.283264622356
0.229740752381
0.182416032125
0.140997773732
0.105241197449
0.0749431698358
0.0499372899365
0.0300900548553
0.0152979075979
0.00548502321714
0.000601729968625
0.000623494348016
0.00555042542717
0.0154072770495
0.0302439479792
0.0501365016395
0.0751887502411
0.105534474687
0.141340383863
0.182809957695
0.230188371641
0.283768771926
0.343900269145
