-1.05471187339e-16
0.00927091706555
0.0372597314924
0.0845078593533
0.151963783361
0.241059840306
0.353836783089
0.493137868831
0.662908155335
0.800905616578
0.68393250174
0.589907501233
0.501311871763
0.423369968002
0.367538903776
0.332924715672
0.318311024162
0.323170209588
0.347585864126
0.392355951897
0.459709727525
0.556738200006
0.645954440906
0.737721392471
0.708130983719
0.530524350436
0.384567554894
0.266000408722
0.17172693801
0.0995224096626
0.0478127398405
0.0155321458177
0.00203325682987
0.00703400221339
0.0305920896841
0.073101906689
0.135310895343
0.218352664565
0.323790494212
0.453651828242
0.61039824421
0.768151189872
0.647571302327
0.563279279826
0.473194844387
0.386006312308
0.326150136348
0.288467684347
0.27096624019
0.272902395118
0.29425432658
0.335723690007
0.399322572203
0.490349486669
0.574958034989
0.660840224862
0.739798136021
0.562308613758
0.4140424034
0.292067282733
0.193955354387
0.11776612819
0.0620305115764
0.0256980439817
0.00808544860904
0.00883704306345
0.0278979600508
0.0654973009288
0.122135120191
0.198561273384
0.295721505913
0.414620155043
0.556006139402
0.727664060574
0.640027106467
0.555926103937
0.47590221095
0.380993985694
0.316787569989
0.275243246872
0.253894251069
0.251826513282
0.268863515229
0.305468713652
0.363123872878
0.445442732636
0.52921986442
0.605928317046
0.711589087956
0.584670471615
0.439734150874
0.31766422825
0.217652285903
0.138616464884
0.0795229485376
0.0395246669761
0.0180080334081
0.0145999618232
0.0291573476444
0.0617450971637
0.112597874406
