1.0
0.987786887449
0.952268581308
0.89670527756
0.826197085963
0.747215895184
0.667011323489
0.592945282264
0.531816232258
0.489235158477
0.469110542515
0.473289606247
0.501388756867
0.550828796547
0.617071664882
0.694036983703
0.774660169965
0.851540887997
0.91762232019
0.966838906467
0.994673097025
0.998570014504
0.978171964066
0.935351265915
0.874038396563
0.799861213647
0.719628379516
0.640704399746
0.570333641249
0.514975377822
0.479710898739
0.467777101408
0.480269379229
0.516041076339
0.571808738209
0.642453497218
0.721490929287
0.80166625381
0.875620243972
0.936564724099
0.9789056507
0.998756585095
0.994295426412
0.965931660723
0.916268774651
0.849865283491
0.772816308847
0.692194112462
0.615398939151
0.549479754439
0.500487225843
0.472918337095
0.46930361372
0.489974848192
0.533034644973
0.594530580885
0.668817994765
0.749078106253
0.827943906008
0.898176367412
0.953328910841
0.98833912989
0.99999346547
0.987222175743
0.951197526845
0.895226191543
0.824445732474
0.745353029512
0.665207936535
0.591366905429
0.530607743449
0.488507483885
0.468930474788
0.473673673653
0.502301706171
0.552186828887
0.618750127591
0.695881812076
0.776502028733
0.853210714464
0.918966842366
0.967734711772
0.99503796023
0.998370445114
0.977426280391
0.93412791364
0.872449666182
0.798052933406
0.717766529964
0.638959878514
0.568866576499
0.513920430218
0.479164901051
0.467790170313
0.480840315143
0.517117473525
0.573291795056
0.644207085163
0.723354087941
0.803467965382
0.877195130845
0.937768228711
0.979627304358
0.998930147808
0.993904967002
0.965013019137
0.914906272243
0.84818398323
0.770970535895
0.690353288792
0.613732032445
0.548139768686
0.499597157229
0.472559884283
0.4695096788
0.490726516622
0.534262921728
0.596122723456
0.670627861699
0.750939571358
0.82968610694
0.899639388987
0.954378463519
0.9888788761
0.999973862354
0.986645022658
0.950115800199
0.893739182132
0.822689931665
0.743489600812
0.663407922525
0.589795527908
0.52940923786
0.487791860065
0.468763419258
0.474070520301
0.503226028775
0.553553784638
0.62043424475
0.697728506919
0.778341794664
0.854874680887
0.920302275176
0.968619032695
0.995389998177
0.998157886816
0.976668636398
0.932894727471
0.870854130978
0.796241502028
0.715905472204
0.637220019328
0.567407616125
0.512876285422
0.478631413021
0.467816307473
0.481423678384
0.518204516418
0.574782738832
0.645965077326
0.725217763842
0.805266259747
0.878762979719
0.938961720538
0.980336889507
0.999090694042
0.993501737914
0.964083026791
0.913534879867
0.846497069798
0.769122941798
0.688514603169
0.612071026732
0.546808905228
0.498718594882
0.472214265559
0.469728727753
0.491490126926
0.535501002224
0.597721631759
0.672440835338
0.752800198981
0.831423603075
0.901094270297
0.955417187649
0.989406099417
0.999941191463
0.98605545639
0.949023454351
0.892244322226
0.820929769655
0.741625700515
0.661611369811
0.588231226867
0.528220774394
0.487088322255
0.468609384257
0.474480126852
0.504161679428
0.554929596791
0.622123933743
